po_number,SKU,chassis,mfp_quantity,mfp_product_info,vendor_id,est_ship_date,submitted_at,hs_client_type,hs_dealtype,deal_id,Total SKU DZ on PO,unit_cost,fixed_cost,COGS int SKU Cost,COGS int SKU Cost exact,Total SKU on PO,cost_per_sku,COGS PKF Sock domestic SKU Cost,product_id,quantity,manufacturing_shipment_id,manufacturing_id,product_info_id,manufacturing_cart_id,units_produced,alt_deal_id,mfc_created_at,ship_date,dozens,cost
18176,10.0248100v1,10,,2,1,,9/21/2021 15:54,,,,13,,,,,150,1.79,300.72,,,,,,,,,,,,
18176,10.0248099v1,10,,2,1,,9/21/2021 15:54,,,,13,,,,,150,1.79,300.72,,,,,,,,,,,,
20161,10.0214479v2,10,,2,1,,7/22/2021 18:11,,,,5,,,,,60,2.29,164.88,,,,,,,,,,,,
20211,10.0245903v1,10,,2,3,,9/14/2021 19:01,,,,34,,,,,400,2.41,1012.2,,,,,,,,,,,,
20454,10.0224312v1,10,,2,1,,9/1/2021 14:41,,,,10,,,,,120,1.79,236.28,,,,,,,,,,,,
20455,10.0244025v8,10,,2,4,,8/26/2021 18:58,,,,5,,,,,60,2.58,185.76,,,,,,,,,,,,
20455,10.0244023v8,10,,2,4,,8/26/2021 18:58,,,,5,,,,,60,2.58,185.76,,,,,,,,,,,,
20455,10.0243024v12,10,,2,4,,8/26/2021 18:58,,,,5,,,,,60,2.58,185.76,,,,,,,,,,,,
20455,10.0244024v10,10,,2,4,,8/26/2021 18:58,,,,5,,,,,60,2.58,185.76,,,,,,,,,,,,
20484,10.0244867v1,10,,2,1,,9/9/2021 0:18,,,,40,,,,,480,1.79,880.68,,,,,,,,,,,,
20532,17.0242644v2,17,,9,4,,9/9/2021 15:45,,,,10,,,,,120,2.58,340.56,,,,,,,,,,,,
20537,10.0245578v1,10,,2,4,,9/10/2021 20:04,,,,5,,,,,60,2.58,185.76,,,,,,,,,,,,
20552,10.0243293v1,10,,2,3,,8/24/2021 20:21,,,,11,,,,,122,2.58,371.52,,,,,,,,,,,,
20552,10.0243293v1,10,,2,4,,8/24/2021 20:21,,,,11,,,,,128,2.58,371.52,,,,,,,,,,,,
20618,40.0245640v1,40,,18,3,,8/28/2021 0:09,,,,17,,,,,200,2.49,537.84,,,,,,,,,,,,
20688,10.0229397v1,10,,2,4,,8/27/2021 1:42,,,,25,,,,,300,2.41,751.92,,,,,,,,,,,,
20689,10.0243858v1,10,,2,3,,8/26/2021 3:01,,,,44,,,,,525,2.41,1301.4,,,,,,,,,,,,
20691,10.0242028v1,10,,2,4,,8/26/2021 18:44,,,,5,,,,,60,2.58,185.76,,,,,,,,,,,,
20691,10.0242010v1,10,,2,4,,8/26/2021 18:44,,,,5,,,,,60,2.58,185.76,,,,,,,,,,,,
20691,10.0241997v1,10,,2,4,,8/26/2021 18:44,,,,5,,,,,60,2.58,185.76,,,,,,,,,,,,
20691,10.0241987v1,10,,2,4,,8/26/2021 18:44,,,,5,,,,,60,2.58,185.76,,,,,,,,,,,,
20692,10.0237256v1,10,,2,3,,8/26/2021 2:55,,,,17,,,,,200,2.41,520.56,,,,,,,,,,,,
20692,10.0237257v1,10,,2,3,,8/26/2021 2:55,,,,17,,,,,200,2.41,520.56,,,,,,,,,,,,
20693,10.0246762v1,10,,2,1,,8/27/2021 1:31,,,,30,,,,,360,1.79,665.88,,,,,,,,,,,,
20697,10.0245527v3,10,,2,3,,8/27/2021 23:32,,,,40,,,,,480,2.41,1185.72,,,,,,,,,,,,
20698,10.0245647v1,10,,2,3,,8/26/2021 2:50,,,,40,,,,,480,2.41,1185.72,,,,,,,,,,,,
20701,10.0246092v2,10,,2,4,,8/26/2021 18:54,,,,5,,,,,60,2.58,185.76,,,,,,,,,,,,
20707,40.0245211v1,40,,18,3,,8/26/2021 18:33,,,,34,,,,,400,2.49,1045.8,,,,,,,,,,,,
20708,10.0246389v2,10,,2,3,,8/26/2021 18:54,,,,20,,,,,240,2.41,607.32,,,,,,,,,,,,
20709,10.0246844v1,10,,2,4,,8/26/2021 2:39,,,,10,,,,,120,2.58,340.56,,,,,,,,,,,,
20709,10.0246843v1,10,,2,4,,8/26/2021 2:39,,,,10,,,,,120,2.58,340.56,,,,,,,,,,,,
20712,10.0214210v1,10,,2,1,,8/26/2021 2:50,,,,5,,,,,60,2.29,164.88,,,,,,,,,,,,
20715,10.0246834v2,10,,2,4,,8/26/2021 2:49,,,,5,,,,,60,2.58,185.76,,,,,,,,,,,,
20716,10.0245928v1,10,,2,3,,8/26/2021 2:59,,,,63,,,,,750,1.91,1466.88,,,,,,,,,,,,
20717,10.0223519v2,10,,2,1,,8/26/2021 2:51,,,,5,,,,,60,2.29,164.88,,,,,,,,,,,,
20717,10.0223516v3,10,,2,1,,8/26/2021 2:51,,,,5,,,,,60,2.29,164.88,,,,,,,,,,,,
20718,10.0246805v2,10,,2,4,,8/26/2021 2:55,,,,6,,,,,61,2.58,216.72,,,,,,,,,,,,
20719,10.0246605v1,10,,2,1,,8/26/2021 2:57,,,,6,,,,,70,2.29,192.36,,,,,,,,,,,,
20719,10.0246609v4,10,,2,1,,8/26/2021 2:57,,,,6,,,,,65,2.29,192.36,,,,,,,,,,,,
20721,10.0245277v1,10,,2,4,,8/25/2021 23:26,,,,10,,,,,120,2.58,340.56,,,,,,,,,,,,
20722,10.0234803v5,10,,2,1,,8/25/2021 23:25,,,,16,,,,,190,1.79,365.16,,,,,,,,,,,,
20724,10.0241165v1,10,,2,1,,8/26/2021 18:58,,,,10,,,,,120,1.79,236.28,,,,,,,,,,,,
20725,10.0245219v4,10,,2,3,,8/26/2021 2:52,,,,13,,,,,145,2.41,404.88,,,,,,,,,,,,
20726,10.0247072v1,10,,2,3,,8/25/2021 23:24,,,,18,,,,,205,2.41,549.48,,,,,,,,,,,,
20727,40.0246796v1,40,,18,4,,8/26/2021 2:53,,,,12,,,,,140,2.58,402.48,,,,,,,,,,,,
20728,10.0247057v1,10,,2,1,,8/27/2021 1:43,,,,92,,,,,1100,1.63,1819.08,,,,,,,,,,,,
20729,10.0230607v3,10,,2,4,,8/30/2021 22:58,,,,9,,,,,100,2.58,309.6,,,,,,,,,,,,
20730,10.0246838v1,10,,2,4,,8/26/2021 18:26,,,,5,,,,,60,2.58,185.76,,,,,,,,,,,,
20731,10.0227608v2,10,,2,1,,8/26/2021 18:27,,,,5,,,,,60,2.29,164.88,,,,,,,,,,,,
20732,10.0225363v1,10,,2,4,,8/27/2021 22:52,,,,5,,,,,60,2.58,185.76,,,,,,,,,,,,
20733,12.0244076v4,12,,4,3,,8/26/2021 18:57,,,,25,,,,,300,2.16,673.92,,,,,,,,,,,,
20734,10.0247106v1,10,,2,1,,8/26/2021 18:28,,,,14,,,,,161,1.79,322.2,,,,,,,,,,,,
20734,10.0247107v1,10,,2,1,,8/26/2021 18:28,,,,14,,,,,161,1.79,322.2,,,,,,,,,,,,
20735,10.0244505v1,10,,2,4,,8/27/2021 1:39,,,,5,,,,,60,2.58,185.76,,,,,,,,,,,,
20736,10.0243604v1,10,,2,1,,8/26/2021 18:38,,,,334,,,,,4000,1.5,6030,,,,,,,,,,,,
20736,10.0243605v1,10,,2,1,,8/26/2021 18:38,,,,334,,,,,4000,1.5,6030,,,,,,,,,,,,
20737,10.0245936v2,10,,2,3,,8/27/2021 23:42,,,,20,,,,,240,2.41,607.32,,,,,,,,,,,,
20737,10.0245934v2,10,,2,3,,8/27/2021 23:42,,,,20,,,,,240,2.41,607.32,,,,,,,,,,,,
20738,10.0245915v2,10,,2,4,,8/26/2021 18:30,,,,10,,,,,120,2.58,340.56,,,,,,,,,,,,
20739,10.0247006v1,10,,2,4,,8/26/2021 18:31,,,,9,,,,,105,2.58,309.6,,,,,,,,,,,,
20742,10.0228252v7,10,,2,3,,8/26/2021 18:56,,,,20,,,,,240,2.41,607.32,,,,,,,,,,,,
20743,10.0247136v1,10,,2,4,,8/26/2021 18:56,,,,7,,,,,81,2.58,247.68,,,,,,,,,,,,
20744,10.0346875v1,10,,2,4,,8/27/2021 1:35,,,,5,,,,,60,2.58,185.76,,,,,,,,,,,,
20744,10.0246873v1,10,,2,4,,8/27/2021 1:35,,,,5,,,,,60,2.58,185.76,,,,,,,,,,,,
20744,10.0346874v1,10,,2,4,,8/27/2021 1:35,,,,5,,,,,60,2.58,185.76,,,,,,,,,,,,
20744,10.0246872v1,10,,2,4,,8/27/2021 1:35,,,,5,,,,,60,2.58,185.76,,,,,,,,,,,,
20745,20.0246724v1,20,,11,3,,8/27/2021 1:40,,,,10,,,,,120,2.99,394.68,,,,,,,,,,,,
20746,10.0245667v1,10,,2,3,,8/27/2021 1:40,,,,34,,,,,400,2.41,1012.2,,,,,,,,,,,,
20747,10.0244005v1,10,,2,1,,8/27/2021 1:38,,,,17,,,,,200,1.79,386.64,,,,,,,,,,,,
20748,10.0247115v1,10,,2,1,,8/27/2021 1:38,,,,7,,,,,75,2.29,219.84,,,,,,,,,,,,
20750,10.0241715v1,10,,2,3,,8/27/2021 1:30,,,,10,,,,,120,2.58,340.56,,,,,,,,,,,,
20752,10.0221824v6,10,,2,4,,8/27/2021 1:32,,,,13,,,,,150,2.41,404.88,,,,,,,,,,,,
20753,10.0247191v1,10,,2,4,,8/30/2021 23:15,,,,10,,,,,120,2.58,340.56,,,,,,,,,,,,
20755,10.0220062v1,10,,2,1,,8/27/2021 1:31,,,,6,,,,,63,2.29,192.36,,,,,,,,,,,,
20757,40.0246712v1,40,,18,4,,8/27/2021 1:41,,,,5,,,,,60,2.75,198,,,,,,,,,,,,
20758,10.0247071v1,10,,2,4,,8/27/2021 1:42,,,,7,,,,,75,2.58,247.68,,,,,,,,,,,,
20760,10.0227781v3,10,,2,1,,8/27/2021 22:52,,,,10,,,,,120,1.79,236.28,,,,,,,,,,,,
20761,10.0246681v1,10,,2,3,,8/27/2021 22:56,,,,30,,,,,355,2.41,896.52,,,,,,,,,,,,
20763,13.0547221v1,13,,5,3,,8/27/2021 22:54,,,,17,,,,,200,1.45,313.2,,,,,,,,,,,,
20765,10.029026v1,10,,2,1,,8/30/2021 23:00,,,,25,,,,,300,1.79,558.48,,,,,,,,,,,,
20767,40.0231174v1,40,,18,3,,8/27/2021 23:31,,,,17,,,,,200,2.49,537.84,,,,,,,,,,,,
20768,10.0221901v2,10,,2,3,,8/27/2021 22:57,,,,20,,,,,240,2.41,607.32,,,,,,,,,,,,
20769,10.0247187v1,10,,2,4,,8/28/2021 0:09,,,,10,,,,,120,2.58,340.56,,,,,,,,,,,,
20770,10.0246518v11,10,,2,1,,8/30/2021 23:46,,,,101,,,,,1201,1.54,1884.96,,,,,,,,,,,,
20771,40.0245895v2,40,,18,3,,9/7/2021 22:18,,,,5,,,,,60,3.74,269.28,,,,,,,,,,,,
20772,40.0245897v2,40,,18,3,,9/7/2021 22:19,,,,5,,,,,60,3.74,269.28,,,,,,,,,,,,
20773,10.0246113v1,10,,2,3,,8/27/2021 23:28,,,,36,,,,,430,2.41,1070.04,,,,,,,,,,,,
20775,40.0245715v1,40,,18,1,,8/27/2021 22:55,,,,10,,,,,120,1.79,236.28,,,,,,,,,,,,
20778,10.0237765v5,10,,2,4,,8/27/2021 22:58,,,,5,,,,,60,2.58,185.76,,,,,,,,,,,,
20779,10.0245942v2,10,,2,3,,8/27/2021 23:29,,,,20,,,,,240,2.41,607.32,,,,,,,,,,,,
20779,10.0245941v2,10,,2,3,,8/27/2021 23:29,,,,20,,,,,240,2.41,607.32,,,,,,,,,,,,
20780,10.0247122v1,10,,2,1,,8/27/2021 22:59,,,,5,,,,,60,2.29,164.88,,,,,,,,,,,,
20782,10.0236742v1,10,,2,3,,8/27/2021 23:33,,,,10,,,,,120,2.58,340.56,,,,,,,,,,,,
20783,10.0247061v1,10,,2,1,,8/30/2021 15:24,,,,5,,,,,60,2.29,164.88,,,,,,,,,,,,
20785,10.0242479v2,10,,2,1,,8/30/2021 22:54,,,,5,,,,,60,2.29,164.88,,,,,,,,,,,,
20786,40.0247070v2,40,,18,3,,8/31/2021 0:29,,,,10,,,,,120,2.66,351.12,,,,,,,,,,,,
20787,10.0245694v1,10,,2,1,,8/31/2021 0:30,,,,63,,,,,750,1.63,1251.84,,,,,,,,,,,,
20788,10.029627v4,10,,2,3,,8/30/2021 14:16,,,,42,,,,,500,2.41,1243.56,,,,,,,,,,,,
20789,10.0246000v3,10,,2,3,,8/30/2021 23:14,,,,34,,,,,400,2.41,1012.2,,,,,,,,,,,,
20790,40.0246682v3,40,,18,1,,8/30/2021 22:54,,,,9,,,,,105,2.29,274.8,,,,,,,,,,,,
20791,10.0247295v1,10,,2,3,,8/30/2021 22:56,,,,13,,,,,150,2.41,404.88,,,,,,,,,,,,
20792,10.0216100v1,10,,2,1,,8/30/2021 23:37,,,,20,,,,,240,1.79,451.08,,,,,,,,,,,,
20792,10.0216102v1,10,,2,1,,8/30/2021 23:37,,,,20,,,,,240,1.79,451.08,,,,,,,,,,,,
20792,10.0216095v1,10,,2,1,,8/30/2021 23:37,,,,10,,,,,120,1.79,236.28,,,,,,,,,,,,
20792,10.0216094v1,10,,2,1,,8/30/2021 23:37,,,,10,,,,,120,1.79,236.28,,,,,,,,,,,,
20793,10.0210063v3,10,,2,3,,8/30/2021 23:00,,,,30,,,,,360,2.41,896.52,,,,,,,,,,,,
20794,10.0247285v1,10,,2,3,,8/30/2021 22:57,,,,22,,,,,255,2.41,665.16,,,,,,,,,,,,
20798,10.0245815v1,10,,2,1,,8/30/2021 23:10,,,,17,,,,,200,1.79,386.64,,,,,,,,,,,,
20799,40.0246003v2,40,,18,3,,8/31/2021 17:21,,,,25,,,,,300,2.49,776.88,,,,,,,,,,,,
20800,40.0241257v7,40,,18,1,,9/2/2021 1:49,,,,5,,,,,60,2.29,164.88,,,,,,,,,,,,
20800,40.0241257v3,40,,18,1,,9/2/2021 1:49,,,,5,,,,,60,2.29,164.88,,,,,,,,,,,,
20801,10.0227001v1,10,,2,4,,8/31/2021 0:24,,,,5,,,,,60,2.58,185.76,,,,,,,,,,,,
20802,10.0247378v1,10,,2,1,,8/30/2021 20:30,,,,21,,,,,250,1.79,472.56,,,,,,,,,,,,
20802,10.0247377v1,10,,2,1,,8/30/2021 20:30,,,,21,,,,,250,1.79,472.56,,,,,,,,,,,,
20806,10.0246101v1,10,,2,3,,9/1/2021 14:44,,,,42,,,,,500,2.41,1243.56,,,,,,,,,,,,
20807,44.0247529v2,44,,21,3,,8/31/2021 0:31,,,,59,,,,,700,2.24,1612.8,,,,,,,,,,,,
20808,10.0224638v1,10,,2,4,,8/31/2021 0:28,,,,30,,,,,360,2.41,896.52,,,,,,,,,,,,
20809,10.0247123v1,10,,2,2,,9/2/2021 0:12,,,,209,,,,,2500,1.29,3250.8,,,,,,,,,,,,
20810,10.0246933v1,10,,2,1,,8/31/2021 0:22,,,,5,,,,,60,2.29,164.88,,,,,,,,,,,,
20810,10.0247330v1,10,,2,1,,8/31/2021 0:22,,,,10,,,,,120,1.79,236.28,,,,,,,,,,,,
20811,10.0222029v1,10,,2,4,,8/31/2021 17:51,,,,10,,,,,120,2.58,340.56,,,,,,,,,,,,
20811,10.0247459v1,10,,2,4,,8/31/2021 17:51,,,,10,,,,,120,2.58,340.56,,,,,,,,,,,,
20811,10.0247476v1,10,,2,4,,8/31/2021 17:51,,,,10,,,,,120,2.58,340.56,,,,,,,,,,,,
20812,10.0247272v1,10,,2,4,,8/31/2021 0:25,,,,5,,,,,60,2.58,185.76,,,,,,,,,,,,
20813,10.0232251v2,10,,2,4,,8/31/2021 0:32,,,,20,,,,,240,2.41,607.32,,,,,,,,,,,,
20814,17.0247447v2,17,,9,1,,8/31/2021 0:26,,,,10,,,,,120,1.79,236.28,,,,,,,,,,,,
20814,40.0247423v2,40,,18,1,,8/31/2021 0:26,,,,10,,,,,120,1.79,236.28,,,,,,,,,,,,
20815,10.0247304v1,10,,2,1,,8/31/2021 17:55,,,,13,,,,,150,1.79,300.72,,,,,,,,,,,,
20815,10.0247303v1,10,,2,1,,8/31/2021 17:55,,,,13,,,,,150,1.79,300.72,,,,,,,,,,,,
20816,10.0232408v1,10,,2,4,,8/31/2021 17:59,,,,9,,,,,100,2.58,309.6,,,,,,,,,,,,
20817,12.0247436v1,12,,4,1,,9/2/2021 17:27,,,,5,,,,,60,1.96,141.12,,,,,,,,,,,,
20819,10.0245778v1,10,,2,4,,8/31/2021 0:23,,,,5,,,,,60,2.58,185.76,,,,,,,,,,,,
20819,10.0245773v2,10,,2,4,,8/31/2021 0:23,,,,5,,,,,60,2.58,185.76,,,,,,,,,,,,
20819,10.0245777v1,10,,2,4,,8/31/2021 0:23,,,,5,,,,,60,2.58,185.76,,,,,,,,,,,,
20820,10.0234631v2,10,,2,1,,8/31/2021 18:00,,,,20,,,,,240,1.79,451.08,,,,,,,,,,,,
20820,10.0234630v2,10,,2,1,,8/31/2021 18:00,,,,20,,,,,240,1.79,451.08,,,,,,,,,,,,
20821,12.0219050v2,12,,4,1,,9/2/2021 17:30,,,,9,,,,,100,1.96,235.2,,,,,,,,,,,,
20823,10.0247517v1,10,,2,4,,8/31/2021 18:00,,,,22,,,,,255,2.41,665.16,,,,,,,,,,,,
20824,10.023415v2,10,,2,4,,9/1/2021 14:52,,,,10,,,,,120,2.58,340.56,,,,,,,,,,,,
20825,10.0247252v1,10,,2,2,,9/2/2021 17:40,,,,100,,,,,1200,1.47,1781.64,,,,,,,,,,,,
20826,10.027780v9,10,,2,3,,9/1/2021 14:26,,,,167,,,,,2000,1.91,3850.56,,,,,,,,,,,,
20826,10.027780v10,10,,2,3,,9/1/2021 14:26,,,,167,,,,,2000,1.91,3850.56,,,,,,,,,,,,
20826,10.048849v11,10,,2,3,,9/1/2021 14:26,,,,34,,,,,400,2.41,1012.2,,,,,,,,,,,,
20827,17.0247394v1,17,,9,3,,8/31/2021 18:03,,,,30,,,,,350,2.41,896.52,,,,,,,,,,,,
20828,10.0247254v2,10,,2,2,,9/2/2021 0:14,,,,21,,,,,250,1.86,491.04,,,,,,,,,,,,
20829,10.0247356v1,10,,2,3,,8/31/2021 18:19,,,,84,,,,,1000,1.91,1948.2,,,,,,,,,,,,
20829,44.0247357v1,44,,21,3,,8/31/2021 18:19,,,,84,,,,,1000,1.99,2029.8,,,,,,,,,,,,
20830,10.0240294v4,10,,2,1,,8/31/2021 18:02,,,,84,,,,,1000,1.63,1662.6,,,,,,,,,,,,
20832,10.0225005v7,10,,2,4,,9/2/2021 0:57,,,,5,,,,,60,2.58,185.76,,,,,,,,,,,,
20832,10.0225005v8,10,,2,4,,9/2/2021 0:57,,,,5,,,,,60,2.58,185.76,,,,,,,,,,,,
20833,10.0245302v6,10,,2,2,,9/3/2021 23:13,,,,50,,,,,600,1.61,985.32,,,,,,,,,,,,
20834,10.0247862v1,10,,2,1,,9/2/2021 17:28,,,,5,,,,,60,2.29,164.88,,,,,,,,,,,,
20835,10.0244989v3,10,,2,2,,9/2/2021 0:58,,,,30,,,,,360,1.74,647.28,,,,,,,,,,,,
20836,10.0236345v1,10,,2,4,,9/1/2021 14:47,,,,5,,,,,60,2.58,185.76,,,,,,,,,,,,
20837,12.0247313v1,12,,4,1,,9/1/2021 14:03,,,,10,,,,,109,1.96,258.72,,,,,,,,,,,,
20837,10.0247724v1,10,,2,1,,9/1/2021 14:03,,,,10,,,,,109,1.96,258.72,,,,,,,,,,,,
20838,10.0229062v1,10,,2,4,,9/3/2021 5:09,,,,5,,,,,60,2.58,185.76,,,,,,,,,,,,
20839,10.029026v1,10,,2,1,,9/2/2021 0:56,,,,10,,,,,120,1.79,236.28,,,,,,,,,,,,
20840,10.0247430v1,10,,2,4,,9/2/2021 0:58,,,,5,,,,,60,2.58,185.76,,,,,,,,,,,,
20841,10.0247532v1,10,,2,4,,9/1/2021 14:49,,,,5,,,,,60,2.58,185.76,,,,,,,,,,,,
20842,10.0247425v1,10,,2,1,,9/1/2021 14:46,,,,17,,,,,202,1.79,386.64,,,,,,,,,,,,
20844,10.0245860v1,10,,2,4,,9/1/2021 14:33,,,,9,,,,,100,2.58,309.6,,,,,,,,,,,,
20845,10.0217782v1,10,,2,3,,9/3/2021 4:58,,,,209,,,,,2500,1.62,4082.4,,,,,,,,,,,,
20847,10.0247075v2,10,,2,1,,9/3/2021 23:15,,,,42,,,,,500,1.79,923.64,,,,,,,,,,,,
20848,10.0243487v4,10,,2,1,,9/14/2021 18:50,,,,10,,,,,120,1.79,236.28,,,,,,,,,,,,
20849,10.0227001v1,10,,2,4,,9/2/2021 1:10,,,,21,,,,,250,2.41,636.24,,,,,,,,,,,,
20850,10.0244617v1,10,,2,1,,9/2/2021 0:14,,,,5,,,,,60,2.29,164.88,,,,,,,,,,,,
20850,10.0244616v1,10,,2,1,,9/2/2021 0:14,,,,5,,,,,60,2.29,164.88,,,,,,,,,,,,
20851,10.0247040v6,10,,2,1,,9/2/2021 1:11,,,,5,,,,,60,2.29,164.88,,,,,,,,,,,,
20852,10.0247736v2,10,,2,3,,9/2/2021 1:09,,,,10,,,,,120,2.58,340.56,,,,,,,,,,,,
20854,10.0247593v1,10,,2,4,,9/2/2021 1:12,,,,5,,,,,60,2.58,185.76,,,,,,,,,,,,
20855,10.0245650v1,10,,2,3,,9/3/2021 4:33,,,,42,,,,,500,2.41,1243.56,,,,,,,,,,,,
20856,10.0242700v2,10,,2,4,,9/2/2021 1:50,,,,5,,,,,60,2.58,185.76,,,,,,,,,,,,
20856,10.0242464v5,10,,2,4,,9/2/2021 1:50,,,,5,,,,,60,2.58,185.76,,,,,,,,,,,,
20857,40.0245269v1,40,,18,3,,9/2/2021 1:42,,,,13,,,,,150,2.49,418.32,,,,,,,,,,,,
20858,10.0246820v2,10,,2,2,,9/2/2021 0:13,,,,55,,,,,650,1.61,1081.92,,,,,,,,,,,,
20859,44.0247153v1,44,,21,4,,9/2/2021 1:52,,,,10,,,,,120,2.75,363,,,,,,,,,,,,
20860,10.0247893v1,10,,2,4,,9/2/2021 1:51,,,,9,,,,,105,2.58,309.6,,,,,,,,,,,,
20862,10.0247203v1,10,,2,3,,9/2/2021 1:51,,,,17,,,,,200,2.41,520.56,,,,,,,,,,,,
20863,10.0247719v1,10,,2,1,,9/2/2021 1:53,,,,17,,,,,200,1.79,386.64,,,,,,,,,,,,
20864,40.0247234v1,40,,18,3,,9/2/2021 1:52,,,,9,,,,,100,3.66,439.2,,,,,,,,,,,,
20865,10.0242991v1,10,,2,4,,9/2/2021 17:34,,,,9,,,,,100,2.58,309.6,,,,,,,,,,,,
20866,10.0246548v1,10,,2,1,,9/9/2021 16:28,,,,42,,,,,500,1.79,923.64,,,,,,,,,,,,
20867,40.0247212v1,40,,18,1,,9/2/2021 1:45,,,,18,,,,,206,1.79,408.12,,,,,,,,,,,,
20868,10.0240598v3,10,,2,3,,9/2/2021 1:41,,,,20,,,,,240,2.41,607.32,,,,,,,,,,,,
20869,40.0242582v1,40,,18,1,,9/2/2021 1:24,,,,24,,,,,288,1.79,537,,,,,,,,,,,,
20870,10.0244309v1,10,,2,3,,9/2/2021 17:26,,,,62,,,,,740,1.91,1443.96,,,,,,,,,,,,
20871,10.0247767v4,10,,2,3,,9/2/2021 1:44,,,,13,,,,,150,2.41,404.88,,,,,,,,,,,,
20872,10.0247976v1,10,,2,1,,9/2/2021 1:22,,,,24,,,,,280,1.79,537,,,,,,,,,,,,
20874,40.0229308v3,40,,18,1,,9/2/2021 1:40,,,,5,,,,,60,2.29,164.88,,,,,,,,,,,,
20875,10.0241533v2,10,,2,1,,9/3/2021 23:16,,,,20,,,,,240,1.79,451.08,,,,,,,,,,,,
20876,10.0245449v6,10,,2,3,,9/2/2021 17:39,,,,30,,,,,360,2.41,896.52,,,,,,,,,,,,
20877,10.0247158v1,10,,2,1,,9/2/2021 17:36,,,,10,,,,,115,1.96,258.72,,,,,,,,,,,,
20878,10.0247897v2,10,,2,3,,9/2/2021 17:37,,,,14,,,,,160,2.41,433.8,,,,,,,,,,,,
20879,10.0244505v1,10,,2,4,,9/3/2021 4:32,,,,9,,,,,100,2.58,309.6,,,,,,,,,,,,
20880,10.0246169v2,10,,2,4,,9/2/2021 17:36,,,,10,,,,,120,2.58,340.56,,,,,,,,,,,,
20881,10.0231712v16,10,,2,4,,9/8/2021 14:42,,,,20,,,,,240,2.41,607.32,,,,,,,,,,,,
20881,10.0224006v4,10,,2,4,,9/8/2021 14:42,,,,10,,,,,120,2.58,340.56,,,,,,,,,,,,
20881,10.0232423v8,10,,2,4,,9/8/2021 14:42,,,,5,,,,,60,2.58,185.76,,,,,,,,,,,,
20881,10.0232423v7,10,,2,4,,9/8/2021 14:42,,,,5,,,,,60,2.58,185.76,,,,,,,,,,,,
20881,10.0232423v6,10,,2,4,,9/8/2021 14:42,,,,5,,,,,60,2.58,185.76,,,,,,,,,,,,
20881,10.0224006v3,10,,2,4,,9/8/2021 14:42,,,,10,,,,,120,2.58,340.56,,,,,,,,,,,,
20881,10.0232423v3,10,,2,4,,9/8/2021 14:42,,,,5,,,,,60,2.58,185.76,,,,,,,,,,,,
20881,10.0232423v4,10,,2,4,,9/8/2021 14:42,,,,5,,,,,60,2.58,185.76,,,,,,,,,,,,
20881,10.0224343v7,10,,2,4,,9/8/2021 14:42,,,,10,,,,,120,2.58,340.56,,,,,,,,,,,,
20883,15.0247082v2,15,,7,3,,9/3/2021 4:37,,,,10,,,,,120,3.7,488.4,,,,,,,,,,,,
20883,10.0247080v2,10,,2,3,,9/3/2021 4:37,,,,5,,,,,60,3.66,263.52,,,,,,,,,,,,
20884,10.0247816v2,10,,2,1,,9/3/2021 4:50,,,,17,,,,,200,1.79,386.64,,,,,,,,,,,,
20886,40.0245291v1,40,,18,3,,9/3/2021 16:30,,,,60,,,,,720,3.9,2854.8,,,,,,,,,,,,
20887,10.0347827v1,10,,2,1,,9/3/2021 4:42,,,,5,,,,,60,2.29,164.88,,,,,,,,,,,,
20888,10.0220564v1,10,,2,3,,9/3/2021 5:10,,,,20,,,,,240,2.41,607.32,,,,,,,,,,,,
20890,40.0345838v2,40,,18,1,,9/2/2021 22:59,,,,42,,,,,500,1.79,923.64,,,,,,,,,,,,
20891,10.0245939v2,10,,2,2,,9/3/2021 14:20,,,,123,,,,,1466,1.35,2008.8,,,,,,,,,,,,
20891,10.0245939v1,10,,2,2,,9/3/2021 14:20,,,,38,,,,,454,1.74,814.32,,,,,,,,,,,,
20892,10.0247908v3,10,,2,2,,9/3/2021 4:56,,,,42,,,,,500,1.74,897.84,,,,,,,,,,,,
20893,40.0247835v1,40,,18,1,,9/3/2021 4:51,,,,5,,,,,60,2.29,164.88,,,,,,,,,,,,
20895,40.0213316v1,40,,18,1,,9/3/2021 4:46,,,,13,,,,,155,1.79,300.72,,,,,,,,,,,,
20896,10.0236587v1,10,,2,4,,9/3/2021 22:46,,,,10,,,,,120,2.58,340.56,,,,,,,,,,,,
20897,10.029627v2,10,,2,3,,9/3/2021 4:48,,,,42,,,,,500,2.41,1243.56,,,,,,,,,,,,
20898,10.0227077v1,10,,2,4,,9/9/2021 0:25,,,,5,,,,,60,2.58,185.76,,,,,,,,,,,,
20898,10.0227078v1,10,,2,4,,9/9/2021 0:25,,,,5,,,,,60,2.58,185.76,,,,,,,,,,,,
20899,10.0239926v6,10,,2,1,,9/10/2021 23:51,,,,10,,,,,120,1.79,236.28,,,,,,,,,,,,
20899,10.0239926v7,10,,2,1,,9/10/2021 23:51,,,,10,,,,,120,1.79,236.28,,,,,,,,,,,,
20899,10.0239926v3,10,,2,1,,9/10/2021 23:51,,,,10,,,,,120,1.79,236.28,,,,,,,,,,,,
20900,10.0248116v4,10,,2,4,,9/3/2021 5:14,,,,21,,,,,250,2.41,636.24,,,,,,,,,,,,
20901,10.0246779v1,10,,2,1,,9/3/2021 5:11,,,,5,,,,,60,2.29,164.88,,,,,,,,,,,,
20902,10.0248021v1,10,,2,1,,9/3/2021 5:13,,,,5,,,,,60,2.29,164.88,,,,,,,,,,,,
20903,10.0223650v1,10,,2,1,,9/9/2021 0:19,,,,17,,,,,200,1.79,386.64,,,,,,,,,,,,
20903,10.0223650v2,10,,2,1,,9/9/2021 0:19,,,,25,,,,,300,1.79,558.48,,,,,,,,,,,,
20904,10.0248158v1,10,,2,1,,9/3/2021 22:59,,,,5,,,,,60,2.29,164.88,,,,,,,,,,,,
20905,10.0216756v1,10,,2,1,,9/3/2021 22:58,,,,60,,,,,720,1.63,1193.16,,,,,,,,,,,,
20906,40.0247442v1,40,,18,1,,9/3/2021 22:47,,,,5,,,,,60,2.29,164.88,,,,,,,,,,,,
20906,40.0348018v1,40,,18,1,,9/3/2021 22:47,,,,5,,,,,60,2.29,164.88,,,,,,,,,,,,
20907,10.0245860v1,10,,2,1,,9/3/2021 23:06,,,,13,,,,,150,1.79,300.72,,,,,,,,,,,,
20908,10.0247797v1,10,,2,1,,9/3/2021 22:56,,,,5,,,,,60,2.29,164.88,,,,,,,,,,,,
20909,10.0245331v4,10,,2,1,,9/3/2021 22:48,,,,40,,,,,480,1.79,880.68,,,,,,,,,,,,
20910,10.0248118v1,10,,2,3,,9/3/2021 22:45,,,,42,,,,,500,2.41,1243.56,,,,,,,,,,,,
20911,10.0247823v1,10,,2,1,,9/3/2021 22:50,,,,5,,,,,60,2.29,164.88,,,,,,,,,,,,
20912,10.0248084v2,10,,2,1,,9/3/2021 23:06,,,,28,,,,,330,1.79,622.92,,,,,,,,,,,,
20913,10.0211390v1,10,,2,3,,9/3/2021 22:55,,,,17,,,,,200,2.41,520.56,,,,,,,,,,,,
20914,10.0247631v2,10,,2,4,,9/3/2021 23:10,,,,13,,,,,150,2.41,404.88,,,,,,,,,,,,
20915,10.0245786v3,10,,2,1,,9/7/2021 22:53,,,,30,,,,,360,1.79,665.88,,,,,,,,,,,,
20916,10.0246747v4,10,,2,1,,9/3/2021 23:09,,,,6,,,,,64,2.29,192.36,,,,,,,,,,,,
20917,10.0225934v1,10,,2,3,,9/3/2021 23:04,,,,42,,,,,500,2.41,1243.56,,,,,,,,,,,,
20918,40.0246077v1,40,,18,1,,9/7/2021 3:09,,,,50,,,,,600,1.71,1046.52,,,,,,,,,,,,
20918,40.0246078v2,40,,18,1,,9/7/2021 3:09,,,,34,,,,,400,1.79,751.8,,,,,,,,,,,,
20920,10.0243022v1,10,,2,1,,9/7/2021 17:12,,,,25,,,,,300,1.79,558.48,,,,,,,,,,,,
20921,10.0242577v2,10,,2,2,,9/7/2021 17:17,,,,23,,,,,275,1.86,535.68,,,,,,,,,,,,
20922,10.0247375v2,10,,2,1,,9/3/2021 23:08,,,,5,,,,,60,2.29,164.88,,,,,,,,,,,,
20923,40.0248006v1,40,,18,1,,9/7/2021 17:01,,,,6,,,,,66,2.29,192.36,,,,,,,,,,,,
20925,10.0247964v2,10,,2,1,,9/7/2021 17:11,,,,21,,,,,250,1.79,472.56,,,,,,,,,,,,
20927,10.0223650v1,10,,2,1,,9/10/2021 23:01,,,,30,,,,,360,1.79,665.88,,,,,,,,,,,,
20927,10.0223650v2,10,,2,1,,9/10/2021 23:01,,,,42,,,,,500,1.79,923.64,,,,,,,,,,,,
20928,10.0246039v1,10,,2,1,,9/7/2021 17:04,,,,5,,,,,60,2.29,164.88,,,,,,,,,,,,
20928,10.0246038v1,10,,2,1,,9/7/2021 17:04,,,,5,,,,,60,2.29,164.88,,,,,,,,,,,,
20929,10.0241869v2,10,,2,1,,9/7/2021 17:05,,,,5,,,,,60,2.29,164.88,,,,,,,,,,,,
20929,10.0241873v3,10,,2,1,,9/7/2021 17:05,,,,5,,,,,60,2.29,164.88,,,,,,,,,,,,
20930,10.0235644v2,10,,2,4,,9/21/2021 23:58,,,,5,,,,,60,2.58,185.76,,,,,,,,,,,,
20931,10.0247679v1,10,,2,2,,9/7/2021 16:46,,,,250,,,,,3000,1.29,3885.48,,,,,,,,,,,,
20932,10.0248223v2,10,,2,4,,9/10/2021 22:23,,,,5,,,,,60,2.58,185.76,,,,,,,,,,,,
20933,40.0248389v1,40,,18,1,,9/7/2021 22:22,,,,5,,,,,60,2.29,164.88,,,,,,,,,,,,
20934,10.0248395v1,10,,2,4,,9/7/2021 22:45,,,,21,,,,,250,2.41,636.24,,,,,,,,,,,,
20938,10.0246470v1,10,,2,2,,9/9/2021 16:33,,,,84,,,,,1001,1.47,1499.4,,,,,,,,,,,,
20939,10.0247542v1,10,,2,1,,9/7/2021 23:45,,,,17,,,,,200,1.79,386.64,,,,,,,,,,,,
20940,10.0248079v3,10,,2,1,,9/7/2021 22:15,,,,6,,,,,63,2.29,192.36,,,,,,,,,,,,
20941,10.0246311v2,10,,2,4,,9/7/2021 22:08,,,,61,,,,,725,1.91,1421.04,,,,,,,,,,,,
20942,10.0246111v3,10,,2,1,,9/8/2021 21:58,,,,10,,,,,120,1.79,236.28,,,,,,,,,,,,
20942,10.0246109v8,10,,2,1,,9/8/2021 21:58,,,,10,,,,,120,1.79,236.28,,,,,,,,,,,,
20943,10.0247306v2,10,,2,1,,9/9/2021 23:33,,,,42,,,,,500,1.79,923.64,,,,,,,,,,,,
20944,40.0221354v2,40,,18,3,,9/7/2021 22:16,,,,20,,,,,240,2.49,627.48,,,,,,,,,,,,
20945,10.0245984v2,10,,2,1,,9/7/2021 22:17,,,,5,,,,,60,2.29,164.88,,,,,,,,,,,,
20946,10.0247825v4,10,,2,1,,9/9/2021 0:40,,,,20,,,,,240,1.79,451.08,,,,,,,,,,,,
20946,10.0247824v4,10,,2,1,,9/9/2021 0:40,,,,20,,,,,240,1.79,451.08,,,,,,,,,,,,
20947,10.0248396v1,10,,2,4,,9/8/2021 22:00,,,,13,,,,,150,2.41,404.88,,,,,,,,,,,,
20948,10.0247644v2,10,,2,3,,9/9/2021 0:15,,,,34,,,,,400,2.41,1012.2,,,,,,,,,,,,
20951,40.0246140v1,40,,18,1,,9/13/2021 17:30,,,,5,,,,,60,2.29,164.88,,,,,,,,,,,,
20952,10.0248257v2,10,,2,3,,9/9/2021 0:12,,,,20,,,,,240,2.41,607.32,,,,,,,,,,,,
20955,10.0248461v1,10,,2,1,,9/8/2021 22:32,,,,20,,,,,240,1.79,451.08,,,,,,,,,,,,
20957,40.0247750v3,40,,18,1,,9/9/2021 0:28,,,,10,,,,,120,1.79,236.28,,,,,,,,,,,,
20958,10.0247848v1,10,,2,4,,9/9/2021 15:44,,,,10,,,,,120,2.58,340.56,,,,,,,,,,,,
20958,10.0247850v1,10,,2,4,,9/9/2021 15:44,,,,10,,,,,120,2.58,340.56,,,,,,,,,,,,
20960,10.0248446v1,10,,2,1,,9/8/2021 22:50,,,,31,,,,,366,1.79,687.36,,,,,,,,,,,,
20961,10.0248433v1,10,,2,1,,9/8/2021 22:47,,,,9,,,,,105,2.29,274.8,,,,,,,,,,,,
20962,10.0248218v3,10,,2,1,,9/8/2021 22:01,,,,5,,,,,60,2.29,164.88,,,,,,,,,,,,
20963,10.0225572v1,10,,2,3,,9/8/2021 22:03,,,,30,,,,,350,2.41,896.52,,,,,,,,,,,,
20964,10.0243793v1,10,,2,1,,9/10/2021 20:02,,,,34,,,,,400,1.79,751.8,,,,,,,,,,,,
20965,10.0241477v2,10,,2,1,,9/7/2021 16:51,,,,11,,,,,125,1.79,257.76,,,,,,,,,,,,
20966,10.0248540v1,10,,2,1,,9/10/2021 20:25,,,,5,,,,,60,2.29,164.88,,,,,,,,,,,,
20966,10.0248538v1,10,,2,1,,9/10/2021 20:25,,,,5,,,,,60,2.29,164.88,,,,,,,,,,,,
20966,10.0247868v2,10,,2,1,,9/10/2021 20:25,,,,5,,,,,60,2.29,164.88,,,,,,,,,,,,
20967,44.0248477v1,44,,21,3,,9/9/2021 0:20,,,,5,,,,,60,3.74,269.28,,,,,,,,,,,,
20968,10.0241670v2,10,,2,1,,9/14/2021 23:16,,,,5,,,,,60,2.29,164.88,,,,,,,,,,,,
20969,10.0248378v2,10,,2,4,,9/9/2021 0:39,,,,5,,,,,60,2.58,185.76,,,,,,,,,,,,
20970,10.0246745v2,10,,2,3,,9/9/2021 0:41,,,,17,,,,,200,2.41,520.56,,,,,,,,,,,,
20970,10.0247515v2,10,,2,3,,9/9/2021 0:41,,,,17,,,,,200,2.41,520.56,,,,,,,,,,,,
20970,10.0247512v3,10,,2,3,,9/9/2021 0:41,,,,9,,,,,100,3.58,429.6,,,,,,,,,,,,
20971,10.0248550v1,10,,2,1,,9/9/2021 0:42,,,,71,,,,,850,1.63,1408.32,,,,,,,,,,,,
20972,10.0248579v1,10,,2,4,,9/9/2021 0:23,,,,10,,,,,120,2.58,340.56,,,,,,,,,,,,
20973,10.0248085v3,10,,2,3,,9/9/2021 0:00,,,,30,,,,,360,2.41,896.52,,,,,,,,,,,,
20974,10.0348598v1,10,,2,1,,9/9/2021 0:34,,,,5,,,,,60,2.29,164.88,,,,,,,,,,,,
20976,10.0248590v1,10,,2,4,,9/9/2021 0:35,,,,10,,,,,110,2.58,340.56,,,,,,,,,,,,
20977,10.0248475v3,10,,2,1,,9/9/2021 0:35,,,,8,,,,,85,2.29,247.32,,,,,,,,,,,,
20977,10.0248476v3,10,,2,1,,9/9/2021 0:35,,,,8,,,,,85,2.29,247.32,,,,,,,,,,,,
20979,10.0248631v1,10,,2,1,,9/10/2021 1:56,,,,21,,,,,250,1.79,472.56,,,,,,,,,,,,
20980,40.0248603v2,40,,18,1,,9/9/2021 16:16,,,,13,,,,,150,1.79,300.72,,,,,,,,,,,,
20981,10.0248650v1,10,,2,1,,9/10/2021 2:11,,,,5,,,,,60,2.29,164.88,,,,,,,,,,,,
20982,10.0244654v1,10,,2,4,,9/9/2021 0:33,,,,5,,,,,60,2.58,185.76,,,,,,,,,,,,
20983,10.0246901v4,10,,2,4,,9/10/2021 1:30,,,,10,,,,,120,2.58,340.56,,,,,,,,,,,,
20984,40.0248709v2,40,,18,3,,9/14/2021 1:06,,,,134,,,,,1600,3.9,6318,,,,,,,,,,,,
20985,40.0245844v3,40,,18,1,,9/9/2021 16:18,,,,5,,,,,60,2.29,164.88,,,,,,,,,,,,
20985,40.0245845v3,40,,18,1,,9/9/2021 16:18,,,,5,,,,,60,2.29,164.88,,,,,,,,,,,,
20986,10.0247464v3,10,,2,1,,9/10/2021 2:12,,,,21,,,,,250,1.79,472.56,,,,,,,,,,,,
20986,10.0247465v4,10,,2,1,,9/10/2021 2:12,,,,21,,,,,250,1.79,472.56,,,,,,,,,,,,
20987,10.0248823v1,10,,2,3,,9/9/2021 15:53,,,,13,,,,,152,2.41,404.88,,,,,,,,,,,,
20988,10.0248370v1,10,,2,1,,9/10/2021 1:58,,,,17,,,,,200,1.79,386.64,,,,,,,,,,,,
20989,10.0246396v4,10,,2,1,,9/9/2021 16:01,,,,10,,,,,120,1.79,236.28,,,,,,,,,,,,
20990,10.0239321v2,10,,2,1,,9/9/2021 20:56,,,,25,,,,,300,1.79,558.48,,,,,,,,,,,,
20991,10.0244572v2,10,,2,1,,9/9/2021 16:07,,,,10,,,,,120,1.79,236.28,,,,,,,,,,,,
20991,10.0248008v1,10,,2,1,,9/9/2021 16:07,,,,10,,,,,120,1.79,236.28,,,,,,,,,,,,
20992,10.0235943v5,10,,2,1,,9/11/2021 0:21,,,,7,,,,,75,2.29,219.84,,,,,,,,,,,,
20993,10.0248253v1,10,,2,3,,9/10/2021 2:07,,,,40,,,,,480,2.41,1185.72,,,,,,,,,,,,
20994,10.0248658v1,10,,2,1,,9/10/2021 2:03,,,,10,,,,,110,1.96,258.72,,,,,,,,,,,,
20995,10.0245675v1,10,,2,3,,9/10/2021 2:09,,,,10,,,,,120,2.58,340.56,,,,,,,,,,,,
20996,10.0245366v3,10,,2,1,,9/11/2021 0:38,,,,5,,,,,60,2.29,164.88,,,,,,,,,,,,
20996,10.0249102v1,10,,2,1,,9/11/2021 0:38,,,,5,,,,,60,2.29,164.88,,,,,,,,,,,,
20997,11.0247872v1,11,,3,3,,9/10/2021 2:01,,,,10,,,,,120,2.75,363,,,,,,,,,,,,
20997,11.0247876v1,11,,3,3,,9/10/2021 2:01,,,,10,,,,,120,2.75,363,,,,,,,,,,,,
20998,10.0248827v1,10,,2,4,,9/9/2021 20:55,,,,5,,,,,60,2.58,185.76,,,,,,,,,,,,
20998,10.0248826v1,10,,2,4,,9/9/2021 20:55,,,,5,,,,,60,2.58,185.76,,,,,,,,,,,,
20999,10.0238218v1,10,,2,1,,9/14/2021 0:27,,,,10,,,,,120,1.79,236.28,,,,,,,,,,,,
21000,10.0247890v1,10,,2,4,,9/10/2021 2:10,,,,10,,,,,120,2.58,340.56,,,,,,,,,,,,
21001,10.0248683v1,10,,2,3,,9/9/2021 20:35,,,,21,,,,,250,2.41,636.24,,,,,,,,,,,,
21002,10.0248300v2,10,,2,1,,9/10/2021 2:04,,,,30,,,,,360,1.79,665.88,,,,,,,,,,,,
21003,10.0248777v1,10,,2,1,,9/10/2021 20:10,,,,6,,,,,63,2.29,192.36,,,,,,,,,,,,
21004,10.0248139v1,10,,2,1,,9/10/2021 20:05,,,,5,,,,,60,2.29,164.88,,,,,,,,,,,,
21006,10.0245608v2,10,,2,1,,9/14/2021 1:08,,,,5,,,,,60,2.29,164.88,,,,,,,,,,,,
21007,10.0248619v1,10,,2,1,,9/10/2021 20:29,,,,17,,,,,200,1.79,386.64,,,,,,,,,,,,
21007,10.0248628v1,10,,2,1,,9/10/2021 20:29,,,,17,,,,,200,1.79,386.64,,,,,,,,,,,,
21007,10.0248641v1,10,,2,1,,9/10/2021 20:29,,,,10,,,,,120,1.79,236.28,,,,,,,,,,,,
21007,10.0448622v1,10,,2,1,,9/10/2021 20:29,,,,10,,,,,120,1.79,236.28,,,,,,,,,,,,
21007,10.0448663v1,10,,2,1,,9/10/2021 20:29,,,,10,,,,,120,1.79,236.28,,,,,,,,,,,,
21007,10.0448633v1,10,,2,1,,9/10/2021 20:29,,,,10,,,,,120,1.79,236.28,,,,,,,,,,,,
21007,10.0248618v1,10,,2,1,,9/10/2021 20:29,,,,17,,,,,200,1.79,386.64,,,,,,,,,,,,
21007,10.0248652v1,10,,2,1,,9/10/2021 20:29,,,,10,,,,,120,1.79,236.28,,,,,,,,,,,,
21008,10.0244025v8,10,,2,3,,9/10/2021 1:50,,,,5,,,,,60,3.66,263.52,,,,,,,,,,,,
21008,10.0244023v8,10,,2,3,,9/10/2021 1:50,,,,5,,,,,60,3.66,263.52,,,,,,,,,,,,
21008,10.0243024v12,10,,2,3,,9/10/2021 1:50,,,,5,,,,,60,3.66,263.52,,,,,,,,,,,,
21008,10.0244024v10,10,,2,3,,9/10/2021 1:50,,,,5,,,,,60,3.66,263.52,,,,,,,,,,,,
21009,10.0248571v1,10,,2,1,,9/10/2021 20:28,,,,10,,,,,120,1.79,236.28,,,,,,,,,,,,
21010,40.0248904v3,40,,18,1,,9/10/2021 23:12,,,,8,,,,,85,2.29,247.32,,,,,,,,,,,,
21011,10.0224743v2,10,,2,1,,9/10/2021 19:25,,,,13,,,,,150,1.79,300.72,,,,,,,,,,,,
21012,10.0239092v3,10,,2,1,,9/10/2021 23:12,,,,20,,,,,240,1.79,451.08,,,,,,,,,,,,
21013,10.0248929v1,10,,2,4,,9/10/2021 22:24,,,,10,,,,,120,2.58,340.56,,,,,,,,,,,,
21014,10.0248582v1,10,,2,4,,9/10/2021 22:52,,,,18,,,,,205,2.41,549.48,,,,,,,,,,,,
21015,10.0248456v1,10,,2,2,,9/10/2021 22:58,,,,334,,,,,4000,1.29,5185.8,,,,,,,,,,,,
21017,40.0245807v1,40,,18,1,,9/14/2021 23:23,,,,10,,,,,120,1.79,236.28,,,,,,,,,,,,
21017,40.0247777v1,40,,18,1,,9/14/2021 23:23,,,,10,,,,,120,1.79,236.28,,,,,,,,,,,,
21017,12.0248405v1,12,,4,1,,9/14/2021 23:23,,,,10,,,,,120,1.63,215.16,,,,,,,,,,,,
21019,10.0248442v2,10,,2,2,,9/10/2021 23:00,,,,44,,,,,520,1.74,939.6,,,,,,,,,,,,
21020,10.0246107v1,10,,2,4,,9/15/2021 19:49,,,,5,,,,,60,2.58,185.76,,,,,,,,,,,,
21021,10.0248932v1,10,,2,1,,9/11/2021 0:34,,,,52,,,,,620,1.71,1087.56,,,,,,,,,,,,
21022,42.0245791v2,42,,20,1,,9/10/2021 22:30,,,,30,,,,,350,1.79,665.88,,,,,,,,,,,,
21023,10.0248061v1,10,,2,4,,9/10/2021 23:08,,,,8,,,,,90,2.58,278.64,,,,,,,,,,,,
21024,10.0248770v2,10,,2,1,,9/10/2021 23:11,,,,22,,,,,255,1.79,494.04,,,,,,,,,,,,
21025,10.0249083v1,10,,2,3,,9/13/2021 16:01,,,,103,,,,,1230,1.91,2383.68,,,,,,,,,,,,
21026,10.0231023v1,10,,2,3,,9/13/2021 18:59,,,,109,,,,,1300,1.91,2521.2,,,,,,,,,,,,
21027,10.0224123v2,10,,2,3,,9/10/2021 22:49,,,,10,,,,,120,2.58,340.56,,,,,,,,,,,,
21029,10.0248157v1,10,,2,4,,9/11/2021 0:24,,,,14,,,,,158,2.41,433.8,,,,,,,,,,,,
21030,10.0248154v1,10,,2,3,,9/14/2021 1:13,,,,14,,,,,158,2.41,433.8,,,,,,,,,,,,
21031,10.0248232v1,10,,2,4,,9/11/2021 0:30,,,,75,,,,,900,1.91,1741.92,,,,,,,,,,,,
21032,10.0248729v1,10,,2,1,,9/11/2021 0:23,,,,5,,,,,60,2.29,164.88,,,,,,,,,,,,
21032,10.0248729v2,10,,2,1,,9/11/2021 0:23,,,,5,,,,,60,2.29,164.88,,,,,,,,,,,,
21033,10.0249167v1,10,,2,4,,9/14/2021 1:17,,,,5,,,,,60,2.58,185.76,,,,,,,,,,,,
21034,10.0248607v1,10,,2,4,,9/14/2021 1:07,,,,5,,,,,60,2.58,185.76,,,,,,,,,,,,
21035,40.0247054v2,40,,18,1,,9/21/2021 15:47,,,,10,,,,,120,1.79,236.28,,,,,,,,,,,,
21037,20.0239037v2,20,,11,3,,9/13/2021 17:33,,,,10,,,,,120,2.99,394.68,,,,,,,,,,,,
21038,10.0247437v1,10,,2,1,,9/14/2021 0:02,,,,17,,,,,200,1.79,386.64,,,,,,,,,,,,
21039,10.0236226v2,10,,2,1,,9/13/2021 17:34,,,,26,,,,,305,1.79,579.96,,,,,,,,,,,,
21040,10.0224791v1,10,,2,3,,9/14/2021 18:46,,,,77,,,,,915,1.91,1787.76,,,,,,,,,,,,
21041,44.0249166v2,44,,21,3,,9/14/2021 23:23,,,,25,,,,,300,2.49,776.88,,,,,,,,,,,,
21042,10.0231266v1,10,,2,3,,9/14/2021 0:38,,,,15,,,,,175,2.41,462.72,,,,,,,,,,,,
21044,10.0248186v2,10,,2,3,,9/14/2021 1:11,,,,21,,,,,250,2.41,636.24,,,,,,,,,,,,
21045,10.0247114v2,10,,2,3,,9/14/2021 1:03,,,,42,,,,,500,2.41,1243.56,,,,,,,,,,,,
21046,10.0249216v1,10,,2,4,,9/16/2021 18:43,,,,34,,,,,405,2.41,1012.2,,,,,,,,,,,,
21047,10.0248451v2,10,,2,4,,9/14/2021 0:29,,,,5,,,,,60,2.58,185.76,,,,,,,,,,,,
21048,10.0249265v1,10,,2,1,,9/14/2021 0:29,,,,5,,,,,60,2.29,164.88,,,,,,,,,,,,
21049,40.0248817v2,40,,18,1,,9/14/2021 0:03,,,,5,,,,,60,2.29,164.88,,,,,,,,,,,,
21050,40.0227131v1,40,,18,1,,9/14/2021 1:16,,,,11,,,,,132,1.79,257.76,,,,,,,,,,,,
21051,10.0248213v2,10,,2,4,,9/14/2021 0:59,,,,5,,,,,60,2.58,185.76,,,,,,,,,,,,
21052,10.0249272v1,10,,2,4,,9/14/2021 1:17,,,,7,,,,,78,2.58,247.68,,,,,,,,,,,,
21053,10.027241v1,10,,2,4,,9/14/2021 18:47,,,,21,,,,,250,2.41,636.24,,,,,,,,,,,,
21055,10.0237554v1,10,,2,2,,9/14/2021 0:55,,,,30,,,,,360,1.74,647.28,,,,,,,,,,,,
21056,10.0243907v1,10,,2,3,,9/14/2021 1:09,,,,13,,,,,150,2.41,404.88,,,,,,,,,,,,
21057,10.0239802v1,10,,2,1,,9/14/2021 0:50,,,,8,,,,,86,2.29,247.32,,,,,,,,,,,,
21058,10.0241544v5,10,,2,1,,9/14/2021 0:47,,,,23,,,,,275,1.79,515.52,,,,,,,,,,,,
21058,10.0245088v3,10,,2,1,,9/14/2021 0:47,,,,23,,,,,275,1.79,515.52,,,,,,,,,,,,
21058,10.0245055v2,10,,2,1,,9/14/2021 0:47,,,,23,,,,,275,1.79,515.52,,,,,,,,,,,,
21058,10.0245053v2,10,,2,1,,9/14/2021 0:47,,,,23,,,,,275,1.79,515.52,,,,,,,,,,,,
21060,10.0248942v1,10,,2,3,,9/14/2021 1:16,,,,30,,,,,360,2.41,896.52,,,,,,,,,,,,
21061,10.0249536v1,10,,2,4,,9/15/2021 19:54,,,,5,,,,,60,2.58,185.76,,,,,,,,,,,,
21063,10.0248986v1,10,,2,2,,9/14/2021 22:49,,,,209,,,,,2500,1.29,3250.8,,,,,,,,,,,,
21065,10.0238706v1,10,,2,1,,9/14/2021 1:04,,,,10,,,,,120,1.79,236.28,,,,,,,,,,,,
21066,10.0242506v1,10,,2,4,,9/14/2021 0:59,,,,5,,,,,60,2.58,185.76,,,,,,,,,,,,
21068,10.0249246v2,10,,2,4,,9/14/2021 18:45,,,,13,,,,,150,2.41,404.88,,,,,,,,,,,,
21069,17.0247936v2,17,,9,3,,9/14/2021 23:25,,,,5,,,,,60,3.66,263.52,,,,,,,,,,,,
21071,10.0248566v1,10,,2,4,,9/14/2021 18:51,,,,21,,,,,250,2.41,636.24,,,,,,,,,,,,
21072,10.0247938v1,10,,2,4,,9/14/2021 19:00,,,,20,,,,,240,2.41,607.32,,,,,,,,,,,,
21073,10.0222824v7,10,,2,4,,9/15/2021 20:28,,,,20,,,,,240,2.41,607.32,,,,,,,,,,,,
21074,10.0245031v2,10,,2,1,,9/15/2021 18:44,,,,5,,,,,60,2.29,164.88,,,,,,,,,,,,
21075,10.0241236v1,10,,2,2,,9/15/2021 22:15,,,,120,,,,,1440,1.35,1960.2,,,,,,,,,,,,
21076,12.0242584v1,12,,4,1,,9/14/2021 22:53,,,,10,,,,,120,1.63,215.16,,,,,,,,,,,,
21077,17.0239478v2,17,,9,3,,9/14/2021 22:55,,,,34,,,,,400,2.41,1012.2,,,,,,,,,,,,
21078,10.0248302v3,10,,2,4,,9/14/2021 23:08,,,,25,,,,,290,2.41,751.92,,,,,,,,,,,,
21079,10.0241565v1,10,,2,3,,9/15/2021 22:38,,,,120,,,,,1440,1.91,2773.32,,,,,,,,,,,,
21080,10.0249308v1,10,,2,1,,9/14/2021 23:20,,,,5,,,,,60,2.29,164.88,,,,,,,,,,,,
21081,40.0213316v1,40,,18,1,,9/14/2021 18:23,,,,7,,,,,75,2.29,219.84,,,,,,,,,,,,
21082,40.0245880v2,40,,18,1,,9/14/2021 23:04,,,,13,,,,,154,1.79,300.72,,,,,,,,,,,,
21083,10.0242505v1,10,,2,1,,9/16/2021 0:13,,,,60,,,,,720,1.63,1193.16,,,,,,,,,,,,
21084,10.0242562v1,10,,2,1,,9/14/2021 22:53,,,,10,,,,,120,1.79,236.28,,,,,,,,,,,,
21085,10.0248559v1,10,,2,4,,9/14/2021 23:06,,,,23,,,,,275,2.41,694.08,,,,,,,,,,,,
21086,10.0242508v1,10,,2,1,,9/16/2021 0:13,,,,60,,,,,720,1.63,1193.16,,,,,,,,,,,,
21087,10.0242507v1,10,,2,1,,9/16/2021 0:14,,,,60,,,,,720,1.63,1193.16,,,,,,,,,,,,
21088,10.0248016v1,10,,2,1,,9/14/2021 23:40,,,,84,,,,,1000,1.63,1662.6,,,,,,,,,,,,
21089,10.0230698v2,10,,2,4,,9/15/2021 21:02,,,,6,,,,,62,2.58,216.72,,,,,,,,,,,,
21090,40.0249207v1,40,,18,1,,9/14/2021 22:58,,,,10,,,,,120,1.79,236.28,,,,,,,,,,,,
21090,40.0249206v1,40,,18,1,,9/14/2021 22:58,,,,10,,,,,120,1.79,236.28,,,,,,,,,,,,
21090,10.0249210v2,10,,2,1,,9/14/2021 22:58,,,,10,,,,,120,1.79,236.28,,,,,,,,,,,,
21091,10.0248780v1,10,,2,1,,9/14/2021 23:21,,,,7,,,,,75,2.29,219.84,,,,,,,,,,,,
21092,10.0249309v5,10,,2,1,,9/14/2021 23:19,,,,13,,,,,150,1.79,300.72,,,,,,,,,,,,
21095,10.0247342v2,10,,2,1,,9/14/2021 23:53,,,,60,,,,,720,1.63,1193.16,,,,,,,,,,,,
21096,10.0249236v1,10,,2,4,,9/15/2021 22:07,,,,42,,,,,500,2.41,1243.56,,,,,,,,,,,,
21097,10.0249579v1,10,,2,4,,9/14/2021 23:02,,,,25,,,,,300,2.41,751.92,,,,,,,,,,,,
21098,10.0248410v1,10,,2,1,,9/17/2021 23:41,,,,21,,,,,250,1.79,472.56,,,,,,,,,,,,
21098,10.0248409v1,10,,2,1,,9/17/2021 23:41,,,,21,,,,,250,1.79,472.56,,,,,,,,,,,,
21099,10.0231293v1,10,,2,3,,9/14/2021 23:42,,,,5,,,,,60,3.66,263.52,,,,,,,,,,,,
21100,10.0222453v1,10,,2,4,,9/15/2021 19:53,,,,5,,,,,60,2.58,185.76,,,,,,,,,,,,
21101,10.0246498v2,10,,2,1,,9/15/2021 19:56,,,,10,,,,,120,1.79,236.28,,,,,,,,,,,,
21101,40.0246503v2,40,,18,1,,9/15/2021 19:56,,,,10,,,,,120,1.79,236.28,,,,,,,,,,,,
21102,10.0249252v1,10,,2,3,,9/16/2021 19:39,,,,21,,,,,250,2.41,636.24,,,,,,,,,,,,
21102,10.0249255v2,10,,2,3,,9/16/2021 19:39,,,,21,,,,,250,2.41,636.24,,,,,,,,,,,,
21103,10.0243606v1,10,,2,1,,9/16/2021 21:19,,,,17,,,,,200,1.79,386.64,,,,,,,,,,,,
21104,10.0245468v1,10,,2,3,,9/15/2021 21:02,,,,42,,,,,500,2.41,1243.56,,,,,,,,,,,,
21105,10.0220377v1,10,,2,3,,9/15/2021 20:58,,,,16,,,,,187,2.41,491.64,,,,,,,,,,,,
21106,10.0245604v2,10,,2,4,,9/15/2021 19:48,,,,5,,,,,60,2.58,185.76,,,,,,,,,,,,
21107,13.0549612v1,13,,5,3,,9/15/2021 18:42,,,,17,,,,,200,1.45,313.2,,,,,,,,,,,,
21108,10.0249630v1,10,,2,1,,9/15/2021 21:19,,,,6,,,,,61,2.29,192.36,,,,,,,,,,,,
21109,10.0230486v1,10,,2,4,,9/15/2021 19:51,,,,13,,,,,150,2.41,404.88,,,,,,,,,,,,
21110,10.0249688v1,10,,2,4,,9/15/2021 21:22,,,,10,,,,,120,2.58,340.56,,,,,,,,,,,,
21111,10.0249580v1,10,,2,1,,9/15/2021 20:49,,,,5,,,,,60,2.29,164.88,,,,,,,,,,,,
21113,10.0249585v1,10,,2,3,,9/16/2021 19:44,,,,13,,,,,150,2.41,404.88,,,,,,,,,,,,
21114,10.0249416v3,10,,2,3,,9/15/2021 21:45,,,,10,,,,,120,2.58,340.56,,,,,,,,,,,,
21115,10.0248786v1,10,,2,3,,9/15/2021 21:03,,,,17,,,,,200,2.41,520.56,,,,,,,,,,,,
21116,10.0241447v1,10,,2,1,,9/15/2021 22:36,,,,5,,,,,60,2.29,164.88,,,,,,,,,,,,
21117,10.0249684v1,10,,2,1,,9/16/2021 18:24,,,,12,,,,,144,1.79,279.24,,,,,,,,,,,,
21118,44.0247745v14,44,,21,1,,9/15/2021 19:28,,,,20,,,,,240,1.79,451.08,,,,,,,,,,,,
21120,10.0217027v1,10,,2,4,,9/15/2021 21:24,,,,10,,,,,120,2.58,340.56,,,,,,,,,,,,
21122,10.0237671v1,10,,2,1,,9/15/2021 20:54,,,,30,,,,,360,1.79,665.88,,,,,,,,,,,,
21123,10.0249843v1,10,,2,4,,9/15/2021 21:22,,,,9,,,,,105,2.58,309.6,,,,,,,,,,,,
21124,10.0249842v1,10,,2,3,,9/15/2021 21:09,,,,13,,,,,155,2.41,404.88,,,,,,,,,,,,
21126,10.0249789v1,10,,2,4,,9/15/2021 21:31,,,,5,,,,,60,2.58,185.76,,,,,,,,,,,,
21127,10.0240003v2,10,,2,3,,9/15/2021 21:19,,,,30,,,,,360,2.41,896.52,,,,,,,,,,,,
21128,10.0249654v1,10,,2,1,,9/21/2021 5:30,,,,5,,,,,60,2.29,164.88,,,,,,,,,,,,
21129,10.0248480v1,10,,2,4,,9/15/2021 21:56,,,,7,,,,,80,2.58,247.68,,,,,,,,,,,,
21131,10.0239418v1,10,,2,3,,9/16/2021 0:17,,,,21,,,,,250,2.41,636.24,,,,,,,,,,,,
21132,10.0249282v1,10,,2,1,,9/16/2021 0:41,,,,31,,,,,366,1.79,687.36,,,,,,,,,,,,
21133,10.0248697v1,10,,2,1,,9/16/2021 0:39,,,,5,,,,,60,2.29,164.88,,,,,,,,,,,,
21133,10.0248670v2,10,,2,1,,9/16/2021 0:39,,,,5,,,,,60,2.29,164.88,,,,,,,,,,,,
21134,10.0233621v1,10,,2,3,,9/16/2021 0:20,,,,34,,,,,400,2.41,1012.2,,,,,,,,,,,,
21134,10.0233622v3,10,,2,3,,9/16/2021 0:20,,,,34,,,,,400,2.41,1012.2,,,,,,,,,,,,
21134,10.0233620v1,10,,2,3,,9/16/2021 0:20,,,,34,,,,,400,2.41,1012.2,,,,,,,,,,,,
21135,40.0249919v1,40,,18,4,,9/16/2021 17:24,,,,21,,,,,250,2.58,681.12,,,,,,,,,,,,
21136,10.0250106v2,10,,2,1,,9/21/2021 23:20,,,,5,,,,,60,2.29,164.88,,,,,,,,,,,,
21137,10.0247406v2,10,,2,4,,9/16/2021 0:36,,,,5,,,,,60,2.58,185.76,,,,,,,,,,,,
21138,10.0249498v1,10,,2,3,,9/16/2021 18:40,,,,14,,,,,160,2.41,433.8,,,,,,,,,,,,
21138,10.0249496v1,10,,2,3,,9/16/2021 18:40,,,,14,,,,,160,2.41,433.8,,,,,,,,,,,,
21139,10.0238615v1,10,,2,4,,9/17/2021 1:41,,,,9,,,,,100,2.58,309.6,,,,,,,,,,,,
21139,44.0238616v1,44,,21,4,,9/17/2021 1:41,,,,9,,,,,100,2.75,330,,,,,,,,,,,,
21140,10.0249750v1,10,,2,4,,9/16/2021 18:25,,,,13,,,,,150,2.41,404.88,,,,,,,,,,,,
21141,10.0249164v3,10,,2,4,,9/16/2021 18:28,,,,10,,,,,120,2.58,340.56,,,,,,,,,,,,
21142,10.0227075v1,10,,2,4,,9/17/2021 22:45,,,,20,,,,,240,2.41,607.32,,,,,,,,,,,,
21143,10.0249096v2,10,,2,1,,9/17/2021 1:44,,,,11,,,,,127,1.79,257.76,,,,,,,,,,,,
21144,10.0245683v1,10,,2,1,,9/17/2021 1:38,,,,5,,,,,60,2.29,164.88,,,,,,,,,,,,
21144,10.0222455v1,10,,2,1,,9/17/2021 1:38,,,,5,,,,,60,2.29,164.88,,,,,,,,,,,,
21145,10.0249837v1,10,,2,4,,9/21/2021 23:00,,,,5,,,,,60,2.58,185.76,,,,,,,,,,,,
21146,10.0249284v3,10,,2,1,,9/17/2021 1:39,,,,10,,,,,120,1.79,236.28,,,,,,,,,,,,
21148,10.0249142v1,10,,2,4,,9/17/2021 1:49,,,,10,,,,,120,2.58,340.56,,,,,,,,,,,,
21149,10.0230703v1,10,,2,4,,9/17/2021 1:40,,,,10,,,,,120,2.58,340.56,,,,,,,,,,,,
21150,10.0249815v1,10,,2,4,,9/17/2021 1:43,,,,5,,,,,60,2.58,185.76,,,,,,,,,,,,
21151,40.0228636v1,40,,18,3,,9/17/2021 1:43,,,,10,,,,,120,2.66,351.12,,,,,,,,,,,,
21152,10.0249784v2,10,,2,4,,9/17/2021 1:45,,,,5,,,,,60,2.58,185.76,,,,,,,,,,,,
21153,10.0248407v1,10,,2,3,,9/17/2021 22:43,,,,20,,,,,240,2.41,607.32,,,,,,,,,,,,
21154,10.0248776v1,10,,2,4,,9/24/2021 22:55,,,,10,,,,,120,2.58,340.56,,,,,,,,,,,,
21155,10.0248163v2,10,,2,1,,9/20/2021 22:59,,,,10,,,,,120,1.79,236.28,,,,,,,,,,,,
21156,10.0250026v2,10,,2,3,,9/17/2021 1:50,,,,11,,,,,125,2.58,371.52,,,,,,,,,,,,
21157,10.0227563v1,10,,2,4,,9/21/2021 5:26,,,,5,,,,,60,2.58,185.76,,,,,,,,,,,,
21158,10.0249850v1,10,,2,1,,9/17/2021 1:51,,,,30,,,,,360,1.79,665.88,,,,,,,,,,,,
21159,44.0250099v1,44,,21,1,,9/17/2021 20:10,,,,5,,,,,60,2.29,164.88,,,,,,,,,,,,
21160,10.0239321v2,10,,2,1,,9/17/2021 16:12,,,,42,,,,,500,1.79,923.64,,,,,,,,,,,,
21161,10.0248839v2,10,,2,4,,9/17/2021 20:11,,,,5,,,,,60,2.58,185.76,,,,,,,,,,,,
21162,10.0232805v1,10,,2,3,,9/21/2021 23:01,,,,30,,,,,360,2.41,896.52,,,,,,,,,,,,
21163,10.0250038v2,10,,2,1,,9/17/2021 16:11,,,,9,,,,,105,2.29,274.8,,,,,,,,,,,,
21164,10.0249708v2,10,,2,1,,9/20/2021 15:29,,,,5,,,,,60,2.29,164.88,,,,,,,,,,,,
21166,10.0250174v1,10,,2,1,,9/20/2021 22:58,,,,6,,,,,62,2.29,192.36,,,,,,,,,,,,
21167,10.0250060v2,10,,2,3,,9/17/2021 20:11,,,,17,,,,,200,2.41,520.56,,,,,,,,,,,,
21168,10.0250218v1,10,,2,3,,9/22/2021 22:01,,,,25,,,,,300,2.41,751.92,,,,,,,,,,,,
21169,10.0248925v1,10,,2,4,,9/20/2021 15:21,,,,17,,,,,200,2.41,520.56,,,,,,,,,,,,
21170,10.0250136v1,10,,2,4,,9/17/2021 20:17,,,,13,,,,,145,2.41,404.88,,,,,,,,,,,,
21171,10.0250334v1,10,,2,4,,9/17/2021 20:12,,,,9,,,,,105,2.58,309.6,,,,,,,,,,,,
21172,12.0243556v1,12,,4,1,,9/17/2021 20:18,,,,7,,,,,75,1.96,188.16,,,,,,,,,,,,
21172,12.0243555v1,12,,4,1,,9/17/2021 20:18,,,,7,,,,,75,1.96,188.16,,,,,,,,,,,,
21173,10.0250277v1,10,,2,1,,9/20/2021 23:16,,,,15,,,,,178,1.79,343.68,,,,,,,,,,,,
21174,10.0246392v2,10,,2,4,,9/17/2021 20:18,,,,10,,,,,120,2.58,340.56,,,,,,,,,,,,
21175,13.0550022v1,13,,5,3,,9/17/2021 20:19,,,,17,,,,,200,1.45,313.2,,,,,,,,,,,,
21176,10.0250123v1,10,,2,3,,9/17/2021 20:19,,,,21,,,,,250,2.41,636.24,,,,,,,,,,,,
21177,20.0240119v6,20,,11,1,,9/22/2021 17:52,,,,10,,,,,120,1.79,236.28,,,,,,,,,,,,
21177,21.0210747v6,21,,12,1,,9/22/2021 17:52,,,,10,,,,,120,1.79,236.28,,,,,,,,,,,,
21177,40.0240465v7,40,,18,1,,9/22/2021 17:52,,,,5,,,,,60,2.29,164.88,,,,,,,,,,,,
21177,40.0240465v6,40,,18,1,,9/22/2021 17:52,,,,5,,,,,60,2.29,164.88,,,,,,,,,,,,
21178,10.0248874v1,10,,2,1,,9/20/2021 22:52,,,,5,,,,,60,2.29,164.88,,,,,,,,,,,,
21179,10.0242969v2,10,,2,4,,9/17/2021 22:33,,,,10,,,,,120,2.58,340.56,,,,,,,,,,,,
21179,12.0242970v2,12,,4,4,,9/17/2021 22:33,,,,60,,,,,720,2.01,1471.32,,,,,,,,,,,,
21180,10.0248196v1,10,,2,4,,9/17/2021 22:45,,,,5,,,,,60,2.58,185.76,,,,,,,,,,,,
21181,40.0249687v2,40,,18,1,,9/17/2021 22:44,,,,10,,,,,120,1.79,236.28,,,,,,,,,,,,
21183,10.0250533v1,10,,2,3,,9/17/2021 23:44,,,,84,,,,,1000,1.91,1948.2,,,,,,,,,,,,
21184,40.0249865v2,40,,18,1,,9/20/2021 15:15,,,,5,,,,,60,2.29,164.88,,,,,,,,,,,,
21185,10.0249319v4,10,,2,4,,9/20/2021 15:30,,,,5,,,,,60,2.58,185.76,,,,,,,,,,,,
21186,10.0221917v1,10,,2,1,,9/20/2021 15:31,,,,5,,,,,60,2.29,164.88,,,,,,,,,,,,
21187,10.0250206v5,10,,2,1,,9/20/2021 15:20,,,,7,,,,,80,2.29,219.84,,,,,,,,,,,,
21188,10.0248805v1,10,,2,4,,9/20/2021 15:25,,,,20,,,,,240,2.41,607.32,,,,,,,,,,,,
21189,10.0250450v1,10,,2,4,,9/20/2021 15:31,,,,11,,,,,130,2.58,371.52,,,,,,,,,,,,
21190,40.0233641v1,40,,18,1,,9/22/2021 14:26,,,,10,,,,,120,1.79,236.28,,,,,,,,,,,,
21191,10.0249445v1,10,,2,4,,9/21/2021 5:27,,,,11,,,,,125,2.58,371.52,,,,,,,,,,,,
21191,10.0249444v1,10,,2,4,,9/21/2021 5:27,,,,11,,,,,125,2.58,371.52,,,,,,,,,,,,
21192,10.0249117v3,10,,2,1,,9/20/2021 23:02,,,,5,,,,,60,2.29,164.88,,,,,,,,,,,,
21193,10.0247451v1,10,,2,4,,9/20/2021 23:03,,,,10,,,,,120,2.58,340.56,,,,,,,,,,,,
21193,10.0247456v1,10,,2,4,,9/20/2021 23:03,,,,10,,,,,120,2.58,340.56,,,,,,,,,,,,
21194,10.0250007v2,10,,2,4,,9/21/2021 23:02,,,,7,,,,,80,2.58,247.68,,,,,,,,,,,,
21195,10.0247424v2,10,,2,4,,9/20/2021 23:07,,,,46,,,,,550,2.16,1218.24,,,,,,,,,,,,
21196,10.0250455v1,10,,2,4,,9/20/2021 23:08,,,,9,,,,,105,2.58,309.6,,,,,,,,,,,,
21197,10.0250662v1,10,,2,1,,9/20/2021 23:12,,,,5,,,,,60,2.29,164.88,,,,,,,,,,,,
21198,10.0250244v1,10,,2,1,,9/20/2021 23:22,,,,5,,,,,60,2.29,164.88,,,,,,,,,,,,
21198,10.0250233v1,10,,2,1,,9/20/2021 23:22,,,,5,,,,,60,2.29,164.88,,,,,,,,,,,,
21201,10.0249316v2,10,,2,4,,9/21/2021 5:27,,,,13,,,,,150,2.41,404.88,,,,,,,,,,,,
21202,10.0232855v6,10,,2,1,,9/21/2021 5:28,,,,10,,,,,120,1.79,236.28,,,,,,,,,,,,
21202,10.0232852v5,10,,2,1,,9/21/2021 5:28,,,,10,,,,,120,1.79,236.28,,,,,,,,,,,,
21202,10.0249873v1,10,,2,1,,9/21/2021 5:28,,,,10,,,,,120,1.79,236.28,,,,,,,,,,,,
21202,10.0249877v1,10,,2,1,,9/21/2021 5:28,,,,10,,,,,120,1.79,236.28,,,,,,,,,,,,
21203,40.0250062v3,40,,18,3,,9/24/2021 18:27,,,,9,,,,,100,3.66,439.2,,,,,,,,,,,,
21204,10.0225005v7,10,,2,4,,9/21/2021 5:21,,,,5,,,,,60,2.58,185.76,,,,,,,,,,,,
21205,10.0210979v1,10,,2,3,,9/27/2021 19:06,,,,50,,,,,600,2.16,1321.92,,,,,,,,,,,,
21205,10.0211055v1,10,,2,3,,9/27/2021 19:06,,,,50,,,,,600,2.16,1321.92,,,,,,,,,,,,
21206,10.029627v2,10,,2,3,,9/30/2021 15:50,,,,42,,,,,500,2.41,1243.56,,,,,,,,,,,,
21207,10.0221098v1,10,,2,3,,9/21/2021 23:14,,,,59,,,,,700,2.16,1555.2,,,,,,,,,,,,
21208,10.0242418v1,10,,2,4,,9/22/2021 14:29,,,,7,,,,,76,2.58,247.68,,,,,,,,,,,,
21209,10.0227001v1,10,,2,4,,9/21/2021 15:51,,,,13,,,,,150,2.41,404.88,,,,,,,,,,,,
21210,10.0245330v1,10,,2,4,,9/22/2021 0:03,,,,10,,,,,120,2.58,340.56,,,,,,,,,,,,
21211,40.0250354v1,40,,18,1,,9/21/2021 15:52,,,,10,,,,,120,1.79,236.28,,,,,,,,,,,,
21211,40.0250353v1,40,,18,1,,9/21/2021 15:52,,,,10,,,,,120,1.79,236.28,,,,,,,,,,,,
21212,10.0250424v1,10,,2,1,,9/29/2021 15:16,,,,5,,,,,60,2.29,164.88,,,,,,,,,,,,
21212,10.0250423v1,10,,2,1,,9/29/2021 15:16,,,,5,,,,,60,2.29,164.88,,,,,,,,,,,,
21213,12.0250805v1,12,,4,1,,9/21/2021 23:05,,,,13,,,,,150,1.46,245.28,,,,,,,,,,,,
21214,10.0248551v1,10,,2,3,,9/22/2021 21:03,,,,42,,,,,500,2.41,1243.56,,,,,,,,,,,,
21215,10.0250340v1,10,,2,4,,9/21/2021 15:52,,,,13,,,,,150,2.41,404.88,,,,,,,,,,,,
21215,10.0250339v1,10,,2,4,,9/21/2021 15:52,,,,13,,,,,150,2.41,404.88,,,,,,,,,,,,
21215,10.0250341v1,10,,2,4,,9/21/2021 15:52,,,,13,,,,,150,2.41,404.88,,,,,,,,,,,,
21216,10.0229480v1,10,,2,4,,9/21/2021 15:56,,,,20,,,,,240,2.41,607.32,,,,,,,,,,,,
21218,10.0226618v1,10,,2,4,,9/21/2021 23:04,,,,7,,,,,75,2.58,247.68,,,,,,,,,,,,
21219,10.0250816v1,10,,2,3,,9/21/2021 16:00,,,,125,,,,,1500,1.91,2887.92,,,,,,,,,,,,
21220,10.0222063v1,10,,2,4,,9/21/2021 15:58,,,,13,,,,,150,2.41,404.88,,,,,,,,,,,,
21221,10.0250714v1,10,,2,1,,9/21/2021 15:49,,,,5,,,,,60,2.29,164.88,,,,,,,,,,,,
21222,10.0223793v4,10,,2,4,,9/21/2021 15:54,,,,10,,,,,120,2.58,340.56,,,,,,,,,,,,
21223,40.0249598v1,40,,18,3,,9/21/2021 15:57,,,,20,,,,,240,2.49,627.48,,,,,,,,,,,,
21224,10.0250683v1,10,,2,4,,9/23/2021 18:08,,,,10,,,,,120,2.58,340.56,,,,,,,,,,,,
21225,10.0249801v1,10,,2,1,,9/22/2021 0:01,,,,5,,,,,60,2.29,164.88,,,,,,,,,,,,
21225,10.0249800v1,10,,2,1,,9/22/2021 0:01,,,,5,,,,,60,2.29,164.88,,,,,,,,,,,,
21226,10.0247437v1,10,,2,3,,9/21/2021 23:07,,,,29,,,,,340,2.41,867.6,,,,,,,,,,,,
21227,10.0250756v1,10,,2,4,,9/22/2021 14:21,,,,15,,,,,180,2.41,462.72,,,,,,,,,,,,
21228,10.0248218v3,10,,2,1,,9/21/2021 18:58,,,,5,,,,,60,2.29,164.88,,,,,,,,,,,,
21229,40.0250435v5,40,,18,3,,9/22/2021 20:10,,,,84,,,,,1000,3.9,3978,,,,,,,,,,,,
21230,10.0351021v1,10,,2,1,,9/21/2021 23:08,,,,6,,,,,61,2.29,192.36,,,,,,,,,,,,
21230,10.0245580v1,10,,2,1,,9/21/2021 23:08,,,,6,,,,,61,2.29,192.36,,,,,,,,,,,,
21231,10.0250859v1,10,,2,1,,9/21/2021 23:07,,,,10,,,,,120,1.79,236.28,,,,,,,,,,,,
21232,10.0249936v1,10,,2,1,,9/21/2021 23:09,,,,5,,,,,60,2.29,164.88,,,,,,,,,,,,
21233,10.0250452v1,10,,2,4,,9/22/2021 20:50,,,,10,,,,,120,2.58,340.56,,,,,,,,,,,,
21234,10.0248213v2,10,,2,3,,9/22/2021 20:48,,,,84,,,,,1000,1.91,1948.2,,,,,,,,,,,,
21235,10.0228345v1,10,,2,4,,9/21/2021 23:59,,,,5,,,,,60,2.58,185.76,,,,,,,,,,,,
21237,10.0251113v1,10,,2,4,,9/22/2021 0:00,,,,10,,,,,120,2.58,340.56,,,,,,,,,,,,
21238,10.0245127v1,10,,2,1,,9/22/2021 14:28,,,,6,,,,,63,2.29,192.36,,,,,,,,,,,,
21239,10.0212138v7,10,,2,1,,9/22/2021 14:30,,,,5,,,,,60,2.29,164.88,,,,,,,,,,,,
21239,10.0212139v4,10,,2,1,,9/22/2021 14:30,,,,5,,,,,60,2.29,164.88,,,,,,,,,,,,
21240,10.0250860v1,10,,2,3,,9/22/2021 0:08,,,,76,,,,,905,1.91,1764.84,,,,,,,,,,,,
21242,10.0250841v1,10,,2,2,,9/23/2021 21:52,,,,34,,,,,403,1.74,730.8,,,,,,,,,,,,
21242,10.0250842v1,10,,2,2,,9/23/2021 21:52,,,,34,,,,,403,1.74,730.8,,,,,,,,,,,,
21243,10.0250844v2,10,,2,1,,9/22/2021 17:36,,,,5,,,,,60,2.29,164.88,,,,,,,,,,,,
21244,10.0215456v3,10,,2,2,,9/22/2021 23:01,,,,200,,,,,2400,1.35,3256.2,,,,,,,,,,,,
21245,10.0250954v1,10,,2,3,,9/22/2021 17:34,,,,20,,,,,240,2.41,607.32,,,,,,,,,,,,
21246,10.0451201v1,10,,2,4,,9/22/2021 14:17,,,,11,,,,,121,2.58,371.52,,,,,,,,,,,,
21246,10.0250904v1,10,,2,4,,9/22/2021 14:17,,,,11,,,,,131,2.58,371.52,,,,,,,,,,,,
21247,10.0243707v1,10,,2,1,,9/22/2021 14:21,,,,17,,,,,200,1.79,386.64,,,,,,,,,,,,
21248,10.0249904v1,10,,2,3,,9/22/2021 17:42,,,,34,,,,,400,2.41,1012.2,,,,,,,,,,,,
21250,10.0216675v1,10,,2,1,,9/22/2021 14:24,,,,40,,,,,480,1.79,880.68,,,,,,,,,,,,
21250,10.0216674v1,10,,2,1,,9/22/2021 14:24,,,,40,,,,,480,1.79,880.68,,,,,,,,,,,,
21251,10.0251086v1,10,,2,4,,9/22/2021 17:48,,,,10,,,,,120,2.58,340.56,,,,,,,,,,,,
21252,10.0251126v1,10,,2,4,,9/22/2021 17:41,,,,15,,,,,170,2.41,462.72,,,,,,,,,,,,
21254,40.0240987v4,40,,18,1,,9/22/2021 17:58,,,,8,,,,,90,2.29,247.32,,,,,,,,,,,,
21255,10.0244406v1,10,,2,4,,9/22/2021 20:35,,,,20,,,,,240,2.41,607.32,,,,,,,,,,,,
21256,10.0250940v2,10,,2,4,,9/22/2021 17:47,,,,18,,,,,213,2.41,549.48,,,,,,,,,,,,
21258,10.0251010v1,10,,2,4,,9/22/2021 20:47,,,,7,,,,,74,2.58,247.68,,,,,,,,,,,,
21259,10.0250660v2,10,,2,3,,9/23/2021 18:04,,,,13,,,,,150,2.41,404.88,,,,,,,,,,,,
21260,10.0250042v2,10,,2,1,,9/22/2021 17:46,,,,5,,,,,60,2.29,164.88,,,,,,,,,,,,
21262,10.0251250v1,10,,2,4,,9/22/2021 20:37,,,,10,,,,,120,2.58,340.56,,,,,,,,,,,,
21263,10.0245378v1,10,,2,1,,9/22/2021 20:44,,,,5,,,,,60,2.29,164.88,,,,,,,,,,,,
21265,10.0251343v1,10,,2,3,,9/23/2021 21:53,,,,84,,,,,1000,1.91,1948.2,,,,,,,,,,,,
21266,10.0226284v2,10,,2,4,,9/22/2021 20:38,,,,5,,,,,60,2.58,185.76,,,,,,,,,,,,
21267,10.0251155v1,10,,2,1,,9/22/2021 20:46,,,,5,,,,,60,2.29,164.88,,,,,,,,,,,,
21268,10.0248930v2,10,,2,1,,9/22/2021 20:39,,,,5,,,,,60,2.29,164.88,,,,,,,,,,,,
21268,10.0248930v1,10,,2,1,,9/22/2021 20:39,,,,5,,,,,60,2.29,164.88,,,,,,,,,,,,
21270,10.0249734v1,10,,2,4,,9/23/2021 17:23,,,,9,,,,,100,2.58,309.6,,,,,,,,,,,,
21271,10.0250085v3,10,,2,4,,9/22/2021 20:36,,,,17,,,,,200,2.41,520.56,,,,,,,,,,,,
21272,10.0251397v1,10,,2,1,,9/22/2021 21:04,,,,5,,,,,60,2.29,164.88,,,,,,,,,,,,
21273,10.0239321v2,10,,2,4,,9/22/2021 21:04,,,,10,,,,,120,2.58,340.56,,,,,,,,,,,,
21274,10.0447118v1,10,,2,4,,9/23/2021 18:12,,,,20,,,,,240,2.41,607.32,,,,,,,,,,,,
21275,10.024497v1,10,,2,1,,9/23/2021 18:00,,,,20,,,,,240,1.79,451.08,,,,,,,,,,,,
21276,10.0247547v1,10,,2,1,,9/23/2021 17:26,,,,50,,,,,600,1.71,1046.52,,,,,,,,,,,,
21277,10.0251348v1,10,,2,1,,9/22/2021 22:23,,,,11,,,,,130,1.79,257.76,,,,,,,,,,,,
21279,40.0251147v1,40,,18,3,,9/23/2021 18:05,,,,25,,,,,300,2.49,776.88,,,,,,,,,,,,
21281,10.0318799v2,10,,2,4,,9/28/2021 0:40,,,,5,,,,,60,2.58,185.76,,,,,,,,,,,,
21281,10.0218797v2,10,,2,4,,9/28/2021 0:40,,,,5,,,,,60,2.58,185.76,,,,,,,,,,,,
21284,10.0248576v2,10,,2,4,,9/23/2021 17:21,,,,5,,,,,60,2.58,185.76,,,,,,,,,,,,
21285,10.0351513v1,10,,2,1,,9/23/2021 21:58,,,,5,,,,,60,2.29,164.88,,,,,,,,,,,,
21285,10.0250080v10,10,,2,1,,9/23/2021 21:58,,,,20,,,,,240,1.79,451.08,,,,,,,,,,,,
21285,10.0151512v1,10,,2,1,,9/23/2021 21:58,,,,5,,,,,60,2.29,164.88,,,,,,,,,,,,
21286,10.0251458v1,10,,2,3,,9/23/2021 18:06,,,,21,,,,,250,2.41,636.24,,,,,,,,,,,,
21286,10.0251459v1,10,,2,3,,9/23/2021 18:06,,,,21,,,,,250,2.41,636.24,,,,,,,,,,,,
21286,10.0251456v1,10,,2,3,,9/23/2021 18:06,,,,21,,,,,250,2.41,636.24,,,,,,,,,,,,
21287,40.0250762v1,40,,18,3,,9/23/2021 4:50,,,,15,,,,,180,2.49,478.08,,,,,,,,,,,,
21288,10.0250675v2,10,,2,4,,9/23/2021 21:46,,,,22,,,,,260,2.41,665.16,,,,,,,,,,,,
21289,10.0244505v1,10,,2,4,,9/23/2021 21:54,,,,75,,,,,900,1.91,1741.92,,,,,,,,,,,,
21290,10.0238404v5,10,,2,3,,9/23/2021 18:11,,,,42,,,,,500,2.41,1243.56,,,,,,,,,,,,
21291,10.0251516v1,10,,2,4,,9/23/2021 18:01,,,,5,,,,,60,2.58,185.76,,,,,,,,,,,,
21292,10.0250260v2,10,,2,1,,9/23/2021 21:43,,,,5,,,,,60,2.29,164.88,,,,,,,,,,,,
21294,10.0250942v1,10,,2,1,,9/23/2021 18:07,,,,5,,,,,60,2.29,164.88,,,,,,,,,,,,
21295,10.0237177v2,10,,2,3,,9/23/2021 18:08,,,,20,,,,,240,2.41,607.32,,,,,,,,,,,,
21296,44.0236236v2,44,,21,1,,9/23/2021 18:09,,,,13,,,,,150,1.79,300.72,,,,,,,,,,,,
21297,10.0250894v2,10,,2,3,,9/23/2021 21:56,,,,54,,,,,640,2.16,1425.6,,,,,,,,,,,,
21298,10.0222957v1,10,,2,3,,9/23/2021 18:10,,,,10,,,,,120,2.58,340.56,,,,,,,,,,,,
21299,10.0421803v1,10,,2,3,,9/23/2021 18:11,,,,10,,,,,120,2.58,340.56,,,,,,,,,,,,
21300,10.0250539v1,10,,2,4,,9/23/2021 21:42,,,,7,,,,,75,2.58,247.68,,,,,,,,,,,,
21302,10.0245249v1,10,,2,3,,9/23/2021 21:39,,,,42,,,,,500,2.41,1243.56,,,,,,,,,,,,
21303,40.0249138v1,40,,18,1,,9/23/2021 21:38,,,,125,,,,,1500,1.54,2328.48,,,,,,,,,,,,
21304,10.0248549v1,10,,2,1,,9/24/2021 16:22,,,,5,,,,,60,2.29,164.88,,,,,,,,,,,,
21305,11.0251507v1,11,,3,1,,9/24/2021 21:11,,,,42,,,,,500,2.73,1408.68,,,,,,,,,,,,
21306,10.0249909v3,10,,2,3,,9/23/2021 21:40,,,,17,,,,,200,2.41,520.56,,,,,,,,,,,,
21307,10.0238665v1,10,,2,2,,9/23/2021 21:46,,,,40,,,,,480,1.74,856.08,,,,,,,,,,,,
21310,10.0246450v1,10,,2,1,,9/23/2021 21:39,,,,5,,,,,60,2.29,164.88,,,,,,,,,,,,
21311,10.0227064v1,10,,2,3,,9/23/2021 21:56,,,,100,,,,,1200,1.91,2314.92,,,,,,,,,,,,
21312,10.0228900v4,10,,2,4,,9/24/2021 14:47,,,,18,,,,,205,2.41,549.48,,,,,,,,,,,,
21314,40.0249637v1,40,,18,1,,9/28/2021 17:58,,,,10,,,,,120,1.79,236.28,,,,,,,,,,,,
21314,40.0249640v1,40,,18,1,,9/28/2021 17:58,,,,10,,,,,120,1.79,236.28,,,,,,,,,,,,
21315,10.0211864v1,10,,2,1,,9/24/2021 22:39,,,,10,,,,,120,1.79,236.28,,,,,,,,,,,,
21315,10.0211866v2,10,,2,1,,9/24/2021 22:39,,,,10,,,,,120,1.79,236.28,,,,,,,,,,,,
21316,10.0251525v2,10,,2,1,,9/23/2021 21:57,,,,5,,,,,60,2.29,164.88,,,,,,,,,,,,
21318,10.0242147v1,10,,2,3,,9/24/2021 0:05,,,,109,,,,,1300,1.91,2521.2,,,,,,,,,,,,
21319,10.0238955v1,10,,2,4,,9/30/2021 16:42,,,,5,,,,,60,2.58,185.76,,,,,,,,,,,,
21320,10.0250096v1,10,,2,1,,9/24/2021 22:50,,,,5,,,,,60,2.29,164.88,,,,,,,,,,,,
21321,10.0248395v1,10,,2,4,,9/24/2021 16:29,,,,21,,,,,250,2.41,636.24,,,,,,,,,,,,
21322,10.0248395v1,10,,2,4,,9/24/2021 14:48,,,,21,,,,,250,2.41,636.24,,,,,,,,,,,,
21323,10.0251744v1,10,,2,4,,9/24/2021 14:49,,,,5,,,,,60,2.58,185.76,,,,,,,,,,,,
21324,10.0247287v2,10,,2,1,,9/24/2021 21:23,,,,10,,,,,120,1.79,236.28,,,,,,,,,,,,
21325,10.0250847v1,10,,2,1,,9/24/2021 21:19,,,,125,,,,,1500,1.54,2328.48,,,,,,,,,,,,
21326,10.0251616v2,10,,2,4,,9/24/2021 16:24,,,,7,,,,,75,2.58,247.68,,,,,,,,,,,,
21327,10.0250230v3,10,,2,4,,9/27/2021 19:04,,,,10,,,,,120,2.58,340.56,,,,,,,,,,,,
21328,10.0251740v1,10,,2,1,,9/24/2021 16:25,,,,5,,,,,60,2.29,164.88,,,,,,,,,,,,
21329,44.0251552v1,44,,21,1,,9/24/2021 16:26,,,,10,,,,,120,1.79,236.28,,,,,,,,,,,,
21330,44.0251536v1,44,,21,4,,9/24/2021 16:23,,,,12,,,,,144,2.58,402.48,,,,,,,,,,,,
21330,10.0251534v1,10,,2,4,,9/24/2021 16:23,,,,6,,,,,72,2.58,216.72,,,,,,,,,,,,
21331,10.0242755v2,10,,2,4,,9/24/2021 22:52,,,,6,,,,,61,2.58,216.72,,,,,,,,,,,,
21331,10.0251574v1,10,,2,4,,9/24/2021 22:52,,,,6,,,,,61,2.58,216.72,,,,,,,,,,,,
21332,10.0251598v1,10,,2,1,,9/24/2021 16:24,,,,5,,,,,60,2.29,164.88,,,,,,,,,,,,
21333,40.023358v2,40,,18,3,,9/24/2021 16:13,,,,13,,,,,150,2.49,418.32,,,,,,,,,,,,
21334,10.0251210v1,10,,2,1,,9/24/2021 21:21,,,,14,,,,,158,1.79,322.2,,,,,,,,,,,,
21336,10.0216526v7,10,,2,4,,9/24/2021 18:29,,,,30,,,,,360,2.41,896.52,,,,,,,,,,,,
21336,10.0216526v8,10,,2,4,,9/24/2021 18:29,,,,30,,,,,360,2.41,896.52,,,,,,,,,,,,
21336,10.0216526v6,10,,2,4,,9/24/2021 18:29,,,,30,,,,,360,2.41,896.52,,,,,,,,,,,,
21337,15.0248469v2,15,,7,3,,9/24/2021 16:19,,,,17,,,,,200,3.53,762.48,,,,,,,,,,,,
21338,10.0250489v1,10,,2,2,,9/24/2021 18:33,,,,42,,,,,500,1.74,897.84,,,,,,,,,,,,
21339,17.0447296v3,17,,9,3,,9/27/2021 19:26,,,,10,,,,,120,2.58,340.56,,,,,,,,,,,,
21340,10.0237389v1,10,,2,3,,9/24/2021 18:25,,,,25,,,,,300,2.41,751.92,,,,,,,,,,,,
21341,10.0250641v3,10,,2,1,,9/24/2021 18:00,,,,13,,,,,145,1.79,300.72,,,,,,,,,,,,
21342,10.0249996v4,10,,2,4,,9/24/2021 18:28,,,,17,,,,,200,2.41,520.56,,,,,,,,,,,,
21343,15.0351833v1,15,,7,3,,9/24/2021 21:10,,,,10,,,,,120,3.7,488.4,,,,,,,,,,,,
21344,10.0250106v2,10,,2,1,,10/4/2021 15:09,,,,10,,,,,120,1.79,236.28,,,,,,,,,,,,
21345,10.0250269v1,10,,2,3,,9/27/2021 20:20,,,,60,,,,,720,1.91,1398.12,,,,,,,,,,,,
21346,10.0221626v4,10,,2,4,,9/24/2021 21:19,,,,5,,,,,60,2.58,185.76,,,,,,,,,,,,
21347,10.0250711v1,10,,2,3,,9/24/2021 22:57,,,,25,,,,,300,2.41,751.92,,,,,,,,,,,,
21348,10.0251892v1,10,,2,4,,9/24/2021 21:22,,,,5,,,,,60,2.58,185.76,,,,,,,,,,,,
21349,10.0250217v2,10,,2,4,,9/24/2021 21:14,,,,5,,,,,60,2.58,185.76,,,,,,,,,,,,
21350,10.0251837v1,10,,2,1,,9/24/2021 21:13,,,,6,,,,,62,2.29,192.36,,,,,,,,,,,,
21352,10.0251580v1,10,,2,4,,9/27/2021 19:33,,,,15,,,,,175,2.41,462.72,,,,,,,,,,,,
21352,10.0251578v1,10,,2,4,,9/27/2021 19:33,,,,15,,,,,175,2.41,462.72,,,,,,,,,,,,
21354,10.0229070v2,10,,2,4,,9/27/2021 18:58,,,,12,,,,,140,2.41,375.96,,,,,,,,,,,,
21355,10.0251936v1,10,,2,3,,9/27/2021 18:58,,,,42,,,,,500,2.41,1243.56,,,,,,,,,,,,
21356,10.0250166v1,10,,2,1,,9/30/2021 17:36,,,,5,,,,,60,2.29,164.88,,,,,,,,,,,,
21357,10.0214039v2,10,,2,3,,9/27/2021 19:05,,,,98,,,,,1175,1.91,2269.08,,,,,,,,,,,,
21358,10.023414v2,10,,2,1,,9/28/2021 17:57,,,,84,,,,,1000,1.63,1662.6,,,,,,,,,,,,
21359,10.0251939v1,10,,2,3,,9/29/2021 0:59,,,,5,,,,,60,3.66,263.52,,,,,,,,,,,,
21360,10.0248912v1,10,,2,3,,9/27/2021 19:35,,,,10,,,,,120,2.58,340.56,,,,,,,,,,,,
21361,10.0250128v1,10,,2,2,,9/27/2021 19:10,,,,84,,,,,1000,1.47,1499.4,,,,,,,,,,,,
21362,10.0251031v1,10,,2,3,,9/28/2021 0:52,,,,42,,,,,500,2.41,1243.56,,,,,,,,,,,,
21363,10.0249614v4,10,,2,1,,9/30/2021 21:22,,,,25,,,,,300,1.79,558.48,,,,,,,,,,,,
21363,10.0249602v3,10,,2,1,,9/30/2021 21:22,,,,25,,,,,300,1.79,558.48,,,,,,,,,,,,
21364,10.0251384v2,10,,2,3,,9/27/2021 20:13,,,,10,,,,,120,2.58,340.56,,,,,,,,,,,,
21365,10.0250128v1,10,,2,2,,9/27/2021 20:12,,,,13,,,,,150,1.86,312.48,,,,,,,,,,,,
21366,10.0217556v2,10,,2,1,,9/27/2021 19:11,,,,40,,,,,480,1.79,880.68,,,,,,,,,,,,
21367,40.0251860v1,40,,18,4,,9/27/2021 20:15,,,,5,,,,,60,2.75,198,,,,,,,,,,,,
21368,10.0251925v1,10,,2,1,,9/27/2021 19:12,,,,5,,,,,60,2.29,164.88,,,,,,,,,,,,
21370,10.0251713v1,10,,2,3,,9/28/2021 0:52,,,,15,,,,,175,2.41,462.72,,,,,,,,,,,,
21371,10.0243562v3,10,,2,3,,9/28/2021 0:43,,,,51,,,,,605,2.16,1347.84,,,,,,,,,,,,
21372,40.0247614v1,40,,18,1,,9/28/2021 0:47,,,,5,,,,,60,2.29,164.88,,,,,,,,,,,,
21372,10.0247610v1,10,,2,1,,9/28/2021 0:47,,,,5,,,,,60,2.29,164.88,,,,,,,,,,,,
21372,10.0247595v1,10,,2,1,,9/28/2021 0:47,,,,5,,,,,60,2.29,164.88,,,,,,,,,,,,
21373,17.0244651v6,17,,9,1,,9/29/2021 0:35,,,,6,,,,,70,2.29,192.36,,,,,,,,,,,,
21374,10.0231587v1,10,,2,3,,9/28/2021 0:50,,,,17,,,,,200,2.41,520.56,,,,,,,,,,,,
21375,10.0251937v1,10,,2,1,,9/28/2021 0:51,,,,30,,,,,360,1.79,665.88,,,,,,,,,,,,
21376,40.0252040v1,40,,18,1,,9/28/2021 17:58,,,,9,,,,,107,2.29,274.8,,,,,,,,,,,,
21377,10.0213785v1,10,,2,4,,9/28/2021 1:00,,,,9,,,,,100,2.58,309.6,,,,,,,,,,,,
21379,10.0251995v1,10,,2,3,,9/28/2021 17:56,,,,10,,,,,120,2.58,340.56,,,,,,,,,,,,
21380,18.0226473v1,18,,10,3,,9/28/2021 17:59,,,,20,,,,,240,2.49,627.48,,,,,,,,,,,,
21382,10.0244505v1,10,,2,1,,9/28/2021 18:46,,,,234,,,,,2808,1.5,4230,,,,,,,,,,,,
21383,10.0248932v1,10,,2,1,,9/28/2021 0:59,,,,22,,,,,255,1.79,494.04,,,,,,,,,,,,
21384,40.0251475v1,40,,18,1,,9/29/2021 0:36,,,,10,,,,,120,1.79,236.28,,,,,,,,,,,,
21385,10.0228451v2,10,,2,4,,9/28/2021 14:44,,,,10,,,,,120,2.58,340.56,,,,,,,,,,,,
21386,40.0228366v3,40,,18,3,,9/28/2021 18:50,,,,10,,,,,120,2.66,351.12,,,,,,,,,,,,
21387,10.0250065v2,10,,2,1,,9/28/2021 18:47,,,,50,,,,,600,1.71,1046.52,,,,,,,,,,,,
21388,10.0251746v1,10,,2,4,,9/28/2021 18:30,,,,5,,,,,60,2.58,185.76,,,,,,,,,,,,
21389,10.0252078v2,10,,2,3,,9/28/2021 18:00,,,,21,,,,,250,2.41,636.24,,,,,,,,,,,,
21390,10.0217498v2,10,,2,3,,9/28/2021 18:31,,,,10,,,,,120,2.58,340.56,,,,,,,,,,,,
21391,10.0223999v3,10,,2,4,,9/28/2021 18:29,,,,20,,,,,240,2.41,607.32,,,,,,,,,,,,
21392,10.0252131v1,10,,2,1,,9/28/2021 18:32,,,,5,,,,,60,2.29,164.88,,,,,,,,,,,,
21393,40.0251994v1,40,,18,1,,9/28/2021 18:33,,,,5,,,,,60,2.29,164.88,,,,,,,,,,,,
21394,10.0251930v1,10,,2,1,,9/29/2021 0:55,,,,42,,,,,500,1.79,923.64,,,,,,,,,,,,
21395,10.0251075v1,10,,2,3,,9/28/2021 18:49,,,,30,,,,,360,2.41,896.52,,,,,,,,,,,,
21396,10.0235364v4,10,,2,1,,9/29/2021 0:38,,,,38,,,,,450,1.79,837.72,,,,,,,,,,,,
21397,10.0251148v2,10,,2,4,,9/29/2021 0:56,,,,17,,,,,200,2.41,520.56,,,,,,,,,,,,
21398,10.0252197v1,10,,2,3,,9/29/2021 0:50,,,,10,,,,,120,2.58,340.56,,,,,,,,,,,,
21399,10.0227198v1,10,,2,4,,9/29/2021 0:39,,,,7,,,,,80,2.58,247.68,,,,,,,,,,,,
21400,10.0352376v1,10,,2,1,,9/29/2021 0:41,,,,5,,,,,60,2.29,164.88,,,,,,,,,,,,
21401,10.0251731v2,10,,2,3,,9/29/2021 0:52,,,,46,,,,,550,2.16,1218.24,,,,,,,,,,,,
21402,10.0251691v2,10,,2,4,,9/29/2021 0:40,,,,11,,,,,130,2.58,371.52,,,,,,,,,,,,
21403,10.0246942v1,10,,2,3,,9/29/2021 21:25,,,,5,,,,,60,3.66,263.52,,,,,,,,,,,,
21403,10.0246929v1,10,,2,3,,9/29/2021 21:25,,,,5,,,,,60,3.66,263.52,,,,,,,,,,,,
21403,10.0246948v1,10,,2,3,,9/29/2021 21:25,,,,5,,,,,60,3.66,263.52,,,,,,,,,,,,
21403,40.0246935v1,40,,18,3,,9/29/2021 21:25,,,,5,,,,,60,3.74,269.28,,,,,,,,,,,,
21404,10.0250440v1,10,,2,3,,9/29/2021 0:55,,,,42,,,,,500,2.41,1243.56,,,,,,,,,,,,
21405,10.0352409v1,10,,2,1,,9/29/2021 0:54,,,,5,,,,,60,2.29,164.88,,,,,,,,,,,,
21406,10.0251760v1,10,,2,1,,9/29/2021 0:58,,,,5,,,,,60,2.29,164.88,,,,,,,,,,,,
21407,10.0251715v9,10,,2,3,,9/29/2021 0:56,,,,60,,,,,720,1.91,1398.12,,,,,,,,,,,,
21408,40.0217365v4,40,,18,1,,1/29/2022 22:49,,,,5,,,,,60,2.56,184.32,,,,,,,,,,,,
21409,10.0252439v1,10,,2,4,,9/29/2021 20:42,,,,11,,,,,125,2.58,371.52,,,,,,,,,,,,
21411,10.0248463v1,10,,2,3,,9/29/2021 15:13,,,,9,,,,,100,3.58,429.6,,,,,,,,,,,,
21413,10.0252155v4,10,,2,3,,9/29/2021 15:09,,,,50,,,,,600,2.16,1321.92,,,,,,,,,,,,
21415,10.0251379v2,10,,2,1,,9/29/2021 20:50,,,,10,,,,,120,1.79,236.28,,,,,,,,,,,,
21416,10.0251394v2,10,,2,1,,9/29/2021 15:15,,,,5,,,,,60,2.29,164.88,,,,,,,,,,,,
21418,10.0251579v1,10,,2,1,,9/29/2021 15:18,,,,10,,,,,120,1.79,236.28,,,,,,,,,,,,
21419,10.0252554v1,10,,2,1,,9/29/2021 20:46,,,,6,,,,,62,2.29,192.36,,,,,,,,,,,,
21420,40.0249238v1,40,,18,3,,9/29/2021 20:44,,,,38,,,,,450,2.49,1165.32,,,,,,,,,,,,
21421,40.0235787v1,40,,18,3,,9/29/2021 20:36,,,,17,,,,,200,2.49,537.84,,,,,,,,,,,,
21422,10.0252398v1,10,,2,1,,9/29/2021 20:51,,,,5,,,,,60,2.29,164.88,,,,,,,,,,,,
21423,10.0252394v1,10,,2,3,,9/29/2021 15:19,,,,65,,,,,780,1.91,1512.72,,,,,,,,,,,,
21424,10.0352378v1,10,,2,1,,9/29/2021 15:12,,,,5,,,,,60,2.29,164.88,,,,,,,,,,,,
21425,10.0249220v1,10,,2,4,,9/30/2021 22:48,,,,23,,,,,270,2.41,694.08,,,,,,,,,,,,
21426,10.0229021v2,10,,2,1,,9/29/2021 20:47,,,,6,,,,,72,2.29,192.36,,,,,,,,,,,,
21427,10.0252095v2,10,,2,4,,9/29/2021 20:40,,,,18,,,,,205,2.41,549.48,,,,,,,,,,,,
21428,10.0215456v3,10,,2,2,,10/1/2021 22:29,,,,74,,,,,877,1.47,1323,,,,,,,,,,,,
21429,40.0251834v1,40,,18,3,,9/29/2021 23:50,,,,10,,,,,120,2.66,351.12,,,,,,,,,,,,
21430,10.0251919v1,10,,2,1,,9/29/2021 20:48,,,,6,,,,,61,2.29,192.36,,,,,,,,,,,,
21431,10.0242627v2,10,,2,1,,9/29/2021 21:33,,,,10,,,,,120,1.79,236.28,,,,,,,,,,,,
21431,10.0242619v2,10,,2,1,,9/29/2021 21:33,,,,10,,,,,120,1.79,236.28,,,,,,,,,,,,
21432,10.0251032v1,10,,2,1,,9/29/2021 23:52,,,,5,,,,,60,2.29,164.88,,,,,,,,,,,,
21434,10.0252372v2,10,,2,3,,10/1/2021 15:54,,,,10,,,,,120,2.58,340.56,,,,,,,,,,,,
21435,10.0252812v1,10,,2,4,,9/29/2021 20:35,,,,12,,,,,133,2.41,375.96,,,,,,,,,,,,
21436,12.0251901v1,12,,4,1,,10/5/2021 21:50,,,,5,,,,,60,1.96,141.12,,,,,,,,,,,,
21436,12.0251904v1,12,,4,1,,10/5/2021 21:50,,,,5,,,,,60,1.96,141.12,,,,,,,,,,,,
21437,10.0247075v3,10,,2,4,,10/18/2021 23:19,,,,17,,,,,200,2.41,520.56,,,,,,,,,,,,
21439,10.0251594v1,10,,2,1,,10/1/2021 16:55,,,,5,,,,,60,2.29,164.88,,,,,,,,,,,,
21439,44.0251596v2,44,,21,1,,10/1/2021 16:55,,,,5,,,,,60,2.29,164.88,,,,,,,,,,,,
21440,10.0249239v1,10,,2,1,,9/29/2021 21:26,,,,5,,,,,60,2.29,164.88,,,,,,,,,,,,
21441,10.0252390v3,10,,2,3,,9/29/2021 21:29,,,,25,,,,,300,2.41,751.92,,,,,,,,,,,,
21442,10.0252565v1,10,,2,3,,9/29/2021 21:30,,,,34,,,,,400,2.41,1012.2,,,,,,,,,,,,
21443,10.0248984v1,10,,2,4,,9/29/2021 23:49,,,,10,,,,,120,2.58,340.56,,,,,,,,,,,,
21444,10.0243334v1,10,,2,4,,9/29/2021 21:31,,,,20,,,,,240,2.41,607.32,,,,,,,,,,,,
21445,10.0251916v3,10,,2,3,,10/6/2021 16:26,,,,40,,,,,480,2.41,1185.72,,,,,,,,,,,,
21446,10.0232351v1,10,,2,4,,9/29/2021 21:32,,,,10,,,,,120,2.58,340.56,,,,,,,,,,,,
21447,10.0218490v1,10,,2,3,,10/1/2021 20:48,,,,25,,,,,300,2.41,751.92,,,,,,,,,,,,
21448,10.0247327v1,10,,2,3,,10/2/2021 0:19,,,,10,,,,,120,2.58,340.56,,,,,,,,,,,,
21449,10.0252505v1,10,,2,1,,10/1/2021 18:08,,,,25,,,,,300,1.79,558.48,,,,,,,,,,,,
21450,10.0234803v5,10,,2,1,,9/29/2021 23:51,,,,5,,,,,60,2.29,164.88,,,,,,,,,,,,
21451,10.0241064v1,10,,2,1,,9/29/2021 23:55,,,,5,,,,,60,2.29,164.88,,,,,,,,,,,,
21452,10.0252576v3,10,,2,1,,9/29/2021 23:47,,,,30,,,,,360,1.79,665.88,,,,,,,,,,,,
21453,10.0249931v4,10,,2,4,,9/29/2021 23:48,,,,13,,,,,150,2.41,404.88,,,,,,,,,,,,
21454,10.0227001v1,10,,2,3,,9/30/2021 16:41,,,,10,,,,,120,2.58,340.56,,,,,,,,,,,,
21455,10.0233994v1,10,,2,4,,9/29/2021 23:57,,,,5,,,,,60,2.58,185.76,,,,,,,,,,,,
21457,10.0252557v1,10,,2,1,,9/30/2021 15:48,,,,34,,,,,405,1.79,751.8,,,,,,,,,,,,
21459,10.0252950v1,10,,2,1,,9/30/2021 15:49,,,,26,,,,,305,1.79,579.96,,,,,,,,,,,,
21460,10.0250261v3,10,,2,1,,9/30/2021 22:43,,,,14,,,,,160,1.79,322.2,,,,,,,,,,,,
21461,10.0210967v5,10,,2,1,,9/30/2021 16:43,,,,20,,,,,240,1.79,451.08,,,,,,,,,,,,
21463,40.0252904v1,40,,18,3,,10/4/2021 22:03,,,,5,,,,,60,3.74,269.28,,,,,,,,,,,,
21464,10.0252969v1,10,,2,4,,9/30/2021 21:07,,,,13,,,,,150,2.41,404.88,,,,,,,,,,,,
21465,40.0252487v1,40,,18,1,,9/30/2021 22:42,,,,25,,,,,300,1.79,558.48,,,,,,,,,,,,
21467,10.0225005v9,10,,2,4,,9/30/2021 21:31,,,,5,,,,,60,2.58,185.76,,,,,,,,,,,,
21468,10.0234109v2,10,,2,4,,9/30/2021 21:49,,,,46,,,,,550,2.16,1218.24,,,,,,,,,,,,
21469,40.0253082v1,40,,18,1,,10/1/2021 16:27,,,,10,,,,,120,1.79,236.28,,,,,,,,,,,,
21470,10.0245100v2,10,,2,1,,9/30/2021 21:35,,,,5,,,,,60,2.29,164.88,,,,,,,,,,,,
21471,10.0253112v1,10,,2,4,,9/30/2021 21:36,,,,5,,,,,60,2.58,185.76,,,,,,,,,,,,
21472,10.0213933v1,10,,2,4,,10/1/2021 16:54,,,,10,,,,,120,2.58,340.56,,,,,,,,,,,,
21473,10.0249351v1,10,,2,1,,10/4/2021 18:00,,,,5,,,,,60,2.29,164.88,,,,,,,,,,,,
21474,10.0252808v1,10,,2,1,,10/1/2021 17:01,,,,5,,,,,60,2.29,164.88,,,,,,,,,,,,
21475,10.0227001v1,10,,2,3,,10/1/2021 17:04,,,,9,,,,,100,3.58,429.6,,,,,,,,,,,,
21476,40.0213316v1,40,,18,1,,10/1/2021 15:58,,,,11,,,,,130,1.79,257.76,,,,,,,,,,,,
21477,40.0253203v1,40,,18,3,,10/1/2021 18:24,,,,17,,,,,200,2.49,537.84,,,,,,,,,,,,
21478,10.027242v1,10,,2,3,,10/1/2021 16:12,,,,21,,,,,250,2.41,636.24,,,,,,,,,,,,
21478,10.027239v1,10,,2,3,,10/1/2021 16:12,,,,21,,,,,250,2.41,636.24,,,,,,,,,,,,
21479,10.0253035v1,10,,2,4,,10/1/2021 16:56,,,,10,,,,,120,2.58,340.56,,,,,,,,,,,,
21479,10.0253034v1,10,,2,4,,10/1/2021 16:56,,,,10,,,,,120,2.58,340.56,,,,,,,,,,,,
21480,10.0255045v1,10,,2,4,,10/6/2021 3:24,,,,10,,,,,120,2.58,340.56,,,,,,,,,,,,
21481,10.0246696v3,10,,2,3,,10/6/2021 16:50,,,,88,,,,,1050,1.91,2039.88,,,,,,,,,,,,
21482,10.0238291v1,10,,2,3,,10/1/2021 17:05,,,,17,,,,,200,2.41,520.56,,,,,,,,,,,,
21483,10.0242144v1,10,,2,3,,10/1/2021 17:55,,,,17,,,,,200,2.41,520.56,,,,,,,,,,,,
21483,10.0242146v2,10,,2,3,,10/1/2021 17:55,,,,17,,,,,200,2.41,520.56,,,,,,,,,,,,
21484,10.0253037v2,10,,2,1,,10/4/2021 14:49,,,,13,,,,,150,1.79,300.72,,,,,,,,,,,,
21485,10.0253196v1,10,,2,1,,10/1/2021 17:02,,,,43,,,,,510,1.79,945.12,,,,,,,,,,,,
21486,10.0250119v2,10,,2,3,,10/1/2021 16:56,,,,17,,,,,200,2.41,520.56,,,,,,,,,,,,
21487,10.0250363v5,10,,2,4,,10/4/2021 17:59,,,,7,,,,,80,2.58,247.68,,,,,,,,,,,,
21487,10.0453036v2,10,,2,4,,10/4/2021 17:59,,,,10,,,,,120,2.58,340.56,,,,,,,,,,,,
21488,10.0240360v1,10,,2,1,,10/1/2021 16:43,,,,34,,,,,400,1.79,751.8,,,,,,,,,,,,
21489,10.0252254v2,10,,2,4,,10/1/2021 17:03,,,,13,,,,,150,2.41,404.88,,,,,,,,,,,,
21492,10.0237672v1,10,,2,1,,10/1/2021 18:39,,,,10,,,,,120,1.79,236.28,,,,,,,,,,,,
21493,10.0250918v1,10,,2,1,,10/1/2021 18:38,,,,14,,,,,158,1.79,322.2,,,,,,,,,,,,
21494,40.0251997v1,40,,18,3,,10/6/2021 3:17,,,,17,,,,,200,2.49,537.84,,,,,,,,,,,,
21495,10.0253307v1,10,,2,1,,10/1/2021 20:50,,,,7,,,,,83,2.29,219.84,,,,,,,,,,,,
21496,10.0253312v1,10,,2,1,,10/2/2021 0:19,,,,7,,,,,84,2.29,219.84,,,,,,,,,,,,
21497,10.0253291v1,10,,2,1,,10/1/2021 20:50,,,,7,,,,,83,2.29,219.84,,,,,,,,,,,,
21498,10.0253052v1,10,,2,1,,10/1/2021 18:43,,,,10,,,,,120,1.79,236.28,,,,,,,,,,,,
21500,10.0252091v3,10,,2,3,,10/4/2021 17:58,,,,13,,,,,152,2.41,404.88,,,,,,,,,,,,
21501,10.0250430v4,10,,2,3,,10/2/2021 0:20,,,,60,,,,,720,1.91,1398.12,,,,,,,,,,,,
21502,10.0253347v1,10,,2,1,,10/1/2021 20:49,,,,43,,,,,510,1.79,945.12,,,,,,,,,,,,
21503,12.0251034v5,12,,4,1,,10/2/2021 0:31,,,,5,,,,,60,1.96,141.12,,,,,,,,,,,,
21503,10.0251035v4,10,,2,1,,10/2/2021 0:31,,,,5,,,,,60,2.29,164.88,,,,,,,,,,,,
21505,10.0246834v2,10,,2,4,,10/2/2021 0:15,,,,10,,,,,120,2.58,340.56,,,,,,,,,,,,
21506,10.0253173v1,10,,2,3,,10/11/2021 14:21,,,,60,,,,,720,1.91,1398.12,,,,,,,,,,,,
21507,10.0253125v1,10,,2,4,,10/2/2021 0:17,,,,13,,,,,155,2.41,404.88,,,,,,,,,,,,
21508,10.0253006v1,10,,2,1,,10/2/2021 0:18,,,,5,,,,,60,2.29,164.88,,,,,,,,,,,,
21509,10.0253339v1,10,,2,1,,10/2/2021 0:17,,,,20,,,,,240,1.79,451.08,,,,,,,,,,,,
21510,10.0253016v1,10,,2,3,,10/4/2021 19:16,,,,13,,,,,150,2.41,404.88,,,,,,,,,,,,
21511,40.0224568v2,40,,18,1,,10/6/2021 16:30,,,,42,,,,,500,1.79,923.64,,,,,,,,,,,,
21512,18.0253252v4,18,,10,1,,10/5/2021 17:42,,,,668,,,,,8010,1.56,12523.68,,,,,,,,,,,,
21514,10.0253012v1,10,,2,1,,10/4/2021 17:58,,,,21,,,,,250,1.79,472.56,,,,,,,,,,,,
21515,10.0251388v1,10,,2,1,,10/4/2021 14:51,,,,6,,,,,61,2.29,192.36,,,,,,,,,,,,
21516,10.0252745v3,10,,2,1,,10/4/2021 19:15,,,,10,,,,,120,1.79,236.28,,,,,,,,,,,,
21517,10.0253413v1,10,,2,3,,10/4/2021 14:54,,,,9,,,,,105,3.58,429.6,,,,,,,,,,,,
21518,10.0253344v1,10,,2,1,,10/4/2021 14:52,,,,6,,,,,65,2.29,192.36,,,,,,,,,,,,
21519,10.0253404v1,10,,2,4,,10/4/2021 14:48,,,,22,,,,,255,2.41,665.16,,,,,,,,,,,,
21520,10.0240977v1,10,,2,1,,10/4/2021 14:53,,,,5,,,,,60,2.29,164.88,,,,,,,,,,,,
21521,10.0241102v3,10,,2,3,,10/4/2021 22:04,,,,17,,,,,200,2.41,520.56,,,,,,,,,,,,
21521,12.0241266v1,12,,4,3,,10/4/2021 22:04,,,,17,,,,,200,2.16,466.56,,,,,,,,,,,,
21521,10.0241116v1,10,,2,3,,10/4/2021 22:04,,,,17,,,,,200,2.41,520.56,,,,,,,,,,,,
21521,10.0241356v3,10,,2,3,,10/4/2021 22:04,,,,17,,,,,200,2.41,520.56,,,,,,,,,,,,
21522,10.0253405v1,10,,2,3,,10/4/2021 17:56,,,,25,,,,,300,2.41,751.92,,,,,,,,,,,,
21523,10.0248486v3,10,,2,2,,10/6/2021 20:29,,,,167,,,,,2000,1.35,2721.6,,,,,,,,,,,,
21523,10.0248484v2,10,,2,2,,10/6/2021 20:29,,,,363,,,,,4350,1.29,5634.72,,,,,,,,,,,,
21523,10.0248484v3,10,,2,2,,10/6/2021 20:29,,,,375,,,,,4500,1.29,5820.48,,,,,,,,,,,,
21524,10.0253410v1,10,,2,1,,10/4/2021 18:00,,,,5,,,,,60,2.29,164.88,,,,,,,,,,,,
21525,10.0222069v2,10,,2,1,,10/5/2021 16:16,,,,60,,,,,720,1.63,1193.16,,,,,,,,,,,,
21526,44.0245554v5,44,,21,3,,10/4/2021 19:15,,,,10,,,,,120,2.66,351.12,,,,,,,,,,,,
21527,10.0222068v3,10,,2,1,,10/5/2021 16:14,,,,60,,,,,720,1.63,1193.16,,,,,,,,,,,,
21528,10.0230467v2,10,,2,3,,10/4/2021 17:57,,,,42,,,,,500,2.41,1243.56,,,,,,,,,,,,
21529,10.0214161v1,10,,2,1,,10/8/2021 18:26,,,,5,,,,,60,2.29,164.88,,,,,,,,,,,,
21529,10.0214162v1,10,,2,1,,10/8/2021 18:26,,,,5,,,,,60,2.29,164.88,,,,,,,,,,,,
21530,10.0352392v1,10,,2,3,,10/4/2021 18:04,,,,5,,,,,60,3.66,263.52,,,,,,,,,,,,
21530,10.0250651v1,10,,2,3,,10/4/2021 18:04,,,,5,,,,,60,3.66,263.52,,,,,,,,,,,,
21531,10.0245876v7,10,,2,1,,10/4/2021 17:55,,,,43,,,,,512,1.79,945.12,,,,,,,,,,,,
21532,10.0251790v1,10,,2,2,,10/4/2021 22:06,,,,84,,,,,1000,1.47,1499.4,,,,,,,,,,,,
21533,10.0240598v3,10,,2,3,,10/5/2021 14:41,,,,100,,,,,1200,1.91,2314.92,,,,,,,,,,,,
21535,21.0249854v4,21,,12,1,,10/4/2021 21:44,,,,67,,,,,800,1.63,1330.08,,,,,,,,,,,,
21536,40.0255011v1,40,,18,3,,10/4/2021 22:03,,,,5,,,,,60,3.74,269.28,,,,,,,,,,,,
21537,10.0227001v1,10,,2,3,,10/4/2021 22:07,,,,84,,,,,1000,1.91,1948.2,,,,,,,,,,,,
21539,10.0244023v8,10,,2,4,,10/5/2021 14:37,,,,5,,,,,60,2.58,185.76,,,,,,,,,,,,
21539,10.0244025v8,10,,2,4,,10/5/2021 14:37,,,,5,,,,,60,2.58,185.76,,,,,,,,,,,,
21539,10.0243024v12,10,,2,4,,10/5/2021 14:37,,,,5,,,,,60,2.58,185.76,,,,,,,,,,,,
21540,10.0247397v3,10,,2,1,,10/5/2021 16:12,,,,21,,,,,250,1.79,472.56,,,,,,,,,,,,
21541,12.0246034v1,12,,4,1,,10/5/2021 14:38,,,,5,,,,,60,1.96,141.12,,,,,,,,,,,,
21542,10.0234781v1,10,,2,1,,10/5/2021 14:39,,,,5,,,,,60,2.29,164.88,,,,,,,,,,,,
21543,10.0252157v1,10,,2,1,,10/5/2021 17:52,,,,25,,,,,300,1.79,558.48,,,,,,,,,,,,
21545,10.0251395v1,10,,2,1,,10/5/2021 16:15,,,,10,,,,,120,1.79,236.28,,,,,,,,,,,,
21545,10.0251380v1,10,,2,1,,10/5/2021 16:15,,,,10,,,,,120,1.79,236.28,,,,,,,,,,,,
21546,10.0362603v1,10,,2,1,,1/14/2022 20:35,,,,5,,,,,60,2.56,184.32,,,,,,,,,,,,
21547,10.0352890v1,10,,2,1,,10/5/2021 14:50,,,,5,,,,,60,2.29,164.88,,,,,,,,,,,,
21548,10.0352890v1,10,,2,1,,10/5/2021 14:49,,,,5,,,,,60,2.29,164.88,,,,,,,,,,,,
21549,10.025977v2,10,,2,1,,10/5/2021 14:45,,,,5,,,,,60,2.29,164.88,,,,,,,,,,,,
21550,10.0254936v1,10,,2,1,,10/12/2021 23:54,,,,33,,,,,386,1.79,730.32,,,,,,,,,,,,
21550,10.0254935v1,10,,2,1,,10/12/2021 23:54,,,,33,,,,,386,1.79,730.32,,,,,,,,,,,,
21551,10.0251992v1,10,,2,3,,10/8/2021 23:31,,,,200,,,,,2400,1.62,3907.44,,,,,,,,,,,,
21552,10.0255008v1,10,,2,3,,10/5/2021 14:46,,,,9,,,,,105,3.58,429.6,,,,,,,,,,,,
21553,10.0255040v1,10,,2,1,,10/5/2021 14:48,,,,10,,,,,110,1.96,258.72,,,,,,,,,,,,
21554,10.0250518v2,10,,2,1,,10/5/2021 14:48,,,,5,,,,,60,2.29,164.88,,,,,,,,,,,,
21555,10.0252556v1,10,,2,1,,10/6/2021 16:36,,,,21,,,,,250,1.79,472.56,,,,,,,,,,,,
21556,10.0252966v2,10,,2,1,,10/5/2021 16:13,,,,5,,,,,60,2.29,164.88,,,,,,,,,,,,
21557,10.0247719v1,10,,2,4,,10/5/2021 16:13,,,,9,,,,,100,2.58,309.6,,,,,,,,,,,,
21558,10.0241755v5,10,,2,1,,10/5/2021 21:53,,,,42,,,,,500,1.79,923.64,,,,,,,,,,,,
21559,40.0254990v1,40,,18,3,,10/5/2021 21:49,,,,10,,,,,120,2.66,351.12,,,,,,,,,,,,
21560,13.0555144v1,13,,5,3,,10/6/2021 16:34,,,,17,,,,,200,1.45,313.2,,,,,,,,,,,,
21561,10.0252088v2,10,,2,4,,10/5/2021 21:51,,,,5,,,,,60,2.58,185.76,,,,,,,,,,,,
21562,10.0255080v1,10,,2,4,,10/5/2021 21:47,,,,5,,,,,60,2.58,185.76,,,,,,,,,,,,
21563,10.0253326v1,10,,2,3,,10/5/2021 21:54,,,,21,,,,,250,2.41,636.24,,,,,,,,,,,,
21564,40.0252001v1,40,,18,1,,10/6/2021 16:28,,,,25,,,,,300,1.79,558.48,,,,,,,,,,,,
21566,10.0254938v1,10,,2,3,,10/5/2021 21:56,,,,17,,,,,200,2.41,520.56,,,,,,,,,,,,
21567,10.027780v10,10,,2,3,,10/7/2021 14:09,,,,250,,,,,3000,1.62,4879.44,,,,,,,,,,,,
21567,10.0217831v1,10,,2,3,,10/7/2021 14:09,,,,250,,,,,3000,1.62,4879.44,,,,,,,,,,,,
21567,14.0614572v2,14,,6,3,,10/7/2021 14:09,,,,17,,,,,200,1.45,313.2,,,,,,,,,,,,
21568,10.0252154v3,10,,2,3,,10/8/2021 18:14,,,,5,,,,,60,3.66,263.52,,,,,,,,,,,,
21569,40.0253058v1,40,,18,3,,10/5/2021 21:52,,,,5,,,,,60,3.74,269.28,,,,,,,,,,,,
21569,12.0249353v1,12,,4,3,,10/5/2021 21:52,,,,5,,,,,60,3.41,245.52,,,,,,,,,,,,
21572,10.0255322v1,10,,2,4,,10/6/2021 3:29,,,,13,,,,,150,2.41,404.88,,,,,,,,,,,,
21572,10.0252911v1,10,,2,4,,10/6/2021 3:29,,,,13,,,,,150,2.41,404.88,,,,,,,,,,,,
21574,10.0242991v1,10,,2,4,,10/5/2021 21:37,,,,11,,,,,125,2.58,371.52,,,,,,,,,,,,
21575,10.0247426v2,10,,2,3,,10/6/2021 3:28,,,,100,,,,,1200,1.91,2314.92,,,,,,,,,,,,
21576,10.0227929v1,10,,2,4,,10/6/2021 3:20,,,,20,,,,,240,2.41,607.32,,,,,,,,,,,,
21579,10.0253244v3,10,,2,3,,10/6/2021 3:19,,,,37,,,,,440,2.41,1098.96,,,,,,,,,,,,
21580,10.0246901v4,10,,2,4,,10/8/2021 21:56,,,,21,,,,,250,2.41,636.24,,,,,,,,,,,,
21580,10.0252893v6,10,,2,4,,10/8/2021 21:56,,,,21,,,,,250,2.41,636.24,,,,,,,,,,,,
21580,10.0252891v1,10,,2,4,,10/8/2021 21:56,,,,21,,,,,250,2.41,636.24,,,,,,,,,,,,
21581,10.0247295v1,10,,2,3,,10/6/2021 3:18,,,,17,,,,,200,2.41,520.56,,,,,,,,,,,,
21584,10.0238935v1,10,,2,4,,10/6/2021 23:03,,,,9,,,,,100,2.58,309.6,,,,,,,,,,,,
21585,10.0236623v1,10,,2,1,,10/6/2021 23:02,,,,5,,,,,60,2.29,164.88,,,,,,,,,,,,
21586,10.0248411v2,10,,2,1,,10/6/2021 3:24,,,,9,,,,,100,2.29,274.8,,,,,,,,,,,,
21587,10.0249740v1,10,,2,4,,10/6/2021 22:59,,,,5,,,,,60,2.58,185.76,,,,,,,,,,,,
21588,40.0213316v1,40,,18,1,,10/6/2021 16:39,,,,10,,,,,110,1.96,258.72,,,,,,,,,,,,
21589,11.0234941v2,11,,3,4,,10/6/2021 3:27,,,,10,,,,,120,2.83,373.56,,,,,,,,,,,,
21592,10.0252538v2,10,,2,1,,10/6/2021 22:46,,,,17,,,,,200,1.79,386.64,,,,,,,,,,,,
21592,10.0252538v1,10,,2,1,,10/6/2021 22:46,,,,17,,,,,200,1.79,386.64,,,,,,,,,,,,
21594,10.0248883v5,10,,2,3,,10/6/2021 16:32,,,,13,,,,,150,2.41,404.88,,,,,,,,,,,,
21595,10.0253078v1,10,,2,1,,10/6/2021 22:44,,,,17,,,,,200,1.79,386.64,,,,,,,,,,,,
21596,10.0243047v1,10,,2,1,,10/6/2021 16:35,,,,26,,,,,306,1.79,579.96,,,,,,,,,,,,
21597,10.0255413v1,10,,2,1,,10/6/2021 23:04,,,,10,,,,,120,1.79,236.28,,,,,,,,,,,,
21597,10.0255414v1,10,,2,1,,10/6/2021 23:04,,,,10,,,,,120,1.79,236.28,,,,,,,,,,,,
21598,10.0249901v3,10,,2,3,,10/6/2021 22:58,,,,42,,,,,500,2.41,1243.56,,,,,,,,,,,,
21599,10.0228083v2,10,,2,1,,10/12/2021 23:23,,,,6,,,,,62,2.29,192.36,,,,,,,,,,,,
21601,10.0250797v4,10,,2,1,,10/6/2021 23:04,,,,10,,,,,120,1.79,236.28,,,,,,,,,,,,
21601,10.0250800v1,10,,2,1,,10/6/2021 23:04,,,,10,,,,,120,1.79,236.28,,,,,,,,,,,,
21601,10.0250799v1,10,,2,1,,10/6/2021 23:04,,,,5,,,,,60,2.29,164.88,,,,,,,,,,,,
21602,10.0226732v1,10,,2,4,,10/6/2021 23:01,,,,10,,,,,120,2.58,340.56,,,,,,,,,,,,
21603,10.0245445v1,10,,2,1,,10/20/2021 16:04,,,,5,,,,,60,2.29,164.88,,,,,,,,,,,,
21604,10.0219993v1,10,,2,4,,10/11/2021 16:42,,,,10,,,,,120,2.58,340.56,,,,,,,,,,,,
21605,10.0231687v1,10,,2,4,,10/7/2021 21:21,,,,20,,,,,240,2.41,607.32,,,,,,,,,,,,
21605,10.022333v2,10,,2,4,,10/7/2021 21:21,,,,10,,,,,120,2.58,340.56,,,,,,,,,,,,
21606,12.0246480v1,12,,4,3,,10/6/2021 22:56,,,,50,,,,,600,1.91,1168.92,,,,,,,,,,,,
21607,10.0255228v1,10,,2,4,,10/7/2021 14:13,,,,7,,,,,76,2.58,247.68,,,,,,,,,,,,
21608,10.0252071v1,10,,2,3,,10/7/2021 18:15,,,,50,,,,,593,2.16,1321.92,,,,,,,,,,,,
21610,10.0254987v1,10,,2,4,,10/7/2021 14:14,,,,5,,,,,60,2.58,185.76,,,,,,,,,,,,
21612,10.0255384v2,10,,2,4,,10/7/2021 18:07,,,,10,,,,,120,2.58,340.56,,,,,,,,,,,,
21613,10.0255636v1,10,,2,1,,10/7/2021 18:09,,,,5,,,,,60,2.29,164.88,,,,,,,,,,,,
21614,10.0228279v1,10,,2,4,,10/7/2021 14:15,,,,5,,,,,60,2.58,185.76,,,,,,,,,,,,
21614,10.0223047v1,10,,2,4,,10/7/2021 14:15,,,,5,,,,,60,2.58,185.76,,,,,,,,,,,,
21614,10.0221626v5,10,,2,4,,10/7/2021 14:15,,,,5,,,,,60,2.58,185.76,,,,,,,,,,,,
21614,10.0221628v4,10,,2,4,,10/7/2021 14:15,,,,5,,,,,60,2.58,185.76,,,,,,,,,,,,
21614,10.0223046v1,10,,2,4,,10/7/2021 14:15,,,,5,,,,,60,2.58,185.76,,,,,,,,,,,,
21615,10.0255323v1,10,,2,4,,10/8/2021 18:18,,,,10,,,,,120,2.58,340.56,,,,,,,,,,,,
21616,10.0215895v8,10,,2,1,,10/7/2021 22:59,,,,60,,,,,720,1.63,1193.16,,,,,,,,,,,,
21617,10.0215900v10,10,,2,1,,10/8/2021 14:45,,,,60,,,,,720,1.63,1193.16,,,,,,,,,,,,
21618,10.0255367v1,10,,2,4,,10/7/2021 18:08,,,,10,,,,,120,2.58,340.56,,,,,,,,,,,,
21619,10.0255297v2,10,,2,1,,10/7/2021 21:30,,,,5,,,,,60,2.29,164.88,,,,,,,,,,,,
21620,40.0238792v1,40,,18,3,,10/11/2021 15:39,,,,22,,,,,255,2.49,687.24,,,,,,,,,,,,
21621,10.0255630v1,10,,2,4,,10/7/2021 18:10,,,,5,,,,,60,2.58,185.76,,,,,,,,,,,,
21622,40.0253069v1,40,,18,3,,10/7/2021 18:25,,,,5,,,,,60,3.74,269.28,,,,,,,,,,,,
21624,10.0255314v1,10,,2,1,,10/8/2021 14:56,,,,10,,,,,120,1.79,236.28,,,,,,,,,,,,
21625,10.0255558v1,10,,2,4,,10/7/2021 18:08,,,,10,,,,,120,2.58,340.56,,,,,,,,,,,,
21626,10.0257315v1,10,,2,3,,10/7/2021 19:49,,,,100,,,,,1199,1.91,2314.92,,,,,,,,,,,,
21627,10.0231039v1,10,,2,1,,10/7/2021 18:31,,,,13,,,,,150,1.79,300.72,,,,,,,,,,,,
21628,10.0253328v1,10,,2,1,,10/7/2021 18:48,,,,17,,,,,200,1.79,386.64,,,,,,,,,,,,
21629,10.0252495v1,10,,2,4,,10/7/2021 21:16,,,,10,,,,,120,2.58,340.56,,,,,,,,,,,,
21630,10.0250026v5,10,,2,1,,10/7/2021 21:26,,,,10,,,,,120,1.79,236.28,,,,,,,,,,,,
21631,10.0255677v2,10,,2,1,,10/7/2021 21:17,,,,5,,,,,60,2.29,164.88,,,,,,,,,,,,
21631,10.0255677v1,10,,2,1,,10/7/2021 21:17,,,,5,,,,,60,2.29,164.88,,,,,,,,,,,,
21631,10.0255674v2,10,,2,1,,10/7/2021 21:17,,,,5,,,,,60,2.29,164.88,,,,,,,,,,,,
21631,10.0255674v1,10,,2,1,,10/7/2021 21:17,,,,5,,,,,60,2.29,164.88,,,,,,,,,,,,
21632,10.0255645v1,10,,2,3,,10/11/2021 14:45,,,,10,,,,,120,2.58,340.56,,,,,,,,,,,,
21633,10.0251287v1,10,,2,1,,10/11/2021 16:34,,,,13,,,,,150,1.79,300.72,,,,,,,,,,,,
21634,10.0249082v1,10,,2,3,,10/8/2021 14:30,,,,84,,,,,1004,1.91,1948.2,,,,,,,,,,,,
21635,10.0254963v3,10,,2,4,,10/7/2021 21:17,,,,20,,,,,240,2.41,607.32,,,,,,,,,,,,
21636,12.0255597v2,12,,4,3,,10/8/2021 18:23,,,,15,,,,,175,2.16,414.72,,,,,,,,,,,,
21638,10.0255779v2,10,,2,1,,10/11/2021 16:39,,,,5,,,,,60,2.29,164.88,,,,,,,,,,,,
21639,10.0223325v4,10,,2,4,,10/8/2021 18:19,,,,14,,,,,158,2.41,433.8,,,,,,,,,,,,
21640,10.0255097v1,10,,2,3,,10/8/2021 18:22,,,,84,,,,,1000,1.91,1948.2,,,,,,,,,,,,
21641,10.0248432v1,10,,2,3,,10/7/2021 22:36,,,,167,,,,,2000,1.91,3850.56,,,,,,,,,,,,
21642,10.0255555v1,10,,2,4,,10/8/2021 14:54,,,,5,,,,,60,2.58,185.76,,,,,,,,,,,,
21643,10.0252854v1,10,,2,3,,10/8/2021 14:40,,,,21,,,,,245,2.41,636.24,,,,,,,,,,,,
21646,10.0251614v3,10,,2,1,,10/8/2021 22:04,,,,21,,,,,250,1.79,472.56,,,,,,,,,,,,
21647,20.0255941v1,20,,11,3,,10/8/2021 14:35,,,,10,,,,,120,2.99,394.68,,,,,,,,,,,,
21649,10.0225934v5,10,,2,3,,10/8/2021 14:49,,,,42,,,,,500,2.41,1243.56,,,,,,,,,,,,
21650,10.0255311v1,10,,2,4,,10/11/2021 15:27,,,,17,,,,,200,2.41,520.56,,,,,,,,,,,,
21651,44.0251559v2,44,,21,3,,10/11/2021 15:09,,,,107,,,,,1275,1.99,2579.04,,,,,,,,,,,,
21651,44.0251565v2,44,,21,3,,10/11/2021 15:09,,,,107,,,,,1275,1.99,2579.04,,,,,,,,,,,,
21651,44.0251564v2,44,,21,3,,10/11/2021 15:09,,,,107,,,,,1275,1.99,2579.04,,,,,,,,,,,,
21653,10.0232494v1,10,,2,1,,10/13/2021 3:44,,,,84,,,,,1000,1.63,1662.6,,,,,,,,,,,,
21654,10.0355581v1,10,,2,4,,10/8/2021 14:52,,,,5,,,,,60,2.58,185.76,,,,,,,,,,,,
21655,10.0249635v1,10,,2,4,,10/11/2021 14:31,,,,17,,,,,200,2.41,520.56,,,,,,,,,,,,
21656,40.0213316v1,40,,18,1,,10/8/2021 14:56,,,,7,,,,,75,2.29,219.84,,,,,,,,,,,,
21657,10.0255269v1,10,,2,1,,10/25/2021 19:55,,,,8,,,,,85,2.29,247.32,,,,,,,,,,,,
21658,10.0355982v1,10,,2,1,,10/8/2021 18:28,,,,5,,,,,60,2.29,164.88,,,,,,,,,,,,
21659,10.0252009v2,10,,2,1,,10/11/2021 14:52,,,,10,,,,,120,1.79,236.28,,,,,,,,,,,,
21660,10.0251653v7,10,,2,4,,10/12/2021 22:57,,,,13,,,,,150,2.41,404.88,,,,,,,,,,,,
21661,10.0250964v1,10,,2,3,,10/12/2021 16:14,,,,111,,,,,1323,1.91,2567.04,,,,,,,,,,,,
21662,10.0255588v3,10,,2,1,,10/11/2021 14:54,,,,5,,,,,60,2.29,164.88,,,,,,,,,,,,
21663,10.0251737v1,10,,2,4,,10/8/2021 18:27,,,,10,,,,,120,2.58,340.56,,,,,,,,,,,,
21664,40.0252293v1,40,,18,1,,10/12/2021 23:21,,,,21,,,,,252,1.79,472.56,,,,,,,,,,,,
21664,40.0248694v3,40,,18,1,,10/12/2021 23:21,,,,14,,,,,160,1.79,322.2,,,,,,,,,,,,
21665,10.0240849v1,10,,2,3,,10/8/2021 18:24,,,,13,,,,,150,2.41,404.88,,,,,,,,,,,,
21666,10.0255423v2,10,,2,1,,10/20/2021 15:14,,,,17,,,,,200,1.79,386.64,,,,,,,,,,,,
21667,10.0255653v1,10,,2,1,,10/8/2021 18:15,,,,23,,,,,265,1.79,515.52,,,,,,,,,,,,
21668,10.0249502v1,10,,2,1,,10/11/2021 23:25,,,,25,,,,,300,1.79,558.48,,,,,,,,,,,,
21669,10.025713v1,10,,2,3,,10/11/2021 23:22,,,,34,,,,,400,2.41,1012.2,,,,,,,,,,,,
21670,10.0236742v1,10,,2,3,,10/8/2021 23:30,,,,84,,,,,1000,1.91,1948.2,,,,,,,,,,,,
21671,10.0247936v3,10,,2,3,,10/12/2021 23:19,,,,5,,,,,60,3.66,263.52,,,,,,,,,,,,
21672,10.0256119v1,10,,2,3,,10/14/2021 0:22,,,,177,,,,,2121,1.91,4079.76,,,,,,,,,,,,
21673,10.0241064v1,10,,2,3,,10/8/2021 23:20,,,,18,,,,,205,2.41,549.48,,,,,,,,,,,,
21674,10.0256123v1,10,,2,3,,10/11/2021 17:39,,,,5,,,,,60,3.66,263.52,,,,,,,,,,,,
21675,15.0255283v1,15,,7,3,,10/13/2021 18:34,,,,17,,,,,194,3.53,762.48,,,,,,,,,,,,
21676,10.0255888v1,10,,2,3,,10/11/2021 15:34,,,,11,,,,,126,2.58,371.52,,,,,,,,,,,,
21677,10.0251207v4,10,,2,4,,10/11/2021 15:30,,,,17,,,,,200,2.41,520.56,,,,,,,,,,,,
21678,10.0244256v1,10,,2,4,,10/11/2021 15:40,,,,22,,,,,255,2.41,665.16,,,,,,,,,,,,
21679,10.0255242v3,10,,2,3,,10/11/2021 15:35,,,,21,,,,,241,2.41,636.24,,,,,,,,,,,,
21680,15.0247200v3,15,,7,3,,10/12/2021 15:30,,,,34,,,,,401,3.53,1482.6,,,,,,,,,,,,
21681,10.0252477v1,10,,2,4,,10/12/2021 15:56,,,,5,,,,,60,2.58,185.76,,,,,,,,,,,,
21682,10.0216973v8,10,,2,3,,10/11/2021 15:33,,,,25,,,,,300,2.41,751.92,,,,,,,,,,,,
21684,10.0250460v1,10,,2,3,,10/11/2021 15:38,,,,20,,,,,240,2.41,607.32,,,,,,,,,,,,
21686,10.0211758v1,10,,2,1,,10/11/2021 20:22,,,,84,,,,,1000,1.63,1662.6,,,,,,,,,,,,
21687,10.0247888v1,10,,2,1,,10/11/2021 16:37,,,,10,,,,,120,1.79,236.28,,,,,,,,,,,,
21688,10.0255088v2,10,,2,1,,10/11/2021 16:38,,,,5,,,,,60,2.29,164.88,,,,,,,,,,,,
21689,10.0245803v1,10,,2,1,,10/12/2021 16:12,,,,5,,,,,60,2.29,164.88,,,,,,,,,,,,
21690,10.0255374v1,10,,2,4,,10/11/2021 23:20,,,,13,,,,,150,2.41,404.88,,,,,,,,,,,,
21693,10.0256228v1,10,,2,4,,10/11/2021 23:19,,,,12,,,,,135,2.41,375.96,,,,,,,,,,,,
21694,10.0245948v1,10,,2,1,,10/12/2021 3:35,,,,10,,,,,120,1.79,236.28,,,,,,,,,,,,
21695,10.0256273v1,10,,2,4,,10/12/2021 3:36,,,,17,,,,,200,2.41,520.56,,,,,,,,,,,,
21696,10.0346079v1,10,,2,1,,10/12/2021 3:39,,,,10,,,,,120,1.79,236.28,,,,,,,,,,,,
21696,10.0243490v1,10,,2,1,,10/12/2021 3:39,,,,10,,,,,120,1.79,236.28,,,,,,,,,,,,
21697,10.0251926v1,10,,2,1,,10/12/2021 3:40,,,,13,,,,,150,1.79,300.72,,,,,,,,,,,,
21698,10.0253154v2,10,,2,3,,10/19/2021 18:47,,,,17,,,,,200,2.41,520.56,,,,,,,,,,,,
21699,40.0254956v3,40,,18,1,,10/12/2021 3:42,,,,43,,,,,516,1.79,945.12,,,,,,,,,,,,
21699,40.0254956v4,40,,18,1,,10/12/2021 3:42,,,,43,,,,,516,1.79,945.12,,,,,,,,,,,,
21700,10.0255230v2,10,,2,3,,10/12/2021 3:44,,,,25,,,,,300,2.41,751.92,,,,,,,,,,,,
21700,44.0255231v2,44,,21,3,,10/12/2021 3:44,,,,25,,,,,300,2.49,776.88,,,,,,,,,,,,
21701,10.0239778v2,10,,2,4,,10/12/2021 23:00,,,,5,,,,,60,2.58,185.76,,,,,,,,,,,,
21702,10.0252874v1,10,,2,4,,10/12/2021 3:46,,,,5,,,,,60,2.58,185.76,,,,,,,,,,,,
21703,10.0227608v2,10,,2,1,,10/12/2021 3:46,,,,5,,,,,60,2.29,164.88,,,,,,,,,,,,
21704,40.0213316v1,40,,18,1,,10/12/2021 3:47,,,,17,,,,,200,1.79,386.64,,,,,,,,,,,,
21705,10.0249611v4,10,,2,1,,10/13/2021 3:50,,,,30,,,,,360,1.79,665.88,,,,,,,,,,,,
21707,10.0355894v1,10,,2,4,,10/12/2021 23:33,,,,9,,,,,100,2.58,309.6,,,,,,,,,,,,
21707,10.0155893v1,10,,2,4,,10/12/2021 23:33,,,,5,,,,,60,2.58,185.76,,,,,,,,,,,,
21707,10.0255895v1,10,,2,4,,10/12/2021 23:33,,,,5,,,,,60,2.58,185.76,,,,,,,,,,,,
21708,10.0355894v1,10,,2,4,,10/12/2021 23:24,,,,5,,,,,60,2.58,185.76,,,,,,,,,,,,
21709,10.0255055v1,10,,2,1,,10/11/2021 23:21,,,,42,,,,,500,1.79,923.64,,,,,,,,,,,,
21710,10.0218490v1,10,,2,4,,10/12/2021 16:13,,,,10,,,,,120,2.58,340.56,,,,,,,,,,,,
21711,10.0256246v1,10,,2,4,,10/20/2021 14:51,,,,5,,,,,60,2.58,185.76,,,,,,,,,,,,
21712,10.0214275v1,10,,2,3,,10/13/2021 0:03,,,,10,,,,,120,2.58,340.56,,,,,,,,,,,,
21713,10.0246168v1,10,,2,4,,10/12/2021 23:34,,,,17,,,,,200,2.41,520.56,,,,,,,,,,,,
21714,10.0255295v1,10,,2,3,,10/13/2021 3:44,,,,10,,,,,120,2.58,340.56,,,,,,,,,,,,
21715,10.0256527v1,10,,2,1,,10/12/2021 22:59,,,,5,,,,,60,2.29,164.88,,,,,,,,,,,,
21716,10.0253238v1,10,,2,4,,10/12/2021 23:23,,,,9,,,,,100,2.58,309.6,,,,,,,,,,,,
21717,10.0256490v1,10,,2,4,,10/12/2021 23:57,,,,5,,,,,54,2.58,185.76,,,,,,,,,,,,
21717,10.0256489v1,10,,2,4,,10/12/2021 23:57,,,,5,,,,,54,2.58,185.76,,,,,,,,,,,,
21719,10.0253174v3,10,,2,1,,10/13/2021 3:53,,,,203,,,,,2435,1.5,3672,,,,,,,,,,,,
21720,10.0221917v1,10,,2,1,,10/12/2021 23:34,,,,5,,,,,60,2.29,164.88,,,,,,,,,,,,
21721,10.0256717v1,10,,2,3,,10/12/2021 23:35,,,,116,,,,,1385,1.91,2681.64,,,,,,,,,,,,
21722,10.0256449v1,10,,2,1,,10/12/2021 23:37,,,,38,,,,,450,1.79,837.72,,,,,,,,,,,,
21723,10.0256737v2,10,,2,4,,10/14/2021 0:24,,,,25,,,,,300,2.41,751.92,,,,,,,,,,,,
21724,40.0255186v3,40,,18,1,,10/12/2021 23:36,,,,10,,,,,120,1.79,236.28,,,,,,,,,,,,
21725,10.0227531v1,10,,2,4,,10/12/2021 23:38,,,,13,,,,,150,2.41,404.88,,,,,,,,,,,,
21726,10.0246123v1,10,,2,3,,10/13/2021 19:42,,,,13,,,,,150,2.41,404.88,,,,,,,,,,,,
21727,10.0245036v1,10,,2,4,,10/12/2021 23:40,,,,11,,,,,130,2.58,371.52,,,,,,,,,,,,
21728,40.0256754v2,40,,18,3,,10/14/2021 16:49,,,,25,,,,,300,2.49,776.88,,,,,,,,,,,,
21729,10.0227916v2,10,,2,4,,10/13/2021 3:43,,,,21,,,,,250,2.41,636.24,,,,,,,,,,,,
21729,10.0227916v1,10,,2,4,,10/13/2021 3:43,,,,21,,,,,250,2.41,636.24,,,,,,,,,,,,
21730,10.0234959v1,10,,2,4,,10/15/2021 20:18,,,,13,,,,,150,2.41,404.88,,,,,,,,,,,,
21731,10.0156735v1,10,,2,3,,10/12/2021 23:57,,,,10,,,,,120,2.58,340.56,,,,,,,,,,,,
21731,10.0356734v1,10,,2,3,,10/12/2021 23:57,,,,10,,,,,120,2.58,340.56,,,,,,,,,,,,
21733,10.0251631v1,10,,2,4,,10/12/2021 23:58,,,,9,,,,,100,2.58,309.6,,,,,,,,,,,,
21734,10.0248222v2,10,,2,4,,10/13/2021 3:48,,,,8,,,,,88,2.58,278.64,,,,,,,,,,,,
21735,40.0243438v1,40,,18,1,,10/12/2021 23:59,,,,5,,,,,60,2.29,164.88,,,,,,,,,,,,
21736,40.0252198v1,40,,18,1,,11/5/2021 14:17,,,,34,,,,,400,1.79,751.8,,,,,,,,,,,,
21736,40.0252198v4,40,,18,1,,11/5/2021 14:17,,,,63,,,,,750,1.63,1251.84,,,,,,,,,,,,
21736,40.0355462v1,40,,18,1,,11/5/2021 14:17,,,,63,,,,,750,1.63,1251.84,,,,,,,,,,,,
21736,40.0355462v2,40,,18,1,,11/5/2021 14:17,,,,63,,,,,750,1.63,1251.84,,,,,,,,,,,,
21736,40.0355462v3,40,,18,1,,11/5/2021 14:17,,,,30,,,,,350,1.79,665.88,,,,,,,,,,,,
21736,40.0252198v2,40,,18,1,,11/5/2021 14:17,,,,63,,,,,750,1.63,1251.84,,,,,,,,,,,,
21737,10.0256255v2,10,,2,4,,10/13/2021 0:01,,,,10,,,,,120,2.58,340.56,,,,,,,,,,,,
21738,10.0255121v1,10,,2,3,,10/13/2021 0:02,,,,13,,,,,150,2.41,404.88,,,,,,,,,,,,
21739,10.0241294v5,10,,2,2,,11/2/2021 0:05,,,,417,,,,,5000,1.22,6119.52,,,,,,,,,,,,
21739,10.0241161v5,10,,2,2,,11/2/2021 0:05,,,,417,,,,,5000,1.22,6119.52,,,,,,,,,,,,
21739,10.0241161v6,10,,2,2,,11/2/2021 0:05,,,,417,,,,,5000,1.22,6119.52,,,,,,,,,,,,
21739,10.0241154v5,10,,2,2,,11/2/2021 0:05,,,,417,,,,,5000,1.22,6119.52,,,,,,,,,,,,
21739,10.0241154v4,10,,2,2,,11/2/2021 0:05,,,,417,,,,,5000,1.22,6119.52,,,,,,,,,,,,
21739,10.0241264v3,10,,2,2,,11/2/2021 0:05,,,,417,,,,,5000,1.22,6119.52,,,,,,,,,,,,
21739,10.0241264v4,10,,2,2,,11/2/2021 0:05,,,,417,,,,,5000,1.22,6119.52,,,,,,,,,,,,
21739,10.0241294v4,10,,2,2,,11/2/2021 0:05,,,,417,,,,,5000,1.22,6119.52,,,,,,,,,,,,
21740,10.0224557v2,10,,2,1,,10/13/2021 19:34,,,,42,,,,,500,1.79,923.64,,,,,,,,,,,,
21741,18.0255389v3,18,,10,1,,10/13/2021 0:03,,,,10,,,,,120,2.23,294.36,,,,,,,,,,,,
21741,18.0255389v4,18,,10,1,,10/13/2021 0:03,,,,10,,,,,120,2.23,294.36,,,,,,,,,,,,
21742,18.0222733v5,18,,10,4,,10/13/2021 3:46,,,,5,,,,,60,2.75,198,,,,,,,,,,,,
21743,44.0256833v1,44,,21,1,,10/14/2021 0:25,,,,13,,,,,155,1.79,300.72,,,,,,,,,,,,
21745,10.0255666v5,10,,2,3,,10/15/2021 20:50,,,,67,,,,,800,1.91,1558.56,,,,,,,,,,,,
21746,10.0253348v1,10,,2,3,,10/13/2021 3:47,,,,10,,,,,120,2.58,340.56,,,,,,,,,,,,
21747,10.0255916v5,10,,2,4,,10/15/2021 16:30,,,,5,,,,,60,2.58,185.76,,,,,,,,,,,,
21747,40.0255918v2,40,,18,4,,10/15/2021 16:30,,,,5,,,,,60,2.75,198,,,,,,,,,,,,
21748,10.0256773v1,10,,2,4,,10/13/2021 3:48,,,,5,,,,,60,2.58,185.76,,,,,,,,,,,,
21749,10.0256299v1,10,,2,3,,10/13/2021 3:51,,,,21,,,,,250,2.41,636.24,,,,,,,,,,,,
21750,10.0250847v1,10,,2,1,,10/14/2021 0:23,,,,20,,,,,240,1.79,451.08,,,,,,,,,,,,
21751,920232657v3,920,500,26,5,44523,10/26/2021 1:53,Distributor,existingbusiness,5990897280,42,1.04,90,626.64,610,,,,,,,,,,,,,,,
21752,10.0256873v1,10,,2,1,,10/13/2021 18:36,,,,5,,,,,60,2.29,164.88,,,,,,,,,,,,
21753,40.0213316v1,40,,18,1,,10/13/2021 19:22,,,,11,,,,,130,1.79,257.76,,,,,,,,,,,,
21754,10.0251376v1,10,,2,1,,10/13/2021 19:36,,,,17,,,,,200,1.79,386.64,,,,,,,,,,,,
21755,10.0247072v1,10,,2,4,,10/13/2021 19:38,,,,26,,,,,305,2.41,780.84,,,,,,,,,,,,
21756,10.0256290v1,10,,2,3,,10/13/2021 19:40,,,,75,,,,,890,1.91,1741.92,,,,,,,,,,,,
21757,10.0248686v4,10,,2,4,,10/13/2021 19:41,,,,6,,,,,65,2.58,216.72,,,,,,,,,,,,
21758,10.0256302v2,10,,2,4,,10/13/2021 19:43,,,,5,,,,,60,2.58,185.76,,,,,,,,,,,,
21759,12.0253333v1,12,,4,1,,10/14/2021 16:46,,,,5,,,,,60,1.96,141.12,,,,,,,,,,,,
21759,10.0255128v2,10,,2,1,,10/14/2021 16:46,,,,5,,,,,60,2.29,164.88,,,,,,,,,,,,
21760,10.0250792v4,10,,2,3,,10/13/2021 19:44,,,,42,,,,,500,2.41,1243.56,,,,,,,,,,,,
21761,10.0248113v8,10,,2,3,,10/13/2021 19:46,,,,42,,,,,500,2.41,1243.56,,,,,,,,,,,,
21762,10.0252917v1,10,,2,4,,10/13/2021 19:50,,,,10,,,,,120,2.58,340.56,,,,,,,,,,,,
21763,44.0256978v1,44,,21,1,,10/14/2021 16:39,,,,5,,,,,60,2.29,164.88,,,,,,,,,,,,
21765,10.0256798v1,10,,2,4,,10/14/2021 0:20,,,,10,,,,,120,2.58,340.56,,,,,,,,,,,,
21766,40.0257135v1,40,,18,1,,10/14/2021 0:23,,,,23,,,,,275,1.79,515.52,,,,,,,,,,,,
21766,10.0257138v1,10,,2,1,,10/14/2021 0:23,,,,23,,,,,275,1.79,515.52,,,,,,,,,,,,
21767,10.0255652v2,10,,2,3,,10/14/2021 23:24,,,,209,,,,,2500,1.62,4082.4,,,,,,,,,,,,
21770,10.0257178v1,10,,2,4,,10/14/2021 23:18,,,,17,,,,,196,2.41,520.56,,,,,,,,,,,,
21771,17.0256010v4,17,,9,1,,10/18/2021 23:20,,,,18,,,,,208,1.79,408.12,,,,,,,,,,,,
21771,17.0252537v5,17,,9,1,,10/18/2021 23:20,,,,18,,,,,208,1.79,408.12,,,,,,,,,,,,
21772,40.0251932v1,40,,18,1,,10/14/2021 16:48,,,,7,,,,,75,2.29,219.84,,,,,,,,,,,,
21773,10.0256194v3,10,,2,1,,10/14/2021 16:41,,,,67,,,,,800,1.63,1330.08,,,,,,,,,,,,
21774,10.0246151v3,10,,2,4,,10/15/2021 2:59,,,,10,,,,,120,2.58,340.56,,,,,,,,,,,,
21775,10.0255673v1,10,,2,1,,10/16/2021 1:18,,,,109,,,,,1300,1.54,2032.8,,,,,,,,,,,,
21776,44.0238188v5,44,,21,4,,10/14/2021 0:26,,,,5,,,,,60,2.75,198,,,,,,,,,,,,
21777,10.0229564v1,10,,2,3,,10/14/2021 22:59,,,,38,,,,,450,2.41,1127.88,,,,,,,,,,,,
21778,10.0247862v1,10,,2,1,,10/14/2021 16:37,,,,9,,,,,100,2.29,274.8,,,,,,,,,,,,
21779,10.0257161v1,10,,2,4,,10/14/2021 16:46,,,,43,,,,,505,2.41,1272.48,,,,,,,,,,,,
21780,10.0256127v2,10,,2,3,,10/14/2021 16:47,,,,10,,,,,120,2.58,340.56,,,,,,,,,,,,
21781,10.0257187v2,10,,2,1,,10/15/2021 3:00,,,,25,,,,,300,1.79,558.48,,,,,,,,,,,,
21782,10.0243872v4,10,,2,4,,10/15/2021 3:00,,,,32,,,,,380,2.41,954.36,,,,,,,,,,,,
21783,10.0257235v1,10,,2,1,,10/15/2021 2:58,,,,44,,,,,525,1.79,966.6,,,,,,,,,,,,
21784,10.0225933v5,10,,2,4,,10/14/2021 23:09,,,,42,,,,,500,2.41,1243.56,,,,,,,,,,,,
21786,10.0255490v1,10,,2,4,,10/14/2021 23:30,,,,42,,,,,500,2.41,1243.56,,,,,,,,,,,,
21787,10.0218701v4,10,,2,3,,10/14/2021 23:21,,,,30,,,,,360,2.41,896.52,,,,,,,,,,,,
21787,10.0251983v3,10,,2,3,,10/14/2021 23:21,,,,30,,,,,360,2.41,896.52,,,,,,,,,,,,
21788,10.0233854v2,10,,2,1,,10/14/2021 23:22,,,,25,,,,,300,1.79,558.48,,,,,,,,,,,,
21789,10.0225605v1,10,,2,1,,10/14/2021 23:01,,,,20,,,,,240,1.79,451.08,,,,,,,,,,,,
21790,10.0230045v4,10,,2,1,,10/14/2021 23:05,,,,5,,,,,60,2.29,164.88,,,,,,,,,,,,
21791,10.0256082v1,10,,2,4,,10/15/2021 3:01,,,,17,,,,,200,2.41,520.56,,,,,,,,,,,,
21792,40.0256912v1,40,,18,1,,10/15/2021 3:02,,,,10,,,,,120,1.79,236.28,,,,,,,,,,,,
21793,10.0256023v2,10,,2,4,,10/14/2021 23:27,,,,12,,,,,140,2.41,375.96,,,,,,,,,,,,
21793,10.0256022v2,10,,2,4,,10/14/2021 23:27,,,,12,,,,,140,2.41,375.96,,,,,,,,,,,,
21794,10.0257227v1,10,,2,4,,10/15/2021 3:04,,,,10,,,,,120,2.58,340.56,,,,,,,,,,,,
21795,10.0256329v3,10,,2,1,,10/16/2021 1:15,,,,5,,,,,60,2.29,164.88,,,,,,,,,,,,
21797,10.0257194v1,10,,2,4,,10/15/2021 3:05,,,,6,,,,,70,2.58,216.72,,,,,,,,,,,,
21798,10.0255888v2,10,,2,3,,10/15/2021 3:06,,,,17,,,,,200,2.41,520.56,,,,,,,,,,,,
21799,10.0257173v2,10,,2,1,,10/20/2021 20:58,,,,10,,,,,120,1.79,236.28,,,,,,,,,,,,
21799,10.0251668v2,10,,2,1,,10/20/2021 20:58,,,,10,,,,,120,1.79,236.28,,,,,,,,,,,,
21800,10.0222107v7,10,,2,1,,10/15/2021 3:06,,,,20,,,,,240,1.79,451.08,,,,,,,,,,,,
21801,10.0233874v2,10,,2,1,,10/14/2021 22:54,,,,7,,,,,75,2.29,219.84,,,,,,,,,,,,
21802,10.0255790v1,10,,2,1,,10/15/2021 3:07,,,,9,,,,,100,2.29,274.8,,,,,,,,,,,,
21803,10.0253350v2,10,,2,4,,10/15/2021 16:22,,,,12,,,,,135,2.41,375.96,,,,,,,,,,,,
21804,10.0256955v2,10,,2,1,,10/15/2021 16:25,,,,5,,,,,60,2.29,164.88,,,,,,,,,,,,
21805,10.0256099v2,10,,2,4,,10/15/2021 20:48,,,,10,,,,,120,2.58,340.56,,,,,,,,,,,,
21805,10.0456631v2,10,,2,4,,10/15/2021 20:48,,,,5,,,,,60,2.58,185.76,,,,,,,,,,,,
21807,40.0255826v1,40,,18,4,,10/16/2021 1:04,,,,5,,,,,60,2.75,198,,,,,,,,,,,,
21808,10.0257380v2,10,,2,4,,10/15/2021 16:21,,,,5,,,,,60,2.58,185.76,,,,,,,,,,,,
21810,10.0251358v1,10,,2,4,,10/15/2021 16:20,,,,6,,,,,72,2.58,216.72,,,,,,,,,,,,
21811,10.0250679v2,10,,2,4,,10/15/2021 20:45,,,,5,,,,,60,2.58,185.76,,,,,,,,,,,,
21812,10.0249850v1,10,,2,1,,10/15/2021 20:08,,,,100,,,,,1200,1.54,1866.48,,,,,,,,,,,,
21813,10.0216155v3,10,,2,4,,10/15/2021 20:19,,,,17,,,,,200,2.41,520.56,,,,,,,,,,,,
21814,10.0257403v1,10,,2,3,,10/16/2021 1:03,,,,10,,,,,120,2.58,340.56,,,,,,,,,,,,
21815,10.0244303v3,10,,2,1,,10/15/2021 21:02,,,,42,,,,,500,1.79,923.64,,,,,,,,,,,,
21816,10.0245686v1,10,,2,1,,10/16/2021 1:04,,,,5,,,,,60,2.29,164.88,,,,,,,,,,,,
21817,40.0257422v2,40,,18,1,,10/15/2021 20:59,,,,42,,,,,500,1.79,923.64,,,,,,,,,,,,
21818,10.0240940v4,10,,2,1,,10/15/2021 20:35,,,,5,,,,,60,2.29,164.88,,,,,,,,,,,,
21819,10.0257537v1,10,,2,1,,10/15/2021 21:10,,,,42,,,,,500,1.79,923.64,,,,,,,,,,,,
21820,10.0257277v1,10,,2,1,,10/15/2021 21:15,,,,10,,,,,120,1.79,236.28,,,,,,,,,,,,
21820,10.0257278v2,10,,2,1,,10/15/2021 21:15,,,,10,,,,,120,1.79,236.28,,,,,,,,,,,,
21821,10.0244906v1,10,,2,1,,10/16/2021 1:14,,,,16,,,,,190,1.79,365.16,,,,,,,,,,,,
21822,10.0216674v1,10,,2,1,,10/15/2021 20:09,,,,100,,,,,1200,1.54,1866.48,,,,,,,,,,,,
21822,10.0216675v1,10,,2,1,,10/15/2021 20:09,,,,100,,,,,1200,1.54,1866.48,,,,,,,,,,,,
21823,10.0249298v2,10,,2,3,,10/18/2021 23:11,,,,8,,,,,85,3.58,386.64,,,,,,,,,,,,
21823,10.0457500v2,10,,2,3,,10/18/2021 23:11,,,,39,,,,,465,2.41,1156.8,,,,,,,,,,,,
21824,40.0257474v1,40,,18,1,,10/16/2021 1:06,,,,250,,,,,3000,1.5,4518,,,,,,,,,,,,
21825,10.0244089v1,10,,2,1,,10/18/2021 23:24,,,,11,,,,,125,1.79,257.76,,,,,,,,,,,,
21825,12.0344082v1,12,,4,1,,10/18/2021 23:24,,,,11,,,,,125,1.63,234.72,,,,,,,,,,,,
21825,10.0244085v1,10,,2,1,,10/18/2021 23:24,,,,11,,,,,125,1.79,257.76,,,,,,,,,,,,
21825,10.0244087v3,10,,2,1,,10/18/2021 23:24,,,,11,,,,,125,1.79,257.76,,,,,,,,,,,,
21826,10.0245939v2,10,,2,4,,10/16/2021 1:14,,,,10,,,,,120,2.58,340.56,,,,,,,,,,,,
21827,10.0247123v1,10,,2,3,,10/16/2021 1:12,,,,60,,,,,720,1.91,1398.12,,,,,,,,,,,,
21828,10.0255532v2,10,,2,1,,10/16/2021 1:11,,,,6,,,,,70,2.29,192.36,,,,,,,,,,,,
21829,10.0251871v1,10,,2,3,,11/24/2021 15:35,,,,10,,,,,120,2.58,340.56,,,,,,,,,,,,
21830,10.0243080v2,10,,2,1,,10/18/2021 19:57,,,,30,,,,,360,1.79,665.88,,,,,,,,,,,,
21831,10.0257181v2,10,,2,1,,10/18/2021 15:17,,,,7,,,,,75,2.29,219.84,,,,,,,,,,,,
21832,10.0257547v1,10,,2,4,,10/18/2021 15:20,,,,13,,,,,155,2.41,404.88,,,,,,,,,,,,
21833,10.0257172v1,10,,2,4,,10/18/2021 15:16,,,,20,,,,,240,2.41,607.32,,,,,,,,,,,,
21834,10.0257583v1,10,,2,4,,10/18/2021 15:38,,,,21,,,,,250,2.41,636.24,,,,,,,,,,,,
21834,10.0257584v1,10,,2,4,,10/18/2021 15:38,,,,21,,,,,250,2.41,636.24,,,,,,,,,,,,
21835,15.0250089v1,15,,7,3,,10/18/2021 19:52,,,,24,,,,,288,3.53,1059,,,,,,,,,,,,
21837,10.0257374v1,10,,2,3,,10/18/2021 19:54,,,,13,,,,,150,2.41,404.88,,,,,,,,,,,,
21838,10.0256942v2,10,,2,3,,10/18/2021 22:59,,,,84,,,,,1000,1.91,1948.2,,,,,,,,,,,,
21839,10.0257475v1,10,,2,4,,10/18/2021 21:25,,,,10,,,,,120,2.58,340.56,,,,,,,,,,,,
21841,18.0257641v3,18,,10,3,,10/18/2021 20:00,,,,7,,,,,75,2.93,281.28,,,,,,,,,,,,
21842,10.0253930v1,10,,2,3,,11/22/2021 19:07,,,,42,,,,,500,2.41,1243.56,,,,,,,,,,,,
21843,10.0246975v2,10,,2,1,,10/18/2021 23:22,,,,10,,,,,120,1.79,236.28,,,,,,,,,,,,
21844,10.0256358v1,10,,2,4,,10/18/2021 23:21,,,,7,,,,,75,2.58,247.68,,,,,,,,,,,,
21845,10.0257148v4,10,,2,4,,10/18/2021 19:55,,,,31,,,,,361,2.41,925.44,,,,,,,,,,,,
21846,40.0357591v3,40,,18,1,,10/18/2021 23:17,,,,7,,,,,80,2.29,219.84,,,,,,,,,,,,
21846,40.0357591v2,40,,18,1,,10/18/2021 23:17,,,,7,,,,,80,2.29,219.84,,,,,,,,,,,,
21846,40.0256871v2,40,,18,1,,10/18/2021 23:17,,,,35,,,,,420,1.79,773.28,,,,,,,,,,,,
21846,40.0256871v3,40,,18,1,,10/18/2021 23:17,,,,35,,,,,420,1.79,773.28,,,,,,,,,,,,
21847,10.0253465v2,10,,2,3,,10/18/2021 19:59,,,,5,,,,,60,3.66,263.52,,,,,,,,,,,,
21849,10.0257598v1,10,,2,3,,10/18/2021 23:18,,,,50,,,,,600,2.16,1321.92,,,,,,,,,,,,
21850,10.0225572v1,10,,2,3,,10/18/2021 23:22,,,,50,,,,,600,2.16,1321.92,,,,,,,,,,,,
21851,10.0251614v3,10,,2,1,,10/18/2021 23:12,,,,10,,,,,120,1.79,236.28,,,,,,,,,,,,
21852,10.0226580v1,10,,2,3,,10/18/2021 23:08,,,,100,,,,,1200,1.91,2314.92,,,,,,,,,,,,
21852,10.0227575v1,10,,2,3,,10/18/2021 23:08,,,,100,,,,,1200,1.91,2314.92,,,,,,,,,,,,
21852,10.0215456v3,10,,2,3,,10/18/2021 23:08,,,,100,,,,,1200,1.91,2314.92,,,,,,,,,,,,
21853,10.0223775v1,10,,2,4,,10/18/2021 23:10,,,,10,,,,,120,2.58,340.56,,,,,,,,,,,,
21854,10.0257727v1,10,,2,1,,10/19/2021 14:34,,,,17,,,,,200,1.79,386.64,,,,,,,,,,,,
21855,44.0257604v4,44,,21,3,,10/19/2021 18:46,,,,5,,,,,59,3.74,269.28,,,,,,,,,,,,
21855,44.0257605v4,44,,21,3,,10/19/2021 18:46,,,,5,,,,,59,3.74,269.28,,,,,,,,,,,,
21856,40.0257335v1,40,,18,3,,10/18/2021 22:57,,,,10,,,,,120,2.66,351.12,,,,,,,,,,,,
21857,10.0257490v1,10,,2,4,,10/18/2021 22:56,,,,5,,,,,60,2.58,185.76,,,,,,,,,,,,
21858,10.0257497v1,10,,2,4,,10/19/2021 14:35,,,,5,,,,,60,2.58,185.76,,,,,,,,,,,,
21859,10.0255006v1,10,,2,1,,10/20/2021 23:54,,,,9,,,,,100,2.29,274.8,,,,,,,,,,,,
21860,10.0247842v1,10,,2,4,,10/19/2021 14:09,,,,17,,,,,200,2.41,520.56,,,,,,,,,,,,
21861,10.0251706v1,10,,2,3,,10/19/2021 14:38,,,,71,,,,,850,1.91,1650.24,,,,,,,,,,,,
21862,10.0235559v4,10,,2,1,,10/19/2021 14:37,,,,5,,,,,60,2.29,164.88,,,,,,,,,,,,
21863,10.0257784v1,10,,2,1,,10/19/2021 14:37,,,,36,,,,,425,1.79,794.76,,,,,,,,,,,,
21864,40.0256191v1,40,,18,3,,10/19/2021 14:35,,,,6,,,,,61,3.74,314.16,,,,,,,,,,,,
21865,10.0243490v1,10,,2,3,,10/19/2021 18:41,,,,5,,,,,60,3.66,263.52,,,,,,,,,,,,
21866,10.0244900v1,10,,2,3,,10/19/2021 18:41,,,,5,,,,,60,3.66,263.52,,,,,,,,,,,,
21867,10.0257420v1,10,,2,1,,10/19/2021 18:39,,,,20,,,,,240,1.79,451.08,,,,,,,,,,,,
21868,12.0256933v2,12,,4,4,,10/28/2021 20:23,,,,57,,,,,674,2.28,1586.88,,,,,,,,,,,,
21869,10.0257613v1,10,,2,4,,10/19/2021 18:42,,,,5,,,,,60,2.58,185.76,,,,,,,,,,,,
21870,10.0233994v1,10,,2,4,,10/19/2021 18:43,,,,6,,,,,65,2.58,216.72,,,,,,,,,,,,
21871,18.0256810v1,18,,10,3,,10/19/2021 18:43,,,,10,,,,,120,2.66,351.12,,,,,,,,,,,,
21872,10.0257553v2,10,,2,4,,10/19/2021 18:39,,,,5,,,,,60,2.58,185.76,,,,,,,,,,,,
21874,10.0256225v2,10,,2,3,,10/19/2021 18:45,,,,5,,,,,60,3.66,263.52,,,,,,,,,,,,
21874,10.0256226v2,10,,2,3,,10/19/2021 18:45,,,,5,,,,,60,3.66,263.52,,,,,,,,,,,,
21875,10.0242239v1,10,,2,4,,10/19/2021 22:35,,,,84,,,,,1000,1.91,1948.2,,,,,,,,,,,,
21876,10.0257637v2,10,,2,3,,10/19/2021 18:44,,,,24,,,,,285,2.41,723,,,,,,,,,,,,
21877,10.0219991v2,10,,2,3,,10/19/2021 18:47,,,,10,,,,,120,2.58,340.56,,,,,,,,,,,,
21878,10.0257829v1,10,,2,4,,10/21/2021 16:12,,,,21,,,,,250,2.41,636.24,,,,,,,,,,,,
21879,10.0233648v2,10,,2,1,,10/19/2021 18:46,,,,10,,,,,120,1.79,236.28,,,,,,,,,,,,
21881,10.0257206v1,10,,2,1,,10/21/2021 2:02,,,,10,,,,,120,1.79,236.28,,,,,,,,,,,,
21882,17.0257730v1,17,,9,3,,10/20/2021 14:50,,,,10,,,,,120,2.58,340.56,,,,,,,,,,,,
21883,10.0228983v2,10,,2,1,,10/19/2021 22:37,,,,5,,,,,60,2.29,164.88,,,,,,,,,,,,
21884,10.0257894v1,10,,2,4,,10/29/2021 20:29,,,,5,,,,,60,2.58,185.76,,,,,,,,,,,,
21885,10.0257849v3,10,,2,1,,10/19/2021 22:29,,,,5,,,,,60,2.29,164.88,,,,,,,,,,,,
21886,10.0241228v1,10,,2,1,,10/19/2021 22:30,,,,5,,,,,60,2.29,164.88,,,,,,,,,,,,
21887,10.0257373v1,10,,2,1,,10/19/2021 22:31,,,,5,,,,,60,2.29,164.88,,,,,,,,,,,,
21888,10.0257386v1,10,,2,1,,10/19/2021 22:30,,,,5,,,,,60,2.29,164.88,,,,,,,,,,,,
21889,10.0256834v1,10,,2,3,,10/19/2021 22:33,,,,5,,,,,60,3.66,263.52,,,,,,,,,,,,
21889,40.0257648v1,40,,18,3,,10/19/2021 22:33,,,,5,,,,,60,3.74,269.28,,,,,,,,,,,,
21892,10.0257796v5,10,,2,1,,10/19/2021 22:39,,,,30,,,,,360,1.79,665.88,,,,,,,,,,,,
21893,17.0257146v2,17,,9,1,,10/19/2021 22:32,,,,10,,,,,120,1.79,236.28,,,,,,,,,,,,
21894,40.0256723v1,40,,18,3,,10/20/2021 19:37,,,,5,,,,,60,3.74,269.28,,,,,,,,,,,,
21895,10.0248549v1,10,,2,3,,10/19/2021 22:42,,,,5,,,,,60,3.66,263.52,,,,,,,,,,,,
21896,10.0258009v1,10,,2,3,,10/20/2021 15:29,,,,7,,,,,80,3.66,351.36,,,,,,,,,,,,
21897,10.0258181v1,10,,2,3,,10/20/2021 16:06,,,,5,,,,,60,3.66,263.52,,,,,,,,,,,,
21897,10.0257401v2,10,,2,3,,10/20/2021 16:06,,,,5,,,,,60,3.66,263.52,,,,,,,,,,,,
21898,40.0258193v1,40,,18,3,,10/19/2021 22:59,,,,5,,,,,60,3.74,269.28,,,,,,,,,,,,
21899,40.0257606v2,40,,18,3,,10/19/2021 23:09,,,,114,,,,,1361,3.9,5382,,,,,,,,,,,,
21900,10.0257673v1,10,,2,4,,10/21/2021 22:00,,,,15,,,,,177,2.41,462.72,,,,,,,,,,,,
21901,10.0352890v1,10,,2,1,,10/20/2021 15:16,,,,10,,,,,120,1.79,236.28,,,,,,,,,,,,
21902,10.0224791v1,10,,2,1,,10/20/2021 16:01,,,,16,,,,,191,1.79,365.16,,,,,,,,,,,,
21903,10.0257737v2,10,,2,4,,10/20/2021 15:55,,,,43,,,,,506,2.41,1272.48,,,,,,,,,,,,
21904,10.0257907v1,10,,2,4,,10/20/2021 14:53,,,,10,,,,,120,2.58,340.56,,,,,,,,,,,,
21905,10.0257736v1,10,,2,4,,10/20/2021 15:15,,,,9,,,,,105,2.58,309.6,,,,,,,,,,,,
21906,10.0257748v1,10,,2,1,,10/20/2021 16:02,,,,13,,,,,152,1.79,300.72,,,,,,,,,,,,
21907,10.0257602v3,10,,2,4,,10/20/2021 15:49,,,,30,,,,,360,2.41,896.52,,,,,,,,,,,,
21908,10.0258116v1,10,,2,1,,10/20/2021 16:05,,,,7,,,,,80,2.29,219.84,,,,,,,,,,,,
21909,40.0258167v1,40,,18,3,,10/20/2021 20:58,,,,20,,,,,240,2.49,627.48,,,,,,,,,,,,
21910,10.0257189v5,10,,2,4,,10/20/2021 19:38,,,,42,,,,,500,2.41,1243.56,,,,,,,,,,,,
21910,10.0257190v2,10,,2,4,,10/20/2021 19:38,,,,42,,,,,500,2.41,1243.56,,,,,,,,,,,,
21910,10.0257191v4,10,,2,4,,10/20/2021 19:38,,,,42,,,,,500,2.41,1243.56,,,,,,,,,,,,
21911,10.0223778v2,10,,2,1,,10/20/2021 16:03,,,,10,,,,,120,1.79,236.28,,,,,,,,,,,,
21911,10.0223778v2,10,,2,4,,10/20/2021 16:03,,,,8,,,,,90,2.58,278.64,,,,,,,,,,,,
21912,10.0258148v1,10,,2,1,,10/20/2021 19:31,,,,13,,,,,150,1.79,300.72,,,,,,,,,,,,
21913,12.0257399v1,12,,4,3,,10/20/2021 19:35,,,,11,,,,,125,2.33,335.52,,,,,,,,,,,,
21914,10.0257398v1,10,,2,3,,10/20/2021 19:34,,,,11,,,,,125,2.58,371.52,,,,,,,,,,,,
21915,10.0248411v3,10,,2,1,,10/20/2021 23:53,,,,5,,,,,60,2.29,164.88,,,,,,,,,,,,
21916,17.0257717v2,17,,9,1,,10/20/2021 23:51,,,,5,,,,,60,2.29,164.88,,,,,,,,,,,,
21919,10.0256749v1,10,,2,1,,10/20/2021 20:59,,,,10,,,,,120,1.79,236.28,,,,,,,,,,,,
21920,10.0256275v4,10,,2,1,,10/20/2021 21:00,,,,5,,,,,60,2.29,164.88,,,,,,,,,,,,
21921,10.0257563v4,10,,2,1,,10/20/2021 23:56,,,,8,,,,,96,2.29,247.32,,,,,,,,,,,,
21921,10.0257563v5,10,,2,1,,10/20/2021 23:56,,,,6,,,,,70,2.29,192.36,,,,,,,,,,,,
21921,10.0257563v7,10,,2,1,,10/20/2021 23:56,,,,6,,,,,71,2.29,192.36,,,,,,,,,,,,
21921,10.0257563v3,10,,2,1,,10/20/2021 23:56,,,,6,,,,,70,2.29,192.36,,,,,,,,,,,,
21921,10.0257563v6,10,,2,1,,10/20/2021 23:56,,,,6,,,,,70,2.29,192.36,,,,,,,,,,,,
21923,10.0253413v1,10,,2,1,,10/20/2021 23:48,,,,5,,,,,60,2.29,164.88,,,,,,,,,,,,
21924,10.0256291v1,10,,2,1,,10/20/2021 23:49,,,,18,,,,,210,1.79,408.12,,,,,,,,,,,,
21925,40.0242403v1,40,,18,1,,10/20/2021 23:57,,,,13,,,,,150,1.79,300.72,,,,,,,,,,,,
21925,10.0243578v1,10,,2,1,,10/20/2021 23:57,,,,13,,,,,150,1.79,300.72,,,,,,,,,,,,
21925,10.0243612v1,10,,2,1,,10/20/2021 23:57,,,,13,,,,,150,1.79,300.72,,,,,,,,,,,,
21926,10.0257951v1,10,,2,1,,10/20/2021 23:49,,,,22,,,,,260,1.79,494.04,,,,,,,,,,,,
21927,10.0256278v2,10,,2,1,,10/20/2021 23:52,,,,17,,,,,200,1.79,386.64,,,,,,,,,,,,
21928,10.0258114v2,10,,2,1,,10/20/2021 23:58,,,,17,,,,,200,1.79,386.64,,,,,,,,,,,,
21929,10.0255600v1,10,,2,1,,10/20/2021 23:55,,,,63,,,,,750,1.63,1251.84,,,,,,,,,,,,
21929,44.0255598v1,44,,21,1,,10/20/2021 23:55,,,,63,,,,,750,1.63,1251.84,,,,,,,,,,,,
21930,10.0222017v2,10,,2,1,,10/20/2021 23:54,,,,10,,,,,120,1.79,236.28,,,,,,,,,,,,
21931,10.0258292v1,10,,2,1,,10/20/2021 23:58,,,,12,,,,,135,1.79,279.24,,,,,,,,,,,,
21932,10.0230701v4,10,,2,1,,10/23/2021 0:41,,,,6,,,,,72,2.29,192.36,,,,,,,,,,,,
21933,10.0256630v2,10,,2,3,,10/23/2021 0:29,,,,25,,,,,300,2.41,751.92,,,,,,,,,,,,
21934,14.0643184v1,14,,6,3,,10/21/2021 14:58,,,,30,,,,,350,1.45,539.4,,,,,,,,,,,,
21934,13.0543182v1,13,,5,3,,10/21/2021 14:58,,,,17,,,,,200,1.45,313.2,,,,,,,,,,,,
21936,14.0643184v1,14,,6,3,,10/21/2021 14:58,,,,6,,,,,70,1.45,121.8,,,,,,,,,,,,
21936,13.0543182v1,13,,5,3,,10/21/2021 14:58,,,,3,,,,,30,1.45,69.6,,,,,,,,,,,,
21937,40.0237953v1,40,,18,3,,10/21/2021 23:27,,,,17,,,,,200,2.49,537.84,,,,,,,,,,,,
21938,10.0257638v1,10,,2,3,,10/21/2021 15:03,,,,10,,,,,120,2.58,340.56,,,,,,,,,,,,
21939,10.0224880v1,10,,2,1,,10/21/2021 21:45,,,,5,,,,,60,2.29,164.88,,,,,,,,,,,,
21940,10.0258018v1,10,,2,3,,10/21/2021 21:24,,,,34,,,,,400,2.41,1012.2,,,,,,,,,,,,
21941,44.0256182v2,44,,21,1,,10/21/2021 14:59,,,,25,,,,,300,1.79,558.48,,,,,,,,,,,,
21942,11.0255371v1,11,,3,4,,10/21/2021 21:42,,,,5,,,,,60,2.83,203.76,,,,,,,,,,,,
21942,10.0249731v1,10,,2,4,,10/21/2021 21:42,,,,5,,,,,60,2.58,185.76,,,,,,,,,,,,
21943,40.0258343v1,40,,18,1,,10/21/2021 15:00,,,,13,,,,,155,1.79,300.72,,,,,,,,,,,,
21944,10.0257851v3,10,,2,4,,10/21/2021 15:01,,,,21,,,,,250,2.41,636.24,,,,,,,,,,,,
21945,10.0214706v1,10,,2,4,,10/21/2021 15:02,,,,10,,,,,120,2.58,340.56,,,,,,,,,,,,
21946,10.0251337v1,10,,2,4,,10/21/2021 18:51,,,,8,,,,,90,2.58,278.64,,,,,,,,,,,,
21946,10.0251336v1,10,,2,4,,10/21/2021 18:51,,,,8,,,,,90,2.58,278.64,,,,,,,,,,,,
21946,10.0251338v1,10,,2,4,,10/21/2021 18:51,,,,8,,,,,90,2.58,278.64,,,,,,,,,,,,
21950,44.0252105v1,44,,21,3,,10/21/2021 17:05,,,,10,,,,,120,2.66,351.12,,,,,,,,,,,,
21951,10.0256197v1,10,,2,4,,10/21/2021 17:06,,,,5,,,,,60,2.58,185.76,,,,,,,,,,,,
21952,10.0258442v1,10,,2,4,,10/22/2021 18:37,,,,18,,,,,208,2.41,549.48,,,,,,,,,,,,
21953,10.0257494v1,10,,2,1,,10/21/2021 22:47,,,,9,,,,,100,2.29,274.8,,,,,,,,,,,,
21954,10.0253405v1,10,,2,3,,10/21/2021 18:50,,,,25,,,,,300,2.41,751.92,,,,,,,,,,,,
21955,10.0258151v1,10,,2,4,,10/21/2021 21:22,,,,5,,,,,60,2.58,185.76,,,,,,,,,,,,
21956,10.0254351v1,10,,2,4,,10/21/2021 21:47,,,,17,,,,,200,2.41,520.56,,,,,,,,,,,,
21957,10.0258338v2,10,,2,3,,10/21/2021 21:58,,,,20,,,,,240,2.41,607.32,,,,,,,,,,,,
21958,40.0249683v2,40,,18,4,,10/26/2021 15:19,,,,5,,,,,60,2.75,198,,,,,,,,,,,,
21960,10.0251760v1,10,,2,1,,10/22/2021 17:42,,,,9,,,,,100,2.29,274.8,,,,,,,,,,,,
21964,10.0247057v3,10,,2,3,,10/22/2021 17:43,,,,21,,,,,250,2.41,636.24,,,,,,,,,,,,
21965,10.0258483v1,10,,2,3,,10/21/2021 22:50,,,,12,,,,,135,2.41,375.96,,,,,,,,,,,,
21966,10.0223042v1,10,,2,1,,10/21/2021 23:04,,,,11,,,,,130,1.79,257.76,,,,,,,,,,,,
21967,10.0211058v1,10,,2,3,,10/22/2021 22:20,,,,200,,,,,2400,1.62,3907.44,,,,,,,,,,,,
21967,10.029087v1,10,,2,3,,10/22/2021 22:20,,,,134,,,,,1600,1.91,3094.2,,,,,,,,,,,,
21967,10.0211055v1,10,,2,3,,10/22/2021 22:20,,,,134,,,,,1600,1.91,3094.2,,,,,,,,,,,,
21967,10.0210979v1,10,,2,3,,10/22/2021 22:20,,,,100,,,,,1200,1.91,2314.92,,,,,,,,,,,,
21967,10.0229865v2,10,,2,3,,10/22/2021 22:20,,,,42,,,,,500,2.41,1243.56,,,,,,,,,,,,
21967,10.0215456v3,10,,2,3,,10/22/2021 22:20,,,,100,,,,,1200,1.91,2314.92,,,,,,,,,,,,
21967,10.0227575v1,10,,2,3,,10/22/2021 22:20,,,,60,,,,,720,1.91,1398.12,,,,,,,,,,,,
21967,10.0227969v5,10,,2,3,,10/22/2021 22:20,,,,42,,,,,500,2.41,1243.56,,,,,,,,,,,,
21968,10.0258431v2,10,,2,1,,10/21/2021 23:31,,,,9,,,,,100,2.29,274.8,,,,,,,,,,,,
21968,10.0258430v2,10,,2,1,,10/21/2021 23:31,,,,5,,,,,60,2.29,164.88,,,,,,,,,,,,
21969,10.0258630v1,10,,2,1,,10/21/2021 23:37,,,,5,,,,,60,2.29,164.88,,,,,,,,,,,,
21970,10.0258623v1,10,,2,1,,10/21/2021 23:38,,,,5,,,,,60,2.29,164.88,,,,,,,,,,,,
21971,10.0233168v1,10,,2,3,,10/21/2021 23:39,,,,21,,,,,250,2.41,636.24,,,,,,,,,,,,
21971,10.023337v7,10,,2,3,,10/21/2021 23:39,,,,21,,,,,250,2.41,636.24,,,,,,,,,,,,
21971,10.023340v2,10,,2,3,,10/21/2021 23:39,,,,21,,,,,250,2.41,636.24,,,,,,,,,,,,
21971,10.023338v1,10,,2,3,,10/21/2021 23:39,,,,21,,,,,250,2.41,636.24,,,,,,,,,,,,
21972,40.0258450v1,40,,18,1,,10/22/2021 17:21,,,,5,,,,,60,2.29,164.88,,,,,,,,,,,,
21973,40.0258487v1,40,,18,1,,10/22/2021 23:17,,,,21,,,,,250,1.79,472.56,,,,,,,,,,,,
21973,40.0258486v1,40,,18,1,,10/22/2021 23:17,,,,21,,,,,250,1.79,472.56,,,,,,,,,,,,
21974,10.0255142v5,10,,2,4,,10/22/2021 18:41,,,,5,,,,,60,2.58,185.76,,,,,,,,,,,,
21974,10.0255142v1,10,,2,4,,10/22/2021 18:41,,,,5,,,,,60,2.58,185.76,,,,,,,,,,,,
21975,10.022924v1,10,,2,3,,10/25/2021 15:30,,,,75,,,,,900,1.91,1741.92,,,,,,,,,,,,
21976,10.0230154v3,10,,2,1,,10/22/2021 17:27,,,,25,,,,,300,1.79,558.48,,,,,,,,,,,,
21978,10.0257953v1,10,,2,4,,10/22/2021 18:39,,,,7,,,,,78,2.58,247.68,,,,,,,,,,,,
21979,40.0257587v2,40,,18,3,,10/26/2021 20:25,,,,6,,,,,70,3.74,314.16,,,,,,,,,,,,
21980,10.0255227v3,10,,2,1,,10/22/2021 17:16,,,,7,,,,,77,2.29,219.84,,,,,,,,,,,,
21980,10.0255219v3,10,,2,1,,10/22/2021 17:16,,,,7,,,,,77,2.29,219.84,,,,,,,,,,,,
21982,10.0257814v1,10,,2,2,,10/25/2021 19:58,,,,584,,,,,7000,1.22,8564.4,,,,,,,,,,,,
21983,40.0255954v3,40,,18,3,,10/22/2021 17:29,,,,10,,,,,120,2.66,351.12,,,,,,,,,,,,
21985,40.0258711v1,40,,18,1,,10/22/2021 17:31,,,,5,,,,,60,2.29,164.88,,,,,,,,,,,,
21986,10.0257413v1,10,,2,1,,10/22/2021 14:31,,,,9,,,,,100,2.29,274.8,,,,,,,,,,,,
21987,10.0258732v1,10,,2,4,,10/22/2021 18:40,,,,5,,,,,60,2.58,185.76,,,,,,,,,,,,
21988,40.0258443v4,40,,18,1,,10/22/2021 18:56,,,,5,,,,,60,2.29,164.88,,,,,,,,,,,,
21989,10.0258524v1,10,,2,1,,10/22/2021 18:38,,,,50,,,,,600,1.71,1046.52,,,,,,,,,,,,
21990,10.0231445v1,10,,2,3,,10/22/2021 18:39,,,,5,,,,,60,3.66,263.52,,,,,,,,,,,,
21991,10.0248659v3,10,,2,4,,10/27/2021 16:21,,,,42,,,,,500,2.41,1243.56,,,,,,,,,,,,
21992,40.0258652v2,40,,18,1,,10/23/2021 0:33,,,,7,,,,,76,2.29,219.84,,,,,,,,,,,,
21992,40.0258652v1,40,,18,1,,10/23/2021 0:33,,,,7,,,,,76,2.29,219.84,,,,,,,,,,,,
21993,10.0258128v2,10,,2,3,,10/23/2021 0:30,,,,10,,,,,120,2.58,340.56,,,,,,,,,,,,
21994,10.0258601v1,10,,2,3,,10/23/2021 0:28,,,,5,,,,,60,3.66,263.52,,,,,,,,,,,,
21995,40.0249369v1,40,,18,3,,10/23/2021 0:29,,,,5,,,,,60,3.74,269.28,,,,,,,,,,,,
21996,10.0257508v1,10,,2,3,,10/25/2021 19:55,,,,5,,,,,60,3.66,263.52,,,,,,,,,,,,
21997,10.0243707v1,10,,2,4,,10/23/2021 0:32,,,,13,,,,,150,2.41,404.88,,,,,,,,,,,,
21998,10.0258715v1,10,,2,1,,10/25/2021 19:54,,,,30,,,,,360,1.79,665.88,,,,,,,,,,,,
21999,10.0258298v2,10,,2,4,,10/23/2021 0:38,,,,5,,,,,60,2.58,185.76,,,,,,,,,,,,
22000,10.0258348v1,10,,2,3,,10/27/2021 16:14,,,,10,,,,,120,2.58,340.56,,,,,,,,,,,,
22001,10.0258542v4,10,,2,3,,10/25/2021 15:27,,,,5,,,,,60,3.66,263.52,,,,,,,,,,,,
22002,10.0258326v1,10,,2,4,,10/25/2021 15:29,,,,25,,,,,300,2.41,751.92,,,,,,,,,,,,
22002,10.0258633v1,10,,2,4,,10/25/2021 15:29,,,,42,,,,,500,2.41,1243.56,,,,,,,,,,,,
22003,10.0257702v1,10,,2,3,,10/25/2021 19:59,,,,44,,,,,521,2.41,1301.4,,,,,,,,,,,,
22003,10.0257687v1,10,,2,3,,10/25/2021 19:59,,,,58,,,,,695,2.16,1529.28,,,,,,,,,,,,
22003,10.0257691v1,10,,2,3,,10/25/2021 19:59,,,,58,,,,,695,2.16,1529.28,,,,,,,,,,,,
22004,10.0258878v1,10,,2,4,,10/25/2021 20:05,,,,7,,,,,75,2.58,247.68,,,,,,,,,,,,
22005,40.0259140v1,40,,18,1,,10/26/2021 20:44,,,,11,,,,,132,1.79,257.76,,,,,,,,,,,,
22006,44.0255445v4,44,,21,1,,10/23/2021 0:41,,,,17,,,,,202,1.79,386.64,,,,,,,,,,,,
22007,10.0223615v2,10,,2,3,,10/25/2021 15:28,,,,10,,,,,120,2.58,340.56,,,,,,,,,,,,
22008,14.0648471v2,14,,6,3,,10/25/2021 19:47,,,,17,,,,,200,1.45,313.2,,,,,,,,,,,,
22009,10.0254934v5,10,,2,3,,10/25/2021 19:39,,,,20,,,,,240,2.41,607.32,,,,,,,,,,,,
22010,10.0243675v5,10,,2,1,,10/26/2021 23:43,,,,13,,,,,150,1.79,300.72,,,,,,,,,,,,
22011,10.0256783v3,10,,2,3,,10/25/2021 15:28,,,,8,,,,,90,3.58,386.64,,,,,,,,,,,,
22012,10.0248411v3,10,,2,1,,10/26/2021 15:18,,,,9,,,,,100,2.29,274.8,,,,,,,,,,,,
22013,10.0258880v1,10,,2,3,,10/25/2021 15:29,,,,5,,,,,60,3.66,263.52,,,,,,,,,,,,
22014,10.0258636v1,10,,2,3,,10/26/2021 18:00,,,,7,,,,,80,3.66,351.36,,,,,,,,,,,,
22015,40.0258881v1,40,,18,3,,10/27/2021 23:43,,,,29,,,,,338,2.49,896.4,,,,,,,,,,,,
22016,10.028152v1,10,,2,3,,10/25/2021 15:28,,,,10,,,,,120,2.58,340.56,,,,,,,,,,,,
22018,10.0253616v1,10,,2,3,,10/25/2021 19:56,,,,10,,,,,120,2.58,340.56,,,,,,,,,,,,
22019,10.0255079v2,10,,2,1,,10/25/2021 19:43,,,,30,,,,,360,1.79,665.88,,,,,,,,,,,,
22020,10.0258619v4,10,,2,3,,10/25/2021 19:56,,,,85,,,,,1015,1.91,1971.12,,,,,,,,,,,,
22021,10.0230141v1,10,,2,4,,10/25/2021 19:57,,,,84,,,,,1000,1.91,1948.2,,,,,,,,,,,,
22022,11.0259062v1,11,,3,1,,10/26/2021 15:26,,,,6,,,,,70,3.33,279.72,,,,,,,,,,,,
22023,10.0259586v1,10,,2,1,,10/27/2021 16:29,,,,13,,,,,150,1.79,300.72,,,,,,,,,,,,
22025,10.0258246v3,10,,2,1,,10/25/2021 20:05,,,,10,,,,,120,1.79,236.28,,,,,,,,,,,,
22026,10.0220564v1,10,,2,3,,10/25/2021 20:05,,,,10,,,,,120,2.58,340.56,,,,,,,,,,,,
22027,12.0259098v1,12,,4,3,,10/29/2021 23:03,,,,101,,,,,1203,1.66,2031.84,,,,,,,,,,,,
22028,10.0257616v2,10,,2,3,,10/26/2021 23:46,,,,5,,,,,60,3.66,263.52,,,,,,,,,,,,
22029,10.0257570v1,10,,2,3,,10/25/2021 20:04,,,,60,,,,,720,1.91,1398.12,,,,,,,,,,,,
22029,10.0257571v5,10,,2,3,,10/25/2021 20:04,,,,60,,,,,720,1.91,1398.12,,,,,,,,,,,,
22029,10.0257573v2,10,,2,3,,10/25/2021 20:04,,,,60,,,,,720,1.91,1398.12,,,,,,,,,,,,
22030,10.0245860v1,10,,2,1,,10/25/2021 19:42,,,,5,,,,,60,2.29,164.88,,,,,,,,,,,,
22031,10.0247378v1,10,,2,1,,10/25/2021 21:40,,,,13,,,,,150,1.79,300.72,,,,,,,,,,,,
22031,10.0247377v1,10,,2,1,,10/25/2021 21:40,,,,13,,,,,150,1.79,300.72,,,,,,,,,,,,
22032,10.0257831v1,10,,2,1,,10/25/2021 19:54,,,,5,,,,,60,2.29,164.88,,,,,,,,,,,,
22033,10.0258802v1,10,,2,4,,10/25/2021 21:41,,,,10,,,,,120,2.58,340.56,,,,,,,,,,,,
22035,10.0259188v3,10,,2,3,,10/26/2021 14:05,,,,16,,,,,186,2.41,491.64,,,,,,,,,,,,
22036,10.0258194v1,10,,2,3,,10/26/2021 14:39,,,,34,,,,,400,2.41,1012.2,,,,,,,,,,,,
22037,10.0255491v1,10,,2,3,,10/25/2021 21:42,,,,13,,,,,150,2.41,404.88,,,,,,,,,,,,
22038,10.0241520v1,10,,2,1,,10/27/2021 16:23,,,,10,,,,,120,1.79,236.28,,,,,,,,,,,,
22039,10.0258863v1,10,,2,3,,10/26/2021 14:40,,,,40,,,,,480,2.41,1185.72,,,,,,,,,,,,
22042,10.0257282v2,10,,2,3,,10/29/2021 14:40,,,,15,,,,,175,2.41,462.72,,,,,,,,,,,,
22043,10.0259190v1,10,,2,3,,10/26/2021 15:23,,,,34,,,,,400,2.41,1012.2,,,,,,,,,,,,
22044,10.0234032v1,10,,2,4,,10/27/2021 23:56,,,,14,,,,,160,2.41,433.8,,,,,,,,,,,,
22046,10.0258241v2,10,,2,3,,10/26/2021 15:25,,,,7,,,,,80,3.66,351.36,,,,,,,,,,,,
22047,10.0259003v2,10,,2,3,,10/26/2021 20:27,,,,9,,,,,100,3.58,429.6,,,,,,,,,,,,
22048,10.0258109v2,10,,2,1,,10/26/2021 20:33,,,,16,,,,,184,1.79,365.16,,,,,,,,,,,,
22049,12.0259091v2,12,,4,3,,10/26/2021 20:23,,,,20,,,,,240,2.16,544.32,,,,,,,,,,,,
22050,10.0218288v1,10,,2,3,,10/26/2021 20:26,,,,9,,,,,100,3.58,429.6,,,,,,,,,,,,
22051,10.0256309v2,10,,2,1,,10/26/2021 20:24,,,,10,,,,,120,1.79,236.28,,,,,,,,,,,,
22052,10.0248551v2,10,,2,3,,10/27/2021 16:15,,,,21,,,,,250,2.41,636.24,,,,,,,,,,,,
22052,10.0248551v3,10,,2,3,,10/27/2021 16:15,,,,21,,,,,250,2.41,636.24,,,,,,,,,,,,
22054,15.0258447v3,15,,7,3,,10/26/2021 20:32,,,,10,,,,,120,3.7,488.4,,,,,,,,,,,,
22056,40.0259333v1,40,,18,3,,10/26/2021 20:24,,,,5,,,,,60,3.74,269.28,,,,,,,,,,,,
22057,10.0250434v2,10,,2,1,,10/27/2021 16:24,,,,10,,,,,120,1.79,236.28,,,,,,,,,,,,
22058,10.0359050v1,10,,2,3,,10/26/2021 20:41,,,,35,,,,,420,2.41,1041.12,,,,,,,,,,,,
22059,20.0259266v1,20,,11,3,,10/26/2021 20:54,,,,67,,,,,800,2.58,2105.28,,,,,,,,,,,,
22060,10.0244571v4,10,,2,1,,10/26/2021 20:47,,,,10,,,,,120,1.79,236.28,,,,,,,,,,,,
22060,10.0223584v1,10,,2,1,,10/26/2021 20:47,,,,10,,,,,120,1.79,236.28,,,,,,,,,,,,
22061,10.0259011v1,10,,2,2,,10/26/2021 20:49,,,,185,,,,,2220,1.35,3013.2,,,,,,,,,,,,
22062,10.0259170v1,10,,2,4,,10/26/2021 23:43,,,,11,,,,,125,2.58,371.52,,,,,,,,,,,,
22063,40.0256365v2,40,,18,3,,10/26/2021 23:45,,,,10,,,,,120,2.66,351.12,,,,,,,,,,,,
22064,10.0259374v1,10,,2,3,,10/26/2021 20:53,,,,5,,,,,60,3.66,263.52,,,,,,,,,,,,
22065,17.0257567v2,17,,9,3,,10/26/2021 23:47,,,,20,,,,,240,2.41,607.32,,,,,,,,,,,,
22067,10.0248111v2,10,,2,3,,10/26/2021 23:47,,,,16,,,,,190,2.41,491.64,,,,,,,,,,,,
22068,10.0259142v2,10,,2,3,,10/27/2021 16:18,,,,21,,,,,250,2.41,636.24,,,,,,,,,,,,
22069,10.0244900v1,10,,2,3,,10/27/2021 16:20,,,,6,,,,,68,3.66,307.44,,,,,,,,,,,,
22069,10.0355894v1,10,,2,3,,10/27/2021 16:20,,,,6,,,,,67,3.66,307.44,,,,,,,,,,,,
22070,10.0259273v1,10,,2,3,,10/26/2021 23:48,,,,5,,,,,60,3.66,263.52,,,,,,,,,,,,
22070,10.0359274v1,10,,2,3,,10/26/2021 23:48,,,,5,,,,,60,3.66,263.52,,,,,,,,,,,,
22071,10.0232541v1,10,,2,3,,10/29/2021 0:10,,,,100,,,,,1200,1.91,2314.92,,,,,,,,,,,,
22073,10.0258877v4,10,,2,4,,10/27/2021 16:16,,,,6,,,,,65,2.58,216.72,,,,,,,,,,,,
22074,10.0232260v4,10,,2,4,,11/2/2021 19:27,,,,12,,,,,135,2.41,375.96,,,,,,,,,,,,
22075,10.0257540v1,10,,2,3,,10/27/2021 16:15,,,,10,,,,,120,2.58,340.56,,,,,,,,,,,,
22076,17.0258534v6,17,,9,1,,10/27/2021 16:22,,,,10,,,,,120,1.79,236.28,,,,,,,,,,,,
22077,44.0260657v1,44,,21,1,,10/29/2021 20:51,,,,21,,,,,250,1.79,472.56,,,,,,,,,,,,
22078,11.0259499v1,11,,3,4,,11/2/2021 19:15,,,,5,,,,,60,2.83,203.76,,,,,,,,,,,,
22078,10.0251806v1,10,,2,4,,11/2/2021 19:15,,,,5,,,,,60,2.58,185.76,,,,,,,,,,,,
22079,10.0258441v1,10,,2,1,,10/27/2021 16:33,,,,11,,,,,125,1.79,257.76,,,,,,,,,,,,
22080,10.0257303v2,10,,2,3,,10/27/2021 23:52,,,,60,,,,,720,1.91,1398.12,,,,,,,,,,,,
22081,40.0259692v1,40,,18,1,,10/27/2021 23:01,,,,41,,,,,490,1.79,902.16,,,,,,,,,,,,
22082,40.0257363v1,40,,18,1,,10/27/2021 23:00,,,,5,,,,,60,2.29,164.88,,,,,,,,,,,,
22084,10.0258883v2,10,,2,1,,10/27/2021 23:04,,,,5,,,,,60,2.29,164.88,,,,,,,,,,,,
22085,10.0244922v1,10,,2,1,,10/27/2021 23:41,,,,5,,,,,60,2.29,164.88,,,,,,,,,,,,
22086,10.0214275v1,10,,2,1,,10/27/2021 23:44,,,,12,,,,,138,1.79,279.24,,,,,,,,,,,,
22086,10.0259770v1,10,,2,1,,10/27/2021 23:44,,,,20,,,,,240,1.79,451.08,,,,,,,,,,,,
22087,10.0250306v3,10,,2,1,,10/27/2021 23:02,,,,10,,,,,120,1.79,236.28,,,,,,,,,,,,
22088,10.0257388v4,10,,2,3,,10/27/2021 23:44,,,,41,,,,,490,2.41,1214.64,,,,,,,,,,,,
22089,15.0259195v1,15,,7,3,,11/1/2021 14:33,,,,12,,,,,140,3.53,550.68,,,,,,,,,,,,
22090,10.0259132v1,10,,2,1,,10/27/2021 23:39,,,,5,,,,,60,2.29,164.88,,,,,,,,,,,,
22091,10.0258553v1,10,,2,1,,10/27/2021 23:02,,,,5,,,,,60,2.29,164.88,,,,,,,,,,,,
22092,10.0258092v3,10,,2,1,,10/27/2021 23:51,,,,20,,,,,240,1.79,451.08,,,,,,,,,,,,
22093,10.0258368v1,10,,2,3,,10/29/2021 0:14,,,,67,,,,,800,1.91,1558.56,,,,,,,,,,,,
22094,10.0233247v1,10,,2,1,,10/27/2021 23:54,,,,5,,,,,60,2.29,164.88,,,,,,,,,,,,
22094,10.0233375v1,10,,2,1,,10/27/2021 23:54,,,,5,,,,,60,2.29,164.88,,,,,,,,,,,,
22094,10.0233373v1,10,,2,1,,10/27/2021 23:54,,,,10,,,,,120,1.79,236.28,,,,,,,,,,,,
22095,10.0259517v1,10,,2,1,,10/29/2021 17:01,,,,55,,,,,650,1.71,1149.12,,,,,,,,,,,,
22095,10.0259517v2,10,,2,1,,10/29/2021 17:01,,,,55,,,,,650,1.71,1149.12,,,,,,,,,,,,
22096,10.0210309v2,10,,2,1,,11/10/2021 21:51,,,,17,,,,,200,1.79,386.64,,,,,,,,,,,,
22097,40.0259671v1,40,,18,1,,10/27/2021 23:24,,,,5,,,,,60,2.29,164.88,,,,,,,,,,,,
22098,10.0259294v2,10,,2,3,,10/27/2021 23:28,,,,41,,,,,485,2.41,1214.64,,,,,,,,,,,,
22099,10.0259205v1,10,,2,3,,10/27/2021 23:52,,,,125,,,,,1500,1.91,2887.92,,,,,,,,,,,,
22100,10.0259363v1,10,,2,3,,10/28/2021 19:43,,,,10,,,,,120,2.58,340.56,,,,,,,,,,,,
22100,10.0259364v1,10,,2,3,,10/28/2021 19:43,,,,10,,,,,120,2.58,340.56,,,,,,,,,,,,
22100,10.0259361v1,10,,2,3,,10/28/2021 19:43,,,,10,,,,,120,2.58,340.56,,,,,,,,,,,,
22101,10.0258768v1,10,,2,1,,10/29/2021 20:18,,,,250,,,,,3000,1.5,4518,,,,,,,,,,,,
22102,10.0259520v1,10,,2,1,,10/28/2021 15:25,,,,130,,,,,1552,1.54,2420.88,,,,,,,,,,,,
22102,10.0259521v1,10,,2,1,,10/28/2021 15:25,,,,130,,,,,1552,1.54,2420.88,,,,,,,,,,,,
22103,10.0259584v2,10,,2,1,,10/28/2021 15:24,,,,11,,,,,125,1.79,257.76,,,,,,,,,,,,
22104,10.0255994v3,10,,2,1,,10/28/2021 15:23,,,,30,,,,,360,1.79,665.88,,,,,,,,,,,,
22105,10.0258528v1,10,,2,3,,10/29/2021 0:22,,,,42,,,,,500,2.41,1243.56,,,,,,,,,,,,
22106,44.0259380v2,44,,21,3,,10/28/2021 15:23,,,,10,,,,,120,2.66,351.12,,,,,,,,,,,,
22107,10.029026v1,10,,2,1,,10/29/2021 14:32,,,,42,,,,,500,1.79,923.64,,,,,,,,,,,,
22108,10.0253290v1,10,,2,1,,10/28/2021 15:23,,,,25,,,,,300,1.79,558.48,,,,,,,,,,,,
22109,10.0259846v1,10,,2,1,,10/28/2021 15:24,,,,5,,,,,60,2.29,164.88,,,,,,,,,,,,
22109,10.0259191v2,10,,2,1,,10/28/2021 15:24,,,,5,,,,,60,2.29,164.88,,,,,,,,,,,,
22111,10.0258859v2,10,,2,2,,10/28/2021 20:24,,,,140,,,,,1680,1.35,2284.2,,,,,,,,,,,,
22113,10.0249836v4,10,,2,1,,10/28/2021 20:10,,,,10,,,,,120,1.79,236.28,,,,,,,,,,,,
22115,10.0257349v1,10,,2,3,,11/2/2021 16:09,,,,11,,,,,125,2.58,371.52,,,,,,,,,,,,
22115,10.0257347v1,10,,2,3,,11/2/2021 16:09,,,,11,,,,,125,2.58,371.52,,,,,,,,,,,,
22116,10.0253053v1,10,,2,4,,10/29/2021 0:24,,,,23,,,,,275,2.41,694.08,,,,,,,,,,,,
22117,10.0255334v1,10,,2,1,,10/28/2021 20:08,,,,18,,,,,210,1.79,408.12,,,,,,,,,,,,
22118,10.0260023v1,10,,2,1,,10/28/2021 20:08,,,,50,,,,,600,1.71,1046.52,,,,,,,,,,,,
22119,10.0259113v1,10,,2,4,,10/29/2021 14:37,,,,10,,,,,120,2.58,340.56,,,,,,,,,,,,
22121,10.0239290v2,10,,2,3,,10/28/2021 20:10,,,,10,,,,,120,2.58,340.56,,,,,,,,,,,,
22123,44.0257169v3,44,,21,4,,10/29/2021 14:36,,,,5,,,,,60,2.75,198,,,,,,,,,,,,
22124,15.0257159v3,15,,7,3,,10/29/2021 14:41,,,,74,,,,,880,3.03,2727,,,,,,,,,,,,
22127,10.0257382v1,10,,2,1,,10/29/2021 14:38,,,,10,,,,,120,1.79,236.28,,,,,,,,,,,,
22127,10.0257383v1,10,,2,1,,10/29/2021 14:38,,,,10,,,,,120,1.79,236.28,,,,,,,,,,,,
22128,10.0359967v1,10,,2,4,,10/29/2021 20:21,,,,5,,,,,60,2.58,185.76,,,,,,,,,,,,
22128,10.0359966v1,10,,2,4,,10/29/2021 20:21,,,,5,,,,,60,2.58,185.76,,,,,,,,,,,,
22129,10.0215895v8,10,,2,1,,11/17/2021 0:10,,,,90,,,,,1080,1.63,1779.96,,,,,,,,,,,,
22130,10.0223662v2,10,,2,1,,10/29/2021 14:31,,,,10,,,,,120,1.79,236.28,,,,,,,,,,,,
22131,10.0233683v2,10,,2,3,,11/29/2021 18:28,,,,40,,,,,480,2.41,1185.72,,,,,,,,,,,,
22132,10.0227001v1,10,,2,4,,10/29/2021 20:29,,,,5,,,,,60,2.58,185.76,,,,,,,,,,,,
22133,10.0259507v2,10,,2,1,,10/29/2021 23:05,,,,42,,,,,500,1.79,923.64,,,,,,,,,,,,
22134,10.0260774v1,10,,2,1,,11/9/2021 22:17,,,,5,,,,,60,2.29,164.88,,,,,,,,,,,,
22134,10.0258850v1,10,,2,1,,11/9/2021 22:17,,,,5,,,,,60,2.29,164.88,,,,,,,,,,,,
22135,10.0223047v1,10,,2,4,,10/29/2021 14:37,,,,5,,,,,60,2.58,185.76,,,,,,,,,,,,
22135,10.0221628v4,10,,2,4,,10/29/2021 14:37,,,,5,,,,,60,2.58,185.76,,,,,,,,,,,,
22136,10.0259897v2,10,,2,4,,10/29/2021 14:37,,,,5,,,,,60,2.58,185.76,,,,,,,,,,,,
22137,10.0258604v1,10,,2,1,,10/29/2021 20:06,,,,13,,,,,150,1.79,300.72,,,,,,,,,,,,
22138,10.0232290v2,10,,2,4,,10/29/2021 14:31,,,,10,,,,,120,2.58,340.56,,,,,,,,,,,,
22139,10.0257226v4,10,,2,1,,10/29/2021 20:19,,,,209,,,,,2500,1.5,3780,,,,,,,,,,,,
22140,10.0360447v1,10,,2,4,,10/29/2021 14:40,,,,5,,,,,60,2.58,185.76,,,,,,,,,,,,
22141,10.0256946v1,10,,2,3,,11/1/2021 17:51,,,,5,,,,,60,3.66,263.52,,,,,,,,,,,,
22142,10.0257638v1,10,,2,1,,10/29/2021 20:28,,,,10,,,,,120,1.79,236.28,,,,,,,,,,,,
22143,10.0260116v1,10,,2,1,,10/29/2021 20:10,,,,18,,,,,206,1.79,408.12,,,,,,,,,,,,
22144,10.0257931v1,10,,2,4,,10/29/2021 20:28,,,,5,,,,,60,2.58,185.76,,,,,,,,,,,,
22145,10.0249955v3,10,,2,4,,10/29/2021 20:14,,,,11,,,,,122,2.58,371.52,,,,,,,,,,,,
22146,10.0259263v2,10,,2,4,,11/2/2021 19:40,,,,5,,,,,60,2.58,185.76,,,,,,,,,,,,
22146,10.0259263v1,10,,2,4,,11/2/2021 19:40,,,,5,,,,,60,2.58,185.76,,,,,,,,,,,,
22147,10.0259340v1,10,,2,4,,10/29/2021 23:08,,,,20,,,,,240,2.41,607.32,,,,,,,,,,,,
22148,10.0259122v1,10,,2,4,,10/29/2021 23:08,,,,5,,,,,60,2.58,185.76,,,,,,,,,,,,
22149,10.0260011v1,10,,2,4,,10/29/2021 20:17,,,,30,,,,,360,2.41,896.52,,,,,,,,,,,,
22150,10.0259059v1,10,,2,4,,10/29/2021 20:15,,,,22,,,,,253,2.41,665.16,,,,,,,,,,,,
22152,10.0258702v4,10,,2,4,,10/29/2021 20:20,,,,42,,,,,500,2.41,1243.56,,,,,,,,,,,,
22152,10.0258702v3,10,,2,4,,10/29/2021 20:20,,,,42,,,,,500,2.41,1243.56,,,,,,,,,,,,
22153,10.0215228v1,10,,2,3,,10/29/2021 23:04,,,,20,,,,,240,2.41,607.32,,,,,,,,,,,,
22154,40.0251994v1,40,,18,1,,11/1/2021 14:35,,,,22,,,,,255,1.79,494.04,,,,,,,,,,,,
22155,10.0260601v1,10,,2,1,,10/29/2021 20:12,,,,15,,,,,180,1.79,343.68,,,,,,,,,,,,
22156,10.0257746v1,10,,2,3,,10/29/2021 23:05,,,,21,,,,,250,2.41,636.24,,,,,,,,,,,,
22157,10.0260476v1,10,,2,1,,10/29/2021 23:03,,,,9,,,,,100,2.29,274.8,,,,,,,,,,,,
22158,10.0245435v4,10,,2,1,,11/4/2021 19:02,,,,5,,,,,60,2.29,164.88,,,,,,,,,,,,
22160,10.0259291v1,10,,2,1,,10/29/2021 20:38,,,,14,,,,,160,1.79,322.2,,,,,,,,,,,,
22161,10.0258081v1,10,,2,1,,10/29/2021 23:02,,,,4,,,,,42,2.29,137.4,,,,,,,,,,,,
22161,10.0258077v2,10,,2,1,,10/29/2021 23:02,,,,5,,,,,60,2.29,164.88,,,,,,,,,,,,
22163,10.0250377v1,10,,2,4,,11/1/2021 14:35,,,,5,,,,,60,2.58,185.76,,,,,,,,,,,,
22164,10.0259922v2,10,,2,3,,11/1/2021 15:13,,,,43,,,,,505,2.41,1272.48,,,,,,,,,,,,
22165,40.0260659v1,40,,18,3,,11/1/2021 14:59,,,,40,,,,,480,2.49,1225.08,,,,,,,,,,,,
22166,40.0259336v1,40,,18,1,,11/1/2021 15:14,,,,7,,,,,80,2.29,219.84,,,,,,,,,,,,
22167,10.0259672v1,10,,2,1,,10/29/2021 23:09,,,,42,,,,,500,1.79,923.64,,,,,,,,,,,,
22168,10.0258496v1,10,,2,4,,10/29/2021 23:07,,,,10,,,,,120,2.58,340.56,,,,,,,,,,,,
22169,10.0259146v1,10,,2,4,,11/1/2021 17:45,,,,5,,,,,60,2.58,185.76,,,,,,,,,,,,
22170,40.0240507v1,40,,18,4,,11/1/2021 15:03,,,,42,,,,,500,2.58,1331.28,,,,,,,,,,,,
22171,10.0238009v1,10,,2,4,,11/1/2021 17:44,,,,60,,,,,720,1.91,1398.12,,,,,,,,,,,,
22172,10.0320523v2,10,,2,4,,11/1/2021 15:04,,,,10,,,,,120,2.58,340.56,,,,,,,,,,,,
22173,10.0227001v1,10,,2,4,,11/1/2021 17:52,,,,5,,,,,60,2.58,185.76,,,,,,,,,,,,
22174,15.0257855v4,15,,7,3,,11/1/2021 17:57,,,,10,,,,,120,3.7,488.4,,,,,,,,,,,,
22175,10.0260769v1,10,,2,1,,11/1/2021 22:13,,,,17,,,,,200,1.79,386.64,,,,,,,,,,,,
22176,10.0256278v2,10,,2,3,,11/1/2021 17:53,,,,20,,,,,240,2.41,607.32,,,,,,,,,,,,
22177,10.0258708v1,10,,2,3,,11/1/2021 17:55,,,,20,,,,,240,2.41,607.32,,,,,,,,,,,,
22178,10.0258884v1,10,,2,3,,11/2/2021 16:45,,,,18,,,,,215,2.41,549.48,,,,,,,,,,,,
22179,44.0259565v1,44,,21,1,,11/1/2021 22:12,,,,9,,,,,100,2.29,274.8,,,,,,,,,,,,
22179,44.0259566v1,44,,21,1,,11/1/2021 22:12,,,,9,,,,,100,2.29,274.8,,,,,,,,,,,,
22179,44.0259569v1,44,,21,1,,11/1/2021 22:12,,,,9,,,,,100,2.29,274.8,,,,,,,,,,,,
22179,44.0259570v1,44,,21,1,,11/1/2021 22:12,,,,9,,,,,100,2.29,274.8,,,,,,,,,,,,
22180,10.0232494v1,10,,2,3,,11/1/2021 21:59,,,,292,,,,,3500,1.62,5695.92,,,,,,,,,,,,
22181,10.0247295v1,10,,2,4,,11/1/2021 22:10,,,,20,,,,,240,2.41,607.32,,,,,,,,,,,,
22182,10.0259125v2,10,,2,3,,11/1/2021 22:06,,,,17,,,,,200,2.41,520.56,,,,,,,,,,,,
22183,10.0259158v2,10,,2,3,,11/2/2021 16:03,,,,10,,,,,120,2.58,340.56,,,,,,,,,,,,
22185,10.0260661v1,10,,2,1,,11/1/2021 22:23,,,,32,,,,,382,1.79,708.84,,,,,,,,,,,,
22186,10.0258082v1,10,,2,4,,11/1/2021 22:11,,,,5,,,,,60,2.58,185.76,,,,,,,,,,,,
22187,10.0260790v1,10,,2,4,,11/1/2021 21:59,,,,5,,,,,60,2.58,185.76,,,,,,,,,,,,
22188,10.0260797v1,10,,2,1,,11/2/2021 15:48,,,,5,,,,,60,2.29,164.88,,,,,,,,,,,,
22189,40.0260614v1,40,,18,4,,11/1/2021 22:01,,,,10,,,,,120,2.75,363,,,,,,,,,,,,
22190,40.0260621v1,40,,18,3,,11/2/2021 15:38,,,,30,,,,,360,2.49,926.28,,,,,,,,,,,,
22191,40.0260617v1,40,,18,4,,11/2/2021 16:03,,,,5,,,,,60,2.75,198,,,,,,,,,,,,
22192,10.0218842v1,10,,2,3,,11/2/2021 21:16,,,,20,,,,,240,2.41,607.32,,,,,,,,,,,,
22193,10.0260016v1,10,,2,4,,11/5/2021 18:22,,,,5,,,,,60,2.58,185.76,,,,,,,,,,,,
22194,10.0260498v1,10,,2,3,,11/2/2021 16:11,,,,6,,,,,65,3.66,307.44,,,,,,,,,,,,
22195,10.0228986v2,10,,2,3,,11/2/2021 16:05,,,,7,,,,,83,3.66,351.36,,,,,,,,,,,,
22196,10.0231039v1,10,,2,1,,11/2/2021 16:51,,,,100,,,,,1200,1.54,1866.48,,,,,,,,,,,,
22197,10.0259560v2,10,,2,3,,11/2/2021 16:10,,,,5,,,,,60,3.66,263.52,,,,,,,,,,,,
22198,10.0232547v1,10,,2,4,,11/3/2021 15:13,,,,5,,,,,60,2.58,185.76,,,,,,,,,,,,
22198,10.0222621v1,10,,2,4,,11/3/2021 15:13,,,,5,,,,,60,2.58,185.76,,,,,,,,,,,,
22199,10.0260916v1,10,,2,4,,11/2/2021 16:09,,,,18,,,,,205,2.41,549.48,,,,,,,,,,,,
22200,10.0260907v1,10,,2,4,,11/2/2021 16:09,,,,18,,,,,205,2.41,549.48,,,,,,,,,,,,
22201,10.0260864v1,10,,2,4,,11/2/2021 16:09,,,,18,,,,,205,2.41,549.48,,,,,,,,,,,,
22202,10.0260792v1,10,,2,3,,11/2/2021 16:47,,,,10,,,,,120,2.58,340.56,,,,,,,,,,,,
22203,10.0239321v2,10,,2,1,,11/2/2021 16:48,,,,21,,,,,250,1.79,472.56,,,,,,,,,,,,
22204,10.0232611v10,10,,2,4,,11/2/2021 19:50,,,,10,,,,,120,2.58,340.56,,,,,,,,,,,,
22205,44.0260604v1,44,,21,3,,11/2/2021 16:46,,,,10,,,,,120,2.66,351.12,,,,,,,,,,,,
22207,10.0260650v4,10,,2,1,,11/2/2021 19:17,,,,25,,,,,300,1.79,558.48,,,,,,,,,,,,
22208,10.0255929v3,10,,2,4,,11/2/2021 19:39,,,,5,,,,,60,2.58,185.76,,,,,,,,,,,,
22209,10.0260660v1,10,,2,4,,11/2/2021 19:17,,,,10,,,,,120,2.58,340.56,,,,,,,,,,,,
22210,10.0260624v1,10,,2,4,,11/2/2021 20:28,,,,9,,,,,105,2.58,309.6,,,,,,,,,,,,
22211,10.0257979v1,10,,2,1,,11/2/2021 20:11,,,,10,,,,,120,1.79,236.28,,,,,,,,,,,,
22212,10.0260673v1,10,,2,1,,11/2/2021 19:18,,,,34,,,,,400,1.79,751.8,,,,,,,,,,,,
22213,10.0260871v2,10,,2,3,,11/2/2021 21:23,,,,10,,,,,120,2.58,340.56,,,,,,,,,,,,
22214,10.0257322v10,10,,2,3,,11/2/2021 21:10,,,,20,,,,,240,2.41,607.32,,,,,,,,,,,,
22215,10.0250015v1,10,,2,4,,11/3/2021 15:00,,,,30,,,,,360,2.41,896.52,,,,,,,,,,,,
22215,10.0250025v2,10,,2,4,,11/3/2021 15:00,,,,36,,,,,430,2.41,1070.04,,,,,,,,,,,,
22216,40.0258885v3,40,,18,1,,11/3/2021 14:46,,,,7,,,,,75,2.29,219.84,,,,,,,,,,,,
22216,40.0258885v2,40,,18,1,,11/3/2021 14:46,,,,7,,,,,75,2.29,219.84,,,,,,,,,,,,
22217,40.0260868v2,40,,18,1,,11/2/2021 20:23,,,,10,,,,,120,1.79,236.28,,,,,,,,,,,,
22218,10.0260443v1,10,,2,3,,11/2/2021 21:18,,,,21,,,,,250,2.41,636.24,,,,,,,,,,,,
22219,10.0261092v4,10,,2,1,,11/3/2021 20:50,,,,42,,,,,500,1.79,923.64,,,,,,,,,,,,
22220,10.0260923v1,10,,2,1,,11/3/2021 15:08,,,,10,,,,,120,1.79,236.28,,,,,,,,,,,,
22221,10.0249850v2,10,,2,1,,11/3/2021 15:07,,,,42,,,,,500,1.79,923.64,,,,,,,,,,,,
22223,10.0249867v1,10,,2,4,,11/2/2021 21:25,,,,5,,,,,60,2.58,185.76,,,,,,,,,,,,
22225,40.0257620v2,40,,18,1,,11/3/2021 14:55,,,,35,,,,,420,1.79,773.28,,,,,,,,,,,,
22226,44.0260911v2,44,,21,1,,11/3/2021 14:49,,,,13,,,,,150,1.79,300.72,,,,,,,,,,,,
22227,10.0256890v1,10,,2,3,,11/3/2021 14:56,,,,8,,,,,87,3.58,386.64,,,,,,,,,,,,
22228,40.0245497v1,40,,18,1,,11/3/2021 14:54,,,,5,,,,,60,2.29,164.88,,,,,,,,,,,,
22229,10.0244900v1,10,,2,3,,11/4/2021 1:43,,,,5,,,,,60,3.66,263.52,,,,,,,,,,,,
22230,10.0249695v1,10,,2,3,,11/3/2021 14:57,,,,29,,,,,344,2.41,867.6,,,,,,,,,,,,
22231,40.0259950v4,40,,18,4,,11/3/2021 15:35,,,,5,,,,,60,2.75,198,,,,,,,,,,,,
22232,10.0231777v1,10,,2,4,,11/4/2021 1:22,,,,17,,,,,200,2.41,520.56,,,,,,,,,,,,
22233,10.0211350v1,10,,2,1,,11/12/2021 18:44,,,,9,,,,,100,2.29,274.8,,,,,,,,,,,,
22234,10.0259850v1,10,,2,4,,11/8/2021 21:26,,,,5,,,,,60,2.58,185.76,,,,,,,,,,,,
22235,40.0246439v3,40,,18,4,,11/3/2021 15:14,,,,10,,,,,120,2.75,363,,,,,,,,,,,,
22236,10.0256877v2,10,,2,4,,11/3/2021 15:36,,,,13,,,,,155,2.41,404.88,,,,,,,,,,,,
22237,40.0260057v1,40,,18,4,,11/3/2021 15:37,,,,5,,,,,60,2.75,198,,,,,,,,,,,,
22238,40.0239032v1,40,,18,3,,11/23/2021 17:40,,,,10,,,,,120,2.66,351.12,,,,,,,,,,,,
22239,10.0261077v1,10,,2,4,,11/3/2021 15:36,,,,5,,,,,60,2.58,185.76,,,,,,,,,,,,
22241,10.0261320v1,10,,2,3,,11/4/2021 1:45,,,,5,,,,,60,3.66,263.52,,,,,,,,,,,,
22242,10.0238490v1,10,,2,1,,11/4/2021 1:47,,,,5,,,,,60,2.29,164.88,,,,,,,,,,,,
22242,10.0238494v1,10,,2,1,,11/4/2021 1:47,,,,5,,,,,60,2.29,164.88,,,,,,,,,,,,
22243,10.0261280v1,10,,2,4,,11/3/2021 17:40,,,,5,,,,,60,2.58,185.76,,,,,,,,,,,,
22243,10.0261272v1,10,,2,4,,11/3/2021 17:40,,,,5,,,,,60,2.58,185.76,,,,,,,,,,,,
22244,10.0251889v1,10,,2,4,,11/3/2021 21:41,,,,5,,,,,60,2.58,185.76,,,,,,,,,,,,
22244,40.0260382v1,40,,18,4,,11/3/2021 21:41,,,,5,,,,,60,2.75,198,,,,,,,,,,,,
22244,10.0260383v1,10,,2,4,,11/3/2021 21:41,,,,5,,,,,60,2.58,185.76,,,,,,,,,,,,
22244,40.0251899v1,40,,18,4,,11/3/2021 21:41,,,,10,,,,,120,2.75,363,,,,,,,,,,,,
22245,10.0235986v1,10,,2,4,,11/8/2021 15:46,,,,22,,,,,255,2.41,665.16,,,,,,,,,,,,
22246,10.0259979v3,10,,2,4,,11/4/2021 19:15,,,,10,,,,,120,2.58,340.56,,,,,,,,,,,,
22247,10.0219520v2,10,,2,1,,11/4/2021 23:04,,,,9,,,,,100,2.29,274.8,,,,,,,,,,,,
22248,10.0260026v1,10,,2,4,,11/3/2021 18:35,,,,5,,,,,60,2.58,185.76,,,,,,,,,,,,
22249,10.0259516v4,10,,2,4,,11/3/2021 18:44,,,,15,,,,,176,2.41,462.72,,,,,,,,,,,,
22250,10.0217398v7,10,,2,3,,11/3/2021 19:00,,,,71,,,,,850,1.91,1650.24,,,,,,,,,,,,
22251,10.0260389v1,10,,2,1,,11/4/2021 1:48,,,,5,,,,,60,2.29,164.88,,,,,,,,,,,,
22252,10.0228114v2,10,,2,4,,11/4/2021 20:11,,,,21,,,,,250,2.41,636.24,,,,,,,,,,,,
22253,10.0261209v2,10,,2,4,,11/3/2021 19:54,,,,5,,,,,60,2.58,185.76,,,,,,,,,,,,
22254,10.0259534v1,10,,2,4,,11/3/2021 20:06,,,,5,,,,,60,2.58,185.76,,,,,,,,,,,,
22255,10.0261418v1,10,,2,1,,11/3/2021 20:14,,,,10,,,,,120,1.79,236.28,,,,,,,,,,,,
22256,10.0239189v3,10,,2,3,,11/4/2021 23:08,,,,13,,,,,150,2.41,404.88,,,,,,,,,,,,
22257,10.0239188v1,10,,2,3,,11/4/2021 23:09,,,,13,,,,,150,2.41,404.88,,,,,,,,,,,,
22258,12.0259561v1,12,,4,4,,11/3/2021 21:32,,,,22,,,,,257,2.54,701.04,,,,,,,,,,,,
22259,10.0261063v1,10,,2,1,,11/3/2021 23:25,,,,17,,,,,200,1.79,386.64,,,,,,,,,,,,
22260,10.0257203v3,10,,2,1,,11/3/2021 23:16,,,,5,,,,,60,2.29,164.88,,,,,,,,,,,,
22261,10.0260390v1,10,,2,1,,12/15/2021 1:23,,,,17,,,,,200,1.79,386.64,,,,,,,,,,,,
22261,10.0260380v1,10,,2,1,,12/15/2021 1:23,,,,17,,,,,200,1.79,386.64,,,,,,,,,,,,
22261,10.0260955v1,10,,2,1,,12/15/2021 1:23,,,,17,,,,,200,1.79,386.64,,,,,,,,,,,,
22261,10.0260954v1,10,,2,1,,12/15/2021 1:23,,,,17,,,,,200,1.79,386.64,,,,,,,,,,,,
22261,10.0260953v1,10,,2,1,,12/15/2021 1:23,,,,17,,,,,200,1.79,386.64,,,,,,,,,,,,
22261,10.0260389v1,10,,2,1,,12/15/2021 1:23,,,,17,,,,,200,1.79,386.64,,,,,,,,,,,,
22262,10.0257196v1,10,,2,1,,11/3/2021 23:18,,,,20,,,,,240,1.79,451.08,,,,,,,,,,,,
22263,10.0260759v1,10,,2,1,,11/5/2021 16:51,,,,109,,,,,1300,1.54,2032.8,,,,,,,,,,,,
22264,10.0228885v1,10,,2,1,,11/4/2021 14:39,,,,10,,,,,120,1.79,236.28,,,,,,,,,,,,
22265,10.0261495v1,10,,2,1,,11/4/2021 0:35,,,,27,,,,,315,1.79,601.44,,,,,,,,,,,,
22266,10.0259682v2,10,,2,1,,11/4/2021 15:57,,,,12,,,,,140,1.79,279.24,,,,,,,,,,,,
22267,10.0242084v4,10,,2,3,,11/4/2021 21:49,,,,21,,,,,252,2.41,636.24,,,,,,,,,,,,
22268,10.0261334v1,10,,2,1,,11/4/2021 13:10,,,,22,,,,,260,1.79,494.04,,,,,,,,,,,,
22269,40.0361601v1,40,,18,3,,11/5/2021 2:14,,,,42,,,,,500,2.49,1284.84,,,,,,,,,,,,
22270,44.0261302v2,44,,21,1,,11/4/2021 3:22,,,,10,,,,,120,1.79,236.28,,,,,,,,,,,,
22270,10.0261301v2,10,,2,1,,11/4/2021 3:22,,,,10,,,,,120,1.79,236.28,,,,,,,,,,,,
22271,10.0261409v1,10,,2,1,,11/4/2021 11:20,,,,5,,,,,60,2.29,164.88,,,,,,,,,,,,
22271,10.0261078v3,10,,2,1,,11/4/2021 11:20,,,,5,,,,,60,2.29,164.88,,,,,,,,,,,,
22272,10.0260529v1,10,,2,1,,11/4/2021 14:43,,,,21,,,,,250,1.79,472.56,,,,,,,,,,,,
22273,10.0261408v1,10,,2,1,,11/4/2021 19:02,,,,42,,,,,500,1.79,923.64,,,,,,,,,,,,
22274,10.0234405v1,10,,2,1,,11/4/2021 15:06,,,,9,,,,,100,2.29,274.8,,,,,,,,,,,,
22275,10.0260643v2,10,,2,1,,11/4/2021 15:38,,,,12,,,,,144,1.79,279.24,,,,,,,,,,,,
22276,10.026483v12,10,,2,1,,11/4/2021 16:27,,,,10,,,,,120,1.79,236.28,,,,,,,,,,,,
22277,40.0260859v1,40,,18,1,,11/4/2021 15:24,,,,5,,,,,60,2.29,164.88,,,,,,,,,,,,
22278,12.0252067v1,12,,4,1,,11/4/2021 15:57,,,,7,,,,,75,1.96,188.16,,,,,,,,,,,,
22279,10.0244270v9,10,,2,1,,11/4/2021 15:43,,,,84,,,,,1000,1.63,1662.6,,,,,,,,,,,,
22280,10.0249326v1,10,,2,4,,11/5/2021 20:10,,,,9,,,,,100,2.58,309.6,,,,,,,,,,,,
22281,10.0261457v1,10,,2,1,,11/4/2021 16:15,,,,6,,,,,70,2.29,192.36,,,,,,,,,,,,
22282,10.0243099v2,10,,2,1,,11/4/2021 17:33,,,,26,,,,,306,1.79,579.96,,,,,,,,,,,,
22283,10.0257374v2,10,,2,3,,11/4/2021 18:09,,,,13,,,,,150,2.41,404.88,,,,,,,,,,,,
22284,10.0248253v1,10,,2,1,,11/4/2021 16:28,,,,10,,,,,120,1.79,236.28,,,,,,,,,,,,
22285,10.0250234v1,10,,2,1,,11/4/2021 16:50,,,,5,,,,,60,2.29,164.88,,,,,,,,,,,,
22285,10.0250242v1,10,,2,1,,11/4/2021 16:50,,,,10,,,,,120,1.79,236.28,,,,,,,,,,,,
22285,10.0250237v1,10,,2,1,,11/4/2021 16:50,,,,10,,,,,120,1.79,236.28,,,,,,,,,,,,
22286,15.0259766v3,15,,7,3,,11/4/2021 20:43,,,,10,,,,,120,3.7,488.4,,,,,,,,,,,,
22287,10.0258856v1,10,,2,4,,11/10/2021 23:01,,,,10,,,,,120,2.58,340.56,,,,,,,,,,,,
22287,10.0258853v2,10,,2,4,,11/10/2021 23:01,,,,10,,,,,120,2.58,340.56,,,,,,,,,,,,
22288,10.0261444v1,10,,2,1,,11/4/2021 23:11,,,,21,,,,,250,1.79,472.56,,,,,,,,,,,,
22289,10.0252837v6,10,,2,1,,11/4/2021 17:58,,,,10,,,,,120,1.79,236.28,,,,,,,,,,,,
22290,10.0260538v2,10,,2,4,,11/4/2021 21:30,,,,7,,,,,79,2.58,247.68,,,,,,,,,,,,
22291,10.0261082v1,10,,2,1,,11/4/2021 18:25,,,,5,,,,,60,2.29,164.88,,,,,,,,,,,,
22291,10.0260706v2,10,,2,1,,11/4/2021 18:25,,,,5,,,,,60,2.29,164.88,,,,,,,,,,,,
22292,10.0261481v1,10,,2,1,,11/4/2021 18:50,,,,11,,,,,125,1.79,257.76,,,,,,,,,,,,
22293,10.0237457v2,10,,2,1,,11/4/2021 18:51,,,,30,,,,,360,1.79,665.88,,,,,,,,,,,,
22294,10.0242677v2,10,,2,3,,11/5/2021 18:40,,,,21,,,,,250,2.41,636.24,,,,,,,,,,,,
22295,10.0261499v1,10,,2,4,,11/9/2021 19:06,,,,10,,,,,120,2.58,340.56,,,,,,,,,,,,
22296,10.0260926v1,10,,2,4,,11/4/2021 23:06,,,,17,,,,,200,2.41,520.56,,,,,,,,,,,,
22297,10.0261443v2,10,,2,4,,11/5/2021 16:17,,,,10,,,,,118,2.58,340.56,,,,,,,,,,,,
22297,10.0256844v3,10,,2,4,,11/5/2021 16:17,,,,10,,,,,118,2.58,340.56,,,,,,,,,,,,
22299,10.0224791v1,10,,2,3,,11/5/2021 18:30,,,,11,,,,,125,2.58,371.52,,,,,,,,,,,,
22300,10.0211720v5,10,,2,3,,11/4/2021 23:34,,,,10,,,,,120,2.58,340.56,,,,,,,,,,,,
22301,10.0361724v1,10,,2,3,,11/4/2021 23:49,,,,5,,,,,60,3.66,263.52,,,,,,,,,,,,
22302,10.0260492v1,10,,2,3,,11/5/2021 15:52,,,,42,,,,,500,2.41,1243.56,,,,,,,,,,,,
22303,10.0258905v1,10,,2,3,,11/5/2021 22:44,,,,13,,,,,150,2.41,404.88,,,,,,,,,,,,
22304,10.0261652v2,10,,2,3,,11/5/2021 1:56,,,,5,,,,,60,3.66,263.52,,,,,,,,,,,,
22305,10.0261181v1,10,,2,3,,11/5/2021 14:12,,,,5,,,,,60,3.66,263.52,,,,,,,,,,,,
22306,13.0561719v1,13,,5,3,,11/5/2021 14:13,,,,17,,,,,200,1.45,313.2,,,,,,,,,,,,
22307,10.0260589v1,10,,2,3,,11/5/2021 14:25,,,,5,,,,,60,3.66,263.52,,,,,,,,,,,,
22307,10.0260418v1,10,,2,3,,11/5/2021 14:25,,,,5,,,,,60,3.66,263.52,,,,,,,,,,,,
22308,10.0261466v1,10,,2,4,,11/8/2021 15:37,,,,20,,,,,240,2.41,607.32,,,,,,,,,,,,
22310,10.0261509v1,10,,2,3,,11/5/2021 15:52,,,,20,,,,,230,2.41,607.32,,,,,,,,,,,,
22311,10.0232805v1,10,,2,3,,11/5/2021 20:39,,,,38,,,,,450,2.41,1127.88,,,,,,,,,,,,
22312,10.0215899v8,10,,2,3,,11/5/2021 21:07,,,,60,,,,,720,1.91,1398.12,,,,,,,,,,,,
22313,40.0251655v1,40,,18,3,,11/5/2021 18:40,,,,6,,,,,65,3.74,314.16,,,,,,,,,,,,
22314,10.0261781v1,10,,2,4,,11/5/2021 16:56,,,,5,,,,,60,2.58,185.76,,,,,,,,,,,,
22315,10.0260435v3,10,,2,3,,11/5/2021 17:09,,,,10,,,,,120,2.58,340.56,,,,,,,,,,,,
22316,10.0259096v6,10,,2,4,,11/5/2021 17:45,,,,5,,,,,60,2.58,185.76,,,,,,,,,,,,
22317,10.0261611v2,10,,2,4,,11/5/2021 18:27,,,,5,,,,,60,2.58,185.76,,,,,,,,,,,,
22318,10.0261725v1,10,,2,3,,11/5/2021 18:37,,,,69,,,,,820,1.91,1604.4,,,,,,,,,,,,
22319,10.0261838v1,10,,2,3,,11/5/2021 18:59,,,,10,,,,,120,2.58,340.56,,,,,,,,,,,,
22320,10.0261822v1,10,,2,3,,11/5/2021 19:00,,,,10,,,,,120,2.58,340.56,,,,,,,,,,,,
22321,10.0261833v1,10,,2,3,,11/5/2021 19:36,,,,17,,,,,200,2.41,520.56,,,,,,,,,,,,
22322,10.0250847v1,10,,2,1,,11/5/2021 19:50,,,,84,,,,,1000,1.63,1662.6,,,,,,,,,,,,
22323,10.0261776v2,10,,2,3,,11/5/2021 23:08,,,,10,,,,,120,2.58,340.56,,,,,,,,,,,,
22324,10.0255345v1,10,,2,1,,11/10/2021 18:27,,,,13,,,,,152,1.79,300.72,,,,,,,,,,,,
22325,10.0214612v1,10,,2,3,,11/16/2021 18:09,,,,18,,,,,215,2.41,549.48,,,,,,,,,,,,
22326,10.0240123v3,10,,2,3,,11/5/2021 20:36,,,,17,,,,,200,2.41,520.56,,,,,,,,,,,,
22327,10.0261757v1,10,,2,1,,11/9/2021 13:53,,,,7,,,,,80,2.29,219.84,,,,,,,,,,,,
22329,10.0261453v3,10,,2,3,,11/5/2021 21:33,,,,13,,,,,150,2.41,404.88,,,,,,,,,,,,
22330,10.0261712v2,10,,2,3,,11/8/2021 19:07,,,,7,,,,,75,3.66,351.36,,,,,,,,,,,,
22332,10.0221073v1,10,,2,4,,11/7/2021 12:36,,,,7,,,,,75,2.58,247.68,,,,,,,,,,,,
22333,10.0261503v2,10,,2,4,,11/8/2021 16:37,,,,29,,,,,340,2.41,867.6,,,,,,,,,,,,
22334,16.0240082v1,16,,8,4,,11/8/2021 14:52,,,,7,,,,,75,2.75,264,,,,,,,,,,,,
22335,10.0261889v1,10,,2,3,,11/5/2021 22:19,,,,21,,,,,250,2.41,636.24,,,,,,,,,,,,
22336,10.0261557v1,10,,2,3,,11/5/2021 21:59,,,,47,,,,,555,2.16,1244.16,,,,,,,,,,,,
22337,13.0561541v1,13,,5,3,,11/5/2021 22:03,,,,17,,,,,200,1.45,313.2,,,,,,,,,,,,
22338,10.0261941v1,10,,2,3,,11/5/2021 23:57,,,,50,,,,,600,2.16,1321.92,,,,,,,,,,,,
22339,10.0214612v1,10,,2,4,,11/16/2021 18:24,,,,6,,,,,63,2.58,216.72,,,,,,,,,,,,
22340,10.0260018v2,10,,2,3,,11/5/2021 22:39,,,,11,,,,,125,2.58,371.52,,,,,,,,,,,,
22341,17.0261813v3,17,,9,1,,11/8/2021 16:30,,,,5,,,,,60,2.29,164.88,,,,,,,,,,,,
22342,10.0361955v1,10,,2,1,,11/8/2021 18:16,,,,14,,,,,165,1.79,322.2,,,,,,,,,,,,
22342,10.0244922v1,10,,2,1,,11/8/2021 18:16,,,,14,,,,,165,1.79,322.2,,,,,,,,,,,,
22343,10.0259806v2,10,,2,1,,11/8/2021 16:54,,,,5,,,,,60,2.29,164.88,,,,,,,,,,,,
22344,10.0260445v1,10,,2,3,,11/5/2021 23:54,,,,10,,,,,120,2.58,340.56,,,,,,,,,,,,
22345,40.0261834v2,40,,18,3,,11/8/2021 16:17,,,,13,,,,,153,2.49,418.32,,,,,,,,,,,,
22346,10.0233791v1,10,,2,3,,11/8/2021 13:16,,,,84,,,,,1000,1.91,1948.2,,,,,,,,,,,,
22347,10.0233475v1,10,,2,1,,11/10/2021 23:39,,,,9,,,,,100,2.29,274.8,,,,,,,,,,,,
22347,10.0233475v2,10,,2,1,,11/10/2021 23:39,,,,20,,,,,240,1.79,451.08,,,,,,,,,,,,
22348,10.0361955v1,10,,2,1,,11/8/2021 18:11,,,,5,,,,,60,2.29,164.88,,,,,,,,,,,,
22349,40.0258387v1,40,,18,3,,11/9/2021 21:07,,,,10,,,,,120,2.66,351.12,,,,,,,,,,,,
22350,10.0237004v2,10,,2,4,,11/6/2021 0:50,,,,5,,,,,60,2.58,185.76,,,,,,,,,,,,
22351,10.0259276v3,10,,2,4,,11/19/2021 0:58,,,,5,,,,,60,2.58,185.76,,,,,,,,,,,,
22353,10.0261869v1,10,,2,1,,11/8/2021 23:03,,,,5,,,,,60,2.29,164.88,,,,,,,,,,,,
22354,10.0361839v1,10,,2,1,,11/8/2021 16:18,,,,5,,,,,60,2.29,164.88,,,,,,,,,,,,
22355,10.0249703v3,10,,2,3,,11/8/2021 17:12,,,,21,,,,,250,2.41,636.24,,,,,,,,,,,,
22355,10.0249704v2,10,,2,3,,11/8/2021 17:12,,,,21,,,,,250,2.41,636.24,,,,,,,,,,,,
22356,10.0229324v1,10,,2,1,,11/8/2021 19:02,,,,5,,,,,60,2.29,164.88,,,,,,,,,,,,
22357,10.0261629v1,10,,2,4,,11/8/2021 18:01,,,,20,,,,,240,2.41,607.32,,,,,,,,,,,,
22358,10.0260052v1,10,,2,1,,11/8/2021 17:10,,,,5,,,,,60,2.29,164.88,,,,,,,,,,,,
22359,40.0261946v1,40,,18,4,,11/8/2021 19:15,,,,10,,,,,120,2.75,363,,,,,,,,,,,,
22359,40.0261945v1,40,,18,4,,11/8/2021 19:15,,,,10,,,,,120,2.75,363,,,,,,,,,,,,
22361,10.0248035v2,10,,2,4,,11/8/2021 18:57,,,,20,,,,,240,2.41,607.32,,,,,,,,,,,,
22362,10.0255783v2,10,,2,3,,11/8/2021 22:30,,,,42,,,,,500,2.41,1243.56,,,,,,,,,,,,
22363,10.0260662v2,10,,2,3,,11/9/2021 3:30,,,,10,,,,,120,2.58,340.56,,,,,,,,,,,,
22365,40.0258167v1,40,,18,3,,11/8/2021 22:21,,,,25,,,,,300,2.49,776.88,,,,,,,,,,,,
22366,10.0260917v1,10,,2,4,,11/8/2021 18:45,,,,5,,,,,60,2.58,185.76,,,,,,,,,,,,
22367,40.0263751v1,40,,18,1,,11/9/2021 14:02,,,,9,,,,,100,2.29,274.8,,,,,,,,,,,,
22367,40.0263748v2,40,,18,1,,11/9/2021 14:02,,,,9,,,,,100,2.29,274.8,,,,,,,,,,,,
22369,12.0251034v5,12,,4,1,,11/8/2021 18:57,,,,5,,,,,60,1.96,141.12,,,,,,,,,,,,
22370,40.0261693v1,40,,18,3,,11/8/2021 19:25,,,,20,,,,,240,2.49,627.48,,,,,,,,,,,,
22370,40.0261692v1,40,,18,3,,11/8/2021 19:25,,,,20,,,,,240,2.49,627.48,,,,,,,,,,,,
22370,40.0261691v1,40,,18,3,,11/8/2021 19:25,,,,20,,,,,240,2.49,627.48,,,,,,,,,,,,
22372,10.0262029v1,10,,2,4,,11/8/2021 19:48,,,,7,,,,,75,2.58,247.68,,,,,,,,,,,,
22374,10.0261846v1,10,,2,4,,11/9/2021 13:38,,,,5,,,,,60,2.58,185.76,,,,,,,,,,,,
22374,10.0261848v2,10,,2,4,,11/9/2021 13:38,,,,5,,,,,60,2.58,185.76,,,,,,,,,,,,
22375,10.0259720v1,10,,2,4,,11/8/2021 21:08,,,,5,,,,,60,2.58,185.76,,,,,,,,,,,,
22376,10.0253700v1,10,,2,4,,11/10/2021 20:55,,,,13,,,,,150,2.41,404.88,,,,,,,,,,,,
22377,40.0261858v1,40,,18,3,,11/8/2021 21:50,,,,9,,,,,100,3.66,439.2,,,,,,,,,,,,
22380,10.0252090v1,10,,2,4,,11/9/2021 13:42,,,,5,,,,,60,2.58,185.76,,,,,,,,,,,,
22381,17.0261170v4,17,,9,3,,11/8/2021 22:56,,,,17,,,,,200,2.41,520.56,,,,,,,,,,,,
22382,17.0260821v5,17,,9,3,,11/9/2021 13:56,,,,17,,,,,200,2.41,520.56,,,,,,,,,,,,
22383,10.0261888v1,10,,2,3,,11/9/2021 18:12,,,,42,,,,,500,2.41,1243.56,,,,,,,,,,,,
22384,10.0245854v2,10,,2,3,,11/9/2021 19:00,,,,21,,,,,248,2.41,636.24,,,,,,,,,,,,
22385,10.0261750v2,10,,2,3,,11/8/2021 22:03,,,,5,,,,,60,3.66,263.52,,,,,,,,,,,,
22386,40.0262004v1,40,,18,3,,11/9/2021 13:47,,,,14,,,,,159,2.49,448.2,,,,,,,,,,,,
22386,40.0262003v1,40,,18,3,,11/9/2021 13:47,,,,15,,,,,179,2.49,478.08,,,,,,,,,,,,
22388,10.0251313v2,10,,2,4,,11/9/2021 0:21,,,,5,,,,,60,2.58,185.76,,,,,,,,,,,,
22390,10.0234631v2,10,,2,4,,11/10/2021 19:27,,,,20,,,,,240,2.41,607.32,,,,,,,,,,,,
22390,10.0234630v2,10,,2,4,,11/10/2021 19:27,,,,20,,,,,240,2.41,607.32,,,,,,,,,,,,
22391,10.0259076v1,10,,2,3,,11/9/2021 16:16,,,,5,,,,,60,3.66,263.52,,,,,,,,,,,,
22392,10.0261504v1,10,,2,3,,11/9/2021 14:31,,,,25,,,,,300,2.41,751.92,,,,,,,,,,,,
22393,10.0261999v1,10,,2,4,,11/9/2021 19:02,,,,8,,,,,90,2.58,278.64,,,,,,,,,,,,
22394,10.0259920v2,10,,2,3,,11/9/2021 17:54,,,,16,,,,,190,2.41,491.64,,,,,,,,,,,,
22394,10.0259921v1,10,,2,3,,11/9/2021 17:54,,,,16,,,,,190,2.41,491.64,,,,,,,,,,,,
22395,10.0260655v1,10,,2,1,,11/9/2021 19:04,,,,13,,,,,150,1.79,300.72,,,,,,,,,,,,
22396,10.0243490v1,10,,2,3,,11/9/2021 19:34,,,,5,,,,,60,3.66,263.52,,,,,,,,,,,,
22397,10.0355894v1,10,,2,3,,11/9/2021 19:10,,,,7,,,,,75,3.66,351.36,,,,,,,,,,,,
22398,10.0257501v1,10,,2,3,,11/9/2021 19:40,,,,16,,,,,181,2.41,491.64,,,,,,,,,,,,
22398,10.0257503v1,10,,2,3,,11/9/2021 19:40,,,,16,,,,,181,2.41,491.64,,,,,,,,,,,,
22398,10.0257502v1,10,,2,3,,11/9/2021 19:40,,,,16,,,,,181,2.41,491.64,,,,,,,,,,,,
22399,10.0262624v1,10,,2,1,,11/11/2021 22:48,,,,20,,,,,240,1.79,451.08,,,,,,,,,,,,
22400,10.0244295v2,10,,2,3,,11/9/2021 20:11,,,,30,,,,,350,2.41,896.52,,,,,,,,,,,,
22402,10.024451v2,10,,2,1,,11/9/2021 15:04,,,,5,,,,,60,2.29,164.88,,,,,,,,,,,,
22403,10.0256258v1,10,,2,1,,11/10/2021 1:03,,,,5,,,,,60,2.29,164.88,,,,,,,,,,,,
22405,10.0261730v1,10,,2,1,,11/10/2021 16:23,,,,209,,,,,2500,1.5,3780,,,,,,,,,,,,
22405,10.0261730v1,10,,2,3,,11/10/2021 16:23,,,,209,,,,,2500,1.62,4082.4,,,,,,,,,,,,
22406,10.0240646v1,10,,2,4,,11/9/2021 4:19,,,,5,,,,,60,2.58,185.76,,,,,,,,,,,,
22407,10.0262099v1,10,,2,4,,11/10/2021 0:59,,,,10,,,,,120,2.58,340.56,,,,,,,,,,,,
22408,10.0253112v1,10,,2,4,,11/10/2021 15:32,,,,5,,,,,60,2.58,185.76,,,,,,,,,,,,
22409,10.0258555v1,10,,2,3,,11/9/2021 15:53,,,,10,,,,,120,2.58,340.56,,,,,,,,,,,,
22410,10.0262209v1,10,,2,3,,11/9/2021 15:15,,,,5,,,,,60,3.66,263.52,,,,,,,,,,,,
22411,10.0260399v1,10,,2,3,,11/9/2021 17:56,,,,10,,,,,120,2.58,340.56,,,,,,,,,,,,
22412,10.0259041v1,10,,2,3,,11/9/2021 21:09,,,,5,,,,,60,3.66,263.52,,,,,,,,,,,,
22413,10.0253360v2,10,,2,3,,11/22/2021 22:20,,,,34,,,,,400,2.41,1012.2,,,,,,,,,,,,
22413,10.0253362v2,10,,2,3,,11/22/2021 22:20,,,,34,,,,,400,2.41,1012.2,,,,,,,,,,,,
22414,10.0262242v1,10,,2,1,,12/11/2021 0:03,,,,20,,,,,240,1.79,451.08,,,,,,,,,,,,
22414,10.0262244v1,10,,2,1,,12/11/2021 0:03,,,,20,,,,,240,1.79,451.08,,,,,,,,,,,,
22415,40.0237964v3,40,,18,3,,11/9/2021 17:17,,,,6,,,,,64,3.74,314.16,,,,,,,,,,,,
22416,10.0224579v3,10,,2,3,,11/9/2021 20:58,,,,84,,,,,1000,1.91,1948.2,,,,,,,,,,,,
22417,10.0262062v2,10,,2,3,,11/9/2021 18:08,,,,10,,,,,120,2.58,340.56,,,,,,,,,,,,
22418,10.0260536v1,10,,2,1,,11/9/2021 18:22,,,,5,,,,,60,2.29,164.88,,,,,,,,,,,,
22419,10.0262274v2,10,,2,1,,11/9/2021 21:27,,,,18,,,,,206,1.79,408.12,,,,,,,,,,,,
22420,10.0262293v1,10,,2,4,,11/10/2021 22:59,,,,5,,,,,60,2.58,185.76,,,,,,,,,,,,
22421,10.0259434v2,10,,2,1,,11/9/2021 20:49,,,,7,,,,,75,2.29,219.84,,,,,,,,,,,,
22422,10.0258843v1,10,,2,4,,11/10/2021 21:20,,,,5,,,,,60,2.58,185.76,,,,,,,,,,,,
22423,10.0261437v1,10,,2,3,,11/10/2021 0:57,,,,209,,,,,2500,1.62,4082.4,,,,,,,,,,,,
22424,40.0258625v1,40,,18,1,,11/9/2021 20:45,,,,5,,,,,60,2.29,164.88,,,,,,,,,,,,
22425,10.0261947v4,10,,2,1,,11/10/2021 23:38,,,,10,,,,,120,1.79,236.28,,,,,,,,,,,,
22426,40.0261548v1,40,,18,4,,11/11/2021 17:52,,,,5,,,,,60,2.75,198,,,,,,,,,,,,
22427,10.0243863v2,10,,2,1,,11/9/2021 21:27,,,,5,,,,,60,2.29,164.88,,,,,,,,,,,,
22428,10.0249491v1,10,,2,4,,11/10/2021 19:54,,,,5,,,,,60,2.58,185.76,,,,,,,,,,,,
22429,10.0261615v2,10,,2,1,,11/9/2021 21:59,,,,20,,,,,240,1.79,451.08,,,,,,,,,,,,
22430,10.0262472v1,10,,2,1,,11/9/2021 21:59,,,,20,,,,,240,1.79,451.08,,,,,,,,,,,,
22431,10.0262191v1,10,,2,4,,11/9/2021 22:35,,,,5,,,,,60,2.58,185.76,,,,,,,,,,,,
22432,10.0262488v1,10,,2,4,,11/10/2021 0:58,,,,10,,,,,120,2.58,340.56,,,,,,,,,,,,
22433,10.0221917v1,10,,2,1,,11/9/2021 22:39,,,,34,,,,,400,1.79,751.8,,,,,,,,,,,,
22434,10.0361914v1,10,,2,1,,11/10/2021 22:45,,,,34,,,,,400,1.79,751.8,,,,,,,,,,,,
22434,10.0261459v1,10,,2,1,,11/10/2021 22:45,,,,34,,,,,400,1.79,751.8,,,,,,,,,,,,
22435,10.0261715v1,10,,2,4,,11/10/2021 14:18,,,,30,,,,,360,2.41,896.52,,,,,,,,,,,,
22436,10.0221461v3,10,,2,3,,11/9/2021 23:25,,,,10,,,,,120,2.58,340.56,,,,,,,,,,,,
22437,10.0261747v1,10,,2,3,,11/10/2021 17:54,,,,13,,,,,150,2.41,404.88,,,,,,,,,,,,
22437,10.0261746v1,10,,2,3,,11/10/2021 17:54,,,,13,,,,,150,2.41,404.88,,,,,,,,,,,,
22437,10.0261748v2,10,,2,3,,11/10/2021 17:54,,,,13,,,,,150,2.41,404.88,,,,,,,,,,,,
22438,10.0259303v1,10,,2,4,,11/9/2021 23:41,,,,39,,,,,465,2.41,1156.8,,,,,,,,,,,,
22439,10.0244923v1,10,,2,4,,11/10/2021 18:03,,,,5,,,,,60,2.58,185.76,,,,,,,,,,,,
22439,10.0162262v1,10,,2,4,,11/10/2021 18:03,,,,5,,,,,60,2.58,185.76,,,,,,,,,,,,
22439,10.0362260v1,10,,2,4,,11/10/2021 18:03,,,,5,,,,,60,2.58,185.76,,,,,,,,,,,,
22440,10.0251474v1,10,,2,4,,11/12/2021 15:42,,,,44,,,,,528,2.41,1301.4,,,,,,,,,,,,
22441,10.0221639v3,10,,2,1,,11/10/2021 0:16,,,,8,,,,,91,2.29,247.32,,,,,,,,,,,,
22442,10.0261630v1,10,,2,1,,11/16/2021 16:47,,,,14,,,,,160,1.79,322.2,,,,,,,,,,,,
22443,10.0224678v1,10,,2,1,,11/10/2021 15:29,,,,10,,,,,120,1.79,236.28,,,,,,,,,,,,
22444,10.0223633v7,10,,2,4,,11/10/2021 19:57,,,,5,,,,,60,2.58,185.76,,,,,,,,,,,,
22444,10.0223633v6,10,,2,4,,11/10/2021 19:57,,,,15,,,,,180,2.41,462.72,,,,,,,,,,,,
22445,10.0220943v2,10,,2,1,,11/10/2021 22:03,,,,6,,,,,62,2.29,192.36,,,,,,,,,,,,
22447,10.0223434v1,10,,2,4,,11/10/2021 18:11,,,,9,,,,,100,2.58,309.6,,,,,,,,,,,,
22448,10.0262177v2,10,,2,1,,11/10/2021 21:51,,,,30,,,,,360,1.79,665.88,,,,,,,,,,,,
22449,10.0261635v3,10,,2,1,,11/10/2021 12:48,,,,5,,,,,60,2.29,164.88,,,,,,,,,,,,
22450,10.0260985v1,10,,2,1,,11/10/2021 16:22,,,,5,,,,,60,2.29,164.88,,,,,,,,,,,,
22451,10.0261818v2,10,,2,1,,11/10/2021 15:53,,,,5,,,,,60,2.29,164.88,,,,,,,,,,,,
22452,10.0250277v1,10,,2,1,,11/12/2021 0:29,,,,24,,,,,277,1.79,537,,,,,,,,,,,,
22453,10.0262298v1,10,,2,1,,11/10/2021 15:29,,,,10,,,,,120,1.79,236.28,,,,,,,,,,,,
22455,10.0362379v1,10,,2,1,,11/10/2021 22:03,,,,167,,,,,2000,1.54,3104.64,,,,,,,,,,,,
22456,10.0261341v5,10,,2,3,,11/10/2021 17:21,,,,6,,,,,70,3.66,307.44,,,,,,,,,,,,
22456,10.0261353v3,10,,2,3,,11/10/2021 17:21,,,,6,,,,,70,3.66,307.44,,,,,,,,,,,,
22457,10.0244911v1,10,,2,1,,11/10/2021 18:58,,,,9,,,,,100,2.29,274.8,,,,,,,,,,,,
22458,10.0232251v2,10,,2,4,,11/10/2021 17:27,,,,20,,,,,240,2.41,607.32,,,,,,,,,,,,
22459,10.0162604v1,10,,2,4,,11/10/2021 18:56,,,,5,,,,,60,2.58,185.76,,,,,,,,,,,,
22460,10.0362603v1,10,,2,1,,11/10/2021 18:55,,,,13,,,,,150,1.79,300.72,,,,,,,,,,,,
22461,44.0262431v2,44,,21,1,,11/10/2021 17:54,,,,5,,,,,60,2.29,164.88,,,,,,,,,,,,
22462,10.0262608v1,10,,2,1,,11/10/2021 18:01,,,,7,,,,,80,2.29,219.84,,,,,,,,,,,,
22462,10.0262610v1,10,,2,1,,11/10/2021 18:01,,,,7,,,,,80,2.29,219.84,,,,,,,,,,,,
22463,10.0259300v5,10,,2,1,,11/10/2021 18:10,,,,30,,,,,360,1.79,665.88,,,,,,,,,,,,
22464,10.0262572v2,10,,2,1,,11/10/2021 22:21,,,,25,,,,,300,1.79,558.48,,,,,,,,,,,,
22465,10.0219813v1,10,,2,1,,11/10/2021 18:26,,,,10,,,,,120,1.79,236.28,,,,,,,,,,,,
22466,40.0260944v1,40,,18,3,,11/10/2021 18:52,,,,42,,,,,500,2.49,1284.84,,,,,,,,,,,,
22467,10.0235867v1,10,,2,4,,11/11/2021 14:12,,,,5,,,,,60,2.58,185.76,,,,,,,,,,,,
22468,10.0262202v1,10,,2,4,,11/10/2021 19:30,,,,10,,,,,120,2.58,340.56,,,,,,,,,,,,
22469,10.0231016v2,10,,2,2,,11/24/2021 16:49,,,,617,,,,,7400,1.22,9047.52,,,,,,,,,,,,
22470,10.0262432v1,10,,2,3,,11/10/2021 19:40,,,,23,,,,,276,2.41,694.08,,,,,,,,,,,,
22471,10.0261723v3,10,,2,3,,11/10/2021 19:50,,,,17,,,,,199,2.41,520.56,,,,,,,,,,,,
22472,10.0225826v1,10,,2,4,,11/11/2021 22:53,,,,10,,,,,120,2.58,340.56,,,,,,,,,,,,
22472,10.0225433v3,10,,2,4,,11/11/2021 22:53,,,,10,,,,,120,2.58,340.56,,,,,,,,,,,,
22473,10.0239176v2,10,,2,4,,11/10/2021 23:25,,,,9,,,,,97,2.58,309.6,,,,,,,,,,,,
22474,10.0261824v1,10,,2,3,,11/10/2021 21:28,,,,36,,,,,432,2.41,1070.04,,,,,,,,,,,,
22475,10.029026v1,10,,2,1,,11/16/2021 16:30,,,,11,,,,,128,1.79,257.76,,,,,,,,,,,,
22476,10.0260999v1,10,,2,4,,11/11/2021 14:38,,,,17,,,,,200,2.41,520.56,,,,,,,,,,,,
22478,10.0262451v1,10,,2,1,,11/10/2021 22:51,,,,8,,,,,92,2.29,247.32,,,,,,,,,,,,
22478,10.0262164v2,10,,2,1,,11/10/2021 22:51,,,,18,,,,,212,1.79,408.12,,,,,,,,,,,,
22479,10.027762v1,10,,2,1,,11/17/2021 16:35,,,,5,,,,,60,2.29,164.88,,,,,,,,,,,,
22480,40.0259474v1,40,,18,1,,11/10/2021 23:18,,,,30,,,,,360,1.79,665.88,,,,,,,,,,,,
22481,10.0261395v2,10,,2,3,,11/10/2021 23:22,,,,57,,,,,680,2.16,1503.36,,,,,,,,,,,,
22482,10.0261530v2,10,,2,4,,11/12/2021 18:18,,,,63,,,,,750,1.91,1466.88,,,,,,,,,,,,
22483,10.0259832v1,10,,2,1,,11/11/2021 1:05,,,,42,,,,,500,1.79,923.64,,,,,,,,,,,,
22484,10.0262251v1,10,,2,1,,11/11/2021 15:02,,,,7,,,,,80,2.29,219.84,,,,,,,,,,,,
22486,10.0261193v1,10,,2,1,,11/11/2021 19:20,,,,5,,,,,60,2.29,164.88,,,,,,,,,,,,
22486,10.0261183v1,10,,2,1,,11/11/2021 19:20,,,,5,,,,,60,2.29,164.88,,,,,,,,,,,,
22488,10.0259858v1,10,,2,1,,11/11/2021 21:48,,,,63,,,,,750,1.63,1251.84,,,,,,,,,,,,
22489,10.0262549v1,10,,2,3,,11/12/2021 16:20,,,,24,,,,,280,2.41,723,,,,,,,,,,,,
22490,10.0256448v1,10,,2,4,,11/11/2021 16:26,,,,9,,,,,100,2.58,309.6,,,,,,,,,,,,
22491,10.0262594v1,10,,2,3,,11/11/2021 22:09,,,,10,,,,,120,2.58,340.56,,,,,,,,,,,,
22492,10.0260922v1,10,,2,4,,11/11/2021 16:37,,,,17,,,,,200,2.41,520.56,,,,,,,,,,,,
22492,10.0260921v2,10,,2,4,,11/11/2021 16:37,,,,17,,,,,200,2.41,520.56,,,,,,,,,,,,
22493,17.0259048v2,17,,9,4,,11/11/2021 3:04,,,,10,,,,,120,2.58,340.56,,,,,,,,,,,,
22494,17.0259049v2,17,,9,4,,11/11/2021 3:08,,,,5,,,,,60,2.58,185.76,,,,,,,,,,,,
22495,17.0259047v2,17,,9,4,,11/11/2021 3:10,,,,5,,,,,60,2.58,185.76,,,,,,,,,,,,
22496,10.0261871v1,10,,2,4,,11/11/2021 13:43,,,,6,,,,,70,2.58,216.72,,,,,,,,,,,,
22498,10.0261556v2,10,,2,4,,11/11/2021 19:40,,,,5,,,,,60,2.58,185.76,,,,,,,,,,,,
22499,10.0262301v1,10,,2,4,,11/11/2021 15:18,,,,5,,,,,60,2.58,185.76,,,,,,,,,,,,
22501,10.0261778v1,10,,2,3,,11/11/2021 15:08,,,,10,,,,,120,2.58,340.56,,,,,,,,,,,,
22502,10.0262698v1,10,,2,3,,11/11/2021 15:28,,,,13,,,,,155,2.41,404.88,,,,,,,,,,,,
22503,10.0262769v1,10,,2,4,,11/11/2021 22:57,,,,17,,,,,200,2.41,520.56,,,,,,,,,,,,
22504,10.0262666v1,10,,2,3,,11/11/2021 15:54,,,,11,,,,,130,2.58,371.52,,,,,,,,,,,,
22505,10.0262171v2,10,,2,3,,11/11/2021 16:01,,,,24,,,,,280,2.41,723,,,,,,,,,,,,
22506,10.0262577v1,10,,2,3,,11/13/2021 14:01,,,,30,,,,,360,2.41,896.52,,,,,,,,,,,,
22508,10.0232076v1,10,,2,1,,11/11/2021 16:36,,,,5,,,,,60,2.29,164.88,,,,,,,,,,,,
22508,10.0232077v1,10,,2,1,,11/11/2021 16:36,,,,5,,,,,60,2.29,164.88,,,,,,,,,,,,
22509,10.0262752v2,10,,2,4,,11/11/2021 20:33,,,,5,,,,,60,2.58,185.76,,,,,,,,,,,,
22510,10.0262195v3,10,,2,3,,11/11/2021 16:39,,,,12,,,,,138,2.41,375.96,,,,,,,,,,,,
22510,10.0262195v4,10,,2,3,,11/11/2021 16:39,,,,12,,,,,138,2.41,375.96,,,,,,,,,,,,
22511,10.0262781v1,10,,2,1,,11/11/2021 22:37,,,,9,,,,,100,2.29,274.8,,,,,,,,,,,,
22512,10.0262790v1,10,,2,3,,11/11/2021 21:50,,,,28,,,,,326,2.41,838.68,,,,,,,,,,,,
22513,10.0257800v2,10,,2,3,,11/11/2021 17:58,,,,10,,,,,120,2.58,340.56,,,,,,,,,,,,
22515,10.0262802v1,10,,2,3,,11/11/2021 18:16,,,,11,,,,,125,2.58,371.52,,,,,,,,,,,,
22516,10.0236691v2,10,,2,4,,11/11/2021 19:36,,,,10,,,,,120,2.58,340.56,,,,,,,,,,,,
22517,40.0258420v3,40,,18,3,,11/11/2021 18:25,,,,13,,,,,152,2.49,418.32,,,,,,,,,,,,
22518,10.0261972v1,10,,2,4,,11/12/2021 21:43,,,,5,,,,,60,2.58,185.76,,,,,,,,,,,,
22518,10.0261976v1,10,,2,4,,11/12/2021 21:43,,,,5,,,,,60,2.58,185.76,,,,,,,,,,,,
22518,10.0261980v1,10,,2,4,,11/12/2021 21:43,,,,5,,,,,60,2.58,185.76,,,,,,,,,,,,
22519,10.0262910v1,10,,2,1,,11/11/2021 18:52,,,,5,,,,,60,2.29,164.88,,,,,,,,,,,,
22521,10.0262931v1,10,,2,3,,11/11/2021 18:57,,,,14,,,,,165,2.41,433.8,,,,,,,,,,,,
22522,10.0262758v1,10,,2,3,,11/11/2021 18:58,,,,12,,,,,135,2.41,375.96,,,,,,,,,,,,
22523,10.0362886v1,10,,2,1,,11/11/2021 20:36,,,,5,,,,,60,2.29,164.88,,,,,,,,,,,,
22523,10.0262105v1,10,,2,1,,11/11/2021 20:36,,,,5,,,,,60,2.29,164.88,,,,,,,,,,,,
22524,10.0225363v1,10,,2,4,,11/12/2021 16:57,,,,5,,,,,60,2.58,185.76,,,,,,,,,,,,
22526,10.0262695v1,10,,2,3,,11/11/2021 21:43,,,,93,,,,,1110,1.91,2154.48,,,,,,,,,,,,
22527,10.0262975v1,10,,2,1,,11/11/2021 19:48,,,,9,,,,,105,2.29,274.8,,,,,,,,,,,,
22528,10.0262972v1,10,,2,1,,11/19/2021 23:53,,,,50,,,,,600,1.71,1046.52,,,,,,,,,,,,
22528,10.0262964v1,10,,2,1,,11/19/2021 23:53,,,,50,,,,,600,1.71,1046.52,,,,,,,,,,,,
22528,10.0262971v1,10,,2,1,,11/19/2021 23:53,,,,50,,,,,600,1.71,1046.52,,,,,,,,,,,,
22530,10.0210376v1,10,,2,1,,11/11/2021 20:08,,,,5,,,,,60,2.29,164.88,,,,,,,,,,,,
22531,10.0263020v1,10,,2,4,,11/11/2021 20:22,,,,5,,,,,60,2.58,185.76,,,,,,,,,,,,
22532,10.0263082v2,10,,2,4,,11/11/2021 22:58,,,,5,,,,,60,2.58,185.76,,,,,,,,,,,,
22533,10.0263036v1,10,,2,4,,11/11/2021 20:56,,,,9,,,,,105,2.58,309.6,,,,,,,,,,,,
22534,10.0259124v1,10,,2,4,,11/11/2021 21:40,,,,10,,,,,120,2.58,340.56,,,,,,,,,,,,
22535,10.0257643v1,10,,2,3,,11/12/2021 17:27,,,,218,,,,,2612,1.62,4257.36,,,,,,,,,,,,
22535,10.0257643v1,10,,2,2,,11/12/2021 17:27,,,,75,,,,,900,1.47,1340.64,,,,,,,,,,,,
22536,10.0240341v2,10,,2,4,,11/11/2021 21:38,,,,11,,,,,125,2.58,371.52,,,,,,,,,,,,
22537,10.0262821v1,10,,2,3,,11/11/2021 21:42,,,,17,,,,,200,2.41,520.56,,,,,,,,,,,,
22539,10.0261937v2,10,,2,1,,11/11/2021 22:20,,,,5,,,,,60,2.29,164.88,,,,,,,,,,,,
22540,10.024723v8,10,,2,4,,11/11/2021 22:45,,,,10,,,,,120,2.58,340.56,,,,,,,,,,,,
22541,10.0363041v1,10,,2,4,,11/12/2021 0:14,,,,7,,,,,80,2.58,247.68,,,,,,,,,,,,
22541,10.0363060v1,10,,2,4,,11/12/2021 0:14,,,,7,,,,,80,2.58,247.68,,,,,,,,,,,,
22542,10.0262626v1,10,,2,1,,11/15/2021 16:15,,,,25,,,,,300,1.79,558.48,,,,,,,,,,,,
22543,10.0263269v2,10,,2,1,,11/16/2021 3:25,,,,25,,,,,300,1.79,558.48,,,,,,,,,,,,
22544,10.0262613v2,10,,2,3,,11/12/2021 17:15,,,,19,,,,,225,2.41,578.4,,,,,,,,,,,,
22545,10.0252009v2,10,,2,1,,11/14/2021 5:15,,,,25,,,,,290,1.79,558.48,,,,,,,,,,,,
22546,10.0259668v3,10,,2,4,,11/15/2021 16:09,,,,5,,,,,60,2.58,185.76,,,,,,,,,,,,
22547,10.0262465v4,10,,2,3,,11/12/2021 16:30,,,,13,,,,,151,2.41,404.88,,,,,,,,,,,,
22547,10.0262465v5,10,,2,3,,11/12/2021 16:30,,,,13,,,,,151,2.41,404.88,,,,,,,,,,,,
22548,10.0263154v1,10,,2,4,,11/12/2021 13:09,,,,9,,,,,105,2.58,309.6,,,,,,,,,,,,
22549,10.0261726v1,10,,2,1,,11/15/2021 23:25,,,,5,,,,,60,2.29,164.88,,,,,,,,,,,,
22550,10.0262601v1,10,,2,3,,11/15/2021 15:19,,,,21,,,,,250,2.41,636.24,,,,,,,,,,,,
22551,10.0263232v1,10,,2,4,,11/12/2021 13:44,,,,10,,,,,120,2.58,340.56,,,,,,,,,,,,
22552,10.0262955v3,10,,2,4,,11/12/2021 13:55,,,,23,,,,,270,2.41,694.08,,,,,,,,,,,,
22553,10.0263040v1,10,,2,4,,11/12/2021 16:21,,,,5,,,,,60,2.58,185.76,,,,,,,,,,,,
22554,10.0252951v1,10,,2,1,,11/12/2021 20:55,,,,25,,,,,300,1.79,558.48,,,,,,,,,,,,
22554,10.0252944v1,10,,2,1,,11/12/2021 20:55,,,,25,,,,,300,1.79,558.48,,,,,,,,,,,,
22555,10.0262182v2,10,,2,1,,11/12/2021 14:30,,,,10,,,,,120,1.79,236.28,,,,,,,,,,,,
22556,10.0259900v1,10,,2,1,,11/12/2021 15:04,,,,15,,,,,176,1.79,343.68,,,,,,,,,,,,
22557,10.0262662v1,10,,2,1,,11/12/2021 20:04,,,,5,,,,,60,2.29,164.88,,,,,,,,,,,,
22558,10.0261433v1,10,,2,3,,11/12/2021 15:12,,,,10,,,,,120,2.58,340.56,,,,,,,,,,,,
22559,40.0262401v1,40,,18,1,,11/12/2021 18:53,,,,10,,,,,120,1.79,236.28,,,,,,,,,,,,
22561,10.0262950v1,10,,2,3,,11/12/2021 15:54,,,,21,,,,,251,2.41,636.24,,,,,,,,,,,,
22562,10.0259003v2,10,,2,3,,11/12/2021 16:04,,,,13,,,,,150,2.41,404.88,,,,,,,,,,,,
22563,10.0261230v1,10,,2,1,,11/12/2021 16:25,,,,60,,,,,720,1.63,1193.16,,,,,,,,,,,,
22565,10.0262766v1,10,,2,1,,11/12/2021 16:36,,,,5,,,,,60,2.29,164.88,,,,,,,,,,,,
22566,10.0261785v4,10,,2,4,,11/12/2021 19:23,,,,5,,,,,60,2.58,185.76,,,,,,,,,,,,
22567,10.0262513v1,10,,18,4,,11/12/2021 18:19,,,,7,,,,,80,2.58,247.68,,,,,,,,,,,,
22568,10.0261318v1,10,,2,1,,11/12/2021 16:56,,,,10,,,,,120,1.79,236.28,,,,,,,,,,,,
22569,10.0263161v1,10,,2,1,,11/15/2021 20:55,,,,10,,,,,120,1.79,236.28,,,,,,,,,,,,
22569,10.0263162v1,10,,2,1,,11/15/2021 20:55,,,,10,,,,,120,1.79,236.28,,,,,,,,,,,,
22570,10.0262840v1,10,,2,1,,11/12/2021 17:01,,,,13,,,,,155,1.79,300.72,,,,,,,,,,,,
22571,10.0263240v1,10,,2,3,,11/12/2021 21:44,,,,63,,,,,750,1.91,1466.88,,,,,,,,,,,,
22572,10.0262207v2,10,,2,1,,11/15/2021 15:52,,,,12,,,,,140,1.79,279.24,,,,,,,,,,,,
22573,10.0262674v3,10,,2,1,,11/12/2021 18:14,,,,25,,,,,300,1.79,558.48,,,,,,,,,,,,
22574,10.0263301v1,10,,2,1,,11/12/2021 19:19,,,,20,,,,,240,1.79,451.08,,,,,,,,,,,,
22575,10.0263261v1,10,,2,1,,11/12/2021 19:02,,,,20,,,,,240,1.79,451.08,,,,,,,,,,,,
22576,10.0257472v2,10,,2,4,,11/16/2021 0:51,,,,5,,,,,60,2.58,185.76,,,,,,,,,,,,
22577,10.0262622v1,10,,2,1,,11/15/2021 16:15,,,,17,,,,,200,1.79,386.64,,,,,,,,,,,,
22579,10.0262321v1,10,,2,4,,11/12/2021 22:55,,,,5,,,,,60,2.58,185.76,,,,,,,,,,,,
22581,10.0263321v1,10,,2,1,,11/12/2021 20:14,,,,21,,,,,250,1.79,472.56,,,,,,,,,,,,
22582,10.0262194v3,10,,2,3,,11/12/2021 21:52,,,,10,,,,,120,2.58,340.56,,,,,,,,,,,,
22584,10.0262183v1,10,,2,1,,11/12/2021 20:52,,,,42,,,,,500,1.79,923.64,,,,,,,,,,,,
22587,10.0234867v1,10,,2,1,,11/15/2021 14:48,,,,5,,,,,60,2.29,164.88,,,,,,,,,,,,
22588,10.0264436v1,10,,2,1,,11/19/2021 2:49,,,,84,,,,,1000,1.63,1662.6,,,,,,,,,,,,
22589,10.0261843v5,10,,2,3,,11/12/2021 21:30,,,,21,,,,,250,2.41,636.24,,,,,,,,,,,,
22590,40.0251352v2,40,,18,3,,11/16/2021 3:47,,,,25,,,,,300,2.49,776.88,,,,,,,,,,,,
22591,10.0263302v1,10,,2,1,,11/15/2021 15:50,,,,10,,,,,120,1.79,236.28,,,,,,,,,,,,
22592,10.0263295v1,10,,2,3,,11/12/2021 22:06,,,,17,,,,,200,2.41,520.56,,,,,,,,,,,,
22593,10.0362831v3,10,,2,1,,11/14/2021 23:06,,,,5,,,,,60,2.29,164.88,,,,,,,,,,,,
22593,10.0163202v3,10,,2,1,,11/14/2021 23:06,,,,5,,,,,60,2.29,164.88,,,,,,,,,,,,
22593,10.0262548v5,10,,2,1,,11/14/2021 23:06,,,,10,,,,,120,1.79,236.28,,,,,,,,,,,,
22593,10.0262561v5,10,,2,1,,11/14/2021 23:06,,,,10,,,,,120,1.79,236.28,,,,,,,,,,,,
22593,10.0163202v4,10,,2,1,,11/14/2021 23:06,,,,5,,,,,60,2.29,164.88,,,,,,,,,,,,
22593,10.0362831v4,10,,2,1,,11/14/2021 23:06,,,,5,,,,,60,2.29,164.88,,,,,,,,,,,,
22593,10.0262561v6,10,,2,1,,11/14/2021 23:06,,,,10,,,,,120,1.79,236.28,,,,,,,,,,,,
22593,10.0262548v6,10,,2,1,,11/14/2021 23:06,,,,10,,,,,120,1.79,236.28,,,,,,,,,,,,
22594,40.0262515v1,40,,18,3,,11/12/2021 22:37,,,,25,,,,,300,2.49,776.88,,,,,,,,,,,,
22595,10.0262705v1,10,,2,4,,11/16/2021 0:17,,,,10,,,,,120,2.58,340.56,,,,,,,,,,,,
22596,40.0262858v3,40,,18,1,,11/15/2021 16:07,,,,7,,,,,75,2.29,219.84,,,,,,,,,,,,
22596,40.0262858v2,40,,18,1,,11/15/2021 16:07,,,,7,,,,,75,2.29,219.84,,,,,,,,,,,,
22597,10.0261943v2,10,,2,1,,11/13/2021 0:18,,,,5,,,,,60,2.29,164.88,,,,,,,,,,,,
22598,10.0241393v1,10,,2,3,,11/16/2021 21:09,,,,21,,,,,250,2.41,636.24,,,,,,,,,,,,
22599,10.0263380v1,10,,2,1,,11/15/2021 14:16,,,,5,,,,,60,2.29,164.88,,,,,,,,,,,,
22600,10.0262117v3,10,,2,3,,11/15/2021 13:45,,,,20,,,,,240,2.41,607.32,,,,,,,,,,,,
22601,10.0262800v1,10,,2,1,,11/15/2021 15:29,,,,12,,,,,140,1.79,279.24,,,,,,,,,,,,
22602,10.0262547v3,10,,2,3,,11/15/2021 14:38,,,,16,,,,,189,2.41,491.64,,,,,,,,,,,,
22603,10.0263343v1,10,,2,4,,11/15/2021 15:11,,,,5,,,,,60,2.58,185.76,,,,,,,,,,,,
22604,10.0263247v1,10,,2,3,,11/15/2021 16:43,,,,84,,,,,1000,1.91,1948.2,,,,,,,,,,,,
22605,10.0261412v5,10,,2,3,,11/16/2021 3:29,,,,98,,,,,1169,1.91,2269.08,,,,,,,,,,,,
22606,10.0234054v1,10,,2,4,,11/17/2021 14:26,,,,10,,,,,120,2.58,340.56,,,,,,,,,,,,
22607,10.0262809v2,10,,2,3,,11/15/2021 16:16,,,,30,,,,,360,2.41,896.52,,,,,,,,,,,,
22608,10.0241565v1,10,,2,3,,11/15/2021 18:13,,,,60,,,,,720,1.91,1398.12,,,,,,,,,,,,
22609,17.0243481v1,17,,9,3,,11/16/2021 3:35,,,,10,,,,,120,2.58,340.56,,,,,,,,,,,,
22610,40.0258502v7,40,,18,4,,11/15/2021 18:51,,,,5,,,,,60,2.75,198,,,,,,,,,,,,
22611,10.0262694v1,10,,2,1,,11/15/2021 17:15,,,,40,,,,,480,1.79,880.68,,,,,,,,,,,,
22611,10.0262693v1,10,,2,1,,11/15/2021 17:15,,,,40,,,,,480,1.79,880.68,,,,,,,,,,,,
22612,10.0261805v2,10,,2,4,,11/15/2021 20:41,,,,5,,,,,60,2.58,185.76,,,,,,,,,,,,
22612,10.0362881v1,10,,2,4,,11/15/2021 20:41,,,,5,,,,,60,2.58,185.76,,,,,,,,,,,,
22613,10.0262700v2,10,,2,4,,11/15/2021 18:37,,,,6,,,,,64,2.58,216.72,,,,,,,,,,,,
22614,10.0263320v1,10,,2,3,,11/17/2021 16:22,,,,60,,,,,720,1.91,1398.12,,,,,,,,,,,,
22615,10.0228129v1,10,,2,4,,11/15/2021 21:07,,,,17,,,,,200,2.41,520.56,,,,,,,,,,,,
22616,10.0261968v1,10,,2,1,,11/15/2021 19:55,,,,5,,,,,60,2.29,164.88,,,,,,,,,,,,
22617,10.0262774v1,10,,2,3,,11/15/2021 21:08,,,,13,,,,,150,2.41,404.88,,,,,,,,,,,,
22617,10.0262774v3,10,,2,3,,11/15/2021 21:08,,,,13,,,,,150,2.41,404.88,,,,,,,,,,,,
22618,10.0263382v1,10,,2,4,,11/15/2021 20:47,,,,5,,,,,60,2.58,185.76,,,,,,,,,,,,
22618,10.0262739v3,10,,2,4,,11/15/2021 20:47,,,,5,,,,,60,2.58,185.76,,,,,,,,,,,,
22618,10.0262741v3,10,,2,4,,11/15/2021 20:47,,,,5,,,,,60,2.58,185.76,,,,,,,,,,,,
22619,40.0213316v1,40,,18,1,,11/15/2021 23:53,,,,6,,,,,70,2.29,192.36,,,,,,,,,,,,
22621,10.0263259v1,10,,2,1,,11/15/2021 21:41,,,,5,,,,,60,2.29,164.88,,,,,,,,,,,,
22622,10.0233736v1,10,,2,1,,11/15/2021 20:31,,,,11,,,,,125,1.79,257.76,,,,,,,,,,,,
22623,10.0263766v1,10,,2,1,,11/15/2021 20:47,,,,11,,,,,125,1.79,257.76,,,,,,,,,,,,
22624,10.0263305v2,10,,2,1,,11/15/2021 23:05,,,,5,,,,,60,2.29,164.88,,,,,,,,,,,,
22626,10.028816v3,10,,2,1,,12/10/2021 17:48,,,,20,,,,,240,1.79,451.08,,,,,,,,,,,,
22627,10.0263784v1,10,,2,3,,11/15/2021 21:26,,,,7,,,,,78,3.66,351.36,,,,,,,,,,,,
22627,10.0263785v1,10,,2,3,,11/15/2021 21:26,,,,7,,,,,78,3.66,351.36,,,,,,,,,,,,
22628,10.0233994v1,10,,2,4,,11/15/2021 21:33,,,,9,,,,,105,2.58,309.6,,,,,,,,,,,,
22629,10.0249203v2,10,,2,3,,11/15/2021 21:34,,,,5,,,,,60,3.66,263.52,,,,,,,,,,,,
22629,10.0248743v2,10,,2,3,,11/15/2021 21:34,,,,5,,,,,60,3.66,263.52,,,,,,,,,,,,
22629,10.0262650v1,10,,2,3,,11/15/2021 21:34,,,,5,,,,,60,3.66,263.52,,,,,,,,,,,,
22630,10.0262575v1,10,,2,3,,11/16/2021 3:34,,,,200,,,,,2400,1.62,3907.44,,,,,,,,,,,,
22631,10.0260486v2,10,,2,4,,11/16/2021 19:39,,,,81,,,,,965,1.91,1879.44,,,,,,,,,,,,
22632,10.0263640v1,10,,2,3,,11/15/2021 22:01,,,,20,,,,,240,2.41,607.32,,,,,,,,,,,,
22633,10.0262172v5,10,,2,3,,11/22/2021 22:02,,,,42,,,,,500,2.41,1243.56,,,,,,,,,,,,
22635,10.0259771v1,10,,2,3,,11/16/2021 16:53,,,,6,,,,,65,3.66,307.44,,,,,,,,,,,,
22636,10.0263333v3,10,,2,4,,11/15/2021 22:47,,,,20,,,,,240,2.41,607.32,,,,,,,,,,,,
22636,10.0263334v3,10,,2,4,,11/15/2021 22:47,,,,20,,,,,240,2.41,607.32,,,,,,,,,,,,
22637,10.0218773v1,10,,2,3,,11/16/2021 16:54,,,,10,,,,,120,2.58,340.56,,,,,,,,,,,,
22638,40.0265764v2,40,,18,3,,11/23/2021 0:04,,,,5,,,,,60,3.74,269.28,,,,,,,,,,,,
22638,40.0265764v1,40,,18,3,,11/23/2021 0:04,,,,5,,,,,60,3.74,269.28,,,,,,,,,,,,
22640,10.0262264v1,10,,2,1,,11/15/2021 23:27,,,,10,,,,,120,1.79,236.28,,,,,,,,,,,,
22641,10.0262309v1,10,,2,1,,11/15/2021 23:36,,,,14,,,,,160,1.79,322.2,,,,,,,,,,,,
22642,10.0245755v11,10,,2,3,,11/16/2021 16:53,,,,42,,,,,500,2.41,1243.56,,,,,,,,,,,,
22643,10.0263388v4,10,,2,1,,11/15/2021 23:54,,,,10,,,,,120,1.79,236.28,,,,,,,,,,,,
22644,10.0243490v1,10,,2,1,,11/16/2021 18:21,,,,17,,,,,200,1.79,386.64,,,,,,,,,,,,
22645,10.0261494v1,10,,2,1,,11/19/2021 18:05,,,,6,,,,,61,2.29,192.36,,,,,,,,,,,,
22646,10.0244911v1,10,,2,4,,11/16/2021 18:18,,,,5,,,,,60,2.58,185.76,,,,,,,,,,,,
22647,10.0263335v5,10,,2,1,,11/16/2021 0:39,,,,10,,,,,110,1.96,258.72,,,,,,,,,,,,
22648,40.0263895v1,40,,18,3,,11/16/2021 1:02,,,,10,,,,,120,2.66,351.12,,,,,,,,,,,,
22650,10.0229990v1,10,,2,1,,11/16/2021 14:34,,,,9,,,,,100,2.29,274.8,,,,,,,,,,,,
22652,10.0263926v1,10,,2,1,,11/16/2021 14:50,,,,26,,,,,305,1.79,579.96,,,,,,,,,,,,
22653,10.0251930v1,10,,2,1,,11/17/2021 19:44,,,,21,,,,,250,1.79,472.56,,,,,,,,,,,,
22654,10.0259898v2,10,,2,1,,11/16/2021 17:42,,,,84,,,,,1000,1.63,1662.6,,,,,,,,,,,,
22654,10.0261400v1,10,,2,1,,11/16/2021 17:42,,,,334,,,,,4000,1.5,6030,,,,,,,,,,,,
22654,10.0262006v1,10,,2,1,,11/16/2021 17:42,,,,84,,,,,1000,1.63,1662.6,,,,,,,,,,,,
22655,15.0263893v1,15,,7,3,,11/16/2021 20:04,,,,18,,,,,205,3.53,804.84,,,,,,,,,,,,
22656,44.0259242v1,44,,21,1,,11/16/2021 20:01,,,,13,,,,,146,1.79,300.72,,,,,,,,,,,,
22657,40.0242384v6,40,,18,3,,11/16/2021 19:58,,,,10,,,,,120,2.66,351.12,,,,,,,,,,,,
22658,10.0264029v1,10,,2,1,,11/17/2021 0:19,,,,34,,,,,400,1.79,751.8,,,,,,,,,,,,
22659,10.0246999v1,10,,2,4,,11/18/2021 0:51,,,,10,,,,,120,2.58,340.56,,,,,,,,,,,,
22659,10.0246990v1,10,,2,4,,11/18/2021 0:51,,,,10,,,,,120,2.58,340.56,,,,,,,,,,,,
22660,40.0263904v1,40,,18,4,,11/16/2021 19:41,,,,6,,,,,64,2.75,231,,,,,,,,,,,,
22661,15.0258716v1,15,,7,3,,11/16/2021 18:59,,,,38,,,,,455,3.53,1652.04,,,,,,,,,,,,
22662,15.0262612v1,15,,7,3,,11/16/2021 19:01,,,,11,,,,,125,3.7,532.8,,,,,,,,,,,,
22663,10.0263954v2,10,,2,1,,11/17/2021 15:45,,,,5,,,,,60,2.29,164.88,,,,,,,,,,,,
22664,10.0215319v1,10,,2,3,,11/18/2021 0:48,,,,117,,,,,1400,1.91,2704.56,,,,,,,,,,,,
22667,10.0263919v1,10,,2,4,,11/16/2021 20:20,,,,10,,,,,120,2.58,340.56,,,,,,,,,,,,
22668,10.0263239v1,10,,2,4,,11/16/2021 19:58,,,,10,,,,,120,2.58,340.56,,,,,,,,,,,,
22669,17.0264052v2,17,,9,4,,11/19/2021 18:19,,,,7,,,,,75,2.58,247.68,,,,,,,,,,,,
22670,10.0263404v3,10,,2,4,,11/16/2021 20:08,,,,17,,,,,200,2.41,520.56,,,,,,,,,,,,
22671,10.0259717v1,10,,2,4,,11/16/2021 21:11,,,,10,,,,,120,2.58,340.56,,,,,,,,,,,,
22671,12.0261360v2,12,,4,4,,11/16/2021 21:11,,,,5,,,,,60,2.83,203.76,,,,,,,,,,,,
22672,10.0247771v1,10,,2,1,,11/18/2021 15:36,,,,12,,,,,140,1.79,279.24,,,,,,,,,,,,
22672,10.0243490v1,10,,2,1,,11/18/2021 15:30,,,,10,,,,,120,1.79,236.28,,,,,,,,,,,,
22672,10.0346079v1,10,,2,1,,11/18/2021 15:30,,,,10,,,,,120,1.79,236.28,,,,,,,,,,,,
22673,10.0262467v4,10,,2,1,,11/16/2021 21:17,,,,20,,,,,240,1.79,451.08,,,,,,,,,,,,
22674,10.0262470v1,10,,2,4,,11/16/2021 21:41,,,,5,,,,,60,2.58,185.76,,,,,,,,,,,,
22674,10.0262471v1,10,,2,4,,11/16/2021 21:41,,,,5,,,,,60,2.58,185.76,,,,,,,,,,,,
22675,10.0259834v4,10,,2,4,,11/16/2021 23:16,,,,13,,,,,152,2.41,404.88,,,,,,,,,,,,
22675,10.0259872v3,10,,2,4,,11/16/2021 23:16,,,,11,,,,,127,2.58,371.52,,,,,,,,,,,,
22675,10.0259810v1,10,,2,4,,11/16/2021 23:16,,,,11,,,,,127,2.58,371.52,,,,,,,,,,,,
22675,10.0259854v3,10,,2,4,,11/16/2021 23:16,,,,13,,,,,152,2.41,404.88,,,,,,,,,,,,
22676,10.0259587v1,10,,2,4,,11/16/2021 22:22,,,,5,,,,,60,2.58,185.76,,,,,,,,,,,,
22677,10.0257303v2,10,,2,3,,11/16/2021 22:02,,,,5,,,,,60,3.66,263.52,,,,,,,,,,,,
22678,10.0247547v1,10,,2,1,,11/17/2021 17:53,,,,84,,,,,1000,1.63,1662.6,,,,,,,,,,,,
22679,10.0262792v1,10,,2,4,,11/16/2021 22:08,,,,6,,,,,64,2.58,216.72,,,,,,,,,,,,
22680,10.0262795v1,10,,2,1,,11/19/2021 22:46,,,,6,,,,,64,2.29,192.36,,,,,,,,,,,,
22681,10.0261916v1,10,,2,3,,11/17/2021 16:26,,,,10,,,,,120,2.58,340.56,,,,,,,,,,,,
22681,10.0261918v1,10,,2,3,,11/17/2021 16:26,,,,10,,,,,120,2.58,340.56,,,,,,,,,,,,
22681,10.0261923v1,10,,2,3,,11/17/2021 16:26,,,,10,,,,,120,2.58,340.56,,,,,,,,,,,,
22682,10.0263348v3,10,,2,3,,11/17/2021 0:21,,,,10,,,,,120,2.58,340.56,,,,,,,,,,,,
22683,10.0264165v1,10,,2,1,,11/17/2021 0:08,,,,5,,,,,60,2.29,164.88,,,,,,,,,,,,
22684,10.0261687v1,10,,2,1,,11/17/2021 20:10,,,,17,,,,,200,1.79,386.64,,,,,,,,,,,,
22685,10.0262704v1,10,,2,1,,11/17/2021 0:21,,,,192,,,,,2300,1.54,3566.64,,,,,,,,,,,,
22686,10.0224399v1,10,,2,3,,11/17/2021 18:12,,,,10,,,,,120,2.58,340.56,,,,,,,,,,,,
22687,10.024583v1,10,,2,4,,11/16/2021 23:14,,,,10,,,,,120,2.58,340.56,,,,,,,,,,,,
22688,10.0264173v1,10,,2,1,,11/17/2021 23:34,,,,14,,,,,161,1.79,322.2,,,,,,,,,,,,
22689,10.0241158v1,10,,2,3,,11/17/2021 17:47,,,,10,,,,,120,2.58,340.56,,,,,,,,,,,,
22690,10.0257277v1,10,,2,1,,11/17/2021 13:12,,,,5,,,,,60,2.29,164.88,,,,,,,,,,,,
22690,10.0264250v1,10,,2,1,,11/17/2021 13:12,,,,5,,,,,60,2.29,164.88,,,,,,,,,,,,
22691,10.0263627v1,10,,2,1,,11/17/2021 19:06,,,,10,,,,,120,1.79,236.28,,,,,,,,,,,,
22692,10.0216102v1,10,,2,4,,11/17/2021 13:12,,,,20,,,,,240,2.41,607.32,,,,,,,,,,,,
22692,10.0216094v1,10,,2,4,,11/17/2021 13:12,,,,10,,,,,120,2.58,340.56,,,,,,,,,,,,
22692,10.0216100v1,10,,2,4,,11/17/2021 13:12,,,,20,,,,,240,2.41,607.32,,,,,,,,,,,,
22692,10.0216095v1,10,,2,4,,11/17/2021 13:12,,,,10,,,,,120,2.58,340.56,,,,,,,,,,,,
22693,10.0245773v2,10,,2,1,,11/17/2021 0:21,,,,5,,,,,60,2.29,164.88,,,,,,,,,,,,
22693,10.0245778v1,10,,2,1,,11/17/2021 0:21,,,,5,,,,,60,2.29,164.88,,,,,,,,,,,,
22694,10.0257454v1,10,,2,1,,11/17/2021 18:34,,,,417,,,,,5000,1.46,7323.36,,,,,,,,,,,,
22695,10.0261419v1,10,,2,1,,11/17/2021 1:03,,,,5,,,,,60,2.29,164.88,,,,,,,,,,,,
22697,10.0261035v1,10,,2,1,,11/17/2021 16:14,,,,11,,,,,130,1.79,257.76,,,,,,,,,,,,
22697,10.0261044v1,10,,2,1,,11/17/2021 16:14,,,,11,,,,,130,1.79,257.76,,,,,,,,,,,,
22697,10.0261033v1,10,,2,1,,11/17/2021 16:14,,,,11,,,,,130,1.79,257.76,,,,,,,,,,,,
22697,10.0261045v1,10,,2,1,,11/17/2021 16:14,,,,11,,,,,130,1.79,257.76,,,,,,,,,,,,
22697,10.0261036v1,10,,2,1,,11/17/2021 16:14,,,,11,,,,,130,1.79,257.76,,,,,,,,,,,,
22698,10.0263403v1,10,,2,4,,11/17/2021 17:56,,,,5,,,,,60,2.58,185.76,,,,,,,,,,,,
22698,10.0263405v1,10,,2,4,,11/17/2021 17:56,,,,5,,,,,60,2.58,185.76,,,,,,,,,,,,
22700,40.0264002v1,40,,18,3,,11/18/2021 0:52,,,,9,,,,,101,3.66,439.2,,,,,,,,,,,,
22700,40.0264003v1,40,,18,3,,11/18/2021 0:52,,,,9,,,,,101,3.66,439.2,,,,,,,,,,,,
22701,10.0263999v1,10,,2,4,,11/17/2021 15:51,,,,5,,,,,60,2.58,185.76,,,,,,,,,,,,
22702,10.0263113v2,10,,2,4,,11/17/2021 9:25,,,,5,,,,,60,2.58,185.76,,,,,,,,,,,,
22703,10.0260727v1,10,,2,1,,11/17/2021 16:42,,,,5,,,,,60,2.29,164.88,,,,,,,,,,,,
22704,10.0264038v1,10,,2,1,,11/17/2021 13:10,,,,11,,,,,127,1.79,257.76,,,,,,,,,,,,
22706,10.0263138v1,10,,2,1,,11/17/2021 15:21,,,,10,,,,,120,1.79,236.28,,,,,,,,,,,,
22707,10.0264277v1,10,,2,1,,11/17/2021 14:45,,,,30,,,,,360,1.79,665.88,,,,,,,,,,,,
22708,40.0263505v2,40,,18,4,,11/17/2021 15:07,,,,5,,,,,60,2.75,198,,,,,,,,,,,,
22710,10.0264207v1,10,,2,3,,11/17/2021 16:23,,,,11,,,,,125,2.58,371.52,,,,,,,,,,,,
22711,10.0263777v1,10,,2,3,,11/17/2021 16:52,,,,37,,,,,441,2.41,1098.96,,,,,,,,,,,,
22712,10.0257712v8,10,,2,3,,11/17/2021 17:18,,,,14,,,,,160,2.41,433.8,,,,,,,,,,,,
22714,10.0262233v5,10,,2,1,,11/17/2021 17:26,,,,15,,,,,175,1.79,343.68,,,,,,,,,,,,
22715,10.0255228v1,10,,2,4,,11/17/2021 18:48,,,,11,,,,,124,2.58,371.52,,,,,,,,,,,,
22716,10.0263510v1,10,,2,4,,11/17/2021 17:34,,,,5,,,,,60,2.58,185.76,,,,,,,,,,,,
22717,10.0227634v1,10,,2,1,,11/17/2021 21:58,,,,6,,,,,63,2.29,192.36,,,,,,,,,,,,
22718,10.0247424v2,10,,2,1,,11/17/2021 18:05,,,,5,,,,,60,2.29,164.88,,,,,,,,,,,,
22719,10.0264412v1,10,,2,1,,11/17/2021 18:21,,,,9,,,,,105,2.29,274.8,,,,,,,,,,,,
22720,10.0263681v1,10,,2,1,,11/17/2021 19:55,,,,5,,,,,60,2.29,164.88,,,,,,,,,,,,
22721,10.0261883v4,10,,2,3,,11/23/2021 15:23,,,,34,,,,,400,2.41,1012.2,,,,,,,,,,,,
22722,10.0263513v2,10,,2,3,,11/17/2021 20:56,,,,35,,,,,418,2.41,1041.12,,,,,,,,,,,,
22723,10.0263551v1,10,,2,1,,11/22/2021 16:53,,,,7,,,,,75,2.29,219.84,,,,,,,,,,,,
22723,10.0263551v2,10,,2,1,,11/22/2021 16:53,,,,7,,,,,75,2.29,219.84,,,,,,,,,,,,
22724,10.0242059v2,10,,2,3,,11/23/2021 19:31,,,,42,,,,,500,2.41,1243.56,,,,,,,,,,,,
22725,40.0260617v2,40,,18,4,,11/17/2021 22:48,,,,34,,,,,400,2.58,1083.6,,,,,,,,,,,,
22726,10.0264463v2,10,,2,3,,11/17/2021 19:45,,,,23,,,,,276,2.41,694.08,,,,,,,,,,,,
22727,10.0262299v1,10,,2,4,,12/11/2021 18:03,,,,5,,,,,60,2.58,185.76,,,,,,,,,,,,
22728,10.0263803v1,10,,2,1,,11/17/2021 21:13,,,,5,,,,,60,2.29,164.88,,,,,,,,,,,,
22729,10.0264232v1,10,,2,1,,11/17/2021 20:49,,,,10,,,,,120,1.79,236.28,,,,,,,,,,,,
22730,10.0264273v1,10,,2,3,,11/17/2021 21:56,,,,10,,,,,120,2.58,340.56,,,,,,,,,,,,
22731,10.0262522v2,10,,2,1,,11/18/2021 0:31,,,,9,,,,,100,2.29,274.8,,,,,,,,,,,,
22731,10.0262755v1,10,,2,1,,11/18/2021 0:31,,,,9,,,,,100,2.29,274.8,,,,,,,,,,,,
22732,10.0257970v1,10,,2,1,,11/17/2021 22:16,,,,5,,,,,60,2.29,164.88,,,,,,,,,,,,
22733,10.0242681v1,10,,2,3,,11/17/2021 22:09,,,,10,,,,,120,2.58,340.56,,,,,,,,,,,,
22734,10.0264249v1,10,,2,1,,11/18/2021 0:28,,,,5,,,,,60,2.29,164.88,,,,,,,,,,,,
22734,12.0264242v4,12,,4,1,,11/18/2021 0:28,,,,5,,,,,60,1.96,141.12,,,,,,,,,,,,
22736,40.0242395v5,40,,18,1,,11/18/2021 14:59,,,,20,,,,,240,1.79,451.08,,,,,,,,,,,,
22737,10.0234646v1,10,,2,1,,11/18/2021 18:08,,,,42,,,,,500,1.79,923.64,,,,,,,,,,,,
22738,10.0262236v1,10,,2,1,,11/18/2021 21:38,,,,46,,,,,550,1.71,964.44,,,,,,,,,,,,
22739,10.0263855v1,10,,2,4,,11/19/2021 2:43,,,,5,,,,,60,2.58,185.76,,,,,,,,,,,,
22740,10.0263880v1,10,,2,1,,11/18/2021 12:07,,,,5,,,,,60,2.29,164.88,,,,,,,,,,,,
22741,10.0264376v1,10,,2,1,,11/18/2021 0:31,,,,5,,,,,60,2.29,164.88,,,,,,,,,,,,
22742,10.0243834v1,10,,2,1,,11/18/2021 14:17,,,,5,,,,,60,2.29,164.88,,,,,,,,,,,,
22742,10.0214595v1,10,,2,1,,11/18/2021 14:17,,,,5,,,,,60,2.29,164.88,,,,,,,,,,,,
22744,10.0250841v1,10,,2,1,,11/18/2021 0:57,,,,78,,,,,930,1.63,1545.24,,,,,,,,,,,,
22744,10.0250842v1,10,,2,1,,11/18/2021 0:57,,,,78,,,,,930,1.63,1545.24,,,,,,,,,,,,
22745,10.0258826v2,10,,2,1,,11/18/2021 0:07,,,,13,,,,,151,1.79,300.72,,,,,,,,,,,,
22745,10.0258827v2,10,,2,1,,11/18/2021 0:07,,,,13,,,,,151,1.79,300.72,,,,,,,,,,,,
22746,40.0262405v2,40,,18,4,,11/19/2021 2:43,,,,5,,,,,60,2.75,198,,,,,,,,,,,,
22747,10.0261493v4,10,,2,4,,11/19/2021 4:03,,,,5,,,,,60,2.58,185.76,,,,,,,,,,,,
22748,10.0232967v3,10,,2,1,,11/18/2021 18:14,,,,209,,,,,2500,1.5,3780,,,,,,,,,,,,
22749,40.0264310v1,40,,18,1,,11/18/2021 0:46,,,,6,,,,,62,2.29,192.36,,,,,,,,,,,,
22750,12.0258683v1,12,,4,3,,11/18/2021 18:09,,,,100,,,,,1200,1.66,2011.92,,,,,,,,,,,,
22752,10.0214640v1,10,,2,3,,11/24/2021 17:02,,,,11,,,,,125,2.58,371.52,,,,,,,,,,,,
22753,10.0264319v1,10,,2,1,,11/18/2021 18:21,,,,17,,,,,200,1.79,386.64,,,,,,,,,,,,
22754,40.0262331v2,40,,18,4,,11/18/2021 18:17,,,,5,,,,,60,2.75,198,,,,,,,,,,,,
22755,10.0264384v1,10,,2,1,,11/18/2021 19:07,,,,5,,,,,60,2.29,164.88,,,,,,,,,,,,
22756,10.0264466v1,10,,2,1,,11/18/2021 11:15,,,,35,,,,,420,1.79,773.28,,,,,,,,,,,,
22757,40.0263251v1,40,,18,1,,11/18/2021 11:27,,,,15,,,,,180,1.79,343.68,,,,,,,,,,,,
22758,10.0263311v1,10,,2,4,,11/18/2021 14:39,,,,6,,,,,65,2.58,216.72,,,,,,,,,,,,
22759,10.0264608v1,10,,2,4,,11/18/2021 14:48,,,,9,,,,,105,2.58,309.6,,,,,,,,,,,,
22760,10.0234631v2,10,,2,4,,11/18/2021 18:12,,,,20,,,,,240,2.41,607.32,,,,,,,,,,,,
22760,10.0234630v2,10,,2,4,,11/18/2021 18:12,,,,20,,,,,240,2.41,607.32,,,,,,,,,,,,
22761,10.0263556v1,10,,2,4,,11/19/2021 18:02,,,,5,,,,,60,2.58,185.76,,,,,,,,,,,,
22762,10.0264104v2,10,,2,1,,11/18/2021 15:08,,,,10,,,,,120,1.79,236.28,,,,,,,,,,,,
22763,10.0264434v1,10,,2,4,,11/18/2021 15:09,,,,5,,,,,60,2.58,185.76,,,,,,,,,,,,
22765,10.0264671v1,10,,2,4,,11/18/2021 15:25,,,,6,,,,,65,2.58,216.72,,,,,,,,,,,,
22766,10.0233313v1,10,,2,1,,11/18/2021 16:09,,,,10,,,,,120,1.79,236.28,,,,,,,,,,,,
22767,10.0263105v1,10,,2,4,,11/24/2021 21:31,,,,10,,,,,120,2.58,340.56,,,,,,,,,,,,
22768,10.0260024v3,10,,2,1,,11/18/2021 15:39,,,,23,,,,,270,1.79,515.52,,,,,,,,,,,,
22769,10.0260910v1,10,,2,1,,11/20/2021 0:45,,,,25,,,,,300,1.79,558.48,,,,,,,,,,,,
22770,10.0261293v1,10,,2,4,,11/19/2021 17:50,,,,8,,,,,95,2.58,278.64,,,,,,,,,,,,
22771,10.0264100v1,10,,2,3,,11/18/2021 16:10,,,,25,,,,,300,2.41,751.92,,,,,,,,,,,,
22772,10.0264046v1,10,,2,3,,11/18/2021 18:22,,,,21,,,,,250,2.41,636.24,,,,,,,,,,,,
22773,10.0261575v2,10,,2,4,,11/18/2021 17:18,,,,6,,,,,64,2.58,216.72,,,,,,,,,,,,
22774,10.0219356v2,10,,2,3,,11/18/2021 16:36,,,,17,,,,,200,2.41,520.56,,,,,,,,,,,,
22775,10.0232656v1,10,,2,4,,11/19/2021 2:44,,,,21,,,,,250,2.41,636.24,,,,,,,,,,,,
22776,10.0351513v1,10,,2,1,,11/19/2021 15:32,,,,10,,,,,120,1.79,236.28,,,,,,,,,,,,
22777,10.0213278v1,10,,2,4,,11/18/2021 18:06,,,,5,,,,,60,2.58,185.76,,,,,,,,,,,,
22779,10.0164880v1,10,,2,1,,11/18/2021 18:56,,,,5,,,,,60,2.29,164.88,,,,,,,,,,,,
22779,10.0361955v1,10,,2,1,,11/18/2021 18:56,,,,9,,,,,100,2.29,274.8,,,,,,,,,,,,
22779,10.0244922v1,10,,2,1,,11/18/2021 18:56,,,,9,,,,,100,2.29,274.8,,,,,,,,,,,,
22780,10.0263229v1,10,,2,1,,11/18/2021 20:27,,,,25,,,,,300,1.79,558.48,,,,,,,,,,,,
22781,10.0258148v1,10,,2,1,,11/18/2021 18:56,,,,5,,,,,60,2.29,164.88,,,,,,,,,,,,
22782,10.0264675v3,10,,2,4,,11/18/2021 19:11,,,,10,,,,,120,2.58,340.56,,,,,,,,,,,,
22783,10.0264675v3,10,,2,1,,11/18/2021 19:12,,,,5,,,,,60,2.29,164.88,,,,,,,,,,,,
22784,10.0264687v2,10,,2,3,,11/18/2021 19:30,,,,20,,,,,240,2.41,607.32,,,,,,,,,,,,
22785,10.0264543v4,10,,2,3,,11/18/2021 20:09,,,,10,,,,,120,2.58,340.56,,,,,,,,,,,,
22786,10.0252797v1,10,,2,3,,11/18/2021 20:16,,,,10,,,,,120,2.58,340.56,,,,,,,,,,,,
22787,10.0262703v2,10,,2,3,,11/19/2021 21:02,,,,23,,,,,275,2.41,694.08,,,,,,,,,,,,
22788,40.0261314v1,40,,18,3,,11/18/2021 20:28,,,,10,,,,,120,2.66,351.12,,,,,,,,,,,,
22789,10.0264791v1,10,,2,1,,11/19/2021 2:47,,,,32,,,,,375,1.79,708.84,,,,,,,,,,,,
22790,10.0264956v1,10,,2,1,,11/19/2021 2:45,,,,6,,,,,63,2.29,192.36,,,,,,,,,,,,
22791,10.0264582v1,10,,2,3,,11/19/2021 17:55,,,,10,,,,,120,2.58,340.56,,,,,,,,,,,,
22791,10.0264396v1,10,,2,3,,11/19/2021 17:55,,,,5,,,,,60,3.66,263.52,,,,,,,,,,,,
22791,10.0264380v2,10,,2,3,,11/19/2021 17:55,,,,5,,,,,60,3.66,263.52,,,,,,,,,,,,
22792,10.0263917v1,10,,2,4,,11/19/2021 2:45,,,,84,,,,,1001,1.91,1948.2,,,,,,,,,,,,
22793,10.0264034v1,10,,2,4,,11/19/2021 2:49,,,,100,,,,,1200,1.91,2314.92,,,,,,,,,,,,
22794,10.0265828v2,10,,2,4,,11/24/2021 21:10,,,,5,,,,,60,2.58,185.76,,,,,,,,,,,,
22795,10.0264744v1,10,,2,1,,11/18/2021 21:44,,,,5,,,,,60,2.29,164.88,,,,,,,,,,,,
22796,10.0249782v2,10,,2,3,,11/18/2021 23:54,,,,10,,,,,120,2.58,340.56,,,,,,,,,,,,
22798,10.0262484v1,10,,2,3,,11/19/2021 16:21,,,,40,,,,,480,2.41,1185.72,,,,,,,,,,,,
22799,10.0264917v1,10,,2,4,,11/19/2021 16:54,,,,71,,,,,850,1.91,1650.24,,,,,,,,,,,,
22800,10.0233767v1,10,,2,3,,11/19/2021 20:23,,,,10,,,,,120,2.58,340.56,,,,,,,,,,,,
22802,10.0265230v1,10,,2,1,,11/22/2021 17:01,,,,9,,,,,100,2.29,274.8,,,,,,,,,,,,
22802,10.0262909v1,10,,2,1,,11/22/2021 17:01,,,,17,,,,,200,1.79,386.64,,,,,,,,,,,,
22802,10.0262906v1,10,,2,1,,11/22/2021 17:01,,,,17,,,,,200,1.79,386.64,,,,,,,,,,,,
22802,10.0265230v2,10,,2,1,,11/22/2021 17:01,,,,9,,,,,100,2.29,274.8,,,,,,,,,,,,
22803,10.0240503v1,10,,2,1,,11/19/2021 15:06,,,,21,,,,,250,1.79,472.56,,,,,,,,,,,,
22804,10.0264874v1,10,,2,1,,11/23/2021 21:44,,,,40,,,,,475,1.79,880.68,,,,,,,,,,,,
22805,10.0264142v2,10,,2,1,,11/19/2021 18:21,,,,27,,,,,320,1.79,601.44,,,,,,,,,,,,
22806,10.0463212v1,10,,2,3,,11/22/2021 23:51,,,,10,,,,,120,2.58,340.56,,,,,,,,,,,,
22806,10.0259281v2,10,,2,3,,11/22/2021 23:51,,,,25,,,,,300,2.41,751.92,,,,,,,,,,,,
22807,10.0264572v5,10,,2,3,,11/19/2021 14:30,,,,34,,,,,400,2.41,1012.2,,,,,,,,,,,,
22808,10.0257193v1,10,,2,1,,11/19/2021 14:36,,,,10,,,,,120,1.79,236.28,,,,,,,,,,,,
22808,10.0256146v2,10,,2,1,,11/19/2021 14:36,,,,10,,,,,120,1.79,236.28,,,,,,,,,,,,
22809,10.0263927v2,10,,2,3,,11/19/2021 14:38,,,,38,,,,,450,2.41,1127.88,,,,,,,,,,,,
22810,10.0262980v1,10,,2,1,,11/19/2021 20:07,,,,11,,,,,121,1.79,257.76,,,,,,,,,,,,
22811,15.0264150v1,15,,7,3,,11/19/2021 15:25,,,,10,,,,,120,3.7,488.4,,,,,,,,,,,,
22812,10.0262774v5,10,,2,1,,11/19/2021 16:44,,,,13,,,,,150,1.79,300.72,,,,,,,,,,,,
22814,10.0264494v3,10,,2,4,,11/19/2021 18:54,,,,9,,,,,100,2.58,309.6,,,,,,,,,,,,
22815,10.0264952v1,10,,2,4,,11/19/2021 18:20,,,,5,,,,,60,2.58,185.76,,,,,,,,,,,,
22816,10.0259391v2,10,,2,1,,11/19/2021 18:24,,,,20,,,,,240,1.79,451.08,,,,,,,,,,,,
22817,10.0365145v1,10,,2,3,,11/19/2021 20:21,,,,5,,,,,60,3.66,263.52,,,,,,,,,,,,
22817,10.0264714v1,10,,2,3,,11/19/2021 20:21,,,,15,,,,,180,2.41,462.72,,,,,,,,,,,,
22818,10.0261348v5,10,,2,1,,11/19/2021 19:15,,,,13,,,,,150,1.79,300.72,,,,,,,,,,,,
22818,10.0261348v4,10,,2,1,,11/19/2021 19:15,,,,13,,,,,150,1.79,300.72,,,,,,,,,,,,
22820,40.0264184v1,40,,18,3,,11/19/2021 19:27,,,,11,,,,,125,2.66,383.04,,,,,,,,,,,,
22821,10.0264857v1,10,,2,3,,11/22/2021 22:04,,,,25,,,,,300,2.41,751.92,,,,,,,,,,,,
22821,10.0264469v2,10,,2,3,,11/22/2021 22:04,,,,25,,,,,300,2.41,751.92,,,,,,,,,,,,
22822,10.0265245v1,10,,2,3,,11/19/2021 19:43,,,,50,,,,,600,2.16,1321.92,,,,,,,,,,,,
22824,40.0249637v1,40,,18,4,,11/24/2021 17:55,,,,10,,,,,120,2.75,363,,,,,,,,,,,,
22825,10.0261739v1,10,,2,1,,11/23/2021 22:39,,,,10,,,,,120,1.79,236.28,,,,,,,,,,,,
22826,10.0265134v1,10,,2,3,,11/19/2021 20:28,,,,10,,,,,120,2.58,340.56,,,,,,,,,,,,
22827,10.0265213v1,10,,2,1,,11/19/2021 20:54,,,,5,,,,,60,2.29,164.88,,,,,,,,,,,,
22828,10.0262780v4,10,,2,1,,11/22/2021 15:51,,,,25,,,,,300,1.79,558.48,,,,,,,,,,,,
22829,10.0243061v1,10,,2,3,,11/22/2021 13:24,,,,26,,,,,306,2.41,780.84,,,,,,,,,,,,
22830,10.0264704v1,10,,2,1,,11/22/2021 15:04,,,,25,,,,,300,1.79,558.48,,,,,,,,,,,,
22831,10.0260733v1,10,,2,3,,11/19/2021 23:57,,,,6,,,,,72,3.66,307.44,,,,,,,,,,,,
22831,10.0260724v1,10,,2,3,,11/19/2021 23:57,,,,6,,,,,72,3.66,307.44,,,,,,,,,,,,
22832,10.0264612v1,10,,2,1,,11/20/2021 0:03,,,,26,,,,,301,1.79,579.96,,,,,,,,,,,,
22833,10.0264635v1,10,,2,4,,11/20/2021 0:04,,,,6,,,,,65,2.58,216.72,,,,,,,,,,,,
22834,10.0264523v3,10,,2,1,,11/22/2021 21:54,,,,27,,,,,320,1.79,601.44,,,,,,,,,,,,
22835,10.0265337v1,10,,2,1,,11/19/2021 22:02,,,,13,,,,,155,1.79,300.72,,,,,,,,,,,,
22836,10.0263922v4,10,,2,4,,11/22/2021 18:18,,,,125,,,,,1500,1.91,2887.92,,,,,,,,,,,,
22837,10.0264077v1,10,,2,4,,11/19/2021 22:11,,,,7,,,,,75,2.58,247.68,,,,,,,,,,,,
22838,10.0265143v1,10,,2,1,,11/20/2021 0:05,,,,84,,,,,1000,1.63,1662.6,,,,,,,,,,,,
22839,10.0265020v1,10,,2,1,,11/19/2021 22:50,,,,10,,,,,120,1.79,236.28,,,,,,,,,,,,
22840,10.0258330v2,10,,2,3,,11/19/2021 23:55,,,,25,,,,,300,2.41,751.92,,,,,,,,,,,,
22840,15.0264808v4,15,,7,3,,11/19/2021 23:55,,,,25,,,,,300,3.53,1101.36,,,,,,,,,,,,
22841,10.0263989v1,10,,2,3,,11/20/2021 0:04,,,,86,,,,,1030,1.91,1994.04,,,,,,,,,,,,
22842,10.0264939v2,10,,2,1,,11/19/2021 23:40,,,,10,,,,,120,1.79,236.28,,,,,,,,,,,,
22843,10.0264468v1,10,,2,3,,11/22/2021 16:41,,,,10,,,,,120,2.58,340.56,,,,,,,,,,,,
22843,10.0264468v2,10,,2,3,,11/22/2021 16:41,,,,10,,,,,120,2.58,340.56,,,,,,,,,,,,
22844,10.0234109v2,10,,2,4,,11/22/2021 16:18,,,,11,,,,,123,2.58,371.52,,,,,,,,,,,,
22845,40.0264320v1,40,,18,3,,11/20/2021 0:10,,,,10,,,,,120,2.66,351.12,,,,,,,,,,,,
22846,10.0264149v3,10,,2,3,,11/20/2021 0:51,,,,21,,,,,250,2.41,636.24,,,,,,,,,,,,
22847,10.0262283v5,10,,2,4,,12/18/2021 0:04,,,,7,,,,,75,2.58,247.68,,,,,,,,,,,,
22848,10.0264760v1,10,,2,1,,11/23/2021 22:59,,,,5,,,,,60,2.29,164.88,,,,,,,,,,,,
22849,10.0257328v1,10,,2,3,,11/22/2021 10:49,,,,16,,,,,185,2.41,491.64,,,,,,,,,,,,
22850,10.0265195v1,10,,2,1,,11/22/2021 17:06,,,,14,,,,,168,1.79,322.2,,,,,,,,,,,,
22852,10.0264705v2,10,,2,4,,11/22/2021 21:50,,,,100,,,,,1200,1.91,2314.92,,,,,,,,,,,,
22853,10.0265335v1,10,,2,1,,11/22/2021 17:54,,,,40,,,,,480,1.79,880.68,,,,,,,,,,,,
22854,10.0233105v7,10,,2,1,,11/22/2021 21:45,,,,34,,,,,400,1.79,751.8,,,,,,,,,,,,
22854,10.0226826v1,10,,2,1,,11/22/2021 21:45,,,,59,,,,,700,1.71,1231.2,,,,,,,,,,,,
22854,10.0240690v5,10,,2,1,,11/22/2021 21:45,,,,21,,,,,250,1.79,472.56,,,,,,,,,,,,
22854,10.0226149v1,10,,2,1,,11/22/2021 21:45,,,,42,,,,,500,1.79,923.64,,,,,,,,,,,,
22855,10.0259023v1,10,,2,4,,11/22/2021 16:44,,,,77,,,,,920,1.91,1787.76,,,,,,,,,,,,
22856,10.0265357v1,10,,2,4,,11/22/2021 16:43,,,,5,,,,,60,2.58,185.76,,,,,,,,,,,,
22858,40.0265418v1,40,,18,3,,11/22/2021 18:18,,,,6,,,,,69,3.74,314.16,,,,,,,,,,,,
22859,10.0265487v1,10,,2,1,,11/23/2021 16:13,,,,138,,,,,1650,1.54,2568.72,,,,,,,,,,,,
22861,10.0224743v2,10,,2,1,,11/23/2021 15:23,,,,5,,,,,60,2.29,164.88,,,,,,,,,,,,
22862,10.0265675v1,10,,2,3,,11/22/2021 21:43,,,,10,,,,,120,2.58,340.56,,,,,,,,,,,,
22863,10.0263288v1,10,,2,3,,11/22/2021 17:47,,,,25,,,,,300,2.41,751.92,,,,,,,,,,,,
22864,40.0264126v2,40,,18,3,,11/22/2021 18:26,,,,10,,,,,120,2.66,351.12,,,,,,,,,,,,
22865,40.0213316v1,40,,18,3,,11/22/2021 19:20,,,,9,,,,,100,3.66,439.2,,,,,,,,,,,,
22866,10.0265063v1,10,,2,3,,11/22/2021 22:14,,,,5,,,,,60,3.66,263.52,,,,,,,,,,,,
22866,10.0263791v1,10,,2,3,,11/22/2021 22:14,,,,5,,,,,60,3.66,263.52,,,,,,,,,,,,
22866,10.0265092v3,10,,2,3,,11/22/2021 22:14,,,,5,,,,,60,3.66,263.52,,,,,,,,,,,,
22867,10.0265192v1,10,,2,3,,11/22/2021 20:38,,,,17,,,,,200,2.41,520.56,,,,,,,,,,,,
22868,10.0261886v5,10,,2,1,,11/23/2021 18:30,,,,5,,,,,60,2.29,164.88,,,,,,,,,,,,
22869,10.0255938v1,10,,2,3,,11/22/2021 20:50,,,,5,,,,,60,3.66,263.52,,,,,,,,,,,,
22870,10.0262261v2,10,,2,1,,12/7/2021 20:12,,,,50,,,,,600,1.71,1046.52,,,,,,,,,,,,
22871,10.0265037v1,10,,2,3,,11/22/2021 21:02,,,,5,,,,,60,3.66,263.52,,,,,,,,,,,,
22872,10.0264757v1,10,,2,3,,11/22/2021 21:36,,,,5,,,,,60,3.66,263.52,,,,,,,,,,,,
22873,10.0265326v1,10,,2,3,,11/22/2021 22:37,,,,18,,,,,205,2.41,549.48,,,,,,,,,,,,
22874,10.0267781v1,10,,2,3,,11/22/2021 21:38,,,,30,,,,,360,2.41,896.52,,,,,,,,,,,,
22875,10.0265633v1,10,,2,1,,11/22/2021 22:41,,,,17,,,,,200,1.79,386.64,,,,,,,,,,,,
22876,10.0265579v1,10,,2,3,,11/22/2021 22:23,,,,7,,,,,75,3.66,351.36,,,,,,,,,,,,
22877,10.0264841v1,10,,2,3,,11/22/2021 22:10,,,,11,,,,,126,2.58,371.52,,,,,,,,,,,,
22878,10.0250847v1,10,,2,3,,11/22/2021 22:17,,,,10,,,,,120,2.58,340.56,,,,,,,,,,,,
22879,40.0265300v1,40,,18,1,,11/23/2021 2:24,,,,5,,,,,60,2.29,164.88,,,,,,,,,,,,
22880,10.0265754v1,10,,2,3,,11/26/2021 23:50,,,,21,,,,,250,2.41,636.24,,,,,,,,,,,,
22881,40.0222921v3,40,,18,3,,11/23/2021 17:15,,,,10,,,,,120,2.66,351.12,,,,,,,,,,,,
22882,40.0261701v1,40,,18,1,,11/22/2021 23:51,,,,5,,,,,60,2.29,164.88,,,,,,,,,,,,
22883,44.0238188v6,44,,21,4,,11/22/2021 22:48,,,,10,,,,,120,2.75,363,,,,,,,,,,,,
22884,10.0231293v1,10,,2,3,,11/22/2021 23:37,,,,12,,,,,140,2.41,375.96,,,,,,,,,,,,
22885,10.0257769v2,10,,2,3,,11/23/2021 19:11,,,,10,,,,,120,2.58,340.56,,,,,,,,,,,,
22887,10.0252552v1,10,,2,1,,11/30/2021 21:30,,,,21,,,,,250,1.79,472.56,,,,,,,,,,,,
22887,10.0252551v1,10,,2,1,,11/30/2021 21:30,,,,21,,,,,250,1.79,472.56,,,,,,,,,,,,
22888,10.026804v2,10,,2,3,,11/22/2021 23:33,,,,13,,,,,150,2.41,404.88,,,,,,,,,,,,
22889,10.0264859v1,10,,2,1,,11/23/2021 17:17,,,,10,,,,,120,1.79,236.28,,,,,,,,,,,,
22890,40.0265264v2,40,,18,3,,11/22/2021 23:53,,,,30,,,,,360,2.49,926.28,,,,,,,,,,,,
22891,10.0265168v1,10,,2,3,,11/23/2021 15:52,,,,13,,,,,150,2.41,404.88,,,,,,,,,,,,
22892,40.0262375v1,40,,18,3,,11/23/2021 22:35,,,,5,,,,,60,3.74,269.28,,,,,,,,,,,,
22893,10.0265571v1,10,,2,3,,11/23/2021 0:42,,,,25,,,,,300,2.41,751.92,,,,,,,,,,,,
22894,10.0245755v11,10,,2,3,,11/23/2021 2:22,,,,6,,,,,70,3.66,307.44,,,,,,,,,,,,
22895,12.0265174v1,12,,4,3,,11/23/2021 3:50,,,,34,,,,,400,2.16,907.2,,,,,,,,,,,,
22895,10.0265171v1,10,,2,3,,11/23/2021 3:50,,,,20,,,,,240,2.41,607.32,,,,,,,,,,,,
22896,10.0257454v1,10,,2,1,,11/23/2021 11:14,,,,20,,,,,240,1.79,451.08,,,,,,,,,,,,
22897,10.0265544v2,10,,2,3,,11/23/2021 13:54,,,,15,,,,,170,2.41,462.72,,,,,,,,,,,,
22898,10.0264585v2,10,,2,3,,11/23/2021 16:08,,,,28,,,,,330,2.41,838.68,,,,,,,,,,,,
22899,10.0264623v7,10,,2,3,,11/23/2021 16:05,,,,9,,,,,100,3.58,429.6,,,,,,,,,,,,
22899,10.0264623v2,10,,2,3,,11/23/2021 16:05,,,,9,,,,,100,3.58,429.6,,,,,,,,,,,,
22900,10.0265147v1,10,,2,3,,11/23/2021 16:52,,,,42,,,,,500,2.41,1243.56,,,,,,,,,,,,
22901,10.0222249v3,10,,2,3,,11/23/2021 16:22,,,,10,,,,,120,2.58,340.56,,,,,,,,,,,,
22902,10.0244505v1,10,,2,4,,11/23/2021 20:14,,,,39,,,,,460,2.41,1156.8,,,,,,,,,,,,
22903,40.0265231v1,40,,18,3,,11/24/2021 16:14,,,,21,,,,,250,2.49,657.36,,,,,,,,,,,,
22904,10.0232351v1,10,,2,4,,11/23/2021 17:26,,,,10,,,,,120,2.58,340.56,,,,,,,,,,,,
22905,10.0265875v1,10,,2,3,,11/23/2021 18:23,,,,43,,,,,505,2.41,1272.48,,,,,,,,,,,,
22906,10.0262951v3,10,,2,1,,11/23/2021 23:42,,,,5,,,,,60,2.29,164.88,,,,,,,,,,,,
22907,10.0265244v5,10,,2,3,,11/23/2021 21:12,,,,10,,,,,120,2.58,340.56,,,,,,,,,,,,
22908,10.0251010v1,10,,2,1,,11/23/2021 18:33,,,,5,,,,,60,2.29,164.88,,,,,,,,,,,,
22909,10.0265187v2,10,,2,3,,11/23/2021 18:43,,,,11,,,,,132,2.41,347.04,,,,,,,,,,,,
22910,10.0264552v1,10,,2,3,,11/23/2021 19:17,,,,25,,,,,300,2.41,751.92,,,,,,,,,,,,
22910,10.0365841v1,10,,2,3,,11/23/2021 19:17,,,,5,,,,,60,3.66,263.52,,,,,,,,,,,,
22911,10.0264640v2,10,,2,1,,11/23/2021 19:10,,,,6,,,,,65,2.29,192.36,,,,,,,,,,,,
22912,10.0265787v1,10,,2,3,,11/24/2021 18:27,,,,25,,,,,300,2.41,751.92,,,,,,,,,,,,
22912,10.0265788v1,10,,2,3,,11/24/2021 18:27,,,,25,,,,,300,2.41,751.92,,,,,,,,,,,,
22913,10.0265825v2,10,,2,1,,11/23/2021 23:02,,,,328,,,,,3925,1.5,5922,,,,,,,,,,,,
22913,10.0265823v1,10,,2,1,,11/23/2021 23:02,,,,328,,,,,3925,1.5,5922,,,,,,,,,,,,
22913,10.0265815v2,10,,2,1,,11/23/2021 23:02,,,,328,,,,,3925,1.5,5922,,,,,,,,,,,,
22914,10.0265249v3,10,,2,3,,11/23/2021 20:59,,,,36,,,,,428,2.41,1070.04,,,,,,,,,,,,
22915,10.0262241v2,10,,2,3,,11/23/2021 23:51,,,,45,,,,,530,2.41,1330.32,,,,,,,,,,,,
22915,10.0262241v1,10,,2,3,,11/23/2021 23:51,,,,90,,,,,1070,1.91,2085.72,,,,,,,,,,,,
22916,10.0465483v1,10,,2,3,,11/23/2021 21:10,,,,10,,,,,120,2.58,340.56,,,,,,,,,,,,
22917,10.0263527v1,10,,2,3,,11/23/2021 22:59,,,,5,,,,,60,3.66,263.52,,,,,,,,,,,,
22917,10.0263529v1,10,,2,3,,11/23/2021 22:59,,,,5,,,,,60,3.66,263.52,,,,,,,,,,,,
22920,10.0218490v1,10,,2,4,,11/29/2021 13:11,,,,10,,,,,120,2.58,340.56,,,,,,,,,,,,
22921,10.0265436v1,10,,2,1,,11/23/2021 21:02,,,,5,,,,,60,2.29,164.88,,,,,,,,,,,,
22924,10.0265874v2,10,,2,1,,12/3/2021 19:11,,,,21,,,,,250,1.79,472.56,,,,,,,,,,,,
22925,10.0263928v1,10,,2,1,,11/23/2021 21:50,,,,10,,,,,120,1.79,236.28,,,,,,,,,,,,
22926,10.0265954v1,10,,2,1,,11/23/2021 21:57,,,,5,,,,,60,2.29,164.88,,,,,,,,,,,,
22927,10.0265743v1,10,,2,1,,11/23/2021 23:52,,,,10,,,,,120,1.79,236.28,,,,,,,,,,,,
22928,40.0265331v1,40,,18,4,,11/29/2021 17:00,,,,10,,,,,120,2.75,363,,,,,,,,,,,,
22929,10.0262899v1,10,,2,1,,11/24/2021 0:29,,,,10,,,,,120,1.79,236.28,,,,,,,,,,,,
22929,10.0262905v1,10,,2,1,,11/24/2021 0:29,,,,10,,,,,120,1.79,236.28,,,,,,,,,,,,
22929,10.0265853v1,10,,2,1,,11/24/2021 0:29,,,,10,,,,,120,1.79,236.28,,,,,,,,,,,,
22930,10.0265668v2,10,,2,1,,11/24/2021 0:59,,,,10,,,,,120,1.79,236.28,,,,,,,,,,,,
22930,40.0265830v2,40,,18,1,,11/24/2021 0:59,,,,5,,,,,60,2.29,164.88,,,,,,,,,,,,
22930,40.0265830v1,40,,18,1,,11/24/2021 0:59,,,,5,,,,,60,2.29,164.88,,,,,,,,,,,,
22931,10.0265932v1,10,,2,4,,11/24/2021 18:18,,,,9,,,,,105,2.58,309.6,,,,,,,,,,,,
22932,10.0265958v1,10,,2,1,,11/24/2021 0:15,,,,11,,,,,130,1.79,257.76,,,,,,,,,,,,
22933,40.0265771v2,40,,18,3,,11/23/2021 23:57,,,,32,,,,,382,2.49,986.04,,,,,,,,,,,,
22934,40.0265865v1,40,,18,1,,11/24/2021 0:20,,,,7,,,,,80,2.29,219.84,,,,,,,,,,,,
22935,10.0264754v1,10,,2,3,,11/24/2021 21:14,,,,10,,,,,120,2.58,340.56,,,,,,,,,,,,
22936,40.0265671v1,40,,18,4,,11/30/2021 1:25,,,,5,,,,,60,2.75,198,,,,,,,,,,,,
22937,10.0265953v1,10,,2,4,,11/24/2021 20:29,,,,5,,,,,60,2.58,185.76,,,,,,,,,,,,
22938,10.0259256v1,10,,2,4,,11/24/2021 20:13,,,,5,,,,,60,2.58,185.76,,,,,,,,,,,,
22939,10.0265956v1,10,,2,4,,11/24/2021 2:30,,,,7,,,,,75,2.58,247.68,,,,,,,,,,,,
22940,10.0259463v1,10,,2,3,,11/24/2021 10:01,,,,20,,,,,240,2.41,607.32,,,,,,,,,,,,
22941,10.0266096v1,10,,2,4,,11/24/2021 21:32,,,,9,,,,,100,2.58,309.6,,,,,,,,,,,,
22942,10.0240975v1,10,,2,3,,11/24/2021 14:56,,,,20,,,,,240,2.41,607.32,,,,,,,,,,,,
22943,10.0265973v1,10,,2,3,,11/24/2021 15:11,,,,10,,,,,120,2.58,340.56,,,,,,,,,,,,
22944,10.0265943v1,10,,2,3,,11/24/2021 15:44,,,,12,,,,,140,2.41,375.96,,,,,,,,,,,,
22945,10.0264185v1,10,,2,3,,11/24/2021 15:41,,,,20,,,,,240,2.41,607.32,,,,,,,,,,,,
22946,10.0265981v1,10,,2,4,,11/24/2021 15:46,,,,7,,,,,75,2.58,247.68,,,,,,,,,,,,
22947,10.0233313v1,10,,2,1,,11/29/2021 18:52,,,,10,,,,,120,1.79,236.28,,,,,,,,,,,,
22948,10.0264586v1,10,,2,4,,11/24/2021 16:20,,,,35,,,,,420,2.41,1041.12,,,,,,,,,,,,
22950,40.0265902v1,40,,18,3,,11/29/2021 19:12,,,,10,,,,,120,2.66,351.12,,,,,,,,,,,,
22951,12.0265951v1,12,,4,3,,11/24/2021 18:08,,,,5,,,,,60,3.41,245.52,,,,,,,,,,,,
22951,10.0265439v5,10,,2,3,,11/24/2021 18:08,,,,5,,,,,60,3.66,263.52,,,,,,,,,,,,
22952,10.0265140v2,10,,2,4,,11/24/2021 21:05,,,,10,,,,,120,2.58,340.56,,,,,,,,,,,,
22953,40.0266095v2,40,,18,3,,11/24/2021 21:25,,,,35,,,,,409,2.49,1075.68,,,,,,,,,,,,
22954,10.0262101v1,10,,2,3,,11/24/2021 18:28,,,,5,,,,,60,3.66,263.52,,,,,,,,,,,,
22954,10.0262130v1,10,,2,3,,11/24/2021 18:28,,,,5,,,,,60,3.66,263.52,,,,,,,,,,,,
22955,10.0264977v2,10,,2,4,,11/24/2021 18:48,,,,5,,,,,60,2.58,185.76,,,,,,,,,,,,
22957,13.0561511v1,13,,5,3,,11/24/2021 19:26,,,,17,,,,,200,1.45,313.2,,,,,,,,,,,,
22958,10.0237256v1,10,,2,1,,11/25/2021 19:46,,,,9,,,,,100,2.29,274.8,,,,,,,,,,,,
22958,10.0237257v1,10,,2,1,,11/25/2021 19:46,,,,9,,,,,100,2.29,274.8,,,,,,,,,,,,
22959,10.0263577v3,10,,2,4,,11/24/2021 19:34,,,,10,,,,,120,2.58,340.56,,,,,,,,,,,,
22960,40.0259403v1,40,,18,1,,12/2/2021 18:01,,,,42,,,,,500,1.79,923.64,,,,,,,,,,,,
22961,10.0266108v3,10,,2,4,,11/24/2021 19:42,,,,13,,,,,150,2.41,404.88,,,,,,,,,,,,
22962,10.0235654v6,10,,2,1,,11/29/2021 14:32,,,,5,,,,,60,2.29,164.88,,,,,,,,,,,,
22963,10.0265115v3,10,,2,1,,12/1/2021 7:20,,,,21,,,,,250,1.79,472.56,,,,,,,,,,,,
22964,10.0264064v1,10,,2,3,,11/24/2021 21:17,,,,10,,,,,120,2.58,340.56,,,,,,,,,,,,
22965,12.0263956v1,12,,4,1,,11/29/2021 22:06,,,,5,,,,,60,1.96,141.12,,,,,,,,,,,,
22965,10.0262823v1,10,,2,1,,11/29/2021 22:06,,,,10,,,,,120,1.79,236.28,,,,,,,,,,,,
22965,10.0266258v1,10,,2,1,,11/29/2021 22:06,,,,10,,,,,120,1.79,236.28,,,,,,,,,,,,
22965,10.0262822v1,10,,2,1,,11/29/2021 22:06,,,,10,,,,,120,1.79,236.28,,,,,,,,,,,,
22966,10.0235654v6,10,,2,1,,11/29/2021 14:31,,,,5,,,,,60,2.29,164.88,,,,,,,,,,,,
22967,10.0266003v2,10,,2,4,,11/24/2021 20:18,,,,20,,,,,230,2.41,607.32,,,,,,,,,,,,
22968,10.0266157v1,10,,2,4,,11/24/2021 20:24,,,,5,,,,,60,2.58,185.76,,,,,,,,,,,,
22969,10.0264906v1,10,,2,1,,11/24/2021 21:11,,,,10,,,,,120,1.79,236.28,,,,,,,,,,,,
22971,10.0215900v10,10,,2,1,,11/24/2021 21:25,,,,60,,,,,720,1.63,1193.16,,,,,,,,,,,,
22972,10.0266013v1,10,,2,1,,11/24/2021 23:20,,,,50,,,,,600,1.71,1046.52,,,,,,,,,,,,
22973,10.0266082v1,10,,2,3,,11/29/2021 16:30,,,,6,,,,,70,3.66,307.44,,,,,,,,,,,,
22973,10.0266083v1,10,,2,3,,11/29/2021 16:30,,,,6,,,,,70,3.66,307.44,,,,,,,,,,,,
22974,10.0222019v1,10,,2,3,,11/30/2021 1:26,,,,27,,,,,314,2.41,809.76,,,,,,,,,,,,
22975,10.0265893v1,10,,2,1,,11/24/2021 21:29,,,,5,,,,,60,2.29,164.88,,,,,,,,,,,,
22977,10.0266251v1,10,,2,1,,11/24/2021 21:39,,,,50,,,,,600,1.71,1046.52,,,,,,,,,,,,
22978,10.0258174v2,10,,2,3,,11/24/2021 23:21,,,,10,,,,,120,2.58,340.56,,,,,,,,,,,,
22978,10.0366230v1,10,,2,3,,11/24/2021 23:21,,,,5,,,,,60,3.66,263.52,,,,,,,,,,,,
22978,12.0258305v1,12,,4,3,,11/24/2021 23:21,,,,5,,,,,60,3.41,245.52,,,,,,,,,,,,
22979,10.0265924v1,10,,2,1,,11/24/2021 22:21,,,,10,,,,,120,1.79,236.28,,,,,,,,,,,,
22980,10.0266260v1,10,,2,1,,11/24/2021 22:28,,,,21,,,,,250,1.79,472.56,,,,,,,,,,,,
22980,10.0266259v2,10,,2,1,,11/24/2021 22:28,,,,21,,,,,250,1.79,472.56,,,,,,,,,,,,
22981,15.0260682v4,15,,7,3,,12/9/2021 18:21,,,,10,,,,,120,3.7,488.4,,,,,,,,,,,,
22982,17.0265933v2,17,,9,3,,11/29/2021 16:27,,,,34,,,,,400,2.41,1012.2,,,,,,,,,,,,
22983,10.0252971v9,10,,2,1,,11/29/2021 16:43,,,,30,,,,,360,1.79,665.88,,,,,,,,,,,,
22984,10.0265896v2,10,,2,4,,11/24/2021 23:17,,,,5,,,,,60,2.58,185.76,,,,,,,,,,,,
22985,10.0266256v2,10,,2,4,,11/24/2021 23:52,,,,5,,,,,60,2.58,185.76,,,,,,,,,,,,
22985,10.0266256v3,10,,2,4,,11/24/2021 23:52,,,,5,,,,,60,2.58,185.76,,,,,,,,,,,,
22986,10.026875v3,10,,2,1,,11/24/2021 23:45,,,,17,,,,,200,1.79,386.64,,,,,,,,,,,,
22987,44.024392v1,44,,21,3,,11/25/2021 2:26,,,,10,,,,,120,2.66,351.12,,,,,,,,,,,,
22988,40.0265169v1,40,,18,4,,11/25/2021 0:38,,,,5,,,,,60,2.75,198,,,,,,,,,,,,
22989,10.0266628v1,10,,2,1,,11/30/2021 19:39,,,,10,,,,,120,1.79,236.28,,,,,,,,,,,,
22990,10.0266285v1,10,,2,1,,12/1/2021 14:54,,,,42,,,,,500,1.79,923.64,,,,,,,,,,,,
22991,10.0222068v3,10,,2,1,,11/26/2021 19:02,,,,60,,,,,720,1.63,1193.16,,,,,,,,,,,,
22993,40.0265737v2,40,,18,3,,11/26/2021 19:45,,,,10,,,,,120,2.66,351.12,,,,,,,,,,,,
22994,10.0265934v3,10,,2,3,,11/28/2021 13:53,,,,11,,,,,122,2.58,371.52,,,,,,,,,,,,
22995,10.0253994v1,10,,2,3,,11/26/2021 21:36,,,,13,,,,,150,2.41,404.88,,,,,,,,,,,,
22995,10.024969v5,10,,2,3,,11/26/2021 21:36,,,,13,,,,,150,2.41,404.88,,,,,,,,,,,,
22996,10.0266145v1,10,,2,4,,11/29/2021 14:07,,,,18,,,,,205,2.41,549.48,,,,,,,,,,,,
22997,10.0246961v2,10,,2,4,,11/29/2021 16:10,,,,10,,,,,120,2.58,340.56,,,,,,,,,,,,
22998,10.0247736v2,10,,2,3,,11/29/2021 15:47,,,,10,,,,,120,2.58,340.56,,,,,,,,,,,,
22999,10.0260927v2,10,,2,1,,11/29/2021 15:57,,,,30,,,,,360,1.79,665.88,,,,,,,,,,,,
23001,40.0266262v2,40,,18,4,,11/29/2021 18:07,,,,5,,,,,60,2.75,198,,,,,,,,,,,,
23002,10.0249901v3,10,,2,3,,11/29/2021 16:44,,,,21,,,,,250,2.41,636.24,,,,,,,,,,,,
23003,10.0266402v1,10,,2,1,,11/29/2021 16:56,,,,5,,,,,60,2.29,164.88,,,,,,,,,,,,
23004,10.0266131v1,10,,2,3,,11/29/2021 17:56,,,,10,,,,,120,2.58,340.56,,,,,,,,,,,,
23005,10.0243511v1,10,,2,4,,11/29/2021 22:13,,,,10,,,,,120,2.58,340.56,,,,,,,,,,,,
23006,40.0213316v1,40,,18,1,,11/29/2021 19:12,,,,9,,,,,100,2.29,274.8,,,,,,,,,,,,
23007,10.0260033v1,10,,2,3,,11/29/2021 19:03,,,,10,,,,,120,2.58,340.56,,,,,,,,,,,,
23008,10.0217398v7,10,,2,3,,11/29/2021 20:12,,,,20,,,,,240,2.41,607.32,,,,,,,,,,,,
23009,42.0245791v2,42,,20,1,,11/29/2021 18:57,,,,10,,,,,120,1.79,236.28,,,,,,,,,,,,
23010,10.0266371v1,10,,2,3,,12/2/2021 22:50,,,,42,,,,,500,2.41,1243.56,,,,,,,,,,,,
23011,10.0235769v1,10,,2,4,,11/29/2021 19:40,,,,25,,,,,289,2.41,751.92,,,,,,,,,,,,
23012,10.0266139v2,10,,2,4,,11/29/2021 19:53,,,,10,,,,,120,2.58,340.56,,,,,,,,,,,,
23013,40.0266430v1,40,,18,3,,11/30/2021 16:42,,,,5,,,,,60,3.74,269.28,,,,,,,,,,,,
23013,40.0266430v2,40,,18,3,,11/30/2021 16:42,,,,5,,,,,60,3.74,269.28,,,,,,,,,,,,
23014,10.0231447v6,10,,2,4,,11/29/2021 19:35,,,,5,,,,,60,2.58,185.76,,,,,,,,,,,,
23015,10.0266321v1,10,,2,4,,11/29/2021 19:43,,,,5,,,,,60,2.58,185.76,,,,,,,,,,,,
23016,40.0266398v1,40,,18,4,,11/29/2021 19:45,,,,6,,,,,70,2.75,231,,,,,,,,,,,,
23017,10.0266392v1,10,,2,4,,11/29/2021 20:30,,,,5,,,,,60,2.58,185.76,,,,,,,,,,,,
23018,10.0265863v1,10,,2,1,,11/30/2021 21:08,,,,6,,,,,70,2.29,192.36,,,,,,,,,,,,
23018,40.0265861v1,40,,18,1,,11/30/2021 21:08,,,,6,,,,,70,2.29,192.36,,,,,,,,,,,,
23019,44.0266464v1,44,,21,3,,11/29/2021 23:47,,,,10,,,,,120,2.66,351.12,,,,,,,,,,,,
23020,10.0266469v1,10,,2,3,,11/29/2021 20:25,,,,45,,,,,534,2.41,1330.32,,,,,,,,,,,,
23021,10.0266538v3,10,,2,1,,1/13/2022 22:08,,,,50,,,,,600,1.88,1150.56,,,,,,,,,,,,
23021,10.0465011v4,10,,2,1,,1/13/2022 22:08,,,,34,,,,,400,1.96,823.2,,,,,,,,,,,,
23022,10.0253367v3,10,,2,3,,11/29/2021 21:36,,,,5,,,,,60,3.66,263.52,,,,,,,,,,,,
23022,10.0253367v1,10,,2,3,,11/29/2021 21:36,,,,5,,,,,60,3.66,263.52,,,,,,,,,,,,
23023,10.0266291v1,10,,2,3,,11/29/2021 21:42,,,,10,,,,,120,2.58,340.56,,,,,,,,,,,,
23024,10.0266039v1,10,,2,1,,11/30/2021 1:23,,,,5,,,,,60,2.29,164.88,,,,,,,,,,,,
23025,10.029188v2,10,,2,1,,11/29/2021 22:09,,,,20,,,,,240,1.79,451.08,,,,,,,,,,,,
23026,10.0265777v2,10,,2,3,,11/30/2021 13:18,,,,17,,,,,200,2.41,520.56,,,,,,,,,,,,
23027,10.0266508v2,10,,2,4,,11/29/2021 22:11,,,,34,,,,,404,2.41,1012.2,,,,,,,,,,,,
23028,10.0222249v3,10,,2,3,,11/30/2021 16:40,,,,9,,,,,100,3.58,429.6,,,,,,,,,,,,
23028,10.0221648v3,10,,2,3,,11/30/2021 16:40,,,,9,,,,,100,3.58,429.6,,,,,,,,,,,,
23029,10.0264190v2,10,,2,3,,11/29/2021 22:35,,,,10,,,,,120,2.58,340.56,,,,,,,,,,,,
23030,10.0266521v1,10,,2,1,,11/29/2021 22:59,,,,7,,,,,75,2.29,219.84,,,,,,,,,,,,
23031,10.0261694v1,10,,2,1,,11/29/2021 23:05,,,,5,,,,,60,2.29,164.88,,,,,,,,,,,,
23032,10.0235827v1,10,,2,3,,11/29/2021 23:11,,,,30,,,,,360,2.41,896.52,,,,,,,,,,,,
23033,10.0352890v1,10,,2,1,,11/30/2021 22:29,,,,5,,,,,60,2.29,164.88,,,,,,,,,,,,
23034,10.0362603v1,10,,2,1,,11/30/2021 22:29,,,,5,,,,,60,2.29,164.88,,,,,,,,,,,,
23035,10.0362603v1,10,,2,1,,11/30/2021 22:32,,,,5,,,,,60,2.29,164.88,,,,,,,,,,,,
23036,10.0366713v1,10,,2,3,,12/1/2021 20:14,,,,7,,,,,76,3.66,351.36,,,,,,,,,,,,
23037,10.0264579v2,10,,2,3,,11/30/2021 13:12,,,,23,,,,,265,2.41,694.08,,,,,,,,,,,,
23039,10.0264949v6,10,,2,3,,11/30/2021 18:04,,,,5,,,,,60,3.66,263.52,,,,,,,,,,,,
23039,10.0264949v4,10,,2,3,,11/30/2021 18:04,,,,5,,,,,60,3.66,263.52,,,,,,,,,,,,
23040,10.0224140v3,10,,2,1,,11/30/2021 13:16,,,,31,,,,,363,1.79,687.36,,,,,,,,,,,,
23041,10.0266564v1,10,,2,1,,11/30/2021 20:18,,,,5,,,,,60,2.29,164.88,,,,,,,,,,,,
23042,10.0262533v4,10,,2,3,,11/30/2021 13:15,,,,5,,,,,60,3.66,263.52,,,,,,,,,,,,
23042,10.0262067v5,10,,2,3,,11/30/2021 13:15,,,,5,,,,,60,3.66,263.52,,,,,,,,,,,,
23043,10.0242105v7,10,,2,4,,12/1/2021 7:28,,,,5,,,,,60,2.58,185.76,,,,,,,,,,,,
23044,10.0265728v1,10,,2,3,,11/30/2021 16:16,,,,15,,,,,175,2.41,462.72,,,,,,,,,,,,
23045,10.0266261v1,10,,2,3,,11/30/2021 16:32,,,,10,,,,,120,2.58,340.56,,,,,,,,,,,,
23046,10.0265765v1,10,,2,3,,11/30/2021 23:13,,,,21,,,,,250,2.41,636.24,,,,,,,,,,,,
23047,10.0265106v2,10,,2,1,,11/30/2021 17:04,,,,30,,,,,360,1.79,665.88,,,,,,,,,,,,
23048,44.0266567v1,44,,21,1,,11/30/2021 17:19,,,,7,,,,,75,2.29,219.84,,,,,,,,,,,,
23049,10.0265834v1,10,,2,1,,12/1/2021 7:29,,,,5,,,,,60,2.29,164.88,,,,,,,,,,,,
23049,10.0265833v1,10,,2,1,,12/1/2021 7:29,,,,5,,,,,60,2.29,164.88,,,,,,,,,,,,
23050,10.0266229v1,10,,2,3,,11/30/2021 20:04,,,,20,,,,,240,2.41,607.32,,,,,,,,,,,,
23052,10.0266565v1,10,,2,1,,11/30/2021 18:48,,,,21,,,,,250,1.79,472.56,,,,,,,,,,,,
23052,10.0266565v2,10,,2,1,,11/30/2021 18:48,,,,21,,,,,250,1.79,472.56,,,,,,,,,,,,
23053,10.0265279v2,10,,2,3,,12/1/2021 7:30,,,,10,,,,,120,2.58,340.56,,,,,,,,,,,,
23054,10.0261953v1,10,,2,4,,11/30/2021 22:17,,,,84,,,,,1000,1.91,1948.2,,,,,,,,,,,,
23055,10.0266608v1,10,,2,3,,11/30/2021 18:44,,,,15,,,,,170,2.41,462.72,,,,,,,,,,,,
23056,10.0360630v1,10,,2,4,,11/30/2021 18:34,,,,5,,,,,60,2.58,185.76,,,,,,,,,,,,
23058,10.0266329v1,10,,2,4,,11/30/2021 18:40,,,,9,,,,,105,2.58,309.6,,,,,,,,,,,,
23059,10.0266424v1,10,,2,4,,11/30/2021 18:40,,,,5,,,,,60,2.58,185.76,,,,,,,,,,,,
23060,10.0260929v1,10,,2,3,,12/1/2021 7:28,,,,13,,,,,155,2.41,404.88,,,,,,,,,,,,
23061,10.0239716v2,10,,2,4,,11/30/2021 19:19,,,,10,,,,,120,2.58,340.56,,,,,,,,,,,,
23063,10.0266163v3,10,,2,1,,11/30/2021 20:04,,,,6,,,,,63,2.29,192.36,,,,,,,,,,,,
23065,10.0266315v1,10,,2,4,,11/30/2021 20:14,,,,8,,,,,85,2.58,278.64,,,,,,,,,,,,
23066,10.0266434v3,10,,2,3,,12/1/2021 7:26,,,,17,,,,,200,2.41,520.56,,,,,,,,,,,,
23067,10.0227896v1,10,,2,1,,12/1/2021 18:31,,,,7,,,,,75,2.29,219.84,,,,,,,,,,,,
23068,10.0366653v1,10,,2,4,,12/1/2021 7:23,,,,9,,,,,101,2.58,309.6,,,,,,,,,,,,
23069,10.0266300v3,10,,2,3,,11/30/2021 21:57,,,,21,,,,,250,2.41,636.24,,,,,,,,,,,,
23070,10.0266665v1,10,,2,3,,12/7/2021 20:14,,,,100,,,,,1200,1.91,2314.92,,,,,,,,,,,,
23071,10.0266334v1,10,,2,1,,12/1/2021 17:25,,,,5,,,,,60,2.29,164.88,,,,,,,,,,,,
23072,10.0258550v1,10,,2,1,,12/2/2021 22:59,,,,20,,,,,240,1.79,451.08,,,,,,,,,,,,
23072,10.0258549v1,10,,2,1,,12/2/2021 22:59,,,,20,,,,,235,1.79,451.08,,,,,,,,,,,,
23072,10.0258560v1,10,,2,1,,12/2/2021 22:59,,,,20,,,,,240,1.79,451.08,,,,,,,,,,,,
23073,10.0220564v1,10,,2,1,,12/1/2021 14:32,,,,10,,,,,120,1.79,236.28,,,,,,,,,,,,
23074,10.0266591v1,10,,2,4,,11/30/2021 22:31,,,,9,,,,,100,2.58,309.6,,,,,,,,,,,,
23075,10.0227941v1,10,,2,1,,12/1/2021 1:30,,,,32,,,,,375,1.79,708.84,,,,,,,,,,,,
23076,10.0265256v1,10,,2,1,,12/1/2021 17:10,,,,9,,,,,105,2.29,274.8,,,,,,,,,,,,
23077,10.0266535v1,10,,2,3,,12/1/2021 7:27,,,,23,,,,,275,2.41,694.08,,,,,,,,,,,,
23078,10.0265774v3,10,,2,3,,11/30/2021 22:46,,,,10,,,,,120,2.58,340.56,,,,,,,,,,,,
23079,10.0265941v2,10,,2,3,,11/30/2021 22:58,,,,11,,,,,130,2.58,371.52,,,,,,,,,,,,
23080,10.0266590v3,10,,2,1,,12/1/2021 7:25,,,,10,,,,,120,1.79,236.28,,,,,,,,,,,,
23081,10.0265751v5,10,,2,3,,11/30/2021 23:01,,,,20,,,,,240,2.41,607.32,,,,,,,,,,,,
23083,10.0257346v2,10,,2,3,,11/30/2021 23:50,,,,10,,,,,120,2.58,340.56,,,,,,,,,,,,
23084,10.0263980v8,10,,2,4,,11/30/2021 23:32,,,,5,,,,,60,2.58,185.76,,,,,,,,,,,,
23085,10.0266597v2,10,,2,3,,11/30/2021 23:47,,,,10,,,,,120,2.58,340.56,,,,,,,,,,,,
23086,10.0244900v1,10,,2,4,,12/1/2021 21:26,,,,5,,,,,60,2.58,185.76,,,,,,,,,,,,
23087,10.0266384v1,10,,2,4,,12/3/2021 12:13,,,,5,,,,,52,2.58,185.76,,,,,,,,,,,,
23088,10.0266453v1,10,,2,4,,12/1/2021 0:32,,,,5,,,,,60,2.58,185.76,,,,,,,,,,,,
23090,40.0266672v1,40,,18,4,,12/1/2021 13:59,,,,6,,,,,62,2.75,231,,,,,,,,,,,,
23091,10.0266660v1,10,,2,4,,12/1/2021 14:00,,,,5,,,,,60,2.58,185.76,,,,,,,,,,,,
23092,10.0258298v2,10,,2,4,,12/1/2021 15:06,,,,5,,,,,60,2.58,185.76,,,,,,,,,,,,
23093,10.0266570v1,10,,2,4,,12/1/2021 19:30,,,,5,,,,,60,2.58,185.76,,,,,,,,,,,,
23095,10.0210629v1,10,,2,1,,12/2/2021 23:01,,,,10,,,,,120,1.79,236.28,,,,,,,,,,,,
23096,10.0266529v1,10,,2,1,,12/1/2021 20:47,,,,6,,,,,70,2.29,192.36,,,,,,,,,,,,
23098,10.0266210v1,10,,2,4,,12/1/2021 23:01,,,,6,,,,,61,2.58,216.72,,,,,,,,,,,,
23099,10.0219132v2,10,,2,1,,1/4/2022 16:31,,,,5,,,,,60,2.56,184.32,,,,,,,,,,,,
23100,40.0266680v1,40,,18,4,,12/1/2021 18:38,,,,5,,,,,60,2.75,198,,,,,,,,,,,,
23101,10.0220391v2,10,,2,1,,12/1/2021 20:02,,,,20,,,,,240,1.79,451.08,,,,,,,,,,,,
23102,40.0266932v2,40,,18,1,,12/2/2021 18:44,,,,11,,,,,125,1.79,257.76,,,,,,,,,,,,
23102,40.0266932v1,40,,18,1,,12/2/2021 18:44,,,,11,,,,,125,1.79,257.76,,,,,,,,,,,,
23104,10.0225128v13,10,,2,1,,12/1/2021 18:45,,,,20,,,,,240,1.79,451.08,,,,,,,,,,,,
23105,10.0266664v3,10,,2,1,,12/1/2021 19:01,,,,20,,,,,240,1.79,451.08,,,,,,,,,,,,
23106,10.0266578v1,10,,2,3,,12/1/2021 19:09,,,,50,,,,,600,2.16,1321.92,,,,,,,,,,,,
23107,10.0264291v1,10,,2,1,,12/2/2021 14:30,,,,10,,,,,120,1.79,236.28,,,,,,,,,,,,
23109,10.0265862v3,10,,2,1,,12/1/2021 20:29,,,,11,,,,,121,1.79,257.76,,,,,,,,,,,,
23110,40.0266846v1,40,,18,3,,12/1/2021 23:04,,,,55,,,,,651,2.24,1505.28,,,,,,,,,,,,
23111,10.0245144v1,10,,2,3,,12/6/2021 15:40,,,,17,,,,,200,2.41,520.56,,,,,,,,,,,,
23111,10.0245141v1,10,,2,3,,12/6/2021 15:40,,,,17,,,,,200,2.41,520.56,,,,,,,,,,,,
23112,10.0244505v2,10,,2,1,,12/9/2021 0:04,,,,334,,,,,4000,1.5,6030,,,,,,,,,,,,
23113,10.0266085v2,10,,2,1,,12/1/2021 21:47,,,,20,,,,,240,1.79,451.08,,,,,,,,,,,,
23114,10.0247295v1,10,,2,1,,12/1/2021 21:52,,,,30,,,,,360,1.79,665.88,,,,,,,,,,,,
23115,10.0263511v1,10,,2,1,,12/2/2021 14:17,,,,10,,,,,120,1.79,236.28,,,,,,,,,,,,
23116,40.0263703v1,40,,18,3,,12/1/2021 22:39,,,,13,,,,,150,2.49,418.32,,,,,,,,,,,,
23116,40.0263703v2,40,,18,3,,12/1/2021 22:39,,,,13,,,,,150,2.49,418.32,,,,,,,,,,,,
23116,40.0263703v4,40,,18,3,,12/1/2021 22:39,,,,13,,,,,150,2.49,418.32,,,,,,,,,,,,
23116,40.0263703v5,40,,18,3,,12/1/2021 22:39,,,,13,,,,,150,2.49,418.32,,,,,,,,,,,,
23117,10.0262776v6,10,,2,1,,12/1/2021 23:39,,,,21,,,,,250,1.79,472.56,,,,,,,,,,,,
23118,10.0265848v1,10,,2,1,,12/2/2021 0:17,,,,10,,,,,120,1.79,236.28,,,,,,,,,,,,
23119,10.0266709v1,10,,2,1,,12/1/2021 23:27,,,,12,,,,,140,1.79,279.24,,,,,,,,,,,,
23120,10.0352890v1,10,,2,1,,12/2/2021 20:03,,,,5,,,,,60,2.29,164.88,,,,,,,,,,,,
23121,17.0266775v1,17,,9,1,,12/2/2021 14:08,,,,10,,,,,120,1.79,236.28,,,,,,,,,,,,
23122,10.0266776v1,10,,2,4,,12/2/2021 20:05,,,,6,,,,,69,2.58,216.72,,,,,,,,,,,,
23123,10.0252009v2,10,,2,1,,12/2/2021 22:03,,,,17,,,,,200,1.79,386.64,,,,,,,,,,,,
23124,10.0266527v2,10,,2,4,,12/2/2021 14:11,,,,5,,,,,60,2.58,185.76,,,,,,,,,,,,
23127,10.0266241v1,10,,2,1,,12/2/2021 15:33,,,,10,,,,,120,1.79,236.28,,,,,,,,,,,,
23128,10.0266910v1,10,,2,4,,12/2/2021 14:20,,,,6,,,,,65,2.58,216.72,,,,,,,,,,,,
23129,10.029297v1,10,,2,1,,12/8/2021 0:03,,,,13,,,,,150,1.79,300.72,,,,,,,,,,,,
23130,10.0266658v2,10,,2,4,,12/2/2021 22:00,,,,6,,,,,64,2.58,216.72,,,,,,,,,,,,
23131,17.0363740v1,17,,9,4,,12/2/2021 15:53,,,,5,,,,,60,2.58,185.76,,,,,,,,,,,,
23132,10.0266816v1,10,,2,1,,12/2/2021 22:29,,,,20,,,,,240,1.79,451.08,,,,,,,,,,,,
23133,10.0266970v1,10,,2,1,,12/2/2021 17:22,,,,21,,,,,250,1.79,472.56,,,,,,,,,,,,
23134,10.0266692v2,10,,2,1,,12/2/2021 16:39,,,,10,,,,,120,1.79,236.28,,,,,,,,,,,,
23135,10.0265361v3,10,,2,1,,12/2/2021 17:56,,,,13,,,,,151,1.79,300.72,,,,,,,,,,,,
23136,10.0225857v5,10,,2,1,,12/2/2021 18:01,,,,10,,,,,120,1.79,236.28,,,,,,,,,,,,
23137,10.0265946v2,10,,2,1,,12/2/2021 18:17,,,,10,,,,,120,1.79,236.28,,,,,,,,,,,,
23138,10.0266982v1,10,,2,4,,12/2/2021 18:10,,,,5,,,,,60,2.58,185.76,,,,,,,,,,,,
23139,10.0266880v2,10,,2,3,,12/6/2021 18:11,,,,42,,,,,503,2.41,1243.56,,,,,,,,,,,,
23140,10.0238936v1,10,,2,1,,12/2/2021 19:27,,,,63,,,,,750,1.63,1251.84,,,,,,,,,,,,
23141,10.0266929v3,10,,2,1,,12/2/2021 21:10,,,,20,,,,,240,1.79,451.08,,,,,,,,,,,,
23142,10.0253609v1,10,,2,4,,12/2/2021 20:57,,,,9,,,,,100,2.58,309.6,,,,,,,,,,,,
23143,10.0265423v1,10,,2,4,,12/2/2021 20:13,,,,7,,,,,75,2.58,247.68,,,,,,,,,,,,
23144,10.0266943v2,10,,2,4,,12/2/2021 21:04,,,,5,,,,,60,2.58,185.76,,,,,,,,,,,,
23144,10.0266937v2,10,,2,4,,12/2/2021 21:04,,,,5,,,,,60,2.58,185.76,,,,,,,,,,,,
23145,40.0265952v2,40,,18,1,,12/2/2021 22:52,,,,20,,,,,240,1.79,451.08,,,,,,,,,,,,
23146,10.0245251v10,10,,2,3,,12/3/2021 19:10,,,,20,,,,,240,2.41,607.32,,,,,,,,,,,,
23147,10.0228780v3,10,,2,3,,12/3/2021 21:38,,,,20,,,,,240,2.41,607.32,,,,,,,,,,,,
23148,10.0266981v1,10,,2,1,,12/2/2021 20:17,,,,38,,,,,450,1.79,837.72,,,,,,,,,,,,
23149,10.0266958v1,10,,2,1,,12/2/2021 20:33,,,,21,,,,,250,1.79,472.56,,,,,,,,,,,,
23150,910266115v1,910,500,25,5,44573,12/6/2021 18:45,Direct,newbusiness,6841061444,42,0.76,90,482.16,470,,,,,,,,,,,,,,,
23151,10.0266892v1,10,,2,4,,12/2/2021 22:51,,,,24,,,,,280,2.41,723,,,,,,,,,,,,
23152,10.0265497v3,10,,2,3,,12/3/2021 21:52,,,,32,,,,,375,2.41,954.36,,,,,,,,,,,,
23153,10.0266319v3,10,,2,4,,12/2/2021 21:08,,,,5,,,,,60,2.58,185.76,,,,,,,,,,,,
23154,10.0467104v1,10,,2,1,,12/2/2021 22:56,,,,11,,,,,130,1.79,257.76,,,,,,,,,,,,
23154,10.0267084v1,10,,2,1,,12/2/2021 22:56,,,,19,,,,,220,1.79,429.6,,,,,,,,,,,,
23155,10.0266913v2,10,,2,1,,12/2/2021 22:27,,,,10,,,,,120,1.79,236.28,,,,,,,,,,,,
23156,10.0261748v2,10,,2,3,,12/3/2021 0:37,,,,9,,,,,100,3.58,429.6,,,,,,,,,,,,
23156,10.0261747v1,10,,2,3,,12/3/2021 0:37,,,,9,,,,,100,3.58,429.6,,,,,,,,,,,,
23156,10.0261746v1,10,,2,3,,12/3/2021 0:37,,,,9,,,,,100,3.58,429.6,,,,,,,,,,,,
23157,10.0213785v1,10,,2,1,,12/2/2021 22:49,,,,17,,,,,200,1.79,386.64,,,,,,,,,,,,
23158,10.0264575v3,10,,2,1,,12/2/2021 22:29,,,,20,,,,,240,1.79,451.08,,,,,,,,,,,,
23159,10.0243863v2,10,,2,1,,12/2/2021 22:47,,,,5,,,,,60,2.29,164.88,,,,,,,,,,,,
23160,10.0262451v1,10,,2,1,,12/3/2021 1:18,,,,9,,,,,100,2.29,274.8,,,,,,,,,,,,
23161,10.0227001v1,10,,2,3,,12/3/2021 16:58,,,,167,,,,,2000,1.91,3850.56,,,,,,,,,,,,
23162,10.0266941v3,10,,2,1,,12/3/2021 12:12,,,,10,,,,,110,1.96,258.72,,,,,,,,,,,,
23162,10.0266957v1,10,,2,1,,12/3/2021 12:12,,,,15,,,,,175,1.79,343.68,,,,,,,,,,,,
23164,10.0224933v1,10,,2,1,,12/13/2021 18:44,,,,25,,,,,300,1.79,558.48,,,,,,,,,,,,
23165,10.0266936v1,10,,2,1,,12/3/2021 17:16,,,,10,,,,,120,1.79,236.28,,,,,,,,,,,,
23167,10.0267124v1,10,,2,1,,12/3/2021 18:19,,,,84,,,,,1005,1.63,1662.6,,,,,,,,,,,,
23168,44.0243101v3,44,,21,1,,12/3/2021 18:17,,,,10,,,,,120,1.79,236.28,,,,,,,,,,,,
23169,10.0223615v2,10,,2,3,,12/3/2021 18:19,,,,10,,,,,120,2.58,340.56,,,,,,,,,,,,
23170,10.0257499v3,10,,2,1,,12/7/2021 16:31,,,,25,,,,,300,1.79,558.48,,,,,,,,,,,,
23171,10.0261067v4,10,,2,4,,12/3/2021 23:14,,,,9,,,,,100,2.58,309.6,,,,,,,,,,,,
23172,10.0264039v4,10,,2,4,,12/6/2021 23:39,,,,10,,,,,120,2.58,340.56,,,,,,,,,,,,
23173,10.0261098v3,10,,2,1,,12/3/2021 18:46,,,,17,,,,,200,1.79,386.64,,,,,,,,,,,,
23174,10.0267141v2,10,,2,3,,12/3/2021 21:27,,,,38,,,,,450,2.41,1127.88,,,,,,,,,,,,
23175,10.0244914v1,10,,2,4,,12/3/2021 20:58,,,,5,,,,,60,2.58,185.76,,,,,,,,,,,,
23176,10.0229602v3,10,,2,1,,12/3/2021 19:49,,,,5,,,,,60,2.29,164.88,,,,,,,,,,,,
23177,10.0267073v1,10,,2,1,,12/3/2021 22:49,,,,10,,,,,120,1.79,236.28,,,,,,,,,,,,
23178,40.0264123v2,40,,18,1,,12/3/2021 20:03,,,,25,,,,,300,1.79,558.48,,,,,,,,,,,,
23179,44.0367175v1,44,,21,1,,12/3/2021 20:32,,,,5,,,,,60,2.29,164.88,,,,,,,,,,,,
23179,44.0367171v1,44,,21,1,,12/3/2021 20:32,,,,5,,,,,60,2.29,164.88,,,,,,,,,,,,
23179,44.0367170v1,44,,21,1,,12/3/2021 20:32,,,,5,,,,,60,2.29,164.88,,,,,,,,,,,,
23179,44.0367169v1,44,,21,1,,12/3/2021 20:32,,,,5,,,,,60,2.29,164.88,,,,,,,,,,,,
23180,10.0266973v1,10,,2,4,,12/3/2021 20:36,,,,5,,,,,60,2.58,185.76,,,,,,,,,,,,
23181,10.0267148v2,10,,2,4,,12/3/2021 20:52,,,,5,,,,,60,2.58,185.76,,,,,,,,,,,,
23182,10.0233540v1,10,,2,1,,12/3/2021 21:39,,,,20,,,,,240,1.79,451.08,,,,,,,,,,,,
23184,10.0267250v1,10,,2,4,,12/3/2021 21:28,,,,5,,,,,60,2.58,185.76,,,,,,,,,,,,
23186,10.0228035v3,10,,2,1,,12/3/2021 21:52,,,,17,,,,,200,1.79,386.64,,,,,,,,,,,,
23187,10.0261504v1,10,,2,3,,12/3/2021 21:56,,,,8,,,,,85,3.58,386.64,,,,,,,,,,,,
23188,920264404v1,920,2,26,5,44582,12/22/2021 2:32,Distributor,existingbusiness,6931424785,1,1.04,90,114.96,92.08,,,,,,,,,,,,,,,
23189,40.0265202v3,40,,18,3,,12/6/2021 22:45,,,,12,,,,,135,2.49,388.44,,,,,,,,,,,,
23190,10.0237004v2,10,,2,4,,12/6/2021 0:27,,,,5,,,,,60,2.58,185.76,,,,,,,,,,,,
23191,10.0267178v1,10,,2,1,,12/14/2021 21:27,,,,284,,,,,3405,1.5,5130,,,,,,,,,,,,
23192,10.0266442v2,10,,2,3,,12/8/2021 16:27,,,,104,,,,,1240,1.91,2406.6,,,,,,,,,,,,
23193,10.0263254v1,10,,2,3,,12/6/2021 20:48,,,,34,,,,,400,2.41,1012.2,,,,,,,,,,,,
23194,44.0268046v2,44,,21,1,,12/3/2021 23:50,,,,13,,,,,150,1.79,300.72,,,,,,,,,,,,
23194,44.0268047v1,44,,21,1,,12/3/2021 23:50,,,,13,,,,,150,1.79,300.72,,,,,,,,,,,,
23194,44.0268047v2,44,,21,1,,12/3/2021 23:50,,,,13,,,,,150,1.79,300.72,,,,,,,,,,,,
23194,44.0268046v1,44,,21,1,,12/3/2021 23:50,,,,13,,,,,150,1.79,300.72,,,,,,,,,,,,
23195,10.0241447v1,10,,2,4,,12/8/2021 17:15,,,,5,,,,,60,2.58,185.76,,,,,,,,,,,,
23196,10.0267300v1,10,,2,1,,12/7/2021 20:23,,,,15,,,,,175,1.79,343.68,,,,,,,,,,,,
23196,10.0367304v1,10,,2,1,,12/7/2021 20:23,,,,11,,,,,125,1.79,257.76,,,,,,,,,,,,
23197,10.0267566v1,10,,2,3,,12/8/2021 21:59,,,,17,,,,,200,2.41,520.56,,,,,,,,,,,,
23197,10.0267564v1,10,,2,3,,12/8/2021 21:59,,,,17,,,,,200,2.41,520.56,,,,,,,,,,,,
23198,10.0267265v2,10,,2,4,,12/4/2021 1:07,,,,10,,,,,120,2.58,340.56,,,,,,,,,,,,
23199,12.0267290v1,12,,4,1,,12/4/2021 1:37,,,,5,,,,,60,1.96,141.12,,,,,,,,,,,,
23200,40.0266632v2,40,,18,3,,12/7/2021 0:06,,,,5,,,,,60,3.74,269.28,,,,,,,,,,,,
23200,40.0266632v1,40,,18,3,,12/7/2021 0:06,,,,5,,,,,60,3.74,269.28,,,,,,,,,,,,
23201,10.0265706v1,10,,2,1,,12/4/2021 19:40,,,,5,,,,,60,2.29,164.88,,,,,,,,,,,,
23202,10.0257747v1,10,,2,1,,12/6/2021 19:19,,,,5,,,,,60,2.29,164.88,,,,,,,,,,,,
23203,10.0267098v2,10,,2,3,,12/6/2021 22:45,,,,42,,,,,500,2.41,1243.56,,,,,,,,,,,,
23204,10.0266917v1,10,,2,3,,12/6/2021 18:56,,,,10,,,,,120,2.58,340.56,,,,,,,,,,,,
23204,10.0264812v4,10,,2,3,,12/6/2021 18:56,,,,10,,,,,120,2.58,340.56,,,,,,,,,,,,
23204,10.0264848v1,10,,2,3,,12/6/2021 18:56,,,,10,,,,,120,2.58,340.56,,,,,,,,,,,,
23205,10.0266752v1,10,,2,1,,12/6/2021 16:23,,,,7,,,,,79,2.29,219.84,,,,,,,,,,,,
23206,10.0250533v1,10,,2,3,,12/7/2021 22:47,,,,84,,,,,1000,1.91,1948.2,,,,,,,,,,,,
23207,10.0266604v1,10,,2,3,,12/6/2021 21:07,,,,10,,,,,120,2.58,340.56,,,,,,,,,,,,
23208,10.0267306v1,10,,2,1,,12/6/2021 18:04,,,,5,,,,,60,2.29,164.88,,,,,,,,,,,,
23209,10.0266928v1,10,,2,3,,12/6/2021 20:53,,,,10,,,,,120,2.58,340.56,,,,,,,,,,,,
23210,10.0266326v1,10,,2,3,,12/6/2021 22:46,,,,30,,,,,360,2.41,896.52,,,,,,,,,,,,
23211,10.0266328v1,10,,2,1,,12/6/2021 19:33,,,,5,,,,,60,2.29,164.88,,,,,,,,,,,,
23212,10.0265729v1,10,,2,3,,12/6/2021 19:54,,,,11,,,,,131,2.58,371.52,,,,,,,,,,,,
23213,10.0251723v1,10,,2,3,,12/6/2021 20:09,,,,42,,,,,500,2.41,1243.56,,,,,,,,,,,,
23214,10.0251337v1,10,,2,4,,12/6/2021 20:51,,,,35,,,,,420,2.41,1041.12,,,,,,,,,,,,
23215,10.0267266v1,10,,2,1,,12/6/2021 20:48,,,,5,,,,,60,2.29,164.88,,,,,,,,,,,,
23216,10.0267404v1,10,,2,3,,12/6/2021 21:13,,,,22,,,,,255,2.41,665.16,,,,,,,,,,,,
23217,10.0238353v7,10,,2,1,,12/6/2021 23:18,,,,60,,,,,720,1.63,1193.16,,,,,,,,,,,,
23218,10.0267149v2,10,,2,4,,12/6/2021 22:46,,,,5,,,,,60,2.58,185.76,,,,,,,,,,,,
23219,10.0236742v1,10,,2,3,,12/7/2021 18:38,,,,42,,,,,500,2.41,1243.56,,,,,,,,,,,,
23220,10.0267258v2,10,,2,1,,12/6/2021 23:31,,,,84,,,,,1000,1.63,1662.6,,,,,,,,,,,,
23220,10.0267272v1,10,,2,1,,12/6/2021 23:31,,,,84,,,,,1000,1.63,1662.6,,,,,,,,,,,,
23221,10.0235348v1,10,,2,3,,12/7/2021 17:32,,,,5,,,,,60,3.66,263.52,,,,,,,,,,,,
23222,10.0367285v1,10,,2,4,,12/7/2021 19:03,,,,5,,,,,60,2.58,185.76,,,,,,,,,,,,
23223,10.0266872v1,10,,2,4,,12/7/2021 14:56,,,,10,,,,,120,2.58,340.56,,,,,,,,,,,,
23224,10.0267363v1,10,,2,4,,12/6/2021 23:23,,,,5,,,,,60,2.58,185.76,,,,,,,,,,,,
23225,10.0266944v1,10,,2,4,,12/7/2021 17:56,,,,11,,,,,130,2.58,371.52,,,,,,,,,,,,
23226,10.0262860v2,10,,2,4,,12/7/2021 14:30,,,,25,,,,,290,2.41,751.92,,,,,,,,,,,,
23227,10.0265955v1,10,,2,3,,12/7/2021 17:10,,,,148,,,,,1775,1.91,3415.08,,,,,,,,,,,,
23228,10.0264365v1,10,,2,1,,12/7/2021 19:05,,,,15,,,,,180,1.79,343.68,,,,,,,,,,,,
23228,10.0264364v1,10,,2,1,,12/7/2021 19:05,,,,15,,,,,180,1.79,343.68,,,,,,,,,,,,
23229,10.0264895v7,10,,2,1,,12/17/2021 20:17,,,,5,,,,,60,2.29,164.88,,,,,,,,,,,,
23229,40.0264896v3,40,,18,1,,12/17/2021 20:17,,,,5,,,,,60,2.29,164.88,,,,,,,,,,,,
23229,10.0264894v2,10,,2,1,,12/17/2021 20:17,,,,5,,,,,60,2.29,164.88,,,,,,,,,,,,
23230,10.0246385v3,10,,2,3,,12/7/2021 0:17,,,,5,,,,,60,3.66,263.52,,,,,,,,,,,,
23230,10.0246385v5,10,,2,3,,12/7/2021 0:17,,,,5,,,,,60,3.66,263.52,,,,,,,,,,,,
23231,10.0265404v1,10,,2,4,,12/7/2021 15:36,,,,10,,,,,120,2.58,340.56,,,,,,,,,,,,
23232,10.0266972v1,10,,2,4,,12/7/2021 14:29,,,,10,,,,,120,2.58,340.56,,,,,,,,,,,,
23234,17.0266496v2,17,,9,1,,12/7/2021 20:33,,,,50,,,,,600,1.71,1046.52,,,,,,,,,,,,
23235,10.0229398v5,10,,2,4,,12/10/2021 22:27,,,,25,,,,,300,2.41,751.92,,,,,,,,,,,,
23237,10.0267198v3,10,,2,3,,12/7/2021 17:24,,,,30,,,,,360,2.41,896.52,,,,,,,,,,,,
23238,10.0267523v1,10,,2,4,,12/7/2021 17:46,,,,5,,,,,60,2.58,185.76,,,,,,,,,,,,
23239,10.0266991v1,10,,2,1,,12/7/2021 17:54,,,,10,,,,,120,1.79,236.28,,,,,,,,,,,,
23240,10.0261306v3,10,,2,4,,12/7/2021 18:36,,,,5,,,,,60,2.58,185.76,,,,,,,,,,,,
23241,10.0267181v1,10,,2,3,,12/10/2021 0:11,,,,100,,,,,1200,1.91,2314.92,,,,,,,,,,,,
23242,10.0262017v1,10,,2,1,,12/7/2021 20:29,,,,42,,,,,500,1.79,923.64,,,,,,,,,,,,
23242,10.0262016v1,10,,2,1,,12/7/2021 20:29,,,,42,,,,,500,1.79,923.64,,,,,,,,,,,,
23242,10.0262018v1,10,,2,1,,12/7/2021 20:29,,,,42,,,,,500,1.79,923.64,,,,,,,,,,,,
23243,10.0261712v2,10,,2,4,,12/7/2021 18:41,,,,5,,,,,60,2.58,185.76,,,,,,,,,,,,
23244,10.0267592v1,10,,2,4,,12/7/2021 20:11,,,,10,,,,,110,2.58,340.56,,,,,,,,,,,,
23245,10.0267627v1,10,,2,4,,12/7/2021 22:47,,,,8,,,,,90,2.58,278.64,,,,,,,,,,,,
23246,40.0225694v1,40,,18,4,,12/7/2021 19:24,,,,5,,,,,60,2.75,198,,,,,,,,,,,,
23247,10.0267572v2,10,,2,3,,12/8/2021 14:59,,,,10,,,,,120,2.58,340.56,,,,,,,,,,,,
23248,10.0267288v1,10,,2,1,,12/7/2021 19:44,,,,18,,,,,205,1.79,408.12,,,,,,,,,,,,
23249,10.0259854v3,10,,2,4,,12/10/2021 18:24,,,,10,,,,,120,2.58,340.56,,,,,,,,,,,,
23250,17.0367244v1,17,,9,1,,12/13/2021 21:42,,,,34,,,,,403,1.79,751.8,,,,,,,,,,,,
23250,17.0367243v1,17,,9,1,,12/13/2021 21:42,,,,34,,,,,403,1.79,751.8,,,,,,,,,,,,
23251,10.0219267v1,10,,2,1,,12/7/2021 21:03,,,,20,,,,,240,1.79,451.08,,,,,,,,,,,,
23253,10.0267531v1,10,,2,4,,12/8/2021 0:03,,,,7,,,,,75,2.58,247.68,,,,,,,,,,,,
23254,10.0267519v1,10,,2,1,,12/7/2021 23:13,,,,21,,,,,250,1.79,472.56,,,,,,,,,,,,
23255,10.0238699v4,10,,2,1,,12/16/2021 21:56,,,,42,,,,,500,1.79,923.64,,,,,,,,,,,,
23256,10.0264289v1,10,,2,3,,12/8/2021 16:28,,,,10,,,,,120,2.58,340.56,,,,,,,,,,,,
23257,10.0267339v1,10,,2,4,,12/8/2021 5:06,,,,5,,,,,60,2.58,185.76,,,,,,,,,,,,
23258,10.0267431v1,10,,2,3,,12/8/2021 3:40,,,,13,,,,,146,2.41,404.88,,,,,,,,,,,,
23259,10.0267588v1,10,,2,1,,12/8/2021 0:02,,,,5,,,,,60,2.29,164.88,,,,,,,,,,,,
23259,10.0267590v1,10,,2,1,,12/8/2021 0:02,,,,5,,,,,60,2.29,164.88,,,,,,,,,,,,
23260,40.0267188v1,40,,18,1,,12/8/2021 23:25,,,,5,,,,,60,2.29,164.88,,,,,,,,,,,,
23261,10.0256918v5,10,,2,1,,12/8/2021 3:38,,,,17,,,,,200,1.79,386.64,,,,,,,,,,,,
23262,10.0267416v2,10,,2,3,,12/8/2021 16:28,,,,84,,,,,1000,1.91,1948.2,,,,,,,,,,,,
23263,10.0261417v1,10,,2,4,,12/8/2021 3:39,,,,5,,,,,60,2.58,185.76,,,,,,,,,,,,
23264,10.0266097v1,10,,2,1,,12/8/2021 15:23,,,,42,,,,,500,1.79,923.64,,,,,,,,,,,,
23264,10.0266098v1,10,,2,1,,12/8/2021 15:23,,,,42,,,,,500,1.79,923.64,,,,,,,,,,,,
23264,10.0266099v1,10,,2,1,,12/8/2021 15:23,,,,42,,,,,500,1.79,923.64,,,,,,,,,,,,
23265,10.0238710v6,10,,2,3,,12/8/2021 3:40,,,,20,,,,,240,2.41,607.32,,,,,,,,,,,,
23266,20.0265923v1,20,,11,3,,12/22/2021 19:39,,,,10,,,,,120,2.99,394.68,,,,,,,,,,,,
23267,10.0266611v3,10,,2,3,,12/8/2021 16:28,,,,13,,,,,150,2.41,404.88,,,,,,,,,,,,
23268,10.0266348v2,10,,2,4,,12/8/2021 15:26,,,,5,,,,,60,2.58,185.76,,,,,,,,,,,,
23269,13.0543493v1,13,,5,3,,12/21/2021 11:16,,,,17,,,,,200,1.45,313.2,,,,,,,,,,,,
23270,10.0264283v4,10,,2,4,,12/8/2021 18:02,,,,31,,,,,365,2.41,925.44,,,,,,,,,,,,
23271,10.0265513v6,10,,2,4,,12/8/2021 17:06,,,,10,,,,,120,2.58,340.56,,,,,,,,,,,,
23272,10.0265826v2,10,,2,1,,12/8/2021 19:30,,,,20,,,,,240,1.79,451.08,,,,,,,,,,,,
23272,10.0221772v2,10,,2,1,,12/8/2021 19:30,,,,10,,,,,120,1.79,236.28,,,,,,,,,,,,
23273,13.0567088v1,13,,5,3,,12/10/2021 16:47,,,,250,,,,,3000,1.45,4367.4,,,,,,,,,,,,
23273,10.0467090v1,10,,2,3,,12/10/2021 16:47,,,,250,,,,,3000,1.62,4879.44,,,,,,,,,,,,
23273,14.0667089v1,14,,6,3,,12/10/2021 16:47,,,,250,,,,,3000,1.45,4367.4,,,,,,,,,,,,
23273,10.0267087v1,10,,2,3,,12/10/2021 16:47,,,,250,,,,,3000,1.62,4879.44,,,,,,,,,,,,
23273,10.0267086v1,10,,2,3,,12/10/2021 16:47,,,,250,,,,,3000,1.62,4879.44,,,,,,,,,,,,
23274,10.0236023v1,10,,2,4,,12/8/2021 22:00,,,,10,,,,,120,2.58,340.56,,,,,,,,,,,,
23275,10.0267636v2,10,,2,1,,12/9/2021 10:07,,,,11,,,,,126,1.79,257.76,,,,,,,,,,,,
23275,44.0267353v1,44,,21,1,,12/9/2021 10:07,,,,21,,,,,250,1.79,472.56,,,,,,,,,,,,
23275,10.0267636v1,10,,2,1,,12/9/2021 10:07,,,,11,,,,,126,1.79,257.76,,,,,,,,,,,,
23276,10.0267629v1,10,,2,3,,12/9/2021 14:06,,,,17,,,,,200,2.41,520.56,,,,,,,,,,,,
23277,10.0267373v3,10,,2,3,,12/8/2021 21:59,,,,84,,,,,1000,1.91,1948.2,,,,,,,,,,,,
23278,10.0265197v2,10,,2,1,,12/8/2021 22:10,,,,6,,,,,65,2.29,192.36,,,,,,,,,,,,
23279,10.0267769v2,10,,2,1,,12/8/2021 22:33,,,,10,,,,,120,1.79,236.28,,,,,,,,,,,,
23279,10.0267861v1,10,,2,1,,12/8/2021 22:28,,,,60,,,,,720,1.63,1193.16,,,,,,,,,,,,
23280,10.0267817v1,10,,2,1,,12/8/2021 23:35,,,,5,,,,,60,2.29,164.88,,,,,,,,,,,,
23281,15.0227476v2,15,,7,3,,12/9/2021 1:09,,,,60,,,,,720,3.03,2217.96,,,,,,,,,,,,
23282,10.0243612v1,10,,2,1,,12/10/2021 23:04,,,,17,,,,,200,1.79,386.64,,,,,,,,,,,,
23283,17.0266878v1,17,,9,4,,12/9/2021 15:55,,,,5,,,,,60,2.58,185.76,,,,,,,,,,,,
23284,10.0239798v4,10,,2,1,,12/16/2021 21:02,,,,10,,,,,120,1.79,236.28,,,,,,,,,,,,
23284,12.0239799v7,12,,4,1,,12/16/2021 21:02,,,,10,,,,,120,1.63,215.16,,,,,,,,,,,,
23284,12.0239799v9,12,,4,1,,12/16/2021 21:02,,,,10,,,,,120,1.63,215.16,,,,,,,,,,,,
23284,10.0239798v3,10,,2,1,,12/16/2021 21:02,,,,10,,,,,120,1.79,236.28,,,,,,,,,,,,
23284,10.0239798v8,10,,2,1,,12/16/2021 21:02,,,,10,,,,,120,1.79,236.28,,,,,,,,,,,,
23284,10.0239798v7,10,,2,1,,12/16/2021 21:02,,,,10,,,,,120,1.79,236.28,,,,,,,,,,,,
23284,10.0239798v9,10,,2,1,,12/16/2021 21:02,,,,10,,,,,120,1.79,236.28,,,,,,,,,,,,
23284,12.0239799v3,12,,4,1,,12/16/2021 21:02,,,,10,,,,,120,1.63,215.16,,,,,,,,,,,,
23285,10.0267692v1,10,,2,3,,12/9/2021 0:57,,,,34,,,,,400,2.41,1012.2,,,,,,,,,,,,
23287,10.0247295v1,10,,2,3,,12/9/2021 17:02,,,,40,,,,,480,2.41,1185.72,,,,,,,,,,,,
23288,10.0267637v1,10,,2,4,,12/9/2021 15:10,,,,10,,,,,114,2.58,340.56,,,,,,,,,,,,
23289,10.0244163v1,10,,2,1,,12/13/2021 21:46,,,,9,,,,,100,2.29,274.8,,,,,,,,,,,,
23290,10.0267132v5,10,,2,1,,12/10/2021 17:57,,,,20,,,,,240,1.79,451.08,,,,,,,,,,,,
23291,10.0237651v1,10,,2,4,,12/9/2021 19:26,,,,21,,,,,250,2.41,636.24,,,,,,,,,,,,
23292,10.0267722v1,10,,2,4,,12/9/2021 16:50,,,,5,,,,,60,2.58,185.76,,,,,,,,,,,,
23293,10.0276687v1,10,,2,1,,12/9/2021 21:28,,,,200,,,,,2400,1.5,3618,,,,,,,,,,,,
23294,10.0233850v1,10,,2,4,,12/9/2021 19:27,,,,5,,,,,60,2.58,185.76,,,,,,,,,,,,
23296,10.0267693v2,10,,2,1,,12/16/2021 16:50,,,,10,,,,,120,1.79,236.28,,,,,,,,,,,,
23297,10.0267987v2,10,,2,1,,12/30/2021 18:30,,,,18,,,,,212,1.79,408.12,,,,,,,,,,,,
23298,10.0245931v2,10,,2,3,,12/9/2021 19:57,,,,10,,,,,120,2.58,340.56,,,,,,,,,,,,
23299,10.0266429v1,10,,2,1,,12/10/2021 0:12,,,,21,,,,,250,1.79,472.56,,,,,,,,,,,,
23299,10.0266685v3,10,,2,1,,12/10/2021 0:12,,,,7,,,,,75,2.29,219.84,,,,,,,,,,,,
23300,10.0238971v3,10,,2,1,,12/9/2021 20:53,,,,20,,,,,240,1.79,451.08,,,,,,,,,,,,
23301,10.0260792v1,10,,2,3,,12/11/2021 18:22,,,,10,,,,,120,2.58,340.56,,,,,,,,,,,,
23302,10.0254322v4,10,,2,1,,12/15/2021 1:21,,,,117,,,,,1400,1.54,2180.64,,,,,,,,,,,,
23303,10.0237989v1,10,,2,1,,12/9/2021 22:33,,,,30,,,,,360,1.79,665.88,,,,,,,,,,,,
23304,10.0248929v1,10,,2,1,,12/9/2021 23:06,,,,17,,,,,200,1.79,386.64,,,,,,,,,,,,
23305,10.0261432v1,10,,2,3,,12/13/2021 21:02,,,,52,,,,,615,2.16,1373.76,,,,,,,,,,,,
23306,10.0267406v1,10,,2,4,,12/10/2021 17:51,,,,5,,,,,60,2.58,185.76,,,,,,,,,,,,
23307,10.0265685v1,10,,2,4,,12/10/2021 2:02,,,,5,,,,,60,2.58,185.76,,,,,,,,,,,,
23308,10.0241492v1,10,,2,1,,12/10/2021 14:31,,,,10,,,,,120,1.79,236.28,,,,,,,,,,,,
23309,10.0259241v1,10,,2,1,,12/17/2021 17:29,,,,42,,,,,500,1.79,923.64,,,,,,,,,,,,
23309,20.0259266v1,20,,11,3,,12/10/2021 18:01,,,,13,,,,,150,2.99,502.32,,,,,,,,,,,,
23310,10.0268142v1,10,,2,1,,12/10/2021 23:40,,,,13,,,,,155,1.79,300.72,,,,,,,,,,,,
23311,10.0230282v2,10,,2,3,,12/10/2021 16:52,,,,10,,,,,120,2.58,340.56,,,,,,,,,,,,
23312,10.0267794v2,10,,2,1,,12/10/2021 18:47,,,,10,,,,,120,1.79,236.28,,,,,,,,,,,,
23313,10.0262757v1,10,,2,1,,12/10/2021 18:06,,,,10,,,,,120,1.79,236.28,,,,,,,,,,,,
23314,10.0250407v1,10,,2,4,,12/10/2021 19:19,,,,6,,,,,72,2.58,216.72,,,,,,,,,,,,
23315,10.0233948v1,10,,2,4,,12/10/2021 19:30,,,,13,,,,,150,2.41,404.88,,,,,,,,,,,,
23315,10.0232208v1,10,,2,4,,12/10/2021 19:30,,,,9,,,,,100,2.58,309.6,,,,,,,,,,,,
23315,10.0233949v1,10,,2,4,,12/10/2021 19:30,,,,13,,,,,150,2.41,404.88,,,,,,,,,,,,
23316,10.0367285v1,10,,2,1,,12/10/2021 19:16,,,,5,,,,,60,2.29,164.88,,,,,,,,,,,,
23316,10.0243490v1,10,,2,1,,12/10/2021 19:16,,,,5,,,,,60,2.29,164.88,,,,,,,,,,,,
23317,10.0267619v1,10,,2,4,,12/10/2021 19:29,,,,5,,,,,60,2.58,185.76,,,,,,,,,,,,
23318,10.0268145v1,10,,2,1,,12/10/2021 21:16,,,,10,,,,,120,1.79,236.28,,,,,,,,,,,,
23319,10.0244922v1,10,,2,1,,12/10/2021 20:27,,,,5,,,,,60,2.29,164.88,,,,,,,,,,,,
23319,10.0361955v1,10,,2,1,,12/10/2021 20:27,,,,5,,,,,60,2.29,164.88,,,,,,,,,,,,
23319,10.0164880v1,10,,2,1,,12/10/2021 20:27,,,,5,,,,,60,2.29,164.88,,,,,,,,,,,,
23320,10.0368185v1,10,,2,1,,12/10/2021 20:26,,,,21,,,,,250,1.79,472.56,,,,,,,,,,,,
23321,10.0266368v1,10,,2,1,,12/12/2021 11:58,,,,21,,,,,250,1.79,472.56,,,,,,,,,,,,
23322,10.0272334v1,10,,2,1,,12/10/2021 20:28,,,,11,,,,,126,1.79,257.76,,,,,,,,,,,,
23322,10.0272333v1,10,,2,1,,12/10/2021 20:28,,,,11,,,,,126,1.79,257.76,,,,,,,,,,,,
23323,910264001v2,910,500,25,5,44587,12/14/2021 0:28,Direct,existingbusiness,6824838000,42,0.76,90,482.16,470,,,,,,,,,,,,,,,
23323,910264001v3,910,500,25,5,44587,12/14/2021 0:28,Direct,existingbusiness,6824838000,42,0.76,90,482.16,470,,,,,,,,,,,,,,,
23323,910264001v5,910,500,25,5,44587,12/14/2021 0:28,Direct,existingbusiness,6824838000,42,0.76,90,482.16,470,,,,,,,,,,,,,,,
23325,10.0220910v3,10,,2,1,,12/13/2021 17:19,,,,5,,,,,60,2.29,164.88,,,,,,,,,,,,
23326,10.0267860v1,10,,2,1,,12/13/2021 20:54,,,,25,,,,,300,1.79,558.48,,,,,,,,,,,,
23327,10.0259850v1,10,,2,4,,12/13/2021 14:08,,,,5,,,,,60,2.58,185.76,,,,,,,,,,,,
23328,10.0264935v3,10,,2,1,,12/13/2021 21:30,,,,20,,,,,240,1.79,451.08,,,,,,,,,,,,
23329,10.0226732v1,10,,2,4,,12/11/2021 16:46,,,,10,,,,,120,2.58,340.56,,,,,,,,,,,,
23330,10.0268273v1,10,,2,1,,12/13/2021 16:53,,,,5,,,,,60,2.29,164.88,,,,,,,,,,,,
23331,10.0262707v5,10,,2,1,,12/11/2021 1:24,,,,10,,,,,120,1.79,236.28,,,,,,,,,,,,
23332,10.0267417v3,10,,2,1,,12/13/2021 13:25,,,,10,,,,,120,1.79,236.28,,,,,,,,,,,,
23333,10.0466561v1,10,,2,4,,12/13/2021 21:36,,,,13,,,,,151,2.41,404.88,,,,,,,,,,,,
23333,10.0266558v1,10,,2,4,,12/13/2021 21:36,,,,13,,,,,151,2.41,404.88,,,,,,,,,,,,
23333,10.0266559v1,10,,2,4,,12/13/2021 21:36,,,,13,,,,,151,2.41,404.88,,,,,,,,,,,,
23333,10.0466560v1,10,,2,4,,12/13/2021 21:36,,,,13,,,,,151,2.41,404.88,,,,,,,,,,,,
23334,10.0267887v1,10,,2,1,,12/13/2021 16:45,,,,21,,,,,250,1.79,472.56,,,,,,,,,,,,
23335,10.0260445v1,10,,2,3,,12/16/2021 13:57,,,,21,,,,,250,2.41,636.24,,,,,,,,,,,,
23336,10.0242507v1,10,,2,1,,12/20/2021 21:33,,,,60,,,,,720,1.63,1193.16,,,,,,,,,,,,
23337,10.0242508v1,10,,2,1,,12/20/2021 21:35,,,,60,,,,,720,1.63,1193.16,,,,,,,,,,,,
23339,10.0266940v2,10,,2,4,,12/13/2021 18:02,,,,10,,,,,120,2.58,340.56,,,,,,,,,,,,
23340,10.0268307v1,10,,2,1,,12/13/2021 18:02,,,,10,,,,,120,1.79,236.28,,,,,,,,,,,,
23341,10.0262664v1,10,,2,3,,1/4/2022 16:15,,,,60,,,,,720,1.91,1398.12,,,,,,,,,,,,
23344,17.0267594v1,17,,9,3,,12/13/2021 19:19,,,,7,,,,,77,3.66,351.36,,,,,,,,,,,,
23344,17.0267595v1,17,,9,3,,12/13/2021 19:19,,,,7,,,,,77,3.66,351.36,,,,,,,,,,,,
23345,10.0252234v1,10,,2,4,,12/13/2021 19:44,,,,7,,,,,75,2.58,247.68,,,,,,,,,,,,
23346,44.0267774v1,44,,21,1,,12/15/2021 1:12,,,,20,,,,,240,1.79,451.08,,,,,,,,,,,,
23347,40.0268144v1,40,,18,3,,12/13/2021 21:32,,,,125,,,,,1500,3.9,5896.8,,,,,,,,,,,,
23348,10.0241441v1,10,,2,4,,12/14/2021 16:41,,,,5,,,,,60,2.58,185.76,,,,,,,,,,,,
23349,10.0264748v1,10,,2,4,,12/13/2021 20:23,,,,10,,,,,120,2.58,340.56,,,,,,,,,,,,
23350,10.0261832v2,10,,2,3,,1/4/2022 15:29,,,,60,,,,,720,1.91,1398.12,,,,,,,,,,,,
23351,18.0255389v3,18,,10,3,,12/13/2021 21:05,,,,42,,,,,500,2.49,1284.84,,,,,,,,,,,,
23351,18.0255389v4,18,,10,3,,12/13/2021 21:05,,,,42,,,,,500,2.49,1284.84,,,,,,,,,,,,
23352,40.0265714v1,40,,18,4,,12/17/2021 15:58,,,,9,,,,,100,2.75,330,,,,,,,,,,,,
23353,10.0227001v1,10,,2,3,,12/15/2021 1:21,,,,163,,,,,1950,1.91,3758.88,,,,,,,,,,,,
23354,10.0240570v1,10,,2,3,,12/13/2021 21:37,,,,10,,,,,120,2.58,340.56,,,,,,,,,,,,
23354,10.0241208v1,10,,2,3,,12/13/2021 21:37,,,,10,,,,,120,2.58,340.56,,,,,,,,,,,,
23355,10.0242505v1,10,,2,1,,12/20/2021 21:34,,,,60,,,,,720,1.63,1193.16,,,,,,,,,,,,
23356,10.0253125v1,10,,2,4,,12/14/2021 22:10,,,,21,,,,,243,2.41,636.24,,,,,,,,,,,,
23357,10.0265858v1,10,,2,1,,12/13/2021 22:41,,,,10,,,,,120,1.79,236.28,,,,,,,,,,,,
23358,10.0268244v1,10,,2,1,,12/13/2021 23:30,,,,21,,,,,251,1.79,472.56,,,,,,,,,,,,
23359,40.0268345v4,40,,18,4,,12/16/2021 13:57,,,,7,,,,,75,2.75,264,,,,,,,,,,,,
23359,40.0268345v3,40,,18,4,,12/16/2021 13:57,,,,7,,,,,75,2.75,264,,,,,,,,,,,,
23360,10.0268089v1,10,,2,1,,12/13/2021 23:58,,,,5,,,,,60,2.29,164.88,,,,,,,,,,,,
23361,10.0268217v1,10,,2,1,,12/14/2021 2:09,,,,20,,,,,240,1.79,451.08,,,,,,,,,,,,
23362,10.0267238v3,10,,2,1,,12/16/2021 15:45,,,,10,,,,,120,1.79,236.28,,,,,,,,,,,,
23363,10.0260903v1,10,,2,1,,12/14/2021 15:29,,,,20,,,,,240,1.79,451.08,,,,,,,,,,,,
23364,10.0268446v1,10,,2,4,,12/14/2021 15:27,,,,6,,,,,65,2.58,216.72,,,,,,,,,,,,
23365,10.0268069v1,10,,2,1,,12/14/2021 15:31,,,,42,,,,,501,1.79,923.64,,,,,,,,,,,,
23366,10.0267600v1,10,,2,4,,12/14/2021 16:27,,,,5,,,,,60,2.58,185.76,,,,,,,,,,,,
23367,10.0267728v1,10,,2,1,,12/14/2021 21:18,,,,5,,,,,56,2.29,164.88,,,,,,,,,,,,
23368,10.0232547v1,10,,2,3,,12/15/2021 1:18,,,,5,,,,,60,3.66,263.52,,,,,,,,,,,,
23368,10.0222621v1,10,,2,3,,12/15/2021 1:18,,,,5,,,,,60,3.66,263.52,,,,,,,,,,,,
23369,10.0266703v1,10,,2,3,,12/15/2021 23:01,,,,11,,,,,125,2.58,371.52,,,,,,,,,,,,
23369,10.0266701v1,10,,2,3,,12/15/2021 23:01,,,,11,,,,,125,2.58,371.52,,,,,,,,,,,,
23369,10.0266703v2,10,,2,3,,12/15/2021 23:01,,,,11,,,,,125,2.58,371.52,,,,,,,,,,,,
23369,10.0266701v2,10,,2,3,,12/15/2021 23:01,,,,11,,,,,125,2.58,371.52,,,,,,,,,,,,
23370,10.0268490v1,10,,2,3,,12/14/2021 18:43,,,,9,,,,,105,3.58,429.6,,,,,,,,,,,,
23372,10.0267552v1,10,,2,4,,12/14/2021 19:24,,,,15,,,,,175,2.41,462.72,,,,,,,,,,,,
23373,10.0263982v1,10,,2,3,,12/14/2021 22:13,,,,6,,,,,65,3.66,307.44,,,,,,,,,,,,
23374,10.0268408v1,10,,2,3,,12/14/2021 20:55,,,,6,,,,,72,3.66,307.44,,,,,,,,,,,,
23375,10.0267017v2,10,,2,3,,12/14/2021 21:59,,,,15,,,,,175,2.41,462.72,,,,,,,,,,,,
23376,10.0259662v2,10,,2,1,,12/15/2021 1:29,,,,30,,,,,355,1.79,665.88,,,,,,,,,,,,
23377,10.0234383v2,10,,2,3,,12/14/2021 21:13,,,,5,,,,,60,3.66,263.52,,,,,,,,,,,,
23378,10.0244923v1,10,,2,4,,12/15/2021 20:50,,,,5,,,,,60,2.58,185.76,,,,,,,,,,,,
23378,10.0362260v1,10,,2,4,,12/15/2021 20:50,,,,5,,,,,60,2.58,185.76,,,,,,,,,,,,
23379,10.0244922v1,10,,2,1,,12/14/2021 21:41,,,,5,,,,,60,2.29,164.88,,,,,,,,,,,,
23380,40.0268475v1,40,,18,4,,12/15/2021 1:29,,,,9,,,,,100,2.75,330,,,,,,,,,,,,
23381,10.0268411v2,10,,2,4,,12/16/2021 17:57,,,,10,,,,,120,2.58,340.56,,,,,,,,,,,,
23382,10.024451v2,10,,2,1,,12/23/2021 15:26,,,,5,,,,,60,2.29,164.88,,,,,,,,,,,,
23383,10.0268225v1,10,,2,3,,12/14/2021 23:14,,,,5,,,,,60,3.66,263.52,,,,,,,,,,,,
23384,10.0229935v1,10,,2,1,,12/15/2021 19:59,,,,5,,,,,60,2.29,164.88,,,,,,,,,,,,
23385,44.0227511v4,44,,21,4,,12/15/2021 0:48,,,,5,,,,,60,2.75,198,,,,,,,,,,,,
23386,10.0268039v1,10,,2,4,,12/15/2021 1:28,,,,5,,,,,60,2.58,185.76,,,,,,,,,,,,
23387,10.0268593v1,10,,2,4,,12/15/2021 15:21,,,,5,,,,,60,2.58,185.76,,,,,,,,,,,,
23388,10.0268081v2,10,,2,4,,12/15/2021 14:47,,,,9,,,,,101,2.58,309.6,,,,,,,,,,,,
23390,17.0267818v2,17,,9,3,,12/15/2021 16:58,,,,30,,,,,360,2.41,896.52,,,,,,,,,,,,
23391,17.0268529v2,17,,9,4,,12/15/2021 17:54,,,,5,,,,,60,2.58,185.76,,,,,,,,,,,,
23392,10.0267698v1,10,,2,4,,12/15/2021 16:53,,,,6,,,,,61,2.58,216.72,,,,,,,,,,,,
23393,10.0218471v1,10,,2,1,,12/16/2021 3:22,,,,10,,,,,120,1.79,236.28,,,,,,,,,,,,
23394,10.0267646v4,10,,2,1,,12/17/2021 16:50,,,,67,,,,,800,1.63,1330.08,,,,,,,,,,,,
23395,10.0259897v2,10,,2,4,,12/16/2021 13:56,,,,6,,,,,70,2.58,216.72,,,,,,,,,,,,
23396,10.0268647v1,10,,2,4,,12/15/2021 20:12,,,,5,,,,,60,2.58,185.76,,,,,,,,,,,,
23397,10.0267927v1,10,,2,3,,12/15/2021 20:30,,,,50,,,,,600,2.16,1321.92,,,,,,,,,,,,
23398,10.0266191v1,10,,2,4,,12/15/2021 20:56,,,,5,,,,,60,2.58,185.76,,,,,,,,,,,,
23398,10.0368463v1,10,,2,4,,12/15/2021 20:56,,,,9,,,,,100,2.58,309.6,,,,,,,,,,,,
23399,10.0243490v1,10,,2,1,,12/15/2021 20:48,,,,5,,,,,60,2.29,164.88,,,,,,,,,,,,
23399,10.0367285v1,10,,2,1,,12/15/2021 20:48,,,,5,,,,,60,2.29,164.88,,,,,,,,,,,,
23400,10.0244911v1,10,,2,4,,12/15/2021 20:46,,,,10,,,,,120,2.58,340.56,,,,,,,,,,,,
23401,10.0217376v5,10,,2,3,,12/17/2021 13:21,,,,397,,,,,4764,1.62,7737.12,,,,,,,,,,,,
23402,10.0268671v2,10,,2,4,,12/15/2021 21:27,,,,5,,,,,60,2.58,185.76,,,,,,,,,,,,
23403,40.0268528v1,40,,18,3,,12/15/2021 21:24,,,,10,,,,,120,2.66,351.12,,,,,,,,,,,,
23404,10.0268215v1,10,,2,4,,12/15/2021 21:47,,,,5,,,,,60,2.58,185.76,,,,,,,,,,,,
23405,10.0268681v1,10,,2,3,,12/15/2021 21:54,,,,13,,,,,150,2.41,404.88,,,,,,,,,,,,
23406,40.0267330v3,40,,18,3,,12/15/2021 23:23,,,,11,,,,,130,2.66,383.04,,,,,,,,,,,,
23407,10.0268674v1,10,,2,3,,12/16/2021 13:56,,,,11,,,,,125,2.58,371.52,,,,,,,,,,,,
23408,10.0267571v1,10,,2,4,,12/16/2021 16:26,,,,84,,,,,1000,1.91,1948.2,,,,,,,,,,,,
23409,40.0268455v1,40,,18,3,,2/8/2022 15:00,,,,12,,,,,135,2.49,388.44,,,,,,,,,,,,
23410,10.0268618v4,10,,2,1,,12/21/2021 19:48,,,,7,,,,,75,2.29,219.84,,,,,,,,,,,,
23410,10.0268618v5,10,,2,1,,12/21/2021 19:48,,,,7,,,,,75,2.29,219.84,,,,,,,,,,,,
23411,10.0267358v1,10,,2,1,,12/16/2021 22:42,,,,10,,,,,120,1.79,236.28,,,,,,,,,,,,
23413,40.0268508v1,40,,18,1,,12/16/2021 22:31,,,,67,,,,,800,1.63,1330.08,,,,,,,,,,,,
23414,10.0246747v4,10,,2,1,,12/27/2021 14:07,,,,6,,,,,64,2.29,192.36,,,,,,,,,,,,
23415,10.029627v2,10,,2,3,,12/16/2021 14:00,,,,42,,,,,500,2.41,1243.56,,,,,,,,,,,,
23416,10.0268704v1,10,,2,4,,12/16/2021 15:06,,,,8,,,,,85,2.58,278.64,,,,,,,,,,,,
23417,10.0268667v1,10,,2,3,,12/23/2021 23:25,,,,10,,,,,120,2.58,340.56,,,,,,,,,,,,
23418,40.0267248v2,40,,18,4,,12/17/2021 14:28,,,,10,,,,,120,2.75,363,,,,,,,,,,,,
23418,40.0267253v1,40,,18,4,,12/17/2021 14:28,,,,10,,,,,120,2.75,363,,,,,,,,,,,,
23419,10.0267640v1,10,,2,4,,12/16/2021 20:27,,,,5,,,,,60,2.58,185.76,,,,,,,,,,,,
23420,10.0268649v1,10,,2,1,,12/22/2021 21:32,,,,5,,,,,60,2.29,164.88,,,,,,,,,,,,
23420,10.0268649v2,10,,2,1,,12/22/2021 21:32,,,,8,,,,,90,2.29,247.32,,,,,,,,,,,,
23422,10.0261351v1,10,,2,1,,12/16/2021 18:33,,,,25,,,,,300,1.79,558.48,,,,,,,,,,,,
23423,10.0443499v1,10,,2,3,,12/21/2021 11:17,,,,10,,,,,120,2.58,340.56,,,,,,,,,,,,
23424,10.0268584v1,10,,2,3,,12/17/2021 16:48,,,,84,,,,,1000,1.91,1948.2,,,,,,,,,,,,
23425,10.0259738v3,10,,2,1,,12/16/2021 19:43,,,,10,,,,,120,1.79,236.28,,,,,,,,,,,,
23426,10.0261794v13,10,,2,1,,12/16/2021 19:43,,,,20,,,,,240,1.79,451.08,,,,,,,,,,,,
23426,10.0266955v2,10,,2,1,,12/16/2021 19:43,,,,10,,,,,120,1.79,236.28,,,,,,,,,,,,
23427,10.0222115v3,10,,2,1,,12/16/2021 20:08,,,,42,,,,,500,1.79,923.64,,,,,,,,,,,,
23428,10.0241447v1,10,,2,1,,12/21/2021 19:28,,,,10,,,,,120,1.79,236.28,,,,,,,,,,,,
23429,10.0268059v2,10,,2,1,,12/16/2021 22:24,,,,20,,,,,240,1.79,451.08,,,,,,,,,,,,
23430,10.0249837v1,10,,2,4,,12/20/2021 20:15,,,,25,,,,,300,2.41,751.92,,,,,,,,,,,,
23431,10.0248287v1,10,,2,1,,1/7/2022 23:50,,,,625,,,,,7500,1.56,11718.72,,,,,,,,,,,,
23431,10.0248289v1,10,,2,1,,1/7/2022 23:50,,,,625,,,,,7500,1.56,11718.72,,,,,,,,,,,,
23431,10.0248288v1,10,,2,1,,1/7/2022 23:50,,,,625,,,,,7500,1.56,11718.72,,,,,,,,,,,,
23432,10.0247976v1,10,,2,1,,12/16/2021 22:30,,,,14,,,,,160,1.79,322.2,,,,,,,,,,,,
23433,10.0268689v1,10,,2,4,,12/17/2021 16:50,,,,5,,,,,60,2.58,185.76,,,,,,,,,,,,
23434,10.0268762v1,10,,2,4,,12/17/2021 17:15,,,,8,,,,,95,2.58,278.64,,,,,,,,,,,,
23435,44.0268202v1,44,,21,4,,12/16/2021 22:51,,,,5,,,,,60,2.75,198,,,,,,,,,,,,
23436,10.0266774v1,10,,2,1,,12/16/2021 23:30,,,,7,,,,,80,2.29,219.84,,,,,,,,,,,,
23436,10.0266760v1,10,,2,1,,12/16/2021 23:30,,,,9,,,,,100,2.29,274.8,,,,,,,,,,,,
23437,12.0256933v2,12,,4,4,,12/17/2021 16:55,,,,30,,,,,354,2.54,944.88,,,,,,,,,,,,
23438,10.0258442v1,10,,2,4,,12/17/2021 15:31,,,,6,,,,,62,2.58,216.72,,,,,,,,,,,,
23439,10.0268544v5,10,,2,4,,12/17/2021 2:03,,,,10,,,,,120,2.58,340.56,,,,,,,,,,,,
23439,10.0268544v1,10,,2,4,,12/17/2021 2:03,,,,10,,,,,120,2.58,340.56,,,,,,,,,,,,
23440,10.0268116v1,10,,2,4,,12/17/2021 17:15,,,,5,,,,,60,2.58,185.76,,,,,,,,,,,,
23441,10.0268350v1,10,,2,4,,12/17/2021 14:38,,,,20,,,,,240,2.41,607.32,,,,,,,,,,,,
23442,10.0264232v1,10,,2,1,,12/17/2021 15:17,,,,10,,,,,120,1.79,236.28,,,,,,,,,,,,
23443,10.0268778v1,10,,2,1,,12/17/2021 15:20,,,,6,,,,,65,2.29,192.36,,,,,,,,,,,,
23444,10.0227001v1,10,,2,3,,12/17/2021 17:16,,,,17,,,,,200,2.41,520.56,,,,,,,,,,,,
23446,10.0266833v1,10,,2,1,,12/17/2021 16:39,,,,5,,,,,60,2.29,164.88,,,,,,,,,,,,
23446,10.0266836v1,10,,2,1,,12/17/2021 16:39,,,,5,,,,,60,2.29,164.88,,,,,,,,,,,,
23446,10.0266852v3,10,,2,1,,12/17/2021 16:39,,,,5,,,,,60,2.29,164.88,,,,,,,,,,,,
23448,10.0267838v1,10,,2,4,,12/17/2021 19:22,,,,10,,,,,120,2.58,340.56,,,,,,,,,,,,
23448,10.0267837v1,10,,2,4,,12/17/2021 19:22,,,,10,,,,,120,2.58,340.56,,,,,,,,,,,,
23449,17.0237711v1,17,,9,1,,12/20/2021 15:53,,,,5,,,,,60,2.29,164.88,,,,,,,,,,,,
23449,17.0237710v1,17,,9,1,,12/20/2021 15:53,,,,5,,,,,60,2.29,164.88,,,,,,,,,,,,
23450,10.0211758v1,10,,2,1,,12/17/2021 17:04,,,,42,,,,,500,1.79,923.64,,,,,,,,,,,,
23451,10.0268736v1,10,,2,4,,12/17/2021 17:06,,,,7,,,,,82,2.58,247.68,,,,,,,,,,,,
23452,10.0247842v1,10,,2,4,,12/20/2021 15:54,,,,17,,,,,200,2.41,520.56,,,,,,,,,,,,
23453,10.0268355v2,10,,2,1,,12/17/2021 17:47,,,,6,,,,,61,2.29,192.36,,,,,,,,,,,,
23453,10.0268354v2,10,,2,1,,12/17/2021 17:47,,,,6,,,,,61,2.29,192.36,,,,,,,,,,,,
23453,10.0268356v2,10,,2,1,,12/17/2021 17:47,,,,6,,,,,61,2.29,192.36,,,,,,,,,,,,
23453,10.0268357v2,10,,2,1,,12/17/2021 17:47,,,,6,,,,,61,2.29,192.36,,,,,,,,,,,,
23453,10.0268358v2,10,,2,1,,12/17/2021 17:47,,,,6,,,,,61,2.29,192.36,,,,,,,,,,,,
23453,10.0268359v2,10,,2,1,,12/17/2021 17:47,,,,6,,,,,61,2.29,192.36,,,,,,,,,,,,
23454,10.0268827v1,10,,2,1,,12/17/2021 17:41,,,,50,,,,,600,1.71,1046.52,,,,,,,,,,,,
23455,10.0268743v1,10,,2,4,,12/17/2021 17:45,,,,42,,,,,500,2.41,1243.56,,,,,,,,,,,,
23456,10.0268838v2,10,,2,1,,12/20/2021 15:54,,,,13,,,,,150,1.79,300.72,,,,,,,,,,,,
23456,10.0268836v2,10,,2,1,,12/20/2021 15:54,,,,13,,,,,150,1.79,300.72,,,,,,,,,,,,
23457,10.0241405v2,10,,2,4,,12/17/2021 20:59,,,,60,,,,,720,1.91,1398.12,,,,,,,,,,,,
23458,10.0268891v1,10,,2,3,,12/21/2021 20:50,,,,397,,,,,4756,1.62,7737.12,,,,,,,,,,,,
23459,10.0266618v2,10,,2,1,,12/21/2021 17:15,,,,25,,,,,300,1.79,558.48,,,,,,,,,,,,
23459,10.0266614v2,10,,2,1,,12/21/2021 17:15,,,,25,,,,,300,1.79,558.48,,,,,,,,,,,,
23459,10.0266616v2,10,,2,1,,12/21/2021 17:15,,,,25,,,,,300,1.79,558.48,,,,,,,,,,,,
23460,10.0234241v1,10,,2,1,,12/20/2021 20:11,,,,5,,,,,60,2.29,164.88,,,,,,,,,,,,
23461,10.0268194v10,10,,2,1,,12/17/2021 19:46,,,,13,,,,,145,1.79,300.72,,,,,,,,,,,,
23461,10.0268556v5,10,,2,1,,12/17/2021 19:46,,,,10,,,,,120,1.79,236.28,,,,,,,,,,,,
23462,10.0261904v2,10,,2,4,,12/17/2021 19:56,,,,5,,,,,60,2.58,185.76,,,,,,,,,,,,
23463,10.0227935v1,10,,2,1,,12/17/2021 20:39,,,,20,,,,,240,1.79,451.08,,,,,,,,,,,,
23463,10.0227933v1,10,,2,1,,12/17/2021 20:39,,,,30,,,,,360,1.79,665.88,,,,,,,,,,,,
23463,10.0227932v1,10,,2,1,,12/17/2021 20:39,,,,30,,,,,360,1.79,665.88,,,,,,,,,,,,
23465,10.0268868v1,10,,2,1,,12/20/2021 16:32,,,,5,,,,,60,2.29,164.88,,,,,,,,,,,,
23466,10.0268608v1,10,,2,4,,12/15/2021 21:02,,,,5,,,,,60,2.58,185.76,,,,,,,,,,,,
23466,10.0268605v1,10,,2,4,,12/15/2021 21:02,,,,5,,,,,60,2.58,185.76,,,,,,,,,,,,
23467,10.0264174v3,10,,2,1,,12/21/2021 20:48,,,,11,,,,,121,1.79,257.76,,,,,,,,,,,,
23467,10.0264168v1,10,,2,1,,12/21/2021 20:48,,,,11,,,,,121,1.79,257.76,,,,,,,,,,,,
23468,15.0268678v1,15,,7,3,,12/17/2021 22:40,,,,30,,,,,360,3.53,1313.16,,,,,,,,,,,,
23468,40.0268684v1,40,,18,3,,12/17/2021 22:40,,,,30,,,,,360,2.49,926.28,,,,,,,,,,,,
23469,10.0242627v2,10,,2,1,,12/20/2021 14:15,,,,25,,,,,300,1.79,558.48,,,,,,,,,,,,
23469,10.0242619v2,10,,2,1,,12/20/2021 14:15,,,,25,,,,,300,1.79,558.48,,,,,,,,,,,,
23470,10.0267542v1,10,,2,3,,12/18/2021 0:22,,,,17,,,,,200,2.41,520.56,,,,,,,,,,,,
23471,10.0268920v1,10,,2,4,,12/18/2021 1:35,,,,6,,,,,72,2.58,216.72,,,,,,,,,,,,
23472,10.0268342v2,10,,2,4,,12/20/2021 17:03,,,,5,,,,,60,2.58,185.76,,,,,,,,,,,,
23473,10.0266579v3,10,,2,3,,12/20/2021 8:45,,,,25,,,,,300,2.41,751.92,,,,,,,,,,,,
23475,10.0268963v1,10,,2,4,,12/20/2021 14:40,,,,5,,,,,60,2.58,185.76,,,,,,,,,,,,
23476,10.0268644v6,10,,2,1,,12/21/2021 11:16,,,,13,,,,,150,1.79,300.72,,,,,,,,,,,,
23477,10.0247464v3,10,,2,3,,12/20/2021 18:50,,,,21,,,,,250,2.41,636.24,,,,,,,,,,,,
23477,10.0247465v4,10,,2,3,,12/20/2021 18:50,,,,21,,,,,250,2.41,636.24,,,,,,,,,,,,
23478,45.0269008v2,45,,22,1,,12/20/2021 18:31,,,,15,,,,,175,1.79,343.68,,,,,,,,,,,,
23479,10.0269016v1,10,,2,1,,12/20/2021 18:09,,,,9,,,,,105,2.29,274.8,,,,,,,,,,,,
23480,10.0237418v1,10,,2,3,,12/20/2021 22:00,,,,37,,,,,440,2.41,1098.96,,,,,,,,,,,,
23481,20.0259266v1,20,,11,3,,12/20/2021 18:45,,,,20,,,,,240,2.99,753.48,,,,,,,,,,,,
23482,40.0261498v2,40,,18,4,,12/21/2021 17:17,,,,13,,,,,150,2.58,433.44,,,,,,,,,,,,
23483,10.0268574v1,10,,2,4,,12/21/2021 20:50,,,,109,,,,,1300,1.91,2521.2,,,,,,,,,,,,
23484,10.02228v4,10,,2,3,,12/20/2021 21:46,,,,20,,,,,240,2.41,607.32,,,,,,,,,,,,
23484,10.0262447v1,10,,2,3,,12/20/2021 21:46,,,,20,,,,,240,2.41,607.32,,,,,,,,,,,,
23485,17.0260110v2,17,,9,3,,12/20/2021 19:19,,,,23,,,,,275,2.41,694.08,,,,,,,,,,,,
23486,10.0267980v1,10,,2,4,,12/20/2021 19:43,,,,5,,,,,60,2.58,185.76,,,,,,,,,,,,
23486,10.0368107v1,10,,2,4,,12/20/2021 19:43,,,,5,,,,,60,2.58,185.76,,,,,,,,,,,,
23486,10.0264974v1,10,,2,4,,12/20/2021 19:43,,,,5,,,,,60,2.58,185.76,,,,,,,,,,,,
23487,10.0269022v1,10,,2,1,,12/20/2021 21:45,,,,11,,,,,125,1.79,257.76,,,,,,,,,,,,
23488,40.0268747v1,40,,18,1,,12/20/2021 22:17,,,,20,,,,,240,1.79,451.08,,,,,,,,,,,,
23488,40.0268317v6,40,,18,1,,12/20/2021 22:17,,,,9,,,,,108,1.96,235.2,,,,,,,,,,,,
23489,10.0258636v1,10,,2,4,,12/21/2021 21:05,,,,5,,,,,60,2.58,185.76,,,,,,,,,,,,
23490,12.0268690v1,12,,4,3,,12/20/2021 21:19,,,,10,,,,,120,2.33,307.56,,,,,,,,,,,,
23490,10.0268281v1,10,,2,3,,12/20/2021 21:19,,,,22,,,,,260,2.41,665.16,,,,,,,,,,,,
23491,10.0268955v1,10,,2,3,,12/20/2021 21:24,,,,5,,,,,60,3.66,263.52,,,,,,,,,,,,
23491,10.0268955v2,10,,2,3,,12/20/2021 21:24,,,,5,,,,,60,3.66,263.52,,,,,,,,,,,,
23492,40.0213920v4,40,,18,3,,12/20/2021 21:32,,,,10,,,,,120,2.66,351.12,,,,,,,,,,,,
23492,40.0214770v3,40,,18,3,,12/20/2021 21:32,,,,10,,,,,120,2.66,351.12,,,,,,,,,,,,
23494,10.0262477v5,10,,2,1,,12/20/2021 23:20,,,,10,,,,,120,1.79,236.28,,,,,,,,,,,,
23494,10.0262476v6,10,,2,1,,12/20/2021 23:20,,,,10,,,,,120,1.79,236.28,,,,,,,,,,,,
23494,10.0262479v5,10,,2,1,,12/20/2021 23:20,,,,10,,,,,120,1.79,236.28,,,,,,,,,,,,
23495,10.0267934v1,10,,2,1,,12/21/2021 16:30,,,,5,,,,,60,2.29,164.88,,,,,,,,,,,,
23496,10.0268082v2,10,,2,1,,12/21/2021 11:15,,,,22,,,,,263,1.79,494.04,,,,,,,,,,,,
23497,10.0263877v1,10,,2,1,,12/21/2021 16:30,,,,7,,,,,75,2.29,219.84,,,,,,,,,,,,
23498,10.0237248v1,10,,2,4,,12/21/2021 14:10,,,,20,,,,,240,2.41,607.32,,,,,,,,,,,,
23499,10.0269015v1,10,,2,1,,12/21/2021 15:10,,,,5,,,,,60,2.29,164.88,,,,,,,,,,,,
23500,10.0367285v1,10,,2,4,,12/21/2021 19:50,,,,5,,,,,60,2.58,185.76,,,,,,,,,,,,
23501,10.0362881v1,10,,2,4,,12/22/2021 7:12,,,,20,,,,,240,2.41,607.32,,,,,,,,,,,,
23501,10.0261805v2,10,,2,4,,12/22/2021 7:12,,,,20,,,,,240,2.41,607.32,,,,,,,,,,,,
23502,10.0214706v1,10,,2,4,,12/21/2021 16:47,,,,17,,,,,200,2.41,520.56,,,,,,,,,,,,
23503,40.0230239v2,40,,18,1,,12/21/2021 16:10,,,,5,,,,,60,2.29,164.88,,,,,,,,,,,,
23504,10.0269079v1,10,,2,1,,12/21/2021 16:59,,,,25,,,,,300,1.79,558.48,,,,,,,,,,,,
23505,10.0269219v1,10,,2,1,,12/21/2021 17:01,,,,27,,,,,320,1.79,601.44,,,,,,,,,,,,
23506,40.0267543v5,40,,18,1,,12/21/2021 18:47,,,,10,,,,,120,1.79,236.28,,,,,,,,,,,,
23507,10.0266221v1,10,,2,1,,12/21/2021 18:54,,,,20,,,,,240,1.79,451.08,,,,,,,,,,,,
23508,18.0268957v1,18,,10,1,,12/21/2021 21:36,,,,211,,,,,2525,1.6,4070.4,,,,,,,,,,,,
23508,18.0268957v2,18,,10,1,,12/21/2021 21:36,,,,211,,,,,2525,1.6,4070.4,,,,,,,,,,,,
23509,10.0269035v1,10,,2,1,,12/21/2021 18:37,,,,13,,,,,153,1.79,300.72,,,,,,,,,,,,
23510,10.0216936v1,10,,2,1,,1/14/2022 16:59,,,,5,,,,,60,2.56,184.32,,,,,,,,,,,,
23511,10.0268547v2,10,,2,3,,12/21/2021 21:02,,,,30,,,,,360,2.41,896.52,,,,,,,,,,,,
23512,10.0268989v2,10,,2,3,,12/21/2021 18:58,,,,43,,,,,505,2.41,1272.48,,,,,,,,,,,,
23513,10.0269022v1,10,,2,4,,12/21/2021 19:50,,,,9,,,,,100,2.58,309.6,,,,,,,,,,,,
23514,10.0234646v1,10,,2,1,,12/21/2021 19:01,,,,17,,,,,200,1.79,386.64,,,,,,,,,,,,
23515,10.0247476v3,10,,2,4,,12/21/2021 22:56,,,,42,,,,,500,2.41,1243.56,,,,,,,,,,,,
23516,10.0268609v2,10,,2,3,,12/22/2021 1:24,,,,11,,,,,125,2.58,371.52,,,,,,,,,,,,
23518,10.0361955v1,10,,2,4,,12/21/2021 22:22,,,,5,,,,,60,2.58,185.76,,,,,,,,,,,,
23518,10.0244900v1,10,,2,4,,12/21/2021 22:22,,,,5,,,,,60,2.58,185.76,,,,,,,,,,,,
23520,10.0267630v1,10,,2,1,,12/21/2021 20:51,,,,10,,,,,120,1.79,236.28,,,,,,,,,,,,
23521,10.0268983v1,10,,2,1,,12/21/2021 20:35,,,,12,,,,,135,1.79,279.24,,,,,,,,,,,,
23522,10.0260687v2,10,,2,3,,12/22/2021 22:11,,,,50,,,,,600,2.16,1321.92,,,,,,,,,,,,
23523,10.0269280v2,10,,2,1,,12/21/2021 21:05,,,,10,,,,,120,1.79,236.28,,,,,,,,,,,,
23525,10.0268287v4,10,,2,1,,12/21/2021 21:32,,,,10,,,,,120,1.79,236.28,,,,,,,,,,,,
23526,10.0267209v2,10,,2,3,,12/23/2021 23:38,,,,15,,,,,175,2.41,462.72,,,,,,,,,,,,
23527,10.0268978v3,10,,2,4,,12/21/2021 21:50,,,,5,,,,,60,2.58,185.76,,,,,,,,,,,,
23528,10.0268586v1,10,,2,1,,12/23/2021 1:40,,,,42,,,,,500,1.79,923.64,,,,,,,,,,,,
23529,12.0268893v1,12,,4,3,,12/21/2021 23:01,,,,10,,,,,120,2.33,307.56,,,,,,,,,,,,
23529,12.0268894v1,12,,4,3,,12/21/2021 23:01,,,,10,,,,,120,2.33,307.56,,,,,,,,,,,,
23529,12.0268895v1,12,,4,3,,12/21/2021 23:01,,,,10,,,,,120,2.33,307.56,,,,,,,,,,,,
23529,12.0268896v1,12,,4,3,,12/21/2021 23:01,,,,10,,,,,120,2.33,307.56,,,,,,,,,,,,
23530,10.0269249v1,10,,2,1,,12/21/2021 23:05,,,,10,,,,,120,1.79,236.28,,,,,,,,,,,,
23531,10.0268878v3,10,,2,1,,12/21/2021 23:11,,,,10,,,,,120,1.79,236.28,,,,,,,,,,,,
23532,10.0265446v1,10,,2,3,,12/22/2021 15:00,,,,21,,,,,250,2.41,636.24,,,,,,,,,,,,
23533,10.0269331v1,10,,2,3,,12/22/2021 21:39,,,,10,,,,,120,2.58,340.56,,,,,,,,,,,,
23534,10.0269387v1,10,,2,1,,12/29/2021 13:28,,,,5,,,,,60,2.29,164.88,,,,,,,,,,,,
23534,10.0269393v1,10,,2,1,,12/29/2021 13:28,,,,5,,,,,60,2.29,164.88,,,,,,,,,,,,
23535,10.0268160v2,10,,2,1,,12/22/2021 15:38,,,,5,,,,,60,2.29,164.88,,,,,,,,,,,,
23536,10.0263277v1,10,,2,1,,12/22/2021 17:21,,,,18,,,,,215,1.79,408.12,,,,,,,,,,,,
23537,10.0269414v1,10,,2,4,,12/22/2021 16:02,,,,7,,,,,75,2.58,247.68,,,,,,,,,,,,
23538,10.0230456v2,10,,2,3,,12/22/2021 21:32,,,,10,,,,,120,2.58,340.56,,,,,,,,,,,,
23539,10.0233487v3,10,,2,1,,1/14/2022 16:58,,,,100,,,,,1200,1.71,2072.52,,,,,,,,,,,,
23540,10.0268998v2,10,,2,3,,12/23/2021 14:18,,,,10,,,,,120,2.58,340.56,,,,,,,,,,,,
23541,10.0269133v1,10,,2,1,,12/22/2021 17:06,,,,30,,,,,360,1.79,665.88,,,,,,,,,,,,
23541,10.0269128v1,10,,2,1,,12/22/2021 17:06,,,,30,,,,,360,1.79,665.88,,,,,,,,,,,,
23542,10.0269441v2,10,,2,4,,12/22/2021 17:37,,,,5,,,,,60,2.58,185.76,,,,,,,,,,,,
23543,10.0269038v1,10,,2,3,,12/22/2021 17:36,,,,5,,,,,60,3.66,263.52,,,,,,,,,,,,
23543,10.0269034v1,10,,2,3,,12/22/2021 17:36,,,,5,,,,,60,3.66,263.52,,,,,,,,,,,,
23544,10.0261739v1,10,,2,4,,12/22/2021 17:59,,,,10,,,,,120,2.58,340.56,,,,,,,,,,,,
23545,10.0233791v1,10,,2,1,,12/22/2021 19:16,,,,67,,,,,800,1.63,1330.08,,,,,,,,,,,,
23546,10.0268869v1,10,,2,1,,12/28/2021 20:50,,,,10,,,,,120,1.79,236.28,,,,,,,,,,,,
23546,10.0268870v1,10,,2,1,,12/28/2021 20:50,,,,10,,,,,120,1.79,236.28,,,,,,,,,,,,
23547,10.0269367v1,10,,2,3,,12/22/2021 18:46,,,,14,,,,,160,2.41,433.8,,,,,,,,,,,,
23548,44.0269376v1,44,,21,1,,12/22/2021 19:26,,,,10,,,,,120,1.79,236.28,,,,,,,,,,,,
23549,40.0245529v1,40,,18,3,,12/22/2021 19:56,,,,25,,,,,300,2.49,776.88,,,,,,,,,,,,
23550,10.0266671v1,10,,2,3,,12/22/2021 23:50,,,,20,,,,,240,2.41,607.32,,,,,,,,,,,,
23551,10.0251287v1,10,,2,1,,12/22/2021 20:08,,,,11,,,,,121,1.79,257.76,,,,,,,,,,,,
23552,10.0211110v2,10,,2,3,,12/22/2021 20:51,,,,30,,,,,360,2.41,896.52,,,,,,,,,,,,
23553,10.0238404v5,10,,2,3,,12/22/2021 21:30,,,,42,,,,,500,2.41,1243.56,,,,,,,,,,,,
23555,10.0235479v2,10,,2,3,,12/22/2021 21:30,,,,42,,,,,500,2.41,1243.56,,,,,,,,,,,,
23557,10.0243490v1,10,,2,1,,12/22/2021 21:26,,,,9,,,,,102,2.29,274.8,,,,,,,,,,,,
23558,10.0269444v1,10,,2,3,,12/23/2021 1:39,,,,30,,,,,360,2.41,896.52,,,,,,,,,,,,
23559,10.0269483v1,10,,2,4,,12/23/2021 1:40,,,,7,,,,,80,2.58,247.68,,,,,,,,,,,,
23560,12.0169488v1,12,,4,3,,12/23/2021 13:58,,,,5,,,,,60,3.41,245.52,,,,,,,,,,,,
23560,12.0269438v3,12,,4,3,,12/23/2021 13:58,,,,5,,,,,60,3.41,245.52,,,,,,,,,,,,
23561,10.0268885v2,10,,2,3,,12/22/2021 22:33,,,,6,,,,,63,3.66,307.44,,,,,,,,,,,,
23561,10.0268887v1,10,,2,3,,12/22/2021 22:33,,,,6,,,,,63,3.66,307.44,,,,,,,,,,,,
23562,10.0266842v1,10,,2,4,,12/22/2021 22:43,,,,5,,,,,60,2.58,185.76,,,,,,,,,,,,
23563,20.0254771v2,20,,11,3,,12/23/2021 1:34,,,,14,,,,,160,2.99,538.2,,,,,,,,,,,,
23564,10.0269474v2,10,,2,1,,1/5/2022 19:34,,,,5,,,,,60,2.56,184.32,,,,,,,,,,,,
23565,20.0269498v1,20,,11,3,,12/23/2021 1:40,,,,42,,,,,500,2.99,1542.84,,,,,,,,,,,,
23567,10.0220106v1,10,,2,3,,1/4/2022 20:44,,,,10,,,,,120,2.58,340.56,,,,,,,,,,,,
23569,10.0251871v1,10,,2,1,,12/27/2021 15:21,,,,6,,,,,72,2.29,192.36,,,,,,,,,,,,
23570,10.0268944v1,10,,2,3,,12/23/2021 23:30,,,,17,,,,,200,2.41,520.56,,,,,,,,,,,,
23571,10.0263105v1,10,,2,4,,12/22/2021 21:19,,,,40,,,,,480,2.41,1185.72,,,,,,,,,,,,
23572,10.0218842v1,10,,2,3,,12/23/2021 15:11,,,,20,,,,,240,2.41,607.32,,,,,,,,,,,,
23573,17.0267575v1,17,,9,3,,12/23/2021 15:18,,,,11,,,,,122,2.58,371.52,,,,,,,,,,,,
23574,40.0224568v2,40,,18,1,,12/29/2021 18:39,,,,267,,,,,3200,1.5,4824,,,,,,,,,,,,
23575,10.0268995v1,10,,2,4,,12/23/2021 18:56,,,,113,,,,,1350,1.91,2612.88,,,,,,,,,,,,
23576,10.0269027v1,10,,2,3,,12/23/2021 17:29,,,,21,,,,,250,2.41,636.24,,,,,,,,,,,,
23577,10.0257227v1,10,,2,3,,12/23/2021 18:33,,,,25,,,,,300,2.41,751.92,,,,,,,,,,,,
23578,10.0268669v3,10,,2,3,,12/23/2021 17:45,,,,17,,,,,200,2.41,520.56,,,,,,,,,,,,
23579,10.0269476v2,10,,2,1,,12/23/2021 18:38,,,,5,,,,,60,2.29,164.88,,,,,,,,,,,,
23580,40.0269519v1,40,,18,3,,12/23/2021 21:13,,,,10,,,,,120,2.66,351.12,,,,,,,,,,,,
23581,10.0235004v4,10,,2,3,,12/30/2021 1:06,,,,167,,,,,2000,1.91,3850.56,,,,,,,,,,,,
23581,10.0235004v3,10,,2,3,,12/30/2021 1:06,,,,167,,,,,2000,1.91,3850.56,,,,,,,,,,,,
23582,10.0269605v1,10,,2,3,,12/23/2021 23:38,,,,100,,,,,1200,1.91,2314.92,,,,,,,,,,,,
23583,10.0268167v2,10,,2,3,,12/24/2021 0:08,,,,17,,,,,200,2.41,520.56,,,,,,,,,,,,
23584,10.0269502v1,10,,2,1,,12/27/2021 13:26,,,,9,,,,,105,2.29,274.8,,,,,,,,,,,,
23585,40.0269351v1,40,,18,3,,12/27/2021 16:09,,,,32,,,,,380,2.49,986.04,,,,,,,,,,,,
23586,40.0268755v1,40,,18,3,,1/4/2022 15:24,,,,125,,,,,1500,1.99,3008.88,,,,,,,,,,,,
23587,10.0269562v1,10,,2,4,,12/27/2021 19:21,,,,67,,,,,800,1.91,1558.56,,,,,,,,,,,,
23588,10.0269433v1,10,,2,1,,12/27/2021 16:53,,,,24,,,,,280,1.79,537,,,,,,,,,,,,
23589,10.0269480v1,10,,2,3,,12/27/2021 17:00,,,,9,,,,,105,3.58,429.6,,,,,,,,,,,,
23590,10.0269208v1,10,,2,3,,12/27/2021 17:36,,,,67,,,,,802,1.91,1558.56,,,,,,,,,,,,
23590,10.0269180v2,10,,2,3,,12/27/2021 17:36,,,,6,,,,,62,3.66,307.44,,,,,,,,,,,,
23590,10.0266906v1,10,,2,3,,12/27/2021 17:36,,,,67,,,,,802,1.91,1558.56,,,,,,,,,,,,
23590,10.0266894v1,10,,2,3,,12/27/2021 17:36,,,,67,,,,,802,1.91,1558.56,,,,,,,,,,,,
23590,10.0269205v1,10,,2,3,,12/27/2021 17:36,,,,6,,,,,62,3.66,307.44,,,,,,,,,,,,
23590,10.0266908v4,10,,2,3,,12/27/2021 17:36,,,,67,,,,,802,1.91,1558.56,,,,,,,,,,,,
23591,10.0213956v6,10,,2,1,,1/5/2022 23:19,,,,9,,,,,100,2.56,307.2,,,,,,,,,,,,
23592,10.0269635v1,10,,18,1,,12/27/2021 18:54,,,,35,,,,,410,1.79,773.28,,,,,,,,,,,,
23593,10.0269645v1,10,,2,3,,12/27/2021 18:49,,,,7,,,,,80,3.66,351.36,,,,,,,,,,,,
23594,40.0272803v1,40,,18,1,,12/27/2021 19:01,,,,16,,,,,186,1.79,365.16,,,,,,,,,,,,
23595,10.0268801v1,10,,2,4,,12/27/2021 20:14,,,,10,,,,,120,2.58,340.56,,,,,,,,,,,,
23596,10.0269497v1,10,,2,3,,12/27/2021 20:09,,,,7,,,,,80,3.66,351.36,,,,,,,,,,,,
23597,10.0268510v1,10,,2,1,,12/27/2021 21:32,,,,20,,,,,240,1.79,451.08,,,,,,,,,,,,
23598,40.0269125v1,40,,18,1,,12/27/2021 21:37,,,,10,,,,,120,1.79,236.28,,,,,,,,,,,,
23599,10.0269570v1,10,,2,1,,12/27/2021 20:30,,,,10,,,,,120,1.79,236.28,,,,,,,,,,,,
23599,10.0269571v1,10,,2,1,,12/27/2021 20:30,,,,10,,,,,120,1.79,236.28,,,,,,,,,,,,
23599,10.0269573v1,10,,2,1,,12/27/2021 20:30,,,,10,,,,,120,1.79,236.28,,,,,,,,,,,,
23600,10.0268504v1,10,,2,1,,12/27/2021 21:53,,,,44,,,,,525,1.79,966.6,,,,,,,,,,,,
23601,10.0269452v1,10,,2,3,,12/27/2021 21:00,,,,5,,,,,60,3.66,263.52,,,,,,,,,,,,
23602,10.0269112v4,10,,2,4,,12/28/2021 21:08,,,,13,,,,,150,2.41,404.88,,,,,,,,,,,,
23604,12.0268663v1,12,,4,1,,12/28/2021 6:08,,,,13,,,,,150,1.46,245.28,,,,,,,,,,,,
23604,12.0268662v1,12,,4,1,,12/28/2021 6:08,,,,13,,,,,150,1.46,245.28,,,,,,,,,,,,
23605,10.0269218v1,10,,2,3,,12/28/2021 15:18,,,,5,,,,,60,3.66,263.52,,,,,,,,,,,,
23606,10.0269217v3,10,,2,4,,12/28/2021 16:24,,,,5,,,,,60,2.58,185.76,,,,,,,,,,,,
23606,10.0269216v3,10,,2,4,,12/28/2021 16:24,,,,5,,,,,60,2.58,185.76,,,,,,,,,,,,
23607,40.0269298v1,40,,18,3,,12/28/2021 16:05,,,,40,,,,,480,2.49,1225.08,,,,,,,,,,,,
23608,10.0245086v4,10,,2,4,,12/28/2021 16:08,,,,5,,,,,60,2.58,185.76,,,,,,,,,,,,
23609,10.0268960v1,10,,2,1,,12/28/2021 18:03,,,,13,,,,,151,1.79,300.72,,,,,,,,,,,,
23610,10.0286008v2,10,,2,3,,3/29/2022 16:31,,,,42,,,,,500,2.41,1243.56,,,,,,,,,,,,
23610,10.0286009v2,10,,2,3,,3/29/2022 16:31,,,,42,,,,,500,2.41,1243.56,,,,,,,,,,,,
23611,10.0215035v1,10,,2,4,,12/29/2021 15:52,,,,17,,,,,200,2.41,520.56,,,,,,,,,,,,
23612,10.0243490v1,10,,2,3,,1/3/2022 21:22,,,,5,,,,,60,3.66,263.52,,,,,,,,,,,,
23613,10.0257205v8,10,,2,1,,12/29/2021 20:10,,,,27,,,,,318,1.79,601.44,,,,,,,,,,,,
23614,40.0242311v4,40,,18,3,,12/29/2021 17:42,,,,5,,,,,60,3.74,269.28,,,,,,,,,,,,
23615,14.0664724v3,14,,6,3,,1/6/2022 18:18,,,,20,,,,,240,1.45,365.4,,,,,,,,,,,,
23616,10.0268515v1,10,,2,1,,1/4/2022 21:48,,,,35,,,,,420,1.96,846.72,,,,,,,,,,,,
23617,10.0269631v3,10,,2,3,,12/30/2021 16:30,,,,5,,,,,60,3.66,263.52,,,,,,,,,,,,
23618,10.0267032v2,10,,2,1,,12/29/2021 20:39,,,,20,,,,,240,1.79,451.08,,,,,,,,,,,,
23619,10.0269827v6,10,,2,1,,12/29/2021 20:35,,,,10,,,,,120,1.79,236.28,,,,,,,,,,,,
23620,10.0269877v1,10,,2,3,,12/29/2021 20:46,,,,9,,,,,105,3.58,429.6,,,,,,,,,,,,
23621,10.0269473v1,10,,2,3,,12/30/2021 20:29,,,,100,,,,,1200,1.91,2314.92,,,,,,,,,,,,
23622,10.0269467v2,10,,2,1,,12/30/2021 15:26,,,,20,,,,,232,1.79,451.08,,,,,,,,,,,,
23623,10.0269383v5,10,,2,3,,12/30/2021 15:08,,,,6,,,,,65,3.66,307.44,,,,,,,,,,,,
23624,10.0268268v2,10,,2,3,,12/30/2021 20:27,,,,5,,,,,60,3.66,263.52,,,,,,,,,,,,
23625,10.0246170v1,10,,2,1,,12/30/2021 15:24,,,,21,,,,,250,1.79,472.56,,,,,,,,,,,,
23626,10.0269895v1,10,,2,1,,12/29/2021 23:05,,,,17,,,,,200,1.79,386.64,,,,,,,,,,,,
23627,10.0236226v2,10,,2,4,,12/30/2021 15:28,,,,55,,,,,658,2.16,1451.52,,,,,,,,,,,,
23628,10.0233252v1,10,,2,3,,1/3/2022 22:01,,,,5,,,,,60,3.66,263.52,,,,,,,,,,,,
23629,10.0269912v1,10,,2,3,,12/30/2021 21:34,,,,13,,,,,150,2.41,404.88,,,,,,,,,,,,
23629,10.0269914v1,10,,2,3,,12/30/2021 21:34,,,,13,,,,,150,2.41,404.88,,,,,,,,,,,,
23629,10.0269915v1,10,,2,3,,12/30/2021 21:34,,,,13,,,,,150,2.41,404.88,,,,,,,,,,,,
23629,10.0269913v1,10,,2,3,,12/30/2021 21:34,,,,13,,,,,150,2.41,404.88,,,,,,,,,,,,
23630,10.0269874v1,10,,2,1,,12/30/2021 14:23,,,,10,,,,,120,1.79,236.28,,,,,,,,,,,,
23631,10.022925v1,10,,2,4,,12/30/2021 19:55,,,,25,,,,,300,2.41,751.92,,,,,,,,,,,,
23632,10.0268422v1,10,,2,1,,1/6/2022 1:37,,,,21,,,,,250,1.96,517.44,,,,,,,,,,,,
23633,10.0269989v1,10,,2,3,,12/30/2021 22:55,,,,5,,,,,60,3.66,263.52,,,,,,,,,,,,
23634,40.0269762v2,40,,18,3,,12/30/2021 22:29,,,,5,,,,,60,3.74,269.28,,,,,,,,,,,,
23635,10.0268883v1,10,,2,1,,1/10/2022 15:57,,,,50,,,,,600,1.88,1150.56,,,,,,,,,,,,
23635,10.0268884v1,10,,2,1,,1/10/2022 15:57,,,,50,,,,,600,1.88,1150.56,,,,,,,,,,,,
23636,44.0269774v3,44,,21,3,,12/31/2021 1:21,,,,5,,,,,60,3.74,269.28,,,,,,,,,,,,
23637,10.0244900v1,10,,2,3,,1/3/2022 21:21,,,,5,,,,,60,3.66,263.52,,,,,,,,,,,,
23638,10.0367285v1,10,,2,4,,1/3/2022 21:20,,,,7,,,,,80,2.58,247.68,,,,,,,,,,,,
23639,10.0242507v1,10,,2,1,,1/5/2022 16:08,,,,60,,,,,720,1.79,1310.28,,,,,,,,,,,,
23640,10.0355894v1,10,,2,3,,1/3/2022 21:20,,,,5,,,,,60,3.66,263.52,,,,,,,,,,,,
23641,10.0242505v1,10,,2,1,,1/5/2022 0:49,,,,60,,,,,720,1.79,1310.28,,,,,,,,,,,,
23642,10.0242508v1,10,,2,1,,1/5/2022 0:49,,,,60,,,,,720,1.79,1310.28,,,,,,,,,,,,
23643,10.0268970v2,10,,2,1,,1/4/2022 2:03,,,,10,,,,,120,2.23,294.36,,,,,,,,,,,,
23644,10.0258859v2,10,,2,1,,1/5/2022 22:30,,,,42,,,,,500,1.96,1011.36,,,,,,,,,,,,
23645,10.0268429v1,10,,2,1,,12/31/2021 19:22,,,,10,,,,,120,1.79,236.28,,,,,,,,,,,,
23646,40.0269789v1,40,,18,3,,1/1/2022 0:25,,,,5,,,,,60,3.74,269.28,,,,,,,,,,,,
23647,10.0225551v1,10,,2,1,,1/5/2022 17:20,,,,5,,,,,60,2.56,184.32,,,,,,,,,,,,
23648,10.0264394v2,10,,2,3,,1/3/2022 21:11,,,,11,,,,,130,2.58,371.52,,,,,,,,,,,,
23649,10.0269321v1,10,,2,1,,1/3/2022 18:37,,,,42,,,,,500,1.96,1011.36,,,,,,,,,,,,
23650,10.0270019v1,10,,2,1,,1/3/2022 17:40,,,,22,,,,,255,1.96,540.96,,,,,,,,,,,,
23651,10.0269859v3,10,,2,3,,1/3/2022 19:05,,,,5,,,,,60,3.66,263.52,,,,,,,,,,,,
23653,10.0346079v1,10,,2,1,,1/3/2022 19:10,,,,11,,,,,125,2.23,321.12,,,,,,,,,,,,
23653,10.0243490v1,10,,2,1,,1/3/2022 19:10,,,,10,,,,,120,2.23,294.36,,,,,,,,,,,,
23654,10.0258859v2,10,,2,2,,1/7/2022 20:52,,,,20,,,,,240,1.86,468.72,,,,,,,,,,,,
23655,40.0268697v1,40,,18,1,,1/3/2022 21:32,,,,21,,,,,250,1.96,517.44,,,,,,,,,,,,
23656,10.0243490v1,10,,2,3,,1/3/2022 21:21,,,,5,,,,,60,3.66,263.52,,,,,,,,,,,,
23657,10.0230442v1,10,,2,4,,1/3/2022 21:20,,,,20,,,,,240,2.41,607.32,,,,,,,,,,,,
23658,10.0269418v1,10,,2,1,,1/3/2022 21:35,,,,10,,,,,120,2.23,294.36,,,,,,,,,,,,
23659,10.0235654v6,10,,2,3,,1/3/2022 22:22,,,,9,,,,,100,3.58,429.6,,,,,,,,,,,,
23660,10.0219958v2,10,,2,1,,1/5/2022 17:59,,,,10,,,,,120,2.23,294.36,,,,,,,,,,,,
23661,10.0270089v1,10,,2,3,,1/4/2022 0:53,,,,10,,,,,114,2.58,340.56,,,,,,,,,,,,
23662,10.0270093v1,10,,2,3,,1/4/2022 0:53,,,,9,,,,,100,3.58,429.6,,,,,,,,,,,,
23663,10.0263906v2,10,,2,1,,1/4/2022 14:50,,,,17,,,,,200,1.96,423.36,,,,,,,,,,,,
23664,10.0367285v1,10,,2,4,,1/4/2022 17:43,,,,5,,,,,60,2.58,185.76,,,,,,,,,,,,
23665,10.0270122v1,10,,2,1,,1/4/2022 12:58,,,,26,,,,,304,1.96,635.04,,,,,,,,,,,,
23666,10.0231138v1,10,,2,1,,1/4/2022 15:18,,,,10,,,,,120,2.23,294.36,,,,,,,,,,,,
23667,10.0269791v2,10,,2,3,,1/11/2022 23:50,,,,292,,,,,3500,1.62,5695.92,,,,,,,,,,,,
23667,10.0269787v2,10,,2,3,,1/11/2022 23:50,,,,413,,,,,4950,1.62,8048.16,,,,,,,,,,,,
23670,10.0247304v1,10,,2,3,,1/4/2022 23:54,,,,13,,,,,150,2.41,404.88,,,,,,,,,,,,
23670,10.0247303v1,10,,2,3,,1/4/2022 23:54,,,,13,,,,,150,2.41,404.88,,,,,,,,,,,,
23671,10.0258409v1,10,,2,1,,1/4/2022 19:04,,,,5,,,,,60,2.56,184.32,,,,,,,,,,,,
23673,10.0220391v2,10,,2,1,,1/4/2022 21:01,,,,100,,,,,1200,1.71,2072.52,,,,,,,,,,,,
23674,10.0247327v1,10,,2,4,,1/14/2022 15:21,,,,10,,,,,120,2.58,340.56,,,,,,,,,,,,
23675,10.0218569v2,10,,2,1,,1/4/2022 19:13,,,,5,,,,,60,2.56,184.32,,,,,,,,,,,,
23676,10.0269435v1,10,,2,1,,1/4/2022 19:26,,,,7,,,,,75,2.56,245.76,,,,,,,,,,,,
23677,10.0268460v1,10,,2,1,,1/5/2022 23:49,,,,6,,,,,63,2.56,215.04,,,,,,,,,,,,
23678,40.0268737v1,40,,18,1,,1/5/2022 17:10,,,,21,,,,,250,1.96,517.44,,,,,,,,,,,,
23678,40.0268738v1,40,,18,1,,1/5/2022 17:10,,,,21,,,,,250,1.96,517.44,,,,,,,,,,,,
23679,17.0250994v3,17,,9,1,,1/18/2022 14:51,,,,5,,,,,60,2.56,184.32,,,,,,,,,,,,
23680,10.0262795v1,10,,2,3,,1/5/2022 17:19,,,,5,,,,,60,3.66,263.52,,,,,,,,,,,,
23681,10.0268679v2,10,,2,3,,1/5/2022 1:13,,,,84,,,,,1002,1.91,1948.2,,,,,,,,,,,,
23682,10.0258092v3,10,,2,1,,1/4/2022 22:02,,,,10,,,,,120,2.23,294.36,,,,,,,,,,,,
23683,10.0270012v1,10,,2,3,,1/5/2022 1:13,,,,5,,,,,60,3.66,263.52,,,,,,,,,,,,
23684,10.0269935v1,10,,2,3,,1/6/2022 18:30,,,,10,,,,,120,2.58,340.56,,,,,,,,,,,,
23687,10.0235627v2,10,,2,4,,1/5/2022 13:25,,,,13,,,,,150,2.41,404.88,,,,,,,,,,,,
23688,40.0270081v2,40,,18,1,,1/5/2022 15:35,,,,5,,,,,60,2.56,184.32,,,,,,,,,,,,
23689,10.0269882v4,10,,2,3,,1/5/2022 15:41,,,,10,,,,,120,2.58,340.56,,,,,,,,,,,,
23690,10.0267591v5,10,,2,3,,1/5/2022 15:46,,,,25,,,,,300,2.41,751.92,,,,,,,,,,,,
23691,10.0270038v1,10,,2,3,,1/5/2022 21:13,,,,42,,,,,500,2.41,1243.56,,,,,,,,,,,,
23692,10.0267904v1,10,,2,1,,1/5/2022 18:52,,,,20,,,,,240,1.96,493.92,,,,,,,,,,,,
23693,10.0227001v1,10,,2,3,,1/5/2022 23:19,,,,211,,,,,2528,1.62,4121.28,,,,,,,,,,,,
23694,40.0269805v1,40,,18,3,,1/5/2022 19:33,,,,26,,,,,305,2.49,806.76,,,,,,,,,,,,
23695,10.0227001v1,10,,2,3,,1/5/2022 23:18,,,,5,,,,,60,3.66,263.52,,,,,,,,,,,,
23696,10.0270244v2,10,,2,1,,1/5/2022 20:11,,,,10,,,,,120,2.23,294.36,,,,,,,,,,,,
23697,10.0234631v2,10,,2,1,,1/5/2022 21:20,,,,40,,,,,480,1.96,964.32,,,,,,,,,,,,
23697,10.0234630v2,10,,2,1,,1/5/2022 21:20,,,,40,,,,,480,1.96,964.32,,,,,,,,,,,,
23698,10.0270301v1,10,,2,1,,1/5/2022 20:31,,,,17,,,,,194,1.96,423.36,,,,,,,,,,,,
23699,10.0270149v1,10,,2,3,,1/6/2022 18:16,,,,20,,,,,240,2.41,607.32,,,,,,,,,,,,
23699,10.0270148v1,10,,2,3,,1/6/2022 18:16,,,,20,,,,,240,2.41,607.32,,,,,,,,,,,,
23700,10.0370345v1,10,,2,1,,1/5/2022 21:34,,,,30,,,,,350,1.96,729.12,,,,,,,,,,,,
23700,10.0170346v1,10,,2,1,,1/5/2022 21:34,,,,13,,,,,150,1.96,329.28,,,,,,,,,,,,
23701,10.0266977v1,10,,2,1,,1/5/2022 21:18,,,,22,,,,,255,1.96,540.96,,,,,,,,,,,,
23702,10.0268498v1,10,,2,1,,1/5/2022 21:25,,,,21,,,,,250,1.96,517.44,,,,,,,,,,,,
23703,10.0270352v1,10,,2,1,,1/5/2022 23:19,,,,5,,,,,60,2.56,184.32,,,,,,,,,,,,
23704,12.0269542v2,12,,4,1,,1/5/2022 21:57,,,,5,,,,,60,2.1,151.2,,,,,,,,,,,,
23705,10.0255490v2,10,,2,1,,1/5/2022 22:21,,,,42,,,,,500,1.96,1011.36,,,,,,,,,,,,
23706,10.0270470v1,10,,2,1,,1/6/2022 14:28,,,,6,,,,,61,2.56,215.04,,,,,,,,,,,,
23707,10.0220458v1,10,,2,3,,1/6/2022 17:46,,,,20,,,,,240,2.41,607.32,,,,,,,,,,,,
23708,10.0243490v1,10,,2,4,,1/10/2022 18:10,,,,5,,,,,60,2.58,185.76,,,,,,,,,,,,
23708,10.0155893v1,10,,2,4,,1/10/2022 18:10,,,,5,,,,,60,2.58,185.76,,,,,,,,,,,,
23708,10.0367285v1,10,,2,4,,1/10/2022 18:10,,,,5,,,,,60,2.58,185.76,,,,,,,,,,,,
23709,10.0270463v1,10,,2,4,,1/6/2022 15:55,,,,7,,,,,80,2.58,247.68,,,,,,,,,,,,
23711,10.0269873v3,10,,2,3,,1/6/2022 18:24,,,,21,,,,,250,2.41,636.24,,,,,,,,,,,,
23712,10.0255228v1,10,,2,3,,1/6/2022 18:24,,,,7,,,,,76,3.66,351.36,,,,,,,,,,,,
23713,10.0265893v1,10,,2,4,,1/6/2022 14:33,,,,6,,,,,62,2.58,216.72,,,,,,,,,,,,
23714,10.0269415v1,10,,2,3,,1/6/2022 16:45,,,,42,,,,,500,2.41,1243.56,,,,,,,,,,,,
23715,17.0239478v2,17,,9,3,,1/6/2022 18:14,,,,30,,,,,360,2.41,896.52,,,,,,,,,,,,
23716,10.0266586v1,10,,2,1,,1/6/2022 1:29,,,,25,,,,,300,1.96,611.52,,,,,,,,,,,,
23717,10.0270368v1,10,,2,4,,1/10/2022 2:07,,,,5,,,,,60,2.58,185.76,,,,,,,,,,,,
23718,10.0269645v1,10,,2,1,,1/6/2022 15:04,,,,20,,,,,240,1.96,493.92,,,,,,,,,,,,
23719,10.0259238v1,10,,2,1,,1/12/2022 16:11,,,,15,,,,,180,1.96,376.32,,,,,,,,,,,,
23719,10.0259240v2,10,,2,1,,1/12/2022 16:11,,,,15,,,,,180,1.96,376.32,,,,,,,,,,,,
23721,10.0244479v1,10,,2,1,,1/7/2022 20:49,,,,13,,,,,150,1.96,329.28,,,,,,,,,,,,
23722,13.0561511v3,13,,5,3,,1/6/2022 16:32,,,,20,,,,,240,1.45,365.4,,,,,,,,,,,,
23723,10.0221637v6,10,,2,4,,1/6/2022 17:00,,,,5,,,,,60,2.58,185.76,,,,,,,,,,,,
23724,15.0264150v1,15,,7,3,,1/6/2022 17:23,,,,55,,,,,660,3.28,2204.16,,,,,,,,,,,,
23725,10.0270549v2,10,,2,1,,1/11/2022 20:33,,,,10,,,,,120,2.23,294.36,,,,,,,,,,,,
23726,10.0270171v1,10,,2,3,,1/6/2022 21:33,,,,220,,,,,2634,1.62,4296.24,,,,,,,,,,,,
23727,10.0270595v1,10,,2,3,,1/6/2022 19:13,,,,5,,,,,60,3.66,263.52,,,,,,,,,,,,
23728,10.0261802v4,10,,2,3,,1/6/2022 19:41,,,,5,,,,,60,3.66,263.52,,,,,,,,,,,,
23729,40.0229308v3,40,,18,1,,1/12/2022 0:09,,,,10,,,,,120,2.23,294.36,,,,,,,,,,,,
23731,10.0252565v1,10,,2,3,,1/6/2022 21:02,,,,10,,,,,120,2.58,340.56,,,,,,,,,,,,
23732,10.0270536v1,10,,2,3,,1/6/2022 20:51,,,,7,,,,,75,3.66,351.36,,,,,,,,,,,,
23733,10.0270230v1,10,,2,3,,1/7/2022 0:59,,,,40,,,,,475,2.41,1185.72,,,,,,,,,,,,
23734,10.0237248v1,10,,2,4,,1/6/2022 21:09,,,,10,,,,,120,2.58,340.56,,,,,,,,,,,,
23735,10.0250181v1,10,,2,3,,1/7/2022 16:22,,,,17,,,,,200,2.41,520.56,,,,,,,,,,,,
23736,10.0239694v2,10,,2,4,,1/6/2022 21:15,,,,13,,,,,150,2.41,404.88,,,,,,,,,,,,
23737,10.0267813v1,10,,2,3,,1/8/2022 1:30,,,,21,,,,,250,2.41,636.24,,,,,,,,,,,,
23737,10.0267808v1,10,,2,3,,1/8/2022 1:30,,,,21,,,,,250,2.41,636.24,,,,,,,,,,,,
23738,10.0269575v1,10,,2,1,,1/6/2022 22:08,,,,7,,,,,75,2.56,245.76,,,,,,,,,,,,
23739,10.0243024v12,10,,2,4,,1/7/2022 18:02,,,,10,,,,,120,2.58,340.56,,,,,,,,,,,,
23739,10.0244023v8,10,,2,4,,1/7/2022 18:02,,,,10,,,,,120,2.58,340.56,,,,,,,,,,,,
23739,10.0244025v8,10,,2,4,,1/7/2022 18:02,,,,10,,,,,120,2.58,340.56,,,,,,,,,,,,
23740,10.0270109v3,10,,2,1,,1/6/2022 22:28,,,,40,,,,,480,1.96,964.32,,,,,,,,,,,,
23741,40.0270159v2,40,,18,3,,1/6/2022 22:32,,,,10,,,,,120,2.66,351.12,,,,,,,,,,,,
23742,10.0225128v13,10,,2,3,,1/7/2022 0:58,,,,10,,,,,120,2.58,340.56,,,,,,,,,,,,
23743,10.0270665v1,10,,2,1,,1/7/2022 18:32,,,,24,,,,,280,1.96,588,,,,,,,,,,,,
23744,10.0258442v1,10,,2,4,,1/12/2022 14:13,,,,10,,,,,112,2.58,340.56,,,,,,,,,,,,
23745,10.0270111v1,10,,2,1,,1/7/2022 1:12,,,,51,,,,,610,1.88,1173.12,,,,,,,,,,,,
23746,10.0270594v1,10,,2,3,,1/7/2022 16:40,,,,36,,,,,425,2.41,1070.04,,,,,,,,,,,,
23747,10.0268243v1,10,,2,1,,1/7/2022 20:02,,,,42,,,,,500,1.96,1011.36,,,,,,,,,,,,
23747,10.0268242v2,10,,2,1,,1/7/2022 20:02,,,,75,,,,,900,1.79,1632.48,,,,,,,,,,,,
23749,40.0269653v2,40,,18,4,,1/7/2022 19:19,,,,10,,,,,120,2.75,363,,,,,,,,,,,,
23750,10.0270274v1,10,,2,1,,1/7/2022 18:21,,,,63,,,,,750,1.79,1374.72,,,,,,,,,,,,
23751,10.0228320v2,10,,2,3,,1/7/2022 21:13,,,,10,,,,,120,2.58,340.56,,,,,,,,,,,,
23753,10.0270739v1,10,,2,4,,1/7/2022 20:05,,,,21,,,,,250,2.41,636.24,,,,,,,,,,,,
23754,15.0270740v2,15,,7,3,,1/7/2022 23:49,,,,17,,,,,200,3.53,762.48,,,,,,,,,,,,
23755,10.0269886v3,10,,2,1,,1/7/2022 20:28,,,,10,,,,,120,2.23,294.36,,,,,,,,,,,,
23756,10.0231293v1,10,,2,3,,1/10/2022 15:55,,,,25,,,,,300,2.41,751.92,,,,,,,,,,,,
23757,10.0270690v1,10,,2,3,,1/10/2022 19:17,,,,21,,,,,250,2.41,636.24,,,,,,,,,,,,
23758,17.0270636v1,17,,9,3,,1/7/2022 22:13,,,,9,,,,,100,3.58,429.6,,,,,,,,,,,,
23758,17.0270635v1,17,,9,3,,1/7/2022 22:13,,,,9,,,,,100,3.58,429.6,,,,,,,,,,,,
23758,17.0270634v1,17,,9,3,,1/7/2022 22:13,,,,9,,,,,100,3.58,429.6,,,,,,,,,,,,
23758,17.0270637v1,17,,9,3,,1/7/2022 22:13,,,,9,,,,,100,3.58,429.6,,,,,,,,,,,,
23759,10.0355894v1,10,,2,3,,1/10/2022 18:12,,,,5,,,,,60,3.66,263.52,,,,,,,,,,,,
23760,10.0322216v2,10,,2,3,,1/7/2022 21:55,,,,46,,,,,550,2.16,1218.24,,,,,,,,,,,,
23761,10.0240986v1,10,,2,3,,1/7/2022 21:53,,,,30,,,,,360,2.41,896.52,,,,,,,,,,,,
23763,10.0269559v2,10,,2,3,,1/8/2022 2:49,,,,5,,,,,60,3.66,263.52,,,,,,,,,,,,
23764,10.0245939v2,10,,2,3,,1/8/2022 0:47,,,,49,,,,,585,2.16,1296,,,,,,,,,,,,
23765,10.0270817v1,10,,2,3,,1/10/2022 15:43,,,,5,,,,,60,3.66,263.52,,,,,,,,,,,,
23766,10.0270060v1,10,,2,3,,1/10/2022 16:21,,,,13,,,,,150,2.41,404.88,,,,,,,,,,,,
23766,10.0270058v1,10,,2,3,,1/10/2022 16:21,,,,9,,,,,100,3.58,429.6,,,,,,,,,,,,
23768,10.0268864v2,10,,2,3,,1/10/2022 17:03,,,,9,,,,,100,3.58,429.6,,,,,,,,,,,,
23769,10.0252295v3,10,,2,1,,1/11/2022 16:24,,,,11,,,,,125,2.23,321.12,,,,,,,,,,,,
23769,10.0252295v4,10,,2,1,,1/11/2022 16:24,,,,11,,,,,125,2.23,321.12,,,,,,,,,,,,
23770,10.0266579v3,10,,2,3,,1/10/2022 12:27,,,,34,,,,,400,2.41,1012.2,,,,,,,,,,,,
23771,10.0242258v1,10,,2,1,,2/8/2022 19:32,,,,42,,,,,500,1.96,1011.36,,,,,,,,,,,,
23772,10.0270409v2,10,,2,3,,1/10/2022 14:35,,,,13,,,,,150,2.41,404.88,,,,,,,,,,,,
23773,10.0270803v1,10,,2,3,,1/10/2022 15:41,,,,5,,,,,60,3.66,263.52,,,,,,,,,,,,
23774,10.0270801v1,10,,2,3,,1/10/2022 17:42,,,,5,,,,,60,3.66,263.52,,,,,,,,,,,,
23775,10.0270034v1,10,,2,3,,1/10/2022 15:56,,,,10,,,,,120,2.58,340.56,,,,,,,,,,,,
23775,10.0270035v2,10,,2,3,,1/10/2022 15:56,,,,10,,,,,120,2.58,340.56,,,,,,,,,,,,
23776,40.0269279v1,40,,18,3,,1/10/2022 15:59,,,,5,,,,,60,3.74,269.28,,,,,,,,,,,,
23778,10.0265712v3,10,,2,3,,1/10/2022 18:22,,,,10,,,,,120,2.58,340.56,,,,,,,,,,,,
23779,10.0261883v4,10,,2,3,,1/12/2022 19:35,,,,17,,,,,200,2.41,520.56,,,,,,,,,,,,
23780,44.0227511v7,44,,21,4,,1/10/2022 18:20,,,,5,,,,,60,2.75,198,,,,,,,,,,,,
23781,10.0270684v1,10,,2,3,,1/10/2022 18:37,,,,15,,,,,175,2.41,462.72,,,,,,,,,,,,
23782,10.0270908v1,10,,2,1,,1/11/2022 16:42,,,,34,,,,,408,1.96,823.2,,,,,,,,,,,,
23783,10.0234032v1,10,,2,4,,1/20/2022 23:54,,,,8,,,,,85,2.58,278.64,,,,,,,,,,,,
23785,10.0270924v1,10,,2,3,,1/10/2022 19:31,,,,22,,,,,255,2.41,665.16,,,,,,,,,,,,
23787,15.0223545v3,15,,7,3,,1/10/2022 21:09,,,,10,,,,,120,3.7,488.4,,,,,,,,,,,,
23788,10.0268983v1,10,,2,3,,1/10/2022 21:31,,,,7,,,,,80,3.66,351.36,,,,,,,,,,,,
23789,10.0270219v1,10,,2,4,,1/12/2022 18:05,,,,42,,,,,500,2.41,1243.56,,,,,,,,,,,,
23790,10.0270497v1,10,,2,1,,1/11/2022 16:57,,,,9,,,,,105,2.56,307.2,,,,,,,,,,,,
23791,10.0270214v1,10,,2,3,,1/10/2022 22:05,,,,15,,,,,175,2.41,462.72,,,,,,,,,,,,
23792,12.0250805v1,12,,4,1,,1/10/2022 22:24,,,,20,,,,,240,1.55,390.6,,,,,,,,,,,,
23793,10.0240940v4,10,,2,1,,1/10/2022 23:11,,,,10,,,,,120,2.23,294.36,,,,,,,,,,,,
23794,10.0258200v1,10,,2,3,,1/10/2022 23:10,,,,5,,,,,60,3.66,263.52,,,,,,,,,,,,
23794,10.0258284v2,10,,2,3,,1/10/2022 23:10,,,,5,,,,,60,3.66,263.52,,,,,,,,,,,,
23795,10.0244591v1,10,,2,3,,1/11/2022 18:18,,,,42,,,,,500,2.41,1243.56,,,,,,,,,,,,
23796,10.0228113v3,10,,2,4,,1/11/2022 13:20,,,,20,,,,,240,2.41,607.32,,,,,,,,,,,,
23797,10.0268901v1,10,,2,3,,1/11/2022 17:36,,,,8,,,,,90,3.58,386.64,,,,,,,,,,,,
23798,40.0371096v1,40,,18,3,,1/10/2022 23:11,,,,5,,,,,60,3.74,269.28,,,,,,,,,,,,
23798,40.0371095v1,40,,18,3,,1/10/2022 23:11,,,,5,,,,,60,3.74,269.28,,,,,,,,,,,,
23799,10.026804v2,10,,2,4,,1/11/2022 23:46,,,,13,,,,,150,2.41,404.88,,,,,,,,,,,,
23800,10.0270357v2,10,,2,4,,1/11/2022 18:44,,,,10,,,,,120,2.58,340.56,,,,,,,,,,,,
23800,10.0270361v2,10,,2,4,,1/11/2022 18:44,,,,10,,,,,120,2.58,340.56,,,,,,,,,,,,
23801,10.0231687v1,10,,2,3,,1/18/2022 18:25,,,,20,,,,,240,2.41,607.32,,,,,,,,,,,,
23801,10.022333v2,10,,2,3,,1/18/2022 18:25,,,,10,,,,,120,2.58,340.56,,,,,,,,,,,,
23802,40.0233869v2,40,,18,3,,1/11/2022 16:29,,,,5,,,,,60,3.74,269.28,,,,,,,,,,,,
23802,40.0233869v1,40,,18,3,,1/11/2022 16:29,,,,5,,,,,60,3.74,269.28,,,,,,,,,,,,
23803,17.0270802v4,17,,9,3,,1/11/2022 17:16,,,,60,,,,,720,1.91,1398.12,,,,,,,,,,,,
23804,10.0269924v2,10,,2,1,,1/11/2022 18:02,,,,5,,,,,60,2.56,184.32,,,,,,,,,,,,
23804,10.0170811v1,10,,2,1,,1/11/2022 18:02,,,,5,,,,,60,2.56,184.32,,,,,,,,,,,,
23805,40.0226575v1,40,,18,1,,1/11/2022 18:33,,,,25,,,,,300,1.96,611.52,,,,,,,,,,,,
23806,10.0221917v1,10,,2,1,,1/11/2022 18:55,,,,15,,,,,170,1.96,376.32,,,,,,,,,,,,
23807,10.0270356v15,10,,2,1,,1/11/2022 19:57,,,,20,,,,,240,1.96,493.92,,,,,,,,,,,,
23808,10.0271094v1,10,,2,4,,1/11/2022 22:13,,,,14,,,,,168,2.41,433.8,,,,,,,,,,,,
23809,10.0271072v1,10,,2,1,,1/12/2022 20:10,,,,9,,,,,100,2.56,307.2,,,,,,,,,,,,
23810,10.0222957v1,10,,2,4,,1/13/2022 18:13,,,,5,,,,,60,2.58,185.76,,,,,,,,,,,,
23812,10.0265877v2,10,,2,1,,1/11/2022 21:27,,,,6,,,,,65,2.56,215.04,,,,,,,,,,,,
23813,10.0261499v1,10,,2,4,,1/11/2022 21:34,,,,20,,,,,240,2.41,607.32,,,,,,,,,,,,
23814,42.0231090v1,42,,20,1,,1/12/2022 19:57,,,,42,,,,,500,1.96,1011.36,,,,,,,,,,,,
23814,10.0231091v1,10,,2,1,,1/12/2022 19:57,,,,42,,,,,500,1.96,1011.36,,,,,,,,,,,,
23815,10.0250200v1,10,,2,4,,1/12/2022 0:31,,,,9,,,,,100,2.58,309.6,,,,,,,,,,,,
23816,10.0270877v5,10,,2,1,,1/12/2022 0:23,,,,5,,,,,60,2.56,184.32,,,,,,,,,,,,
23817,46.0271239v1,46,,113,1,,1/12/2022 0:22,,,,11,,,,,130,2.23,321.12,,,,,,,,,,,,
23818,10.0262950v2,10,,2,3,,1/12/2022 2:18,,,,21,,,,,251,2.41,636.24,,,,,,,,,,,,
23820,10.0269388v4,10,,2,1,,1/13/2022 0:05,,,,34,,,,,400,1.96,823.2,,,,,,,,,,,,
23821,46.0271248v1,46,,113,1,,1/12/2022 15:15,,,,10,,,,,120,2.23,294.36,,,,,,,,,,,,
23822,44.0271137v1,44,,21,3,,1/12/2022 19:59,,,,417,,,,,5000,1.7,8527.2,,,,,,,,,,,,
23823,10.0270625v1,10,,2,1,,1/12/2022 17:51,,,,10,,,,,120,2.23,294.36,,,,,,,,,,,,
23824,10.0271283v1,10,,2,1,,1/12/2022 18:52,,,,10,,,,,120,2.23,294.36,,,,,,,,,,,,
23825,10.0269546v1,10,,2,3,,1/12/2022 18:56,,,,10,,,,,120,2.58,340.56,,,,,,,,,,,,
23825,10.0269547v1,10,,2,3,,1/12/2022 18:56,,,,10,,,,,120,2.58,340.56,,,,,,,,,,,,
23825,10.0269548v1,10,,2,3,,1/12/2022 18:56,,,,10,,,,,120,2.58,340.56,,,,,,,,,,,,
23826,12.0271157v1,12,,4,1,,1/13/2022 15:12,,,,60,,,,,720,1.38,1010.16,,,,,,,,,,,,
23826,10.0271164v1,10,,2,1,,1/13/2022 15:12,,,,27,,,,,320,1.96,658.56,,,,,,,,,,,,
23827,40.0251356v1,40,,18,1,,1/12/2022 20:17,,,,22,,,,,257,1.96,540.96,,,,,,,,,,,,
23828,10.0266983v1,10,,2,1,,1/21/2022 16:45,,,,5,,,,,60,2.56,184.32,,,,,,,,,,,,
23829,10.0266919v1,10,,2,1,,1/12/2022 20:13,,,,11,,,,,125,2.23,321.12,,,,,,,,,,,,
23830,10.0269574v1,10,,2,1,,1/13/2022 22:22,,,,40,,,,,480,1.96,964.32,,,,,,,,,,,,
23831,10.0271344v1,10,,2,1,,1/12/2022 20:28,,,,5,,,,,60,2.56,184.32,,,,,,,,,,,,
23832,10.0170807v1,10,,2,1,,1/12/2022 22:32,,,,50,,,,,600,1.88,1150.56,,,,,,,,,,,,
23832,10.0370809v1,10,,2,1,,1/12/2022 22:32,,,,50,,,,,600,1.88,1150.56,,,,,,,,,,,,
23833,10.0270548v1,10,,2,1,,1/12/2022 22:27,,,,20,,,,,240,1.96,493.92,,,,,,,,,,,,
23836,10.0270921v4,10,,2,1,,1/12/2022 23:27,,,,5,,,,,60,2.56,184.32,,,,,,,,,,,,
23837,40.0245880v2,40,,18,1,,1/14/2022 22:57,,,,26,,,,,301,1.96,635.04,,,,,,,,,,,,
23838,10.0269947v2,10,,2,3,,1/13/2022 22:54,,,,11,,,,,124,2.58,371.52,,,,,,,,,,,,
23839,10.0271389v1,10,,2,4,,1/13/2022 0:05,,,,5,,,,,60,2.58,185.76,,,,,,,,,,,,
23840,10.0230607v3,10,,2,4,,1/13/2022 0:22,,,,9,,,,,100,2.58,309.6,,,,,,,,,,,,
23841,10.0269922v1,10,,2,1,,1/18/2022 9:58,,,,30,,,,,360,1.96,729.12,,,,,,,,,,,,
23842,10.0271307v1,10,,2,1,,1/13/2022 15:04,,,,5,,,,,60,2.56,184.32,,,,,,,,,,,,
23843,920215149v2,920,600,26,5,44637,1/14/2022 23:22,Wholesale,existingbusiness,7510739052,50,1.04,90,726.48,714,,,,,,,,,,,,,,,
23844,10.0267086v1,10,,2,3,,1/13/2022 20:55,,,,42,,,,,500,2.41,1243.56,,,,,,,,,,,,
23844,10.0467090v1,10,,2,3,,1/13/2022 20:55,,,,9,,,,,100,3.58,429.6,,,,,,,,,,,,
23844,13.0567088v1,13,,5,3,,1/13/2022 20:55,,,,9,,,,,100,1.45,174,,,,,,,,,,,,
23844,10.0267087v1,10,,2,3,,1/13/2022 20:55,,,,42,,,,,500,2.41,1243.56,,,,,,,,,,,,
23844,14.0667089v1,14,,6,3,,1/13/2022 20:55,,,,9,,,,,100,1.45,174,,,,,,,,,,,,
23845,10.0222428v1,10,,2,4,,1/14/2022 0:46,,,,5,,,,,60,2.58,185.76,,,,,,,,,,,,
23846,10.0271370v1,10,,2,1,,1/13/2022 17:40,,,,5,,,,,60,2.56,184.32,,,,,,,,,,,,
23847,10.0269826v2,10,,2,3,,1/13/2022 18:02,,,,25,,,,,291,2.41,751.92,,,,,,,,,,,,
23848,10.0271227v1,10,,2,3,,1/14/2022 16:59,,,,40,,,,,480,2.41,1185.72,,,,,,,,,,,,
23849,10.0271213v1,10,,2,4,,1/13/2022 18:36,,,,9,,,,,105,2.58,309.6,,,,,,,,,,,,
23849,10.0271209v1,10,,2,4,,1/13/2022 18:36,,,,9,,,,,105,2.58,309.6,,,,,,,,,,,,
23849,10.0271210v1,10,,2,4,,1/13/2022 18:36,,,,9,,,,,105,2.58,309.6,,,,,,,,,,,,
23851,10.0267252v2,10,,2,3,,1/13/2022 22:30,,,,10,,,,,120,2.58,340.56,,,,,,,,,,,,
23852,15.0268598v2,15,,7,3,,1/13/2022 19:36,,,,10,,,,,120,3.7,488.4,,,,,,,,,,,,
23853,10.0267254v7,10,,2,3,,1/14/2022 0:46,,,,10,,,,,120,2.58,340.56,,,,,,,,,,,,
23854,10.0269743v1,10,,2,3,,1/13/2022 19:34,,,,20,,,,,240,2.41,607.32,,,,,,,,,,,,
23855,10.0271433v1,10,,2,3,,1/13/2022 22:22,,,,10,,,,,120,2.58,340.56,,,,,,,,,,,,
23856,10.0270761v1,10,,2,1,,1/13/2022 22:23,,,,30,,,,,360,1.96,729.12,,,,,,,,,,,,
23857,10.0225132v2,10,,2,3,,1/13/2022 20:32,,,,10,,,,,120,2.58,340.56,,,,,,,,,,,,
23858,10.0268034v2,10,,2,3,,1/13/2022 21:09,,,,10,,,,,120,2.58,340.56,,,,,,,,,,,,
23859,10.0213785v1,10,,2,4,,1/14/2022 0:47,,,,17,,,,,200,2.41,520.56,,,,,,,,,,,,
23860,10.0220092v3,10,,2,4,,1/14/2022 20:48,,,,50,,,,,600,2.16,1321.92,,,,,,,,,,,,
23861,40.0271377v1,40,,18,3,,1/13/2022 22:20,,,,272,,,,,3256,1.7,5569.2,,,,,,,,,,,,
23862,10.0271213v1,10,,2,1,,1/17/2022 16:08,,,,18,,,,,205,1.96,446.88,,,,,,,,,,,,
23862,10.0271209v1,10,,2,1,,1/17/2022 16:08,,,,34,,,,,405,1.96,823.2,,,,,,,,,,,,
23862,10.0271210v1,10,,2,1,,1/17/2022 16:08,,,,18,,,,,205,1.96,446.88,,,,,,,,,,,,
23863,10.0269719v2,10,,2,3,,1/13/2022 22:23,,,,10,,,,,120,2.58,340.56,,,,,,,,,,,,
23864,40.0260868v2,40,,18,1,,1/25/2022 19:07,,,,10,,,,,120,2.23,294.36,,,,,,,,,,,,
23865,10.0233994v1,10,,2,4,,1/14/2022 14:11,,,,6,,,,,65,2.58,216.72,,,,,,,,,,,,
23866,10.0271360v2,10,,2,4,,1/14/2022 17:02,,,,23,,,,,275,2.41,694.08,,,,,,,,,,,,
23868,10.0225572v1,10,,2,4,,1/14/2022 15:15,,,,20,,,,,240,2.41,607.32,,,,,,,,,,,,
23869,40.0265830v1,40,,18,1,,1/14/2022 0:37,,,,5,,,,,60,2.56,184.32,,,,,,,,,,,,
23869,40.0265830v2,40,,18,1,,1/14/2022 0:37,,,,5,,,,,60,2.56,184.32,,,,,,,,,,,,
23870,10.027022v2,10,,2,4,,1/14/2022 17:42,,,,75,,,,,900,1.91,1741.92,,,,,,,,,,,,
23872,10.0269768v1,10,,2,4,,1/14/2022 15:58,,,,10,,,,,120,2.58,340.56,,,,,,,,,,,,
23873,10.0215900v10,10,,2,1,,1/14/2022 23:42,,,,60,,,,,720,1.79,1310.28,,,,,,,,,,,,
23874,10.0215899v8,10,,2,3,,1/14/2022 23:43,,,,60,,,,,720,1.91,1398.12,,,,,,,,,,,,
23875,10.0216440v3,10,,2,3,,1/14/2022 23:57,,,,60,,,,,720,1.91,1398.12,,,,,,,,,,,,
23876,10.0270546v1,10,,2,3,,1/14/2022 18:00,,,,50,,,,,600,2.16,1321.92,,,,,,,,,,,,
23877,40.0262515v1,40,,18,3,,1/20/2022 14:59,,,,21,,,,,250,2.49,657.36,,,,,,,,,,,,
23878,10.0249255v2,10,,2,3,,1/14/2022 18:43,,,,42,,,,,500,2.41,1243.56,,,,,,,,,,,,
23879,10.0271744v1,10,,2,4,,1/14/2022 21:51,,,,30,,,,,360,2.41,896.52,,,,,,,,,,,,
23880,10.0267721v1,10,,2,3,,2/22/2022 13:36,,,,34,,,,,400,2.41,1012.2,,,,,,,,,,,,
23881,10.0265955v1,10,,2,3,,1/14/2022 17:44,,,,57,,,,,675,2.16,1503.36,,,,,,,,,,,,
23882,10.0230467v2,10,,2,3,,1/19/2022 15:17,,,,42,,,,,500,2.41,1243.56,,,,,,,,,,,,
23883,10.0232714v1,10,,2,1,,1/14/2022 19:07,,,,10,,,,,120,2.23,294.36,,,,,,,,,,,,
23884,10.0270891v1,10,,2,1,,1/14/2022 18:22,,,,5,,,,,60,2.56,184.32,,,,,,,,,,,,
23885,10.0271178v1,10,,2,4,,1/15/2022 0:38,,,,40,,,,,480,2.41,1185.72,,,,,,,,,,,,
23886,10.0262274v2,10,,2,1,,1/14/2022 19:08,,,,9,,,,,100,2.56,307.2,,,,,,,,,,,,
23887,10.0270499v1,10,,2,1,,1/14/2022 19:42,,,,5,,,,,60,2.56,184.32,,,,,,,,,,,,
23888,10.0271763v1,10,,2,4,,1/14/2022 20:49,,,,17,,,,,200,2.41,520.56,,,,,,,,,,,,
23889,10.0268707v1,10,,2,1,,1/15/2022 0:29,,,,167,,,,,2000,1.71,3447.36,,,,,,,,,,,,
23890,10.0271703v2,10,,2,4,,1/14/2022 20:44,,,,10,,,,,120,2.58,340.56,,,,,,,,,,,,
23891,10.0268994v1,10,,2,3,,1/21/2022 17:37,,,,60,,,,,720,1.91,1398.12,,,,,,,,,,,,
23892,10.0268985v1,10,,2,4,,1/14/2022 22:22,,,,5,,,,,60,2.58,185.76,,,,,,,,,,,,
23893,40.0271614v1,40,,18,4,,1/17/2022 18:27,,,,5,,,,,60,2.75,198,,,,,,,,,,,,
23894,10.0271679v1,10,,2,1,,1/14/2022 23:08,,,,50,,,,,600,1.88,1150.56,,,,,,,,,,,,
23895,10.0237389v1,10,,2,1,,1/14/2022 22:58,,,,21,,,,,250,1.96,517.44,,,,,,,,,,,,
23896,10.0271453v1,10,,2,4,,1/15/2022 0:02,,,,13,,,,,150,2.41,404.88,,,,,,,,,,,,
23897,10.0233791v1,10,,2,3,,1/19/2022 13:37,,,,42,,,,,500,2.41,1243.56,,,,,,,,,,,,
23898,10.0271875v1,10,,2,3,,1/18/2022 15:58,,,,10,,,,,120,2.58,340.56,,,,,,,,,,,,
23899,10.0271749v1,10,,2,3,,1/15/2022 0:18,,,,10,,,,,120,2.58,340.56,,,,,,,,,,,,
23900,10.0271901v1,10,,2,1,,1/15/2022 0:22,,,,7,,,,,80,2.56,245.76,,,,,,,,,,,,
23901,10.0245903v1,10,,2,3,,1/17/2022 14:38,,,,30,,,,,350,2.41,896.52,,,,,,,,,,,,
23902,10.0266655v1,10,,2,3,,1/17/2022 17:44,,,,7,,,,,75,3.66,351.36,,,,,,,,,,,,
23902,42.0267018v1,42,,20,3,,1/17/2022 17:44,,,,7,,,,,75,3.74,359.04,,,,,,,,,,,,
23903,10.0271902v1,10,,2,3,,1/17/2022 13:42,,,,13,,,,,155,2.41,404.88,,,,,,,,,,,,
23904,10.0271260v3,10,,2,1,,1/17/2022 15:25,,,,40,,,,,480,1.96,964.32,,,,,,,,,,,,
23905,10.0271221v2,10,,2,1,,1/17/2022 15:29,,,,40,,,,,480,1.96,964.32,,,,,,,,,,,,
23906,10.0267552v1,10,,2,4,,1/17/2022 15:55,,,,10,,,,,120,2.58,340.56,,,,,,,,,,,,
23907,10.0268905v6,10,,2,3,,1/18/2022 21:58,,,,17,,,,,203,2.41,520.56,,,,,,,,,,,,
23907,10.0268906v6,10,,2,3,,1/18/2022 21:58,,,,17,,,,,203,2.41,520.56,,,,,,,,,,,,
23908,10.0218471v1,10,,2,1,,1/17/2022 18:00,,,,21,,,,,250,1.96,517.44,,,,,,,,,,,,
23909,10.0270679v1,10,,2,3,,2/8/2022 1:39,,,,5,,,,,60,3.66,263.52,,,,,,,,,,,,
23911,10.0269434v3,10,,2,3,,1/21/2022 21:45,,,,42,,,,,500,2.41,1243.56,,,,,,,,,,,,
23912,10.0271944v1,10,,2,3,,1/17/2022 18:29,,,,23,,,,,270,2.41,694.08,,,,,,,,,,,,
23913,40.0270232v1,40,,18,3,,1/17/2022 19:39,,,,10,,,,,120,2.66,351.12,,,,,,,,,,,,
23914,40.0231488v1,40,,18,3,,1/17/2022 18:57,,,,10,,,,,120,2.66,351.12,,,,,,,,,,,,
23915,920272013v2,920,500,26,5,44634,1/17/2022 22:14,Direct,newbusiness,7402061829,42,1.04,90,626.64,610,,,,,,,,,,,,,,,
23916,10.0247976v1,10,,2,4,,1/17/2022 21:58,,,,15,,,,,180,2.41,462.72,,,,,,,,,,,,
23917,40.0213316v1,40,,18,3,,1/17/2022 21:43,,,,22,,,,,259,2.49,687.24,,,,,,,,,,,,
23918,10.0260401v1,10,,2,3,,1/18/2022 0:12,,,,10,,,,,120,2.58,340.56,,,,,,,,,,,,
23920,15.0271952v1,15,,7,3,,1/18/2022 19:00,,,,10,,,,,120,3.7,488.4,,,,,,,,,,,,
23921,10.0267220v2,10,,2,3,,1/18/2022 6:29,,,,10,,,,,120,2.58,340.56,,,,,,,,,,,,
23922,10.0271871v2,10,,2,3,,1/18/2022 16:03,,,,5,,,,,60,3.66,263.52,,,,,,,,,,,,
23923,10.0271357v2,10,,2,3,,1/18/2022 16:38,,,,6,,,,,65,3.66,307.44,,,,,,,,,,,,
23924,10.0249909v3,10,,2,3,,1/18/2022 16:48,,,,25,,,,,300,2.41,751.92,,,,,,,,,,,,
23925,40.0272086v1,40,,18,3,,1/18/2022 21:30,,,,32,,,,,375,2.49,986.04,,,,,,,,,,,,
23926,10.0271802v2,10,,2,3,,1/18/2022 22:45,,,,16,,,,,182,2.41,491.64,,,,,,,,,,,,
23926,10.0271803v2,10,,2,3,,1/18/2022 22:45,,,,16,,,,,182,2.41,491.64,,,,,,,,,,,,
23927,10.0272024v1,10,,2,4,,1/18/2022 18:35,,,,10,,,,,120,2.58,340.56,,,,,,,,,,,,
23928,10.0271964v4,10,,2,3,,1/26/2022 17:26,,,,42,,,,,500,2.41,1243.56,,,,,,,,,,,,
23929,10.0271941v1,10,,2,4,,1/18/2022 18:52,,,,10,,,,,120,2.58,340.56,,,,,,,,,,,,
23930,10.0272140v1,10,,2,4,,1/18/2022 20:26,,,,10,,,,,120,2.58,340.56,,,,,,,,,,,,
23931,10.0244145v1,10,,2,3,,1/18/2022 19:08,,,,5,,,,,60,3.66,263.52,,,,,,,,,,,,
23932,10.0270452v1,10,,2,4,,1/19/2022 16:03,,,,84,,,,,1000,1.91,1948.2,,,,,,,,,,,,
23933,10.0269041v2,10,,2,3,,1/19/2022 21:37,,,,25,,,,,300,2.41,751.92,,,,,,,,,,,,
23933,10.0269042v2,10,,2,3,,1/19/2022 21:37,,,,25,,,,,300,2.41,751.92,,,,,,,,,,,,
23934,10.0272033v1,10,,2,1,,1/18/2022 21:05,,,,60,,,,,720,1.79,1310.28,,,,,,,,,,,,
23935,10.0272073v1,10,,2,3,,1/19/2022 22:39,,,,13,,,,,156,2.41,404.88,,,,,,,,,,,,
23936,10.0273161v1,10,,2,4,,1/28/2022 15:10,,,,25,,,,,290,2.41,751.92,,,,,,,,,,,,
23937,10.024583v1,10,,2,4,,1/18/2022 22:06,,,,10,,,,,120,2.58,340.56,,,,,,,,,,,,
23938,10.0251761v1,10,,2,1,,1/19/2022 3:15,,,,10,,,,,120,2.23,294.36,,,,,,,,,,,,
23938,10.0252017v1,10,,2,1,,1/19/2022 3:15,,,,10,,,,,120,2.23,294.36,,,,,,,,,,,,
23939,10.0272204v1,10,,2,3,,1/19/2022 22:06,,,,17,,,,,197,2.41,520.56,,,,,,,,,,,,
23940,10.0272059v1,10,,2,3,,1/19/2022 16:30,,,,20,,,,,240,2.41,607.32,,,,,,,,,,,,
23940,10.0272063v1,10,,2,3,,1/19/2022 16:30,,,,10,,,,,120,2.58,340.56,,,,,,,,,,,,
23941,40.0232296v1,40,,18,3,,1/19/2022 1:02,,,,10,,,,,120,2.66,351.12,,,,,,,,,,,,
23942,10.0272187v1,10,,2,3,,1/19/2022 14:04,,,,42,,,,,500,2.41,1243.56,,,,,,,,,,,,
23943,10.0272296v1,10,,2,4,,1/19/2022 1:20,,,,5,,,,,60,2.58,185.76,,,,,,,,,,,,
23944,10.0226284v2,10,,2,4,,1/24/2022 20:25,,,,9,,,,,100,2.58,309.6,,,,,,,,,,,,
23945,10.0226580v1,10,,2,3,,1/19/2022 1:29,,,,60,,,,,720,1.91,1398.12,,,,,,,,,,,,
23946,10.0271741v1,10,,2,4,,1/19/2022 2:04,,,,5,,,,,60,2.58,185.76,,,,,,,,,,,,
23947,10.0237177v2,10,,2,3,,1/19/2022 4:06,,,,17,,,,,200,2.41,520.56,,,,,,,,,,,,
23949,10.02171v2,10,,2,3,,1/19/2022 17:36,,,,10,,,,,120,2.58,340.56,,,,,,,,,,,,
23950,10.0269499v1,10,,2,3,,1/19/2022 16:09,,,,21,,,,,250,2.41,636.24,,,,,,,,,,,,
23951,10.0271530v1,10,,2,3,,1/20/2022 18:51,,,,25,,,,,300,2.41,751.92,,,,,,,,,,,,
23952,40.0271935v2,40,,18,4,,1/20/2022 18:43,,,,5,,,,,60,2.75,198,,,,,,,,,,,,
23953,10.0272235v1,10,,2,4,,1/20/2022 15:14,,,,21,,,,,250,2.41,636.24,,,,,,,,,,,,
23954,10.0271821v1,10,,2,3,,1/19/2022 20:10,,,,24,,,,,288,2.41,723,,,,,,,,,,,,
23955,10.0268777v5,10,,2,3,,1/19/2022 16:46,,,,30,,,,,360,2.41,896.52,,,,,,,,,,,,
23955,10.0268776v5,10,,2,3,,1/19/2022 16:46,,,,30,,,,,360,2.41,896.52,,,,,,,,,,,,
23956,10.0270329v2,10,,2,3,,1/19/2022 16:48,,,,10,,,,,120,2.58,340.56,,,,,,,,,,,,
23957,920272504v1,920,500,26,5,44774,1/19/2022 23:20,Distributor,newbusiness,7436793514,42,1.04,90,626.64,610,,,,,,,,,,,,,,,
23958,10.0262795v1,10,,2,1,,1/20/2022 19:22,,,,5,,,,,60,2.56,184.32,,,,,,,,,,,,
23959,10.0271968v1,10,,2,3,,1/19/2022 21:04,,,,21,,,,,250,2.41,636.24,,,,,,,,,,,,
23960,10.0269500v2,10,,2,3,,1/27/2022 0:25,,,,5,,,,,60,3.66,263.52,,,,,,,,,,,,
23961,40.0244589v1,40,,18,3,,1/20/2022 4:02,,,,42,,,,,500,2.49,1284.84,,,,,,,,,,,,
23962,10.0271430v1,10,,2,3,,1/19/2022 20:56,,,,15,,,,,180,2.41,462.72,,,,,,,,,,,,
23963,17.0272222v1,17,,9,3,,1/19/2022 21:18,,,,10,,,,,120,2.58,340.56,,,,,,,,,,,,
23964,10.0271581v1,10,,2,3,,1/19/2022 22:48,,,,21,,,,,250,2.41,636.24,,,,,,,,,,,,
23965,10.0271021v7,10,,2,4,,1/19/2022 23:38,,,,5,,,,,60,2.58,185.76,,,,,,,,,,,,
23966,10.0219395v7,10,,2,1,,1/20/2022 16:58,,,,5,,,,,60,2.56,184.32,,,,,,,,,,,,
23967,10.0230282v2,10,,2,3,,1/19/2022 22:51,,,,10,,,,,120,2.58,340.56,,,,,,,,,,,,
23968,10.0272364v1,10,,2,4,,1/19/2022 23:14,,,,5,,,,,60,2.58,185.76,,,,,,,,,,,,
23968,10.0263382v1,10,,2,4,,1/19/2022 23:14,,,,5,,,,,60,2.58,185.76,,,,,,,,,,,,
23968,10.0262738v2,10,,2,4,,1/19/2022 23:14,,,,5,,,,,60,2.58,185.76,,,,,,,,,,,,
23969,10.0272449v2,10,,2,1,,1/19/2022 23:45,,,,5,,,,,60,2.56,184.32,,,,,,,,,,,,
23970,10.0270020v1,10,,2,4,,1/20/2022 16:08,,,,9,,,,,102,2.58,309.6,,,,,,,,,,,,
23971,10.0271218v1,10,,2,3,,1/27/2022 15:17,,,,27,,,,,315,2.41,809.76,,,,,,,,,,,,
23972,10.0246834v2,10,,2,4,,1/20/2022 18:30,,,,10,,,,,120,2.58,340.56,,,,,,,,,,,,
23973,10.0270909v1,10,,2,1,,1/19/2022 23:23,,,,13,,,,,150,1.96,329.28,,,,,,,,,,,,
23974,10.0271921v1,10,,2,3,,1/20/2022 0:42,,,,10,,,,,120,2.58,340.56,,,,,,,,,,,,
23975,17.0172525v1,17,,9,1,,1/20/2022 18:44,,,,5,,,,,60,2.56,184.32,,,,,,,,,,,,
23975,17.0372524v1,17,,9,1,,1/20/2022 18:44,,,,8,,,,,90,2.56,276.48,,,,,,,,,,,,
23976,10.0268273v1,10,,2,1,,1/19/2022 23:54,,,,5,,,,,60,2.56,184.32,,,,,,,,,,,,
23977,10.0271298v1,10,,2,4,,1/20/2022 18:45,,,,10,,,,,120,2.58,340.56,,,,,,,,,,,,
23978,17.0247394v1,17,,9,3,,1/24/2022 19:26,,,,42,,,,,495,2.41,1243.56,,,,,,,,,,,,
23979,40.0270759v1,40,,18,1,,1/21/2022 19:19,,,,59,,,,,700,1.88,1353.6,,,,,,,,,,,,
23980,10.0272167v3,10,,2,4,,1/20/2022 22:27,,,,21,,,,,250,2.41,636.24,,,,,,,,,,,,
23981,40.0272267v1,40,,18,4,,1/20/2022 14:43,,,,5,,,,,60,2.75,198,,,,,,,,,,,,
23982,10.0268672v1,10,,2,4,,1/20/2022 14:17,,,,5,,,,,60,2.58,185.76,,,,,,,,,,,,
23983,10.0270067v1,10,,2,3,,1/20/2022 14:49,,,,10,,,,,120,2.58,340.56,,,,,,,,,,,,
23984,10.0271761v1,10,,2,1,,1/20/2022 14:49,,,,8,,,,,85,2.56,276.48,,,,,,,,,,,,
23985,10.0271184v1,10,,2,4,,1/28/2022 16:02,,,,5,,,,,60,2.58,185.76,,,,,,,,,,,,
23985,10.0271198v2,10,,2,4,,1/28/2022 16:02,,,,5,,,,,60,2.58,185.76,,,,,,,,,,,,
23986,10.0272591v1,10,,2,3,,1/20/2022 15:42,,,,26,,,,,305,2.41,780.84,,,,,,,,,,,,
23987,44.0255598v1,44,,21,1,,1/20/2022 18:43,,,,63,,,,,750,1.79,1374.72,,,,,,,,,,,,
23987,10.0255600v1,10,,2,1,,1/20/2022 18:43,,,,63,,,,,750,1.79,1374.72,,,,,,,,,,,,
23988,10.0215895v8,10,,2,1,,1/21/2022 16:30,,,,60,,,,,720,1.79,1310.28,,,,,,,,,,,,
23989,10.0227154v5,10,,2,4,,1/21/2022 17:42,,,,10,,,,,120,2.58,340.56,,,,,,,,,,,,
23991,10.0271435v1,10,,2,4,,1/20/2022 23:23,,,,21,,,,,252,2.41,636.24,,,,,,,,,,,,
23992,10.0272640v1,10,,2,4,,1/20/2022 18:10,,,,7,,,,,75,2.58,247.68,,,,,,,,,,,,
23993,10.0272641v1,10,,2,3,,1/20/2022 18:18,,,,10,,,,,120,2.58,340.56,,,,,,,,,,,,
23994,10.0271558v1,10,,2,4,,1/20/2022 23:23,,,,25,,,,,300,2.41,751.92,,,,,,,,,,,,
23995,10.0272617v1,10,,2,4,,1/20/2022 23:24,,,,10,,,,,120,2.58,340.56,,,,,,,,,,,,
23996,10.0268739v1,10,,2,4,,1/21/2022 17:41,,,,5,,,,,60,2.58,185.76,,,,,,,,,,,,
23996,10.0268740v1,10,,2,4,,1/21/2022 17:41,,,,5,,,,,60,2.58,185.76,,,,,,,,,,,,
23996,10.0268741v1,10,,2,4,,1/21/2022 17:41,,,,5,,,,,60,2.58,185.76,,,,,,,,,,,,
23996,10.0268742v1,10,,2,4,,1/21/2022 17:41,,,,5,,,,,60,2.58,185.76,,,,,,,,,,,,
23996,10.0268745v1,10,,2,4,,1/21/2022 17:41,,,,5,,,,,60,2.58,185.76,,,,,,,,,,,,
23997,10.0271824v2,10,,2,3,,1/20/2022 23:22,,,,67,,,,,800,1.91,1558.56,,,,,,,,,,,,
23997,10.0271823v2,10,,2,3,,1/20/2022 23:22,,,,67,,,,,800,1.91,1558.56,,,,,,,,,,,,
23997,10.0271825v2,10,,2,3,,1/20/2022 23:22,,,,67,,,,,800,1.91,1558.56,,,,,,,,,,,,
23998,10.0229518v1,10,,2,1,,1/20/2022 19:58,,,,11,,,,,129,2.23,321.12,,,,,,,,,,,,
23999,10.0269536v1,10,,2,1,,1/21/2022 23:59,,,,34,,,,,400,1.96,823.2,,,,,,,,,,,,
24000,10.0272598v1,10,,2,4,,1/20/2022 23:22,,,,21,,,,,250,2.41,636.24,,,,,,,,,,,,
24001,10.0270137v1,10,,2,4,,1/20/2022 20:47,,,,7,,,,,75,2.58,247.68,,,,,,,,,,,,
24001,12.0272663v2,12,,4,4,,1/20/2022 20:47,,,,7,,,,,75,2.83,271.68,,,,,,,,,,,,
24003,40.0262574v4,40,,18,1,,1/21/2022 17:41,,,,5,,,,,60,2.56,184.32,,,,,,,,,,,,
24003,40.0262573v4,40,,18,1,,1/21/2022 17:41,,,,5,,,,,60,2.56,184.32,,,,,,,,,,,,
24005,10.0270781v2,10,,2,4,,1/20/2022 21:33,,,,7,,,,,75,2.58,247.68,,,,,,,,,,,,
24006,10.0221098v1,10,,2,3,,1/21/2022 17:40,,,,59,,,,,700,2.16,1555.2,,,,,,,,,,,,
24007,10.0272750v1,10,,2,1,,1/25/2022 19:20,,,,10,,,,,120,2.23,294.36,,,,,,,,,,,,
24008,10.0271843v2,10,,2,4,,1/21/2022 17:41,,,,10,,,,,120,2.58,340.56,,,,,,,,,,,,
24008,10.0272802v1,10,,2,4,,1/21/2022 17:41,,,,10,,,,,120,2.58,340.56,,,,,,,,,,,,
24009,10.0235546v1,10,,2,3,,1/20/2022 22:04,,,,5,,,,,60,3.66,263.52,,,,,,,,,,,,
24010,40.0270396v1,40,,18,3,,1/21/2022 1:04,,,,10,,,,,120,2.66,351.12,,,,,,,,,,,,
24011,10.0227001v1,10,,2,3,,1/21/2022 17:40,,,,250,,,,,3000,1.62,4879.44,,,,,,,,,,,,
24012,10.0272780v1,10,,2,3,,1/21/2022 23:04,,,,92,,,,,1100,1.91,2131.56,,,,,,,,,,,,
24012,10.0272781v1,10,,2,3,,1/21/2022 23:04,,,,92,,,,,1100,1.91,2131.56,,,,,,,,,,,,
24014,10.0272586v1,10,,2,1,,1/21/2022 14:40,,,,5,,,,,60,2.56,184.32,,,,,,,,,,,,
24015,10.0269898v4,10,,2,1,,1/21/2022 18:03,,,,7,,,,,76,2.56,245.76,,,,,,,,,,,,
24016,10.0371286v2,10,,2,1,,1/21/2022 16:49,,,,5,,,,,60,2.56,184.32,,,,,,,,,,,,
24017,10.0257613v1,10,,2,4,,1/21/2022 16:49,,,,9,,,,,100,2.58,309.6,,,,,,,,,,,,
24018,10.0262251v1,10,,2,1,,1/21/2022 19:19,,,,5,,,,,60,2.56,184.32,,,,,,,,,,,,
24019,10.0372579v1,10,,2,1,,1/21/2022 17:40,,,,31,,,,,370,1.96,752.64,,,,,,,,,,,,
24020,10.0366987v1,10,,2,1,,1/21/2022 17:55,,,,10,,,,,120,2.23,294.36,,,,,,,,,,,,
24021,10.0272770v1,10,,2,1,,1/24/2022 19:27,,,,15,,,,,175,1.96,376.32,,,,,,,,,,,,
24022,10.0247437v1,10,,2,3,,1/31/2022 16:08,,,,9,,,,,100,3.58,429.6,,,,,,,,,,,,
24023,40.0270785v1,40,,18,3,,1/25/2022 19:49,,,,5,,,,,60,3.74,269.28,,,,,,,,,,,,
24024,10.0272952v1,10,,2,4,,1/21/2022 18:58,,,,8,,,,,85,2.58,278.64,,,,,,,,,,,,
24025,10.0270889v1,10,,2,1,,1/21/2022 19:06,,,,11,,,,,125,2.23,321.12,,,,,,,,,,,,
24026,10.0272409v1,10,,2,4,,1/24/2022 22:22,,,,5,,,,,60,2.58,185.76,,,,,,,,,,,,
24026,10.0272410v1,10,,2,4,,1/24/2022 22:22,,,,5,,,,,60,2.58,185.76,,,,,,,,,,,,
24028,10.0270697v1,10,,2,1,,1/21/2022 20:06,,,,10,,,,,120,2.23,294.36,,,,,,,,,,,,
24029,10.0272291v2,10,,2,1,,1/21/2022 20:31,,,,10,,,,,120,2.23,294.36,,,,,,,,,,,,
24030,10.0272834v2,10,,2,4,,1/21/2022 23:06,,,,10,,,,,120,2.58,340.56,,,,,,,,,,,,
24031,40.0273013v1,40,,18,1,,1/24/2022 15:40,,,,59,,,,,705,1.88,1353.6,,,,,,,,,,,,
24032,10.0272844v5,10,,2,1,,1/21/2022 21:52,,,,10,,,,,120,2.23,294.36,,,,,,,,,,,,
24033,10.0373002v1,10,,2,4,,1/21/2022 23:05,,,,5,,,,,60,2.58,185.76,,,,,,,,,,,,
24034,10.0271523v1,10,,2,1,,1/21/2022 22:01,,,,21,,,,,250,1.96,517.44,,,,,,,,,,,,
24035,10.0272996v1,10,,2,1,,1/21/2022 23:05,,,,10,,,,,120,2.23,294.36,,,,,,,,,,,,
24036,10.0273050v1,10,,9,1,,1/24/2022 21:57,,,,42,,,,,500,1.96,1011.36,,,,,,,,,,,,
24037,10.0268435v5,10,,2,1,,1/25/2022 18:26,,,,47,,,,,560,1.88,1082.88,,,,,,,,,,,,
24038,10.0272978v1,10,,2,1,,1/21/2022 22:59,,,,84,,,,,1000,1.79,1825.8,,,,,,,,,,,,
24039,10.0259444v2,10,,2,1,,1/25/2022 19:31,,,,23,,,,,265,1.96,564.48,,,,,,,,,,,,
24040,40.0272846v2,40,,18,1,,1/22/2022 0:20,,,,20,,,,,240,1.96,493.92,,,,,,,,,,,,
24041,10.0273061v1,10,,2,1,,1/24/2022 15:09,,,,5,,,,,60,2.56,184.32,,,,,,,,,,,,
24042,40.0272666v1,40,,18,4,,1/24/2022 22:27,,,,9,,,,,100,2.75,330,,,,,,,,,,,,
24043,10.0232550v1,10,,2,4,,1/24/2022 10:30,,,,13,,,,,150,2.41,404.88,,,,,,,,,,,,
24044,10.0272988v1,10,,2,1,,1/24/2022 14:50,,,,9,,,,,105,2.56,307.2,,,,,,,,,,,,
24045,10.0259946v1,10,,2,1,,1/24/2022 17:33,,,,10,,,,,120,2.23,294.36,,,,,,,,,,,,
24046,10.0256783v3,10,,2,3,,1/24/2022 16:20,,,,5,,,,,60,3.66,263.52,,,,,,,,,,,,
24047,40.0273081v1,40,,18,1,,1/24/2022 16:53,,,,9,,,,,105,2.56,307.2,,,,,,,,,,,,
24048,10.0217319v1,10,,2,1,,1/24/2022 17:13,,,,18,,,,,215,1.96,446.88,,,,,,,,,,,,
24049,10.0273067v1,10,,2,1,,1/24/2022 18:24,,,,40,,,,,480,1.96,964.32,,,,,,,,,,,,
24050,10.0221917v1,10,,2,1,,1/24/2022 18:27,,,,13,,,,,150,1.96,329.28,,,,,,,,,,,,
24051,10.0259897v2,10,,2,4,,1/24/2022 18:52,,,,10,,,,,120,2.58,340.56,,,,,,,,,,,,
24052,10.0237180v2,10,,2,4,,1/25/2022 15:20,,,,42,,,,,500,2.41,1243.56,,,,,,,,,,,,
24053,44.0256182v2,44,,21,1,,1/24/2022 23:56,,,,14,,,,,165,1.96,352.8,,,,,,,,,,,,
24054,10.0268984v1,10,,2,1,,1/24/2022 19:17,,,,9,,,,,105,2.56,307.2,,,,,,,,,,,,
24055,10.0272179v2,10,,2,4,,1/24/2022 21:05,,,,5,,,,,60,2.58,185.76,,,,,,,,,,,,
24055,10.0272332v3,10,,2,4,,1/24/2022 21:05,,,,5,,,,,60,2.58,185.76,,,,,,,,,,,,
24056,10.0238001v1,10,,2,3,,1/24/2022 20:47,,,,5,,,,,60,3.66,263.52,,,,,,,,,,,,
24057,10.0256228v1,10,,2,4,,1/24/2022 21:03,,,,5,,,,,60,2.58,185.76,,,,,,,,,,,,
24058,10.0258568v1,10,,2,4,,1/24/2022 21:58,,,,5,,,,,60,2.58,185.76,,,,,,,,,,,,
24058,10.0258571v1,10,,2,4,,1/24/2022 21:58,,,,5,,,,,60,2.58,185.76,,,,,,,,,,,,
24058,10.0258567v1,10,,2,4,,1/24/2022 21:58,,,,5,,,,,60,2.58,185.76,,,,,,,,,,,,
24058,10.0258572v1,10,,2,4,,1/24/2022 21:58,,,,5,,,,,60,2.58,185.76,,,,,,,,,,,,
24059,20.0272664v3,20,,11,1,,1/26/2022 18:56,,,,10,,,,,120,3.23,426.36,,,,,,,,,,,,
24060,10.0273062v2,10,,2,1,,1/24/2022 23:56,,,,25,,,,,300,1.96,611.52,,,,,,,,,,,,
24061,10.0273243v1,10,,2,1,,1/24/2022 23:53,,,,10,,,,,120,2.23,294.36,,,,,,,,,,,,
24062,10.0273073v2,10,,2,3,,1/25/2022 17:28,,,,21,,,,,250,2.41,636.24,,,,,,,,,,,,
24063,40.0273015v1,40,,18,1,,1/25/2022 0:38,,,,21,,,,,251,1.96,517.44,,,,,,,,,,,,
24064,10.0236904v1,10,,2,3,,1/25/2022 15:32,,,,71,,,,,850,1.91,1650.24,,,,,,,,,,,,
24065,40.0272995v1,40,,18,3,,1/25/2022 17:40,,,,21,,,,,252,2.49,657.36,,,,,,,,,,,,
24065,40.0272993v1,40,,18,3,,1/25/2022 17:40,,,,34,,,,,402,2.49,1045.8,,,,,,,,,,,,
24066,10.0272807v3,10,,2,4,,1/25/2022 17:15,,,,25,,,,,300,2.41,751.92,,,,,,,,,,,,
24067,10.0268766v2,10,,2,4,,1/25/2022 19:37,,,,5,,,,,60,2.58,185.76,,,,,,,,,,,,
24067,10.0268765v2,10,,2,4,,1/25/2022 19:37,,,,5,,,,,60,2.58,185.76,,,,,,,,,,,,
24069,10.0373277v1,10,,2,1,,1/25/2022 16:44,,,,10,,,,,120,2.23,294.36,,,,,,,,,,,,
24069,10.0173278v1,10,,2,1,,1/25/2022 16:44,,,,10,,,,,120,2.23,294.36,,,,,,,,,,,,
24070,10.0244505v2,10,,2,1,,1/25/2022 16:21,,,,42,,,,,500,1.96,1011.36,,,,,,,,,,,,
24071,10.0228762v1,10,,2,3,,1/25/2022 17:24,,,,40,,,,,480,2.41,1185.72,,,,,,,,,,,,
24072,40.0233860v1,40,,18,1,,1/25/2022 17:10,,,,5,,,,,60,2.56,184.32,,,,,,,,,,,,
24072,40.0233860v2,40,,18,1,,1/25/2022 17:10,,,,5,,,,,60,2.56,184.32,,,,,,,,,,,,
24073,40.0233872v2,40,,18,1,,1/25/2022 17:11,,,,5,,,,,60,2.56,184.32,,,,,,,,,,,,
24073,40.0233872v1,40,,18,1,,1/25/2022 17:11,,,,5,,,,,60,2.56,184.32,,,,,,,,,,,,
24074,10.0273111v1,10,,2,3,,1/25/2022 17:17,,,,10,,,,,120,2.58,340.56,,,,,,,,,,,,
24074,10.0273110v1,10,,2,3,,1/25/2022 17:17,,,,10,,,,,120,2.58,340.56,,,,,,,,,,,,
24075,10.0247848v1,10,,2,4,,1/25/2022 17:29,,,,17,,,,,200,2.41,520.56,,,,,,,,,,,,
24075,10.0247850v1,10,,2,4,,1/25/2022 17:29,,,,17,,,,,200,2.41,520.56,,,,,,,,,,,,
24077,10.0372285v1,10,,2,1,,1/25/2022 18:27,,,,10,,,,,120,2.23,294.36,,,,,,,,,,,,
24078,10.0273036v1,10,,2,3,,1/25/2022 18:18,,,,5,,,,,60,3.66,263.52,,,,,,,,,,,,
24079,10.0262470v1,10,,2,4,,1/25/2022 19:10,,,,5,,,,,60,2.58,185.76,,,,,,,,,,,,
24079,10.0262471v1,10,,2,4,,1/25/2022 19:10,,,,5,,,,,60,2.58,185.76,,,,,,,,,,,,
24080,10.0267861v1,10,,2,1,,1/26/2022 15:45,,,,100,,,,,1200,1.71,2072.52,,,,,,,,,,,,
24080,10.0238353v7,10,,2,1,,1/26/2022 15:45,,,,100,,,,,1200,1.71,2072.52,,,,,,,,,,,,
24080,10.0222068v3,10,,2,1,,1/26/2022 15:45,,,,100,,,,,1200,1.71,2072.52,,,,,,,,,,,,
24081,10.0273065v1,10,,2,3,,1/25/2022 23:39,,,,50,,,,,600,2.16,1321.92,,,,,,,,,,,,
24081,10.0273063v1,10,,2,3,,1/25/2022 23:39,,,,50,,,,,600,2.16,1321.92,,,,,,,,,,,,
24082,10.0232715v1,10,,2,3,,1/25/2022 23:40,,,,10,,,,,120,2.58,340.56,,,,,,,,,,,,
24083,10.0272987v2,10,,2,1,,1/25/2022 21:37,,,,13,,,,,150,1.96,329.28,,,,,,,,,,,,
24084,10.0272678v1,10,,2,1,,1/25/2022 21:21,,,,13,,,,,150,1.96,329.28,,,,,,,,,,,,
24085,10.0258330v2,10,,2,3,,1/27/2022 14:45,,,,417,,,,,5000,1.62,8125.92,,,,,,,,,,,,
24086,10.0250250v1,10,,2,1,,1/25/2022 21:43,,,,20,,,,,240,1.96,493.92,,,,,,,,,,,,
24087,40.0242384v6,40,,18,3,,1/26/2022 15:32,,,,10,,,,,120,2.66,351.12,,,,,,,,,,,,
24088,10.0273407v1,10,,2,1,,1/25/2022 22:20,,,,5,,,,,60,2.56,184.32,,,,,,,,,,,,
24089,10.0273580v1,10,,2,3,,1/25/2022 23:33,,,,5,,,,,60,3.66,263.52,,,,,,,,,,,,
24090,10.0249731v1,10,,2,4,,1/25/2022 23:33,,,,5,,,,,60,2.58,185.76,,,,,,,,,,,,
24090,11.0255371v1,11,,3,4,,1/25/2022 23:33,,,,5,,,,,60,2.83,203.76,,,,,,,,,,,,
24091,10.0268882v2,10,,2,3,,1/13/2022 19:45,,,,21,,,,,250,2.41,636.24,,,,,,,,,,,,
24092,10.0273125v1,10,,2,3,,1/28/2022 18:58,,,,20,,,,,240,2.41,607.32,,,,,,,,,,,,
24093,10.0272561v2,10,,2,3,,1/26/2022 15:42,,,,17,,,,,200,2.41,520.56,,,,,,,,,,,,
24094,40.0247026v1,40,,18,1,,1/28/2022 15:31,,,,5,,,,,60,2.56,184.32,,,,,,,,,,,,
24094,40.0247029v3,40,,18,1,,1/28/2022 15:31,,,,5,,,,,60,2.56,184.32,,,,,,,,,,,,
24095,17.0273010v5,17,,9,3,,1/26/2022 20:54,,,,39,,,,,467,2.41,1156.8,,,,,,,,,,,,
24095,17.0273008v3,17,,9,3,,1/26/2022 20:54,,,,39,,,,,467,2.41,1156.8,,,,,,,,,,,,
24097,20.0269765v1,20,,11,3,,1/27/2022 18:54,,,,5,,,,,60,4.18,300.96,,,,,,,,,,,,
24098,10.0273178v2,10,,2,3,,3/9/2022 13:08,,,,10,,,,,120,2.58,340.56,,,,,,,,,,,,
24098,10.0273215v2,10,,2,3,,3/9/2022 13:08,,,,10,,,,,120,2.58,340.56,,,,,,,,,,,,
24098,10.0273171v2,10,,2,3,,3/9/2022 13:08,,,,10,,,,,120,2.58,340.56,,,,,,,,,,,,
24099,10.0243366v2,10,,2,1,,1/26/2022 15:18,,,,5,,,,,60,2.56,184.32,,,,,,,,,,,,
24100,12.0270789v4,12,,4,3,,3/2/2022 18:38,,,,13,,,,,155,2.16,362.88,,,,,,,,,,,,
24102,40.0273667v1,40,,18,4,,1/27/2022 2:04,,,,13,,,,,150,2.58,433.44,,,,,,,,,,,,
24103,10.0257406v1,10,,2,3,,1/26/2022 20:57,,,,188,,,,,2250,1.91,4331.88,,,,,,,,,,,,
24104,10.0210376v1,10,,2,1,,1/26/2022 16:30,,,,7,,,,,80,2.56,245.76,,,,,,,,,,,,
24105,40.0274536v1,40,,18,3,,2/3/2022 16:37,,,,9,,,,,100,3.66,439.2,,,,,,,,,,,,
24105,40.0274536v2,40,,18,3,,2/3/2022 16:37,,,,9,,,,,100,3.66,439.2,,,,,,,,,,,,
24106,17.0273669v1,17,,9,3,,1/26/2022 17:39,,,,10,,,,,120,2.58,340.56,,,,,,,,,,,,
24107,10.0269504v1,10,,2,4,,1/27/2022 0:23,,,,21,,,,,250,2.41,636.24,,,,,,,,,,,,
24108,10.0272381v3,10,,2,3,,1/26/2022 23:03,,,,25,,,,,300,2.41,751.92,,,,,,,,,,,,
24108,10.0274472v1,10,,2,3,,1/26/2022 23:03,,,,25,,,,,300,2.41,751.92,,,,,,,,,,,,
24108,10.0273131v2,10,,2,3,,1/26/2022 23:03,,,,25,,,,,300,2.41,751.92,,,,,,,,,,,,
24109,10.0271147v1,10,,2,3,,1/27/2022 22:58,,,,29,,,,,340,2.41,867.6,,,,,,,,,,,,
24110,14.0673796v1,14,,6,3,,1/26/2022 19:42,,,,84,,,,,1000,1.45,1479,,,,,,,,,,,,
24111,10.0267178v1,10,,2,1,,1/26/2022 22:10,,,,5,,,,,60,2.56,184.32,,,,,,,,,,,,
24112,10.0273500v1,10,,2,3,,1/26/2022 19:56,,,,6,,,,,65,3.66,307.44,,,,,,,,,,,,
24113,10.0272203v3,10,,2,3,,1/26/2022 23:33,,,,34,,,,,400,2.41,1012.2,,,,,,,,,,,,
24114,10.0250780v1,10,,2,3,,1/26/2022 21:06,,,,30,,,,,360,2.41,896.52,,,,,,,,,,,,
24115,10.0273097v1,10,,2,3,,1/26/2022 20:44,,,,10,,,,,120,2.58,340.56,,,,,,,,,,,,
24116,10.0263335v5,10,,2,1,,1/31/2022 20:35,,,,10,,,,,120,2.23,294.36,,,,,,,,,,,,
24117,44.0258685v1,44,,21,1,,1/27/2022 20:53,,,,10,,,,,120,2.23,294.36,,,,,,,,,,,,
24118,40.0273440v1,40,,18,3,,1/26/2022 21:05,,,,10,,,,,120,2.66,351.12,,,,,,,,,,,,
24119,10.0211866v2,10,,2,1,,1/27/2022 13:01,,,,10,,,,,120,2.23,294.36,,,,,,,,,,,,
24119,10.0211864v1,10,,2,1,,1/27/2022 13:01,,,,10,,,,,120,2.23,294.36,,,,,,,,,,,,
24120,10.0272855v5,10,,2,4,,1/26/2022 22:17,,,,5,,,,,60,2.58,185.76,,,,,,,,,,,,
24121,10.0271179v5,10,,2,4,,1/26/2022 22:00,,,,7,,,,,83,2.58,247.68,,,,,,,,,,,,
24122,10.0211864v1,10,,2,1,,1/26/2022 22:05,,,,10,,,,,120,2.23,294.36,,,,,,,,,,,,
24122,10.0211866v2,10,,2,1,,1/26/2022 22:05,,,,10,,,,,120,2.23,294.36,,,,,,,,,,,,
24123,10.0218841v2,10,,2,3,,1/26/2022 23:46,,,,21,,,,,250,2.41,636.24,,,,,,,,,,,,
24124,10.0273835v1,10,,2,3,,1/27/2022 0:02,,,,10,,,,,120,2.58,340.56,,,,,,,,,,,,
24125,10.0262980v1,10,,2,4,,1/27/2022 14:54,,,,11,,,,,121,2.58,371.52,,,,,,,,,,,,
24126,10.0273117v4,10,,2,3,,1/27/2022 0:14,,,,6,,,,,65,3.66,307.44,,,,,,,,,,,,
24127,10.0272384v1,10,,2,3,,1/27/2022 1:10,,,,17,,,,,197,2.41,520.56,,,,,,,,,,,,
24128,10.0271979v1,10,,2,3,,1/28/2022 15:33,,,,10,,,,,120,2.58,340.56,,,,,,,,,,,,
24128,10.0272002v2,10,,2,3,,1/28/2022 15:33,,,,10,,,,,120,2.58,340.56,,,,,,,,,,,,
24128,10.0271976v1,10,,2,3,,1/28/2022 15:33,,,,10,,,,,120,2.58,340.56,,,,,,,,,,,,
24128,10.0272000v1,10,,2,3,,1/28/2022 15:33,,,,10,,,,,120,2.58,340.56,,,,,,,,,,,,
24128,10.0271997v1,10,,2,3,,1/28/2022 15:33,,,,10,,,,,120,2.58,340.56,,,,,,,,,,,,
24128,10.0271978v2,10,,2,3,,1/28/2022 15:33,,,,10,,,,,120,2.58,340.56,,,,,,,,,,,,
24129,10.0273644v1,10,,2,3,,1/27/2022 20:54,,,,5,,,,,60,3.66,263.52,,,,,,,,,,,,
24130,10.0273666v2,10,,2,4,,1/27/2022 20:42,,,,125,,,,,1500,1.91,2887.92,,,,,,,,,,,,
24131,10.0264895v7,10,,2,1,,1/27/2022 14:53,,,,5,,,,,60,2.56,184.32,,,,,,,,,,,,
24131,40.0264896v3,40,,18,1,,1/27/2022 14:53,,,,5,,,,,60,2.56,184.32,,,,,,,,,,,,
24131,10.0264894v2,10,,2,1,,1/27/2022 14:53,,,,5,,,,,60,2.56,184.32,,,,,,,,,,,,
24132,10.0273501v2,10,,2,3,,1/27/2022 14:25,,,,5,,,,,60,3.66,263.52,,,,,,,,,,,,
24133,10.0273363v2,10,,2,3,,1/27/2022 15:04,,,,10,,,,,120,2.58,340.56,,,,,,,,,,,,
24134,10.0223793v4,10,,2,4,,2/10/2022 1:12,,,,10,,,,,120,2.58,340.56,,,,,,,,,,,,
24135,10.0273734v1,10,,2,3,,2/1/2022 17:11,,,,34,,,,,400,2.41,1012.2,,,,,,,,,,,,
24136,10.0219046v1,10,,2,3,,1/27/2022 19:10,,,,10,,,,,120,2.58,340.56,,,,,,,,,,,,
24137,46.0273932v1,46,,113,3,,1/28/2022 20:21,,,,13,,,,,150,2.41,404.88,,,,,,,,,,,,
24138,10.0322216v2,10,,2,3,,1/27/2022 19:14,,,,34,,,,,400,2.41,1012.2,,,,,,,,,,,,
24139,10.0271380v2,10,,2,3,,1/28/2022 20:11,,,,10,,,,,120,2.58,340.56,,,,,,,,,,,,
24140,10.0214054v1,10,,2,4,,1/27/2022 20:28,,,,5,,,,,60,2.58,185.76,,,,,,,,,,,,
24141,10.0272340v2,10,,2,4,,2/1/2022 17:23,,,,15,,,,,180,2.41,462.72,,,,,,,,,,,,
24142,40.0273427v5,40,,18,3,,1/27/2022 21:31,,,,10,,,,,120,2.66,351.12,,,,,,,,,,,,
24142,10.0272895v2,10,,2,3,,1/27/2022 21:31,,,,10,,,,,120,2.58,340.56,,,,,,,,,,,,
24143,10.0273921v2,10,,2,4,,1/31/2022 16:28,,,,11,,,,,121,2.58,371.52,,,,,,,,,,,,
24144,10.0268493v1,10,,2,4,,1/27/2022 20:19,,,,5,,,,,60,2.58,185.76,,,,,,,,,,,,
24144,10.0268492v1,10,,2,4,,1/27/2022 20:19,,,,5,,,,,60,2.58,185.76,,,,,,,,,,,,
24145,10.0273108v2,10,,2,3,,1/27/2022 21:22,,,,13,,,,,150,2.41,404.88,,,,,,,,,,,,
24146,40.0273927v2,40,,18,1,,1/31/2022 17:27,,,,9,,,,,100,2.56,307.2,,,,,,,,,,,,
24146,40.0273927v3,40,,18,1,,1/31/2022 17:27,,,,9,,,,,100,2.56,307.2,,,,,,,,,,,,
24146,40.0273976v2,40,,18,1,,1/31/2022 17:27,,,,17,,,,,200,1.96,423.36,,,,,,,,,,,,
24147,10.0273989v1,10,,2,3,,1/27/2022 20:48,,,,13,,,,,150,2.41,404.88,,,,,,,,,,,,
24148,10.0274015v1,10,,2,3,,1/27/2022 20:49,,,,5,,,,,60,3.66,263.52,,,,,,,,,,,,
24149,40.0273699v2,40,,18,3,,1/28/2022 14:25,,,,11,,,,,125,2.66,383.04,,,,,,,,,,,,
24150,10.0248827v1,10,,2,4,,1/27/2022 21:37,,,,8,,,,,96,2.58,278.64,,,,,,,,,,,,
24151,10.0242901v5,10,,2,3,,1/27/2022 21:47,,,,10,,,,,120,2.58,340.56,,,,,,,,,,,,
24152,10.0273655v3,10,,2,3,,1/28/2022 0:11,,,,20,,,,,240,2.41,607.32,,,,,,,,,,,,
24152,10.0273656v2,10,,2,3,,1/28/2022 0:11,,,,20,,,,,240,2.41,607.32,,,,,,,,,,,,
24153,17.0267083v6,17,,9,3,,1/27/2022 23:50,,,,5,,,,,60,3.66,263.52,,,,,,,,,,,,
24154,10.029928v1,10,,2,1,,1/28/2022 0:40,,,,25,,,,,300,1.96,611.52,,,,,,,,,,,,
24155,40.0271134v3,40,,18,4,,1/28/2022 18:52,,,,40,,,,,480,2.58,1269.36,,,,,,,,,,,,
24156,17.0271461v2,17,,9,3,,1/28/2022 15:13,,,,42,,,,,500,2.41,1243.56,,,,,,,,,,,,
24157,10.0262583v2,10,,2,3,,1/31/2022 20:04,,,,5,,,,,60,3.66,263.52,,,,,,,,,,,,
24158,40.0273978v1,40,,18,3,,1/28/2022 15:33,,,,7,,,,,80,3.74,359.04,,,,,,,,,,,,
24159,12.0274176v2,12,,4,3,,1/28/2022 15:58,,,,10,,,,,120,2.33,307.56,,,,,,,,,,,,
24159,10.0273660v2,10,,2,3,,1/28/2022 15:58,,,,10,,,,,120,2.58,340.56,,,,,,,,,,,,
24160,10.0264385v1,10,,2,4,,2/2/2022 0:25,,,,40,,,,,480,2.41,1185.72,,,,,,,,,,,,
24161,10.0271714v1,10,,2,4,,1/28/2022 16:54,,,,7,,,,,75,2.58,247.68,,,,,,,,,,,,
24161,10.0271715v1,10,,2,4,,1/28/2022 16:54,,,,7,,,,,75,2.58,247.68,,,,,,,,,,,,
24162,40.0273948v1,40,,18,1,,2/1/2022 16:58,,,,209,,,,,2500,1.6,4032,,,,,,,,,,,,
24163,10.0274054v1,10,,2,3,,1/28/2022 21:01,,,,5,,,,,60,3.66,263.52,,,,,,,,,,,,
24163,10.0274051v1,10,,2,3,,1/28/2022 21:01,,,,5,,,,,60,3.66,263.52,,,,,,,,,,,,
24164,10.0270551v1,10,,2,4,,1/28/2022 20:02,,,,67,,,,,800,1.91,1558.56,,,,,,,,,,,,
24165,10.0274315v1,10,,2,3,,1/28/2022 21:40,,,,10,,,,,120,2.58,340.56,,,,,,,,,,,,
24166,10.0214252v4,10,,2,1,,1/28/2022 20:21,,,,5,,,,,60,2.56,184.32,,,,,,,,,,,,
24166,10.0214253v3,10,,2,1,,1/28/2022 20:21,,,,5,,,,,60,2.56,184.32,,,,,,,,,,,,
24167,41.0274534v1,41,,19,3,,1/28/2022 20:32,,,,49,,,,,585,2.24,1344,,,,,,,,,,,,
24168,15.0273916v1,15,,7,3,,1/28/2022 20:54,,,,10,,,,,120,3.7,488.4,,,,,,,,,,,,
24169,10.0374127v1,10,,2,3,,1/28/2022 21:29,,,,10,,,,,120,2.58,340.56,,,,,,,,,,,,
24170,10.0274323v1,10,,2,3,,1/28/2022 22:03,,,,10,,,,,120,2.58,340.56,,,,,,,,,,,,
24171,10.0274226v1,10,,2,3,,1/28/2022 21:31,,,,9,,,,,105,3.58,429.6,,,,,,,,,,,,
24172,40.0273860v6,40,,18,3,,1/28/2022 23:02,,,,28,,,,,325,2.49,866.52,,,,,,,,,,,,
24173,10.0270659v4,10,,2,3,,1/28/2022 22:42,,,,10,,,,,120,2.58,340.56,,,,,,,,,,,,
24174,40.0268659v1,40,,18,3,,1/31/2022 21:24,,,,6,,,,,65,3.74,314.16,,,,,,,,,,,,
24175,10.0274423v1,10,,2,4,,1/29/2022 0:41,,,,18,,,,,215,2.41,549.48,,,,,,,,,,,,
24176,40.0274106v3,40,,18,1,,2/4/2022 20:11,,,,10,,,,,120,2.23,294.36,,,,,,,,,,,,
24177,10.0273946v1,10,,2,3,,1/29/2022 1:24,,,,10,,,,,120,2.58,340.56,,,,,,,,,,,,
24178,10.0267258v2,10,,2,4,,1/31/2022 16:04,,,,13,,,,,150,2.41,404.88,,,,,,,,,,,,
24180,10.0274234v4,10,,2,4,,1/31/2022 13:59,,,,20,,,,,240,2.41,607.32,,,,,,,,,,,,
24181,10.0273917v1,10,,2,4,,1/31/2022 14:37,,,,20,,,,,240,2.41,607.32,,,,,,,,,,,,
24182,10.0269536v1,10,,2,3,,1/31/2022 15:48,,,,30,,,,,360,2.41,896.52,,,,,,,,,,,,
24183,10.0273789v1,10,,2,3,,1/31/2022 17:39,,,,10,,,,,120,2.58,340.56,,,,,,,,,,,,
24185,10.0271726v2,10,,2,3,,1/31/2022 19:13,,,,10,,,,,120,2.58,340.56,,,,,,,,,,,,
24185,12.0273472v1,12,,4,3,,1/31/2022 19:13,,,,10,,,,,120,2.33,307.56,,,,,,,,,,,,
24187,42.0374485v1,42,,20,3,,1/31/2022 21:17,,,,10,,,,,120,2.66,351.12,,,,,,,,,,,,
24188,10.0274402v3,10,,2,3,,1/31/2022 23:10,,,,10,,,,,120,2.58,340.56,,,,,,,,,,,,
24189,10.0274432v1,10,,2,3,,1/31/2022 18:51,,,,50,,,,,600,2.16,1321.92,,,,,,,,,,,,
24190,10.0259884v2,10,,2,4,,2/3/2022 20:16,,,,5,,,,,60,2.58,185.76,,,,,,,,,,,,
24191,10.0226520v2,10,,2,3,,1/31/2022 20:25,,,,43,,,,,510,2.41,1272.48,,,,,,,,,,,,
24192,10.0271926v2,10,,2,3,,1/31/2022 20:31,,,,10,,,,,120,2.58,340.56,,,,,,,,,,,,
24193,10.0218490v1,10,,2,3,,2/1/2022 12:35,,,,10,,,,,120,2.58,340.56,,,,,,,,,,,,
24194,10.0274421v1,10,,2,4,,2/2/2022 20:03,,,,24,,,,,280,2.41,723,,,,,,,,,,,,
24195,10.0239122v7,10,,2,1,,1/31/2022 22:01,,,,9,,,,,100,2.56,307.2,,,,,,,,,,,,
24196,10.0274544v1,10,,2,3,,1/31/2022 22:22,,,,11,,,,,125,2.58,371.52,,,,,,,,,,,,
24197,10.0274603v1,10,,2,4,,1/31/2022 22:46,,,,9,,,,,105,2.58,309.6,,,,,,,,,,,,
24198,40.0273631v1,40,,18,1,,2/1/2022 14:14,,,,30,,,,,360,1.96,729.12,,,,,,,,,,,,
24199,10.0231447v6,10,,2,4,,2/1/2022 0:20,,,,20,,,,,240,2.41,607.32,,,,,,,,,,,,
24200,10.0274504v1,10,,2,4,,2/1/2022 19:41,,,,5,,,,,60,2.58,185.76,,,,,,,,,,,,
24201,10.0274611v1,10,,2,1,,2/3/2022 18:16,,,,5,,,,,60,2.56,184.32,,,,,,,,,,,,
24203,10.024451v2,10,,2,1,,2/15/2022 15:52,,,,5,,,,,60,2.56,184.32,,,,,,,,,,,,
24204,10.0274253v3,10,,2,3,,2/8/2022 2:30,,,,17,,,,,200,2.41,520.56,,,,,,,,,,,,
24204,10.0274253v2,10,,2,3,,2/8/2022 2:30,,,,109,,,,,1300,1.91,2521.2,,,,,,,,,,,,
24205,10.0274760v1,10,,2,3,,2/1/2022 16:54,,,,243,,,,,2906,1.62,4743.36,,,,,,,,,,,,
24206,10.0232805v1,10,,2,3,,2/2/2022 0:43,,,,30,,,,,360,2.41,896.52,,,,,,,,,,,,
24207,40.0274252v1,40,,18,3,,2/1/2022 15:15,,,,9,,,,,100,3.66,439.2,,,,,,,,,,,,
24209,10.0273955v1,10,,2,3,,2/1/2022 16:58,,,,167,,,,,2000,1.91,3850.56,,,,,,,,,,,,
24209,10.0273957v1,10,,2,3,,2/1/2022 16:58,,,,125,,,,,1500,1.91,2887.92,,,,,,,,,,,,
24210,10.0274212v1,10,,2,1,,2/3/2022 17:12,,,,59,,,,,700,1.88,1353.6,,,,,,,,,,,,
24211,40.0274133v2,40,,18,4,,2/2/2022 19:35,,,,5,,,,,60,2.75,198,,,,,,,,,,,,
24211,40.0274134v2,40,,18,4,,2/2/2022 19:35,,,,5,,,,,60,2.75,198,,,,,,,,,,,,
24212,10.0274807v1,10,,2,3,,2/2/2022 21:05,,,,84,,,,,1000,1.91,1948.2,,,,,,,,,,,,
24213,10.0271592v5,10,,2,4,,2/1/2022 22:00,,,,9,,,,,105,2.58,309.6,,,,,,,,,,,,
24214,10.0271592v3,10,,2,4,,2/1/2022 21:57,,,,6,,,,,62,2.58,216.72,,,,,,,,,,,,
24215,10.0267167v1,10,,2,1,,3/7/2022 16:07,,,,10,,,,,120,2.23,294.36,,,,,,,,,,,,
24216,10.0231907v2,10,,2,3,,2/2/2022 13:48,,,,9,,,,,100,3.58,429.6,,,,,,,,,,,,
24217,10.0220838v1,10,,2,3,,2/1/2022 20:10,,,,5,,,,,60,3.66,263.52,,,,,,,,,,,,
24218,10.0273671v1,10,,2,3,,2/1/2022 20:30,,,,17,,,,,201,2.41,520.56,,,,,,,,,,,,
24219,40.0272348v3,40,,18,4,,2/1/2022 20:39,,,,10,,,,,120,2.75,363,,,,,,,,,,,,
24221,12.0270827v1,12,,4,1,,2/2/2022 0:35,,,,5,,,,,60,2.1,151.2,,,,,,,,,,,,
24221,10.0217043v6,10,,2,1,,2/2/2022 0:35,,,,5,,,,,60,2.56,184.32,,,,,,,,,,,,
24221,10.0257406v1,10,,2,1,,2/2/2022 0:35,,,,5,,,,,60,2.56,184.32,,,,,,,,,,,,
24223,10.0273285v3,10,,2,4,,2/2/2022 19:14,,,,10,,,,,120,2.58,340.56,,,,,,,,,,,,
24224,17.0274766v1,17,,9,3,,2/2/2022 16:03,,,,42,,,,,500,2.41,1243.56,,,,,,,,,,,,
24225,10.0274422v1,10,,2,3,,2/2/2022 15:19,,,,7,,,,,80,3.66,351.36,,,,,,,,,,,,
24226,40.0274814v1,40,,18,4,,2/2/2022 15:37,,,,7,,,,,80,2.75,264,,,,,,,,,,,,
24227,40.0271122v1,40,,18,3,,2/2/2022 14:34,,,,6,,,,,72,3.74,314.16,,,,,,,,,,,,
24228,10.0261649v1,10,,2,4,,2/3/2022 14:43,,,,6,,,,,61,2.58,216.72,,,,,,,,,,,,
24228,10.0261650v1,10,,2,4,,2/3/2022 14:43,,,,6,,,,,61,2.58,216.72,,,,,,,,,,,,
24229,10.0271393v1,10,,2,1,,2/2/2022 0:34,,,,14,,,,,163,1.96,352.8,,,,,,,,,,,,
24230,10.0274827v1,10,,2,3,,2/3/2022 14:59,,,,9,,,,,100,3.58,429.6,,,,,,,,,,,,
24231,10.0274930v1,10,,2,1,,2/2/2022 14:48,,,,5,,,,,60,2.56,184.32,,,,,,,,,,,,
24232,10.0240345v1,10,,2,4,,2/2/2022 16:58,,,,7,,,,,76,2.58,247.68,,,,,,,,,,,,
24233,10.0272268v1,10,,2,4,,2/2/2022 17:15,,,,5,,,,,60,2.58,185.76,,,,,,,,,,,,
24233,10.0274750v2,10,,2,4,,2/2/2022 17:15,,,,5,,,,,60,2.58,185.76,,,,,,,,,,,,
24234,10.0229935v1,10,,2,1,,2/2/2022 16:41,,,,5,,,,,60,2.56,184.32,,,,,,,,,,,,
24235,10.0248253v1,10,,2,3,,2/2/2022 17:48,,,,60,,,,,720,1.91,1398.12,,,,,,,,,,,,
24236,10.0275721v1,10,,2,1,,2/4/2022 19:21,,,,84,,,,,1002,1.79,1825.8,,,,,,,,,,,,
24237,40.0274541v2,40,,18,4,,2/2/2022 19:50,,,,5,,,,,60,2.75,198,,,,,,,,,,,,
24238,10.0246834v2,10,,2,4,,2/2/2022 18:38,,,,20,,,,,240,2.41,607.32,,,,,,,,,,,,
24239,10.0273945v1,10,,2,4,,2/2/2022 19:13,,,,5,,,,,60,2.58,185.76,,,,,,,,,,,,
24240,10.0322216v2,10,,2,3,,2/2/2022 19:43,,,,84,,,,,1000,1.91,1948.2,,,,,,,,,,,,
24241,10.0251871v1,10,,2,1,,2/3/2022 21:53,,,,5,,,,,60,2.56,184.32,,,,,,,,,,,,
24242,10.0274351v2,10,,2,4,,2/2/2022 20:30,,,,10,,,,,120,2.58,340.56,,,,,,,,,,,,
24243,17.0274865v1,17,,9,4,,2/2/2022 20:43,,,,10,,,,,112,2.58,340.56,,,,,,,,,,,,
24244,10.022320v3,10,,2,4,,2/2/2022 21:23,,,,10,,,,,120,2.58,340.56,,,,,,,,,,,,
24245,10.0274993v1,10,,2,4,,2/2/2022 21:29,,,,22,,,,,255,2.41,665.16,,,,,,,,,,,,
24246,40.0275032v1,40,,18,4,,2/2/2022 21:44,,,,10,,,,,120,2.75,363,,,,,,,,,,,,
24247,10.0273744v2,10,,2,4,,2/2/2022 21:45,,,,10,,,,,120,2.58,340.56,,,,,,,,,,,,
24248,40.0266430v2,40,,18,3,,2/2/2022 22:33,,,,5,,,,,60,3.74,269.28,,,,,,,,,,,,
24248,40.0266430v1,40,,18,3,,2/2/2022 22:33,,,,5,,,,,60,3.74,269.28,,,,,,,,,,,,
24249,10.0250230v3,10,,2,4,,2/7/2022 23:42,,,,20,,,,,240,2.41,607.32,,,,,,,,,,,,
24250,10.0243281v1,10,,2,4,,2/2/2022 23:13,,,,42,,,,,500,2.41,1243.56,,,,,,,,,,,,
24250,10.0275309v1,10,,2,4,,2/2/2022 23:13,,,,42,,,,,500,2.41,1243.56,,,,,,,,,,,,
24251,10.0275327v1,10,,2,3,,2/3/2022 18:37,,,,5,,,,,60,3.66,263.52,,,,,,,,,,,,
24251,10.0275326v1,10,,2,3,,2/3/2022 18:37,,,,5,,,,,60,3.66,263.52,,,,,,,,,,,,
24252,10.0275145v1,10,,2,1,,2/3/2022 18:22,,,,19,,,,,220,1.96,470.4,,,,,,,,,,,,
24254,10.0274805v1,10,,2,3,,2/3/2022 14:43,,,,209,,,,,2500,1.62,4082.4,,,,,,,,,,,,
24255,40.0275356v3,40,,18,3,,2/3/2022 0:19,,,,19,,,,,225,2.49,597.6,,,,,,,,,,,,
24255,40.0275356v2,40,,18,3,,2/3/2022 0:19,,,,19,,,,,225,2.49,597.6,,,,,,,,,,,,
24256,44.0274319v6,44,,21,3,,2/3/2022 15:59,,,,5,,,,,60,3.74,269.28,,,,,,,,,,,,
24257,10.0220564v1,10,,2,1,,2/4/2022 0:19,,,,20,,,,,240,1.96,493.92,,,,,,,,,,,,
24258,10.0274706v1,10,,2,3,,2/3/2022 15:51,,,,10,,,,,120,2.58,340.56,,,,,,,,,,,,
24259,10.0270818v1,10,,2,3,,2/3/2022 16:35,,,,43,,,,,508,2.41,1272.48,,,,,,,,,,,,
24260,10.0248213v2,10,,2,4,,2/3/2022 19:40,,,,100,,,,,1200,1.91,2314.92,,,,,,,,,,,,
24261,10.0268568v1,10,,2,3,,2/3/2022 14:51,,,,10,,,,,120,2.58,340.56,,,,,,,,,,,,
24262,10.0273294v1,10,,2,3,,2/3/2022 16:35,,,,10,,,,,120,2.58,340.56,,,,,,,,,,,,
24262,10.0273295v1,10,,2,3,,2/3/2022 16:35,,,,13,,,,,150,2.41,404.88,,,,,,,,,,,,
24263,40.0270782v1,40,,18,3,,2/3/2022 21:29,,,,11,,,,,130,2.66,383.04,,,,,,,,,,,,
24264,10.0475246v2,10,,2,3,,2/4/2022 0:51,,,,13,,,,,150,2.41,404.88,,,,,,,,,,,,
24264,10.0272499v5,10,,2,3,,2/4/2022 0:51,,,,10,,,,,120,2.58,340.56,,,,,,,,,,,,
24265,10.0268484v15,10,,2,1,,2/3/2022 16:38,,,,46,,,,,550,1.88,1060.32,,,,,,,,,,,,
24265,10.0268484v16,10,,2,1,,2/3/2022 16:38,,,,46,,,,,550,1.88,1060.32,,,,,,,,,,,,
24266,10.0215035v1,10,,2,4,,2/3/2022 16:52,,,,42,,,,,500,2.41,1243.56,,,,,,,,,,,,
24267,10.0373273v1,10,,2,3,,2/3/2022 17:09,,,,17,,,,,200,2.41,520.56,,,,,,,,,,,,
24268,10.0275352v1,10,,2,3,,2/3/2022 22:43,,,,7,,,,,75,3.66,351.36,,,,,,,,,,,,
24269,10.0226860v1,10,,2,1,,2/4/2022 23:29,,,,5,,,,,60,2.56,184.32,,,,,,,,,,,,
24270,10.0272149v3,10,,2,3,,2/3/2022 21:19,,,,10,,,,,120,2.58,340.56,,,,,,,,,,,,
24271,10.0275190v1,10,,2,3,,2/3/2022 19:30,,,,5,,,,,60,3.66,263.52,,,,,,,,,,,,
24272,40.0271846v3,40,,18,3,,2/3/2022 19:37,,,,5,,,,,60,3.74,269.28,,,,,,,,,,,,
24273,10.0270191v3,10,,2,4,,2/9/2022 18:07,,,,30,,,,,360,2.41,896.52,,,,,,,,,,,,
24274,15.0273082v1,15,,7,3,,2/3/2022 20:24,,,,17,,,,,200,3.53,762.48,,,,,,,,,,,,
24275,10.0274836v1,10,,2,3,,2/5/2022 0:11,,,,21,,,,,250,2.41,636.24,,,,,,,,,,,,
24276,10.0275551v1,10,,2,3,,2/3/2022 22:41,,,,21,,,,,250,2.41,636.24,,,,,,,,,,,,
24276,10.0273180v2,10,,2,3,,2/3/2022 22:41,,,,21,,,,,250,2.41,636.24,,,,,,,,,,,,
24277,10.0243490v1,10,,2,1,,2/3/2022 21:48,,,,5,,,,,60,2.56,184.32,,,,,,,,,,,,
24278,10.0252950v1,10,,2,1,,2/3/2022 21:41,,,,5,,,,,60,2.56,184.32,,,,,,,,,,,,
24279,10.0273531v1,10,,2,3,,2/3/2022 17:19,,,,10,,,,,120,2.58,340.56,,,,,,,,,,,,
24280,10.0263105v1,10,,2,3,,2/7/2022 20:44,,,,42,,,,,500,2.41,1243.56,,,,,,,,,,,,
24281,10.0275625v1,10,,2,1,,2/3/2022 23:47,,,,250,,,,,3000,1.6,4819.2,,,,,,,,,,,,
24282,10.0264612v1,10,,2,1,,2/9/2022 17:10,,,,21,,,,,250,1.96,517.44,,,,,,,,,,,,
24283,10.0272720v4,10,,2,3,,2/4/2022 19:45,,,,7,,,,,80,3.66,351.36,,,,,,,,,,,,
24284,40.0272477v3,40,,18,3,,2/4/2022 0:17,,,,5,,,,,60,3.74,269.28,,,,,,,,,,,,
24285,40.0274916v1,40,,18,3,,2/4/2022 19:48,,,,100,,,,,1200,1.99,2411.88,,,,,,,,,,,,
24286,10.0227001v1,10,,2,3,,2/4/2022 15:51,,,,63,,,,,750,1.91,1466.88,,,,,,,,,,,,
24287,10.0275546v4,10,,2,1,,2/11/2022 17:24,,,,10,,,,,120,2.23,294.36,,,,,,,,,,,,
24287,10.0275596v2,10,,2,1,,2/11/2022 17:24,,,,10,,,,,120,2.23,294.36,,,,,,,,,,,,
24289,10.0275576v1,10,,2,3,,2/4/2022 18:34,,,,15,,,,,170,2.41,462.72,,,,,,,,,,,,
24290,10.0211084v3,10,,2,4,,2/4/2022 14:20,,,,5,,,,,60,2.58,185.76,,,,,,,,,,,,
24291,40.0271340v1,40,,18,3,,2/4/2022 18:38,,,,225,,,,,2700,1.7,4610.4,,,,,,,,,,,,
24292,44.0238188v7,44,,21,4,,2/4/2022 15:31,,,,10,,,,,120,2.75,363,,,,,,,,,,,,
24294,10.0234419v1,10,,2,1,,2/4/2022 15:47,,,,5,,,,,60,2.56,184.32,,,,,,,,,,,,
24295,10.0268998v2,10,,2,3,,2/4/2022 19:46,,,,20,,,,,240,2.41,607.32,,,,,,,,,,,,
24296,10.0273839v3,10,,2,3,,2/4/2022 18:02,,,,10,,,,,120,2.58,340.56,,,,,,,,,,,,
24297,10.0275194v1,10,,2,3,,2/4/2022 17:30,,,,21,,,,,250,2.41,636.24,,,,,,,,,,,,
24297,10.0275193v1,10,,2,3,,2/4/2022 17:30,,,,21,,,,,250,2.41,636.24,,,,,,,,,,,,
24298,10.0267335v1,10,,2,3,,2/4/2022 16:16,,,,21,,,,,250,2.41,636.24,,,,,,,,,,,,
24299,10.0272107v2,10,,2,3,,2/4/2022 22:44,,,,42,,,,,500,2.41,1243.56,,,,,,,,,,,,
24300,40.0273410v4,40,,18,1,,2/4/2022 17:15,,,,10,,,,,120,2.23,294.36,,,,,,,,,,,,
24301,10.0275729v1,10,,2,3,,2/4/2022 17:13,,,,10,,,,,120,2.58,340.56,,,,,,,,,,,,
24302,10.0235827v1,10,,2,3,,2/8/2022 0:13,,,,18,,,,,213,2.41,549.48,,,,,,,,,,,,
24303,10.0274147v1,10,,2,3,,2/4/2022 18:52,,,,34,,,,,400,2.41,1012.2,,,,,,,,,,,,
24304,10.0240769v2,10,,2,3,,2/4/2022 17:50,,,,13,,,,,150,2.41,404.88,,,,,,,,,,,,
24305,10.0266473v1,10,,2,1,,2/4/2022 17:55,,,,5,,,,,60,2.56,184.32,,,,,,,,,,,,
24305,10.0266475v1,10,,2,1,,2/4/2022 17:55,,,,5,,,,,60,2.56,184.32,,,,,,,,,,,,
24306,10.0225638v2,10,,2,3,,2/4/2022 18:58,,,,30,,,,,360,2.41,896.52,,,,,,,,,,,,
24307,10.0250992v5,10,,2,4,,2/7/2022 16:15,,,,10,,,,,120,2.58,340.56,,,,,,,,,,,,
24307,10.0250992v4,10,,2,4,,2/7/2022 16:15,,,,10,,,,,120,2.58,340.56,,,,,,,,,,,,
24308,10.0243281v1,10,,2,4,,2/7/2022 19:38,,,,84,,,,,1000,1.91,1948.2,,,,,,,,,,,,
24309,10.0240516v1,10,,2,3,,2/8/2022 2:14,,,,5,,,,,60,3.66,263.52,,,,,,,,,,,,
24309,10.0240502v1,10,,2,3,,2/8/2022 2:14,,,,5,,,,,60,3.66,263.52,,,,,,,,,,,,
24310,10.0258348v1,10,,2,3,,2/4/2022 21:27,,,,10,,,,,120,2.58,340.56,,,,,,,,,,,,
24311,10.0275873v1,10,,2,3,,2/7/2022 16:13,,,,50,,,,,600,2.16,1321.92,,,,,,,,,,,,
24312,10.0274646v2,10,,2,4,,2/4/2022 22:15,,,,5,,,,,60,2.58,185.76,,,,,,,,,,,,
24313,10.0229935v1,10,,2,1,,2/7/2022 16:48,,,,5,,,,,60,2.56,184.32,,,,,,,,,,,,
24314,10.0274831v4,10,,2,4,,2/4/2022 23:22,,,,20,,,,,240,2.41,607.32,,,,,,,,,,,,
24315,10.0275829v1,10,,2,4,,2/4/2022 22:43,,,,11,,,,,121,2.58,371.52,,,,,,,,,,,,
24316,10.0275762v1,10,,2,4,,2/4/2022 22:24,,,,5,,,,,60,2.58,185.76,,,,,,,,,,,,
24317,10.0275784v1,10,,2,3,,2/4/2022 22:27,,,,60,,,,,720,1.91,1398.12,,,,,,,,,,,,
24319,10.0274572v1,10,,2,4,,2/4/2022 23:23,,,,8,,,,,90,2.58,278.64,,,,,,,,,,,,
24320,10.0275862v1,10,,2,4,,2/4/2022 23:31,,,,5,,,,,60,2.58,185.76,,,,,,,,,,,,
24321,10.0275862v1,10,,2,4,,2/4/2022 23:35,,,,5,,,,,60,2.58,185.76,,,,,,,,,,,,
24322,10.0274826v1,10,,2,4,,2/4/2022 23:45,,,,34,,,,,405,2.41,1012.2,,,,,,,,,,,,
24324,10.0241447v1,10,,2,3,,2/7/2022 22:21,,,,5,,,,,60,3.66,263.52,,,,,,,,,,,,
24325,10.0275514v1,10,,2,3,,2/5/2022 0:39,,,,8,,,,,91,3.58,386.64,,,,,,,,,,,,
24327,10.0273262v1,10,,2,3,,2/8/2022 20:08,,,,10,,,,,120,2.58,340.56,,,,,,,,,,,,
24328,10.0271209v1,10,,2,1,,2/7/2022 15:11,,,,9,,,,,97,2.56,307.2,,,,,,,,,,,,
24329,10.0214986v1,10,,2,3,,2/8/2022 21:29,,,,7,,,,,80,3.66,351.36,,,,,,,,,,,,
24329,10.0219051v1,10,,2,3,,2/8/2022 21:29,,,,7,,,,,80,3.66,351.36,,,,,,,,,,,,
24331,10.0237170v1,10,,2,4,,2/7/2022 16:38,,,,42,,,,,500,2.41,1243.56,,,,,,,,,,,,
24332,40.0275619v2,40,,18,3,,2/5/2022 2:44,,,,10,,,,,120,2.66,351.12,,,,,,,,,,,,
24333,10.0261941v1,10,,2,3,,2/7/2022 17:17,,,,40,,,,,480,2.41,1185.72,,,,,,,,,,,,
24334,10.0232611v10,10,,2,4,,2/7/2022 15:24,,,,10,,,,,120,2.58,340.56,,,,,,,,,,,,
24335,10.0274810v3,10,,2,3,,2/7/2022 15:51,,,,20,,,,,240,2.41,607.32,,,,,,,,,,,,
24336,10.0271462v2,10,,2,3,,2/7/2022 16:18,,,,9,,,,,105,3.58,429.6,,,,,,,,,,,,
24337,10.0275624v1,10,,2,3,,2/7/2022 20:26,,,,10,,,,,120,2.58,340.56,,,,,,,,,,,,
24338,40.0275966v1,40,,18,3,,2/7/2022 17:10,,,,10,,,,,120,2.66,351.12,,,,,,,,,,,,
24339,10.0258079v4,10,,2,3,,2/7/2022 19:21,,,,5,,,,,60,3.66,263.52,,,,,,,,,,,,
24340,10.0274231v1,10,,2,3,,2/7/2022 16:57,,,,5,,,,,60,3.66,263.52,,,,,,,,,,,,
24341,10.0274102v2,10,,2,3,,2/7/2022 17:03,,,,19,,,,,220,2.41,578.4,,,,,,,,,,,,
24343,10.0275900v1,10,,2,1,,2/9/2022 21:57,,,,5,,,,,60,2.56,184.32,,,,,,,,,,,,
24343,10.0276758v1,10,,2,1,,2/9/2022 21:57,,,,5,,,,,60,2.56,184.32,,,,,,,,,,,,
24344,10.0251616v2,10,,2,4,,2/7/2022 17:54,,,,5,,,,,60,2.58,185.76,,,,,,,,,,,,
24345,10.0239801v1,10,,2,1,,2/9/2022 19:25,,,,9,,,,,100,2.56,307.2,,,,,,,,,,,,
24345,10.0274145v1,10,,2,1,,2/9/2022 19:25,,,,9,,,,,100,2.56,307.2,,,,,,,,,,,,
24346,17.0269742v2,17,,9,3,,2/7/2022 18:48,,,,13,,,,,150,2.41,404.88,,,,,,,,,,,,
24347,10.0276057v1,10,,2,3,,2/7/2022 19:18,,,,30,,,,,360,2.41,896.52,,,,,,,,,,,,
24348,10.0275838v1,10,,2,1,,2/7/2022 20:17,,,,5,,,,,60,2.56,184.32,,,,,,,,,,,,
24348,10.0275839v1,10,,2,1,,2/7/2022 20:17,,,,5,,,,,60,2.56,184.32,,,,,,,,,,,,
24349,10.0237671v1,10,,2,1,,2/7/2022 18:59,,,,21,,,,,250,1.96,517.44,,,,,,,,,,,,
24350,10.0275615v1,10,,2,3,,2/7/2022 21:49,,,,10,,,,,120,2.58,340.56,,,,,,,,,,,,
24351,10.023337v7,10,,2,3,,2/7/2022 19:50,,,,11,,,,,125,2.58,371.52,,,,,,,,,,,,
24351,10.023340v2,10,,2,3,,2/7/2022 19:50,,,,11,,,,,125,2.58,371.52,,,,,,,,,,,,
24351,10.0233168v1,10,,2,3,,2/7/2022 19:50,,,,11,,,,,125,2.58,371.52,,,,,,,,,,,,
24351,10.023338v1,10,,2,3,,2/7/2022 19:50,,,,11,,,,,125,2.58,371.52,,,,,,,,,,,,
24352,10.0249931v4,10,,2,3,,2/7/2022 19:52,,,,13,,,,,150,2.41,404.88,,,,,,,,,,,,
24353,10.0275983v1,10,,2,3,,2/7/2022 19:58,,,,10,,,,,120,2.58,340.56,,,,,,,,,,,,
24353,10.0275980v1,10,,2,3,,2/7/2022 19:58,,,,10,,,,,120,2.58,340.56,,,,,,,,,,,,
24354,10.0273321v1,10,,2,3,,2/8/2022 15:11,,,,42,,,,,500,2.41,1243.56,,,,,,,,,,,,
24355,10.0275897v1,10,,2,3,,2/8/2022 15:01,,,,10,,,,,120,2.58,340.56,,,,,,,,,,,,
24355,40.0275904v2,40,,18,3,,2/8/2022 15:01,,,,10,,,,,120,2.66,351.12,,,,,,,,,,,,
24356,10.0256275v4,10,,2,1,,2/7/2022 20:18,,,,5,,,,,60,2.56,184.32,,,,,,,,,,,,
24356,10.0376132v1,10,,2,1,,2/7/2022 20:18,,,,5,,,,,60,2.56,184.32,,,,,,,,,,,,
24357,10.0269578v1,10,,2,3,,2/8/2022 15:18,,,,13,,,,,153,2.41,404.88,,,,,,,,,,,,
24357,10.0269579v1,10,,2,3,,2/8/2022 15:18,,,,13,,,,,153,2.41,404.88,,,,,,,,,,,,
24357,10.0269763v2,10,,2,3,,2/8/2022 15:18,,,,13,,,,,153,2.41,404.88,,,,,,,,,,,,
24358,10.0275961v2,10,,2,3,,2/7/2022 20:41,,,,5,,,,,60,3.66,263.52,,,,,,,,,,,,
24361,10.0276162v1,10,,2,3,,2/7/2022 21:18,,,,7,,,,,75,3.66,351.36,,,,,,,,,,,,
24362,40.0274630v2,40,,18,1,,2/8/2022 15:00,,,,95,,,,,1136,1.79,2062.08,,,,,,,,,,,,
24363,10.0243440v2,10,,2,3,,2/9/2022 22:17,,,,10,,,,,120,2.58,340.56,,,,,,,,,,,,
24363,10.0244274v3,10,,2,3,,2/9/2022 22:17,,,,5,,,,,60,3.66,263.52,,,,,,,,,,,,
24364,10.029177v1,10,,2,4,,2/8/2022 2:37,,,,134,,,,,1600,1.91,3094.2,,,,,,,,,,,,
24365,10.0274145v1,10,,2,1,,2/9/2022 19:31,,,,17,,,,,200,1.96,423.36,,,,,,,,,,,,
24365,10.0239801v1,10,,2,1,,2/9/2022 19:31,,,,10,,,,,120,2.23,294.36,,,,,,,,,,,,
24365,10.0210945v3,10,,2,1,,2/9/2022 19:31,,,,17,,,,,200,1.96,423.36,,,,,,,,,,,,
24366,10.0210945v3,10,,2,1,,2/9/2022 19:42,,,,10,,,,,120,2.23,294.36,,,,,,,,,,,,
24367,10.0276258v1,10,,2,3,,2/9/2022 21:16,,,,46,,,,,550,2.16,1218.24,,,,,,,,,,,,
24368,10.0257388v5,10,,2,3,,2/8/2022 2:08,,,,10,,,,,120,2.58,340.56,,,,,,,,,,,,
24369,12.0376304v1,12,,4,1,,2/8/2022 0:02,,,,5,,,,,60,2.1,151.2,,,,,,,,,,,,
24369,12.0376207v1,12,,4,1,,2/8/2022 0:02,,,,5,,,,,60,2.1,151.2,,,,,,,,,,,,
24369,12.0272022v2,12,,4,1,,2/8/2022 0:02,,,,10,,,,,120,1.77,233.64,,,,,,,,,,,,
24369,12.0272022v1,12,,4,1,,2/8/2022 0:02,,,,10,,,,,120,1.77,233.64,,,,,,,,,,,,
24370,10.0268088v2,10,,2,3,,2/8/2022 20:05,,,,11,,,,,122,2.58,371.52,,,,,,,,,,,,
24371,10.0269567v1,10,,2,1,,2/9/2022 2:15,,,,10,,,,,120,2.23,294.36,,,,,,,,,,,,
24372,10.0276201v1,10,,2,3,,2/8/2022 22:36,,,,67,,,,,800,1.91,1558.56,,,,,,,,,,,,
24373,10.0276491v1,10,,2,4,,2/14/2022 18:55,,,,5,,,,,60,2.58,185.76,,,,,,,,,,,,
24374,10.0276470v1,10,,2,3,,2/8/2022 16:58,,,,13,,,,,155,2.41,404.88,,,,,,,,,,,,
24375,10.0275818v2,10,,2,3,,2/8/2022 17:15,,,,10,,,,,120,2.58,340.56,,,,,,,,,,,,
24376,10.0275783v4,10,,2,1,,2/8/2022 17:12,,,,30,,,,,360,1.96,729.12,,,,,,,,,,,,
24377,10.0228854v1,10,,2,3,,2/8/2022 17:57,,,,10,,,,,120,2.58,340.56,,,,,,,,,,,,
24378,11.0275809v1,11,,3,1,,2/8/2022 19:07,,,,10,,,,,120,3,396,,,,,,,,,,,,
24379,10.029088v1,10,,2,3,,2/8/2022 19:24,,,,13,,,,,150,2.41,404.88,,,,,,,,,,,,
24380,10.029177v1,10,,2,3,,2/8/2022 18:37,,,,10,,,,,120,2.58,340.56,,,,,,,,,,,,
24381,10.0275844v1,10,,2,1,,2/8/2022 19:44,,,,20,,,,,240,1.96,493.92,,,,,,,,,,,,
24382,46.0276195v1,46,,113,1,,2/8/2022 20:23,,,,10,,,,,120,2.23,294.36,,,,,,,,,,,,
24383,10.0275906v2,10,,2,1,,2/9/2022 15:25,,,,5,,,,,60,2.56,184.32,,,,,,,,,,,,
24384,40.0222921v3,40,,18,3,,2/9/2022 15:56,,,,9,,,,,100,3.66,439.2,,,,,,,,,,,,
24385,10.0269269v1,10,,2,1,,2/9/2022 20:21,,,,10,,,,,120,2.23,294.36,,,,,,,,,,,,
24386,10.0265192v1,10,,2,3,,2/9/2022 18:54,,,,12,,,,,140,2.41,375.96,,,,,,,,,,,,
24388,12.0276240v1,12,,4,1,,2/10/2022 15:03,,,,5,,,,,60,2.1,151.2,,,,,,,,,,,,
24389,10.0275935v1,10,,2,1,,2/9/2022 15:51,,,,10,,,,,120,2.23,294.36,,,,,,,,,,,,
24390,12.0276187v1,12,,4,3,,2/9/2022 13:28,,,,17,,,,,200,2.16,466.56,,,,,,,,,,,,
24391,10.0272085v3,10,,2,3,,2/8/2022 22:56,,,,10,,,,,120,2.58,340.56,,,,,,,,,,,,
24392,40.0276658v2,40,,18,1,,2/8/2022 23:39,,,,10,,,,,120,2.23,294.36,,,,,,,,,,,,
24393,10.0269845v3,10,,2,3,,2/9/2022 15:24,,,,100,,,,,1200,1.91,2314.92,,,,,,,,,,,,
24394,10.0276160v1,10,,2,3,,2/14/2022 19:42,,,,10,,,,,120,2.58,340.56,,,,,,,,,,,,
24396,10.0276826v1,10,,2,1,,2/9/2022 16:04,,,,26,,,,,302,1.96,635.04,,,,,,,,,,,,
24397,10.0276014v4,10,,2,1,,2/9/2022 4:13,,,,10,,,,,120,2.23,294.36,,,,,,,,,,,,
24398,10.0276063v1,10,,2,1,,2/9/2022 14:12,,,,25,,,,,300,1.96,611.52,,,,,,,,,,,,
24399,17.0242644v2,17,,9,1,,2/9/2022 15:40,,,,10,,,,,120,2.23,294.36,,,,,,,,,,,,
24400,10.0250290v2,10,,2,1,,2/10/2022 16:54,,,,7,,,,,80,2.56,245.76,,,,,,,,,,,,
24401,10.0267358v1,10,,2,1,,2/15/2022 5:43,,,,6,,,,,70,2.56,215.04,,,,,,,,,,,,
24402,10.0276888v1,10,,2,1,,2/9/2022 17:20,,,,24,,,,,285,1.96,588,,,,,,,,,,,,
24403,40.0233641v1,40,,18,3,,2/10/2022 15:21,,,,10,,,,,120,2.66,351.12,,,,,,,,,,,,
24404,10.0238114v1,10,,2,1,,2/9/2022 19:25,,,,5,,,,,60,2.56,184.32,,,,,,,,,,,,
24404,10.0238115v2,10,,2,1,,2/9/2022 19:25,,,,5,,,,,60,2.56,184.32,,,,,,,,,,,,
24405,10.0268674v1,10,,2,3,,2/9/2022 20:45,,,,42,,,,,500,2.41,1243.56,,,,,,,,,,,,
24406,10.0276684v1,10,,2,4,,2/9/2022 23:32,,,,7,,,,,79,2.58,247.68,,,,,,,,,,,,
24407,10.0276973v1,10,,2,1,,2/9/2022 19:45,,,,22,,,,,255,1.96,540.96,,,,,,,,,,,,
24408,10.0228606v2,10,,2,4,,2/9/2022 20:00,,,,5,,,,,60,2.58,185.76,,,,,,,,,,,,
24409,10.0276716v2,10,,2,3,,2/9/2022 21:04,,,,5,,,,,60,3.66,263.52,,,,,,,,,,,,
24409,10.0276717v4,10,,2,3,,2/9/2022 21:04,,,,5,,,,,60,3.66,263.52,,,,,,,,,,,,
24409,10.0276717v3,10,,2,3,,2/9/2022 21:04,,,,5,,,,,60,3.66,263.52,,,,,,,,,,,,
24409,10.0276717v2,10,,2,3,,2/9/2022 21:04,,,,10,,,,,120,2.58,340.56,,,,,,,,,,,,
24409,10.0276716v3,10,,2,3,,2/9/2022 21:04,,,,5,,,,,60,3.66,263.52,,,,,,,,,,,,
24410,10.0240489v4,10,,2,1,,2/9/2022 23:30,,,,100,,,,,1200,1.71,2072.52,,,,,,,,,,,,
24411,10.0261481v1,10,,2,1,,2/9/2022 20:51,,,,10,,,,,120,2.23,294.36,,,,,,,,,,,,
24412,10.0277155v1,10,,2,3,,2/9/2022 21:50,,,,60,,,,,720,1.91,1398.12,,,,,,,,,,,,
24413,10.0277058v1,10,,2,3,,2/9/2022 21:15,,,,84,,,,,1000,1.91,1948.2,,,,,,,,,,,,
24413,10.0277055v1,10,,2,3,,2/9/2022 21:15,,,,167,,,,,2000,1.91,3850.56,,,,,,,,,,,,
24414,10.0275339v1,10,,2,3,,2/9/2022 22:48,,,,7,,,,,75,3.66,351.36,,,,,,,,,,,,
24414,10.0273761v1,10,,2,3,,2/9/2022 22:48,,,,7,,,,,75,3.66,351.36,,,,,,,,,,,,
24415,10.0239188v1,10,,2,3,,2/9/2022 22:20,,,,10,,,,,120,2.58,340.56,,,,,,,,,,,,
24416,10.0258636v1,10,,2,4,,2/14/2022 18:03,,,,6,,,,,64,2.58,216.72,,,,,,,,,,,,
24417,10.0260661v1,10,,2,4,,2/9/2022 22:04,,,,9,,,,,100,2.58,309.6,,,,,,,,,,,,
24418,15.0275466v3,15,,7,3,,2/10/2022 2:34,,,,13,,,,,150,3.53,593.04,,,,,,,,,,,,
24420,10.0272019v1,10,,2,4,,2/10/2022 21:44,,,,20,,,,,240,2.41,607.32,,,,,,,,,,,,
24420,10.0377243v1,10,,2,4,,2/10/2022 21:44,,,,5,,,,,60,2.58,185.76,,,,,,,,,,,,
24421,40.0275945v1,40,,18,1,,2/10/2022 11:56,,,,9,,,,,100,2.56,307.2,,,,,,,,,,,,
24421,40.0275800v2,40,,18,1,,2/10/2022 11:56,,,,9,,,,,100,2.56,307.2,,,,,,,,,,,,
24422,10.0276752v1,10,,2,1,,2/9/2022 22:45,,,,21,,,,,250,1.96,517.44,,,,,,,,,,,,
24423,40.0275945v1,40,,18,4,,2/10/2022 15:28,,,,5,,,,,60,2.75,198,,,,,,,,,,,,
24423,40.0275800v2,40,,18,4,,2/10/2022 15:28,,,,5,,,,,60,2.75,198,,,,,,,,,,,,
24424,40.0277174v2,40,,18,4,,2/9/2022 22:53,,,,5,,,,,60,2.75,198,,,,,,,,,,,,
24425,11.0277257v1,11,,3,4,,2/9/2022 23:20,,,,5,,,,,60,2.83,203.76,,,,,,,,,,,,
24426,46.0275492v2,46,,113,1,,2/14/2022 14:48,,,,12,,,,,141,1.96,305.76,,,,,,,,,,,,
24427,17.0274902v1,17,,9,3,,2/14/2022 20:25,,,,25,,,,,300,2.41,751.92,,,,,,,,,,,,
24428,10.0274794v2,10,,2,3,,2/10/2022 15:05,,,,59,,,,,699,2.16,1555.2,,,,,,,,,,,,
24429,40.0272963v1,40,,18,1,,2/10/2022 18:21,,,,5,,,,,60,2.56,184.32,,,,,,,,,,,,
24429,10.0272964v1,10,,2,1,,2/10/2022 18:21,,,,5,,,,,60,2.56,184.32,,,,,,,,,,,,
24429,10.0272962v1,10,,2,1,,2/10/2022 18:21,,,,5,,,,,60,2.56,184.32,,,,,,,,,,,,
24429,10.0272959v1,10,,2,1,,2/10/2022 18:21,,,,5,,,,,60,2.56,184.32,,,,,,,,,,,,
24430,10.0277035v1,10,,2,3,,2/10/2022 15:41,,,,17,,,,,200,2.41,520.56,,,,,,,,,,,,
24430,10.0277036v1,10,,2,3,,2/10/2022 15:41,,,,17,,,,,200,2.41,520.56,,,,,,,,,,,,
24430,10.0277037v1,10,,2,3,,2/10/2022 15:41,,,,17,,,,,200,2.41,520.56,,,,,,,,,,,,
24430,10.0277046v1,10,,2,3,,2/10/2022 15:41,,,,17,,,,,200,2.41,520.56,,,,,,,,,,,,
24431,10.0273042v1,10,,2,1,,2/10/2022 19:05,,,,21,,,,,250,1.96,517.44,,,,,,,,,,,,
24431,10.0277440v1,10,,2,1,,2/10/2022 19:05,,,,21,,,,,250,1.96,517.44,,,,,,,,,,,,
24432,10.0277184v1,10,,2,3,,2/10/2022 23:41,,,,26,,,,,310,2.41,780.84,,,,,,,,,,,,
24433,10.0272140v1,10,,2,4,,2/10/2022 12:09,,,,10,,,,,120,2.58,340.56,,,,,,,,,,,,
24434,40.0277069v2,40,,18,3,,2/10/2022 23:23,,,,10,,,,,120,2.66,351.12,,,,,,,,,,,,
24435,10.0276241v1,10,,2,1,,2/10/2022 22:27,,,,5,,,,,60,2.56,184.32,,,,,,,,,,,,
24436,10.0273589v2,10,,2,4,,2/10/2022 15:33,,,,5,,,,,60,2.58,185.76,,,,,,,,,,,,
24437,10.0277307v1,10,,2,3,,2/10/2022 16:21,,,,10,,,,,120,2.58,340.56,,,,,,,,,,,,
24438,10.0276721v1,10,,2,1,,2/10/2022 16:57,,,,19,,,,,225,1.96,470.4,,,,,,,,,,,,
24438,10.0276720v1,10,,2,1,,2/10/2022 16:57,,,,19,,,,,225,1.96,470.4,,,,,,,,,,,,
24439,10.0275876v3,10,,2,3,,2/16/2022 17:42,,,,21,,,,,250,2.41,636.24,,,,,,,,,,,,
24440,10.0276921v1,10,,2,4,,2/10/2022 21:30,,,,5,,,,,60,2.58,185.76,,,,,,,,,,,,
24441,10.0277065v2,10,,2,1,,2/10/2022 17:48,,,,5,,,,,60,2.56,184.32,,,,,,,,,,,,
24443,10.0277057v1,10,,2,1,,2/10/2022 18:20,,,,42,,,,,500,1.96,1011.36,,,,,,,,,,,,
24444,10.0233994v1,10,,2,4,,2/10/2022 18:43,,,,26,,,,,305,2.41,780.84,,,,,,,,,,,,
24445,10.0273889v1,10,,2,3,,2/10/2022 21:36,,,,21,,,,,250,2.41,636.24,,,,,,,,,,,,
24447,10.0275749v2,10,,2,4,,2/10/2022 20:45,,,,7,,,,,75,2.58,247.68,,,,,,,,,,,,
24447,10.0275750v3,10,,2,4,,2/10/2022 20:45,,,,7,,,,,75,2.58,247.68,,,,,,,,,,,,
24448,10.0274543v1,10,,2,1,,2/10/2022 23:39,,,,20,,,,,240,1.96,493.92,,,,,,,,,,,,
24448,10.0276105v1,10,,2,1,,2/10/2022 23:39,,,,20,,,,,240,1.96,493.92,,,,,,,,,,,,
24449,10.0261947v4,10,,2,1,,2/10/2022 21:06,,,,10,,,,,120,2.23,294.36,,,,,,,,,,,,
24450,10.0276756v3,10,,2,3,,2/10/2022 21:12,,,,10,,,,,120,2.58,340.56,,,,,,,,,,,,
24450,10.0276753v3,10,,2,3,,2/10/2022 21:12,,,,10,,,,,120,2.58,340.56,,,,,,,,,,,,
24451,10.0272347v1,10,,2,4,,2/10/2022 21:39,,,,5,,,,,60,2.58,185.76,,,,,,,,,,,,
24452,46.0276910v2,46,,113,1,,2/10/2022 22:47,,,,78,,,,,927,1.79,1696.92,,,,,,,,,,,,
24453,10.0277367v1,10,,2,3,,2/11/2022 1:10,,,,10,,,,,120,2.58,340.56,,,,,,,,,,,,
24454,10.0277564v1,10,,2,4,,2/10/2022 22:23,,,,5,,,,,60,2.58,185.76,,,,,,,,,,,,
24455,10.0276949v2,10,,2,4,,2/11/2022 15:27,,,,5,,,,,60,2.58,185.76,,,,,,,,,,,,
24455,10.0276951v2,10,,2,4,,2/11/2022 15:27,,,,5,,,,,60,2.58,185.76,,,,,,,,,,,,
24457,17.0276943v1,17,,9,3,,2/11/2022 17:26,,,,10,,,,,120,2.58,340.56,,,,,,,,,,,,
24458,10.0275355v3,10,,2,3,,2/11/2022 15:46,,,,20,,,,,240,2.41,607.32,,,,,,,,,,,,
24459,17.0273914v3,17,,9,3,,2/10/2022 22:53,,,,100,,,,,1200,1.91,2314.92,,,,,,,,,,,,
24460,10.0274648v1,10,,2,1,,2/11/2022 15:30,,,,42,,,,,500,1.96,1011.36,,,,,,,,,,,,
24461,10.0277532v1,10,,2,4,,2/10/2022 22:56,,,,5,,,,,60,2.58,185.76,,,,,,,,,,,,
24462,10.024022v2,10,,2,1,,2/11/2022 13:35,,,,101,,,,,1211,1.71,2093.04,,,,,,,,,,,,
24463,10.0228390v1,10,,2,1,,2/11/2022 0:31,,,,9,,,,,100,2.56,307.2,,,,,,,,,,,,
24463,10.0228397v1,10,,2,1,,2/11/2022 0:31,,,,9,,,,,100,2.56,307.2,,,,,,,,,,,,
24464,10.0236680v1,10,,2,4,,2/11/2022 3:12,,,,14,,,,,160,2.41,433.8,,,,,,,,,,,,
24465,17.0277330v1,17,,9,4,,2/11/2022 15:06,,,,9,,,,,100,2.58,309.6,,,,,,,,,,,,
24466,10.0273403v1,10,,2,1,,2/11/2022 17:24,,,,21,,,,,250,1.96,517.44,,,,,,,,,,,,
24466,10.0260706v3,10,,2,1,,2/11/2022 17:24,,,,21,,,,,250,1.96,517.44,,,,,,,,,,,,
24467,10.0260838v1,10,,2,4,,2/11/2022 17:16,,,,5,,,,,60,2.58,185.76,,,,,,,,,,,,
24467,10.0260856v3,10,,2,4,,2/11/2022 17:16,,,,5,,,,,60,2.58,185.76,,,,,,,,,,,,
24468,10.0234032v1,10,,2,4,,2/16/2022 22:14,,,,21,,,,,250,2.41,636.24,,,,,,,,,,,,
24469,10.0276164v2,10,,2,3,,2/11/2022 17:25,,,,109,,,,,1300,1.91,2521.2,,,,,,,,,,,,
24470,10.0277756v1,10,,2,3,,2/11/2022 21:28,,,,70,,,,,835,1.91,1627.32,,,,,,,,,,,,
24470,10.0277757v1,10,,2,3,,2/11/2022 21:28,,,,70,,,,,835,1.91,1627.32,,,,,,,,,,,,
24471,40.0277423v1,40,,18,3,,2/14/2022 20:55,,,,50,,,,,600,2.24,1370.88,,,,,,,,,,,,
24472,10.0272782v1,10,,2,4,,2/14/2022 17:35,,,,5,,,,,60,2.58,185.76,,,,,,,,,,,,
24473,10.0277220v2,10,,2,3,,2/15/2022 19:11,,,,21,,,,,251,2.41,636.24,,,,,,,,,,,,
24473,10.0277220v1,10,,2,3,,2/15/2022 19:11,,,,42,,,,,501,2.41,1243.56,,,,,,,,,,,,
24474,10.0277765v1,10,,2,4,,2/11/2022 18:01,,,,5,,,,,60,2.58,185.76,,,,,,,,,,,,
24475,10.0216520v3,10,,2,4,,2/11/2022 18:56,,,,21,,,,,250,2.41,636.24,,,,,,,,,,,,
24476,10.0277314v1,10,,2,4,,2/11/2022 21:29,,,,13,,,,,150,2.41,404.88,,,,,,,,,,,,
24478,10.0276885v2,10,,2,4,,2/14/2022 13:54,,,,10,,,,,120,2.58,340.56,,,,,,,,,,,,
24479,40.0277251v1,40,,18,3,,2/11/2022 21:29,,,,25,,,,,300,2.49,776.88,,,,,,,,,,,,
24480,10.0276696v1,10,,2,1,,2/24/2022 17:01,,,,21,,,,,250,1.96,517.44,,,,,,,,,,,,
24481,10.0238218v1,10,,2,1,,2/11/2022 21:20,,,,10,,,,,120,2.23,294.36,,,,,,,,,,,,
24482,40.0273702v1,40,,18,1,,2/11/2022 20:43,,,,10,,,,,120,2.23,294.36,,,,,,,,,,,,
24483,10.0224678v1,10,,2,1,,2/11/2022 21:29,,,,20,,,,,240,1.96,493.92,,,,,,,,,,,,
24484,10.0227001v1,10,,2,3,,2/14/2022 14:56,,,,25,,,,,300,2.41,751.92,,,,,,,,,,,,
24485,40.0277439v1,40,,18,4,,2/11/2022 23:53,,,,5,,,,,60,2.75,198,,,,,,,,,,,,
24487,10.0253235v9,10,,2,4,,2/11/2022 22:20,,,,10,,,,,120,2.58,340.56,,,,,,,,,,,,
24488,10.0221824v6,10,,2,4,,2/12/2022 0:20,,,,42,,,,,500,2.41,1243.56,,,,,,,,,,,,
24489,10.0221824v6,10,,2,4,,2/12/2022 0:20,,,,25,,,,,300,2.41,751.92,,,,,,,,,,,,
24490,10.0277773v3,10,,2,4,,2/12/2022 0:41,,,,8,,,,,87,2.58,278.64,,,,,,,,,,,,
24491,10.0276603v1,10,,2,4,,2/14/2022 17:42,,,,6,,,,,70,2.58,216.72,,,,,,,,,,,,
24492,40.0275885v2,40,,18,3,,2/12/2022 21:38,,,,10,,,,,120,2.66,351.12,,,,,,,,,,,,
24493,10.0269015v1,10,,2,1,,2/13/2022 15:14,,,,5,,,,,60,2.56,184.32,,,,,,,,,,,,
24494,10.0278075v2,10,,2,3,,2/13/2022 23:00,,,,10,,,,,120,2.58,340.56,,,,,,,,,,,,
24494,10.0278079v1,10,,2,3,,2/13/2022 23:00,,,,10,,,,,120,2.58,340.56,,,,,,,,,,,,
24495,10.0277808v1,10,,2,1,,2/14/2022 17:18,,,,10,,,,,120,2.23,294.36,,,,,,,,,,,,
24496,10.0276757v2,10,,2,4,,2/15/2022 13:05,,,,15,,,,,174,2.41,462.72,,,,,,,,,,,,
24497,10.0246123v1,10,,2,3,,2/14/2022 17:47,,,,5,,,,,60,3.66,263.52,,,,,,,,,,,,
24498,40.0278094v1,40,,18,1,,2/14/2022 23:43,,,,20,,,,,240,1.96,493.92,,,,,,,,,,,,
24499,10.0275638v5,10,,2,3,,2/14/2022 17:17,,,,43,,,,,510,2.41,1272.48,,,,,,,,,,,,
24500,10.0217282v1,10,,2,3,,2/14/2022 18:23,,,,34,,,,,400,2.41,1012.2,,,,,,,,,,,,
24501,10.0233490v1,10,,2,3,,2/14/2022 21:50,,,,30,,,,,360,2.41,896.52,,,,,,,,,,,,
24502,10.0217371v1,10,,2,1,,2/14/2022 18:33,,,,75,,,,,900,1.79,1632.48,,,,,,,,,,,,
24503,10.0274803v2,10,,2,4,,2/14/2022 18:40,,,,5,,,,,60,2.58,185.76,,,,,,,,,,,,
24504,40.0278149v1,40,,18,3,,2/14/2022 19:36,,,,10,,,,,120,2.66,351.12,,,,,,,,,,,,
24506,10.0269165v2,10,,2,1,,2/17/2022 17:53,,,,13,,,,,150,1.96,329.28,,,,,,,,,,,,
24507,10.0220628v1,10,,2,1,,2/14/2022 18:54,,,,15,,,,,175,1.96,376.32,,,,,,,,,,,,
24508,10.0223208v1,10,,2,3,,2/14/2022 19:05,,,,28,,,,,325,2.41,838.68,,,,,,,,,,,,
24509,10.0275723v3,10,,2,3,,2/14/2022 21:47,,,,25,,,,,300,2.41,751.92,,,,,,,,,,,,
24509,10.0275722v3,10,,2,3,,2/14/2022 21:47,,,,25,,,,,300,2.41,751.92,,,,,,,,,,,,
24509,10.0275724v3,10,,2,3,,2/14/2022 21:47,,,,25,,,,,300,2.41,751.92,,,,,,,,,,,,
24510,10.0223202v1,10,,2,3,,2/14/2022 19:13,,,,60,,,,,720,1.91,1398.12,,,,,,,,,,,,
24512,10.0278218v1,10,,2,4,,2/14/2022 19:39,,,,9,,,,,105,2.58,309.6,,,,,,,,,,,,
24513,10.0276741v2,10,,2,4,,2/15/2022 20:33,,,,5,,,,,60,2.58,185.76,,,,,,,,,,,,
24514,10.0277673v5,10,,2,4,,2/14/2022 21:25,,,,5,,,,,60,2.58,185.76,,,,,,,,,,,,
24515,10.0277736v2,10,,2,3,,2/14/2022 20:30,,,,10,,,,,120,2.58,340.56,,,,,,,,,,,,
24516,10.0246990v1,10,,2,4,,2/14/2022 20:36,,,,10,,,,,120,2.58,340.56,,,,,,,,,,,,
24517,10.0277366v2,10,,2,3,,2/15/2022 20:19,,,,125,,,,,1500,1.91,2887.92,,,,,,,,,,,,
24518,10.0273588v1,10,,2,4,,2/15/2022 17:57,,,,5,,,,,60,2.58,185.76,,,,,,,,,,,,
24518,10.0273591v3,10,,2,4,,2/15/2022 17:57,,,,5,,,,,60,2.58,185.76,,,,,,,,,,,,
24519,40.0275441v4,40,,18,3,,2/14/2022 22:05,,,,10,,,,,120,2.66,351.12,,,,,,,,,,,,
24520,10.0272044v1,10,,2,3,,2/14/2022 22:15,,,,38,,,,,450,2.41,1127.88,,,,,,,,,,,,
24521,10.0274778v3,10,,2,3,,2/15/2022 19:12,,,,10,,,,,120,2.58,340.56,,,,,,,,,,,,
24522,10.0273288v1,10,,2,3,,2/14/2022 22:41,,,,30,,,,,360,2.41,896.52,,,,,,,,,,,,
24523,10.0277624v1,10,,2,1,,2/15/2022 20:17,,,,63,,,,,750,1.79,1374.72,,,,,,,,,,,,
24524,10.0272627v5,10,,2,1,,2/15/2022 21:36,,,,50,,,,,600,1.88,1150.56,,,,,,,,,,,,
24524,10.0276096v2,10,,2,1,,2/15/2022 21:36,,,,34,,,,,398,1.96,823.2,,,,,,,,,,,,
24525,10.0272341v3,10,,2,3,,2/14/2022 23:02,,,,10,,,,,120,2.58,340.56,,,,,,,,,,,,
24525,10.0272337v3,10,,2,3,,2/14/2022 23:02,,,,10,,,,,120,2.58,340.56,,,,,,,,,,,,
24526,10.0277150v1,10,,2,3,,4/1/2022 14:17,,,,20,,,,,240,2.41,607.32,,,,,,,,,,,,
24526,10.0225714v1,10,,2,3,,4/1/2022 14:17,,,,20,,,,,240,2.41,607.32,,,,,,,,,,,,
24527,10.0267252v2,10,,2,3,,2/17/2022 14:01,,,,34,,,,,400,2.41,1012.2,,,,,,,,,,,,
24528,10.0278256v1,10,,2,1,,2/15/2022 17:17,,,,125,,,,,1500,1.71,2585.52,,,,,,,,,,,,
24528,10.0278252v1,10,,2,1,,2/15/2022 17:17,,,,125,,,,,1500,1.71,2585.52,,,,,,,,,,,,
24529,10.0278299v1,10,,2,4,,2/14/2022 23:43,,,,8,,,,,90,2.58,278.64,,,,,,,,,,,,
24530,10.0276984v1,10,,2,3,,2/15/2022 0:36,,,,30,,,,,360,2.41,896.52,,,,,,,,,,,,
24531,10.0238710v2,10,,2,3,,2/15/2022 17:53,,,,34,,,,,400,2.41,1012.2,,,,,,,,,,,,
24532,10.0242619v2,10,,2,1,,2/15/2022 20:17,,,,21,,,,,250,1.96,517.44,,,,,,,,,,,,
24532,10.0242627v2,10,,2,1,,2/15/2022 20:17,,,,21,,,,,250,1.96,517.44,,,,,,,,,,,,
24533,17.0271578v4,17,,9,1,,2/15/2022 3:53,,,,13,,,,,150,1.96,329.28,,,,,,,,,,,,
24533,10.0271579v7,10,,2,1,,2/15/2022 3:53,,,,13,,,,,150,1.96,329.28,,,,,,,,,,,,
24534,10.0278293v1,10,,2,4,,2/15/2022 15:06,,,,5,,,,,60,2.58,185.76,,,,,,,,,,,,
24535,10.0275285v1,10,,2,4,,2/15/2022 17:17,,,,42,,,,,500,2.41,1243.56,,,,,,,,,,,,
24535,10.0275242v4,10,,2,4,,2/15/2022 17:17,,,,42,,,,,500,2.41,1243.56,,,,,,,,,,,,
24535,10.0275133v1,10,,2,4,,2/15/2022 17:17,,,,42,,,,,500,2.41,1243.56,,,,,,,,,,,,
24536,10.0277040v1,10,,2,1,,2/15/2022 17:38,,,,10,,,,,120,2.23,294.36,,,,,,,,,,,,
24536,10.0277041v1,10,,2,1,,2/15/2022 17:38,,,,10,,,,,120,2.23,294.36,,,,,,,,,,,,
24537,10.0232494v1,10,,2,1,,2/15/2022 17:23,,,,17,,,,,200,1.96,423.36,,,,,,,,,,,,
24538,10.0275921v1,10,,2,4,,2/15/2022 16:33,,,,9,,,,,100,2.58,309.6,,,,,,,,,,,,
24539,10.0278062v2,10,,2,4,,2/15/2022 17:48,,,,17,,,,,200,2.41,520.56,,,,,,,,,,,,
24540,10.0278764v1,10,,2,4,,2/17/2022 15:43,,,,65,,,,,772,1.91,1512.72,,,,,,,,,,,,
24542,10.0278013v2,10,,2,3,,2/15/2022 19:52,,,,30,,,,,360,2.41,896.52,,,,,,,,,,,,
24543,10.0265752v1,10,,2,4,,2/15/2022 17:05,,,,5,,,,,60,2.58,185.76,,,,,,,,,,,,
24544,10.0275488v5,10,,2,4,,2/15/2022 18:37,,,,20,,,,,240,2.41,607.32,,,,,,,,,,,,
24545,10.0275703v1,10,,2,3,,2/16/2022 17:57,,,,21,,,,,250,2.41,636.24,,,,,,,,,,,,
24547,10.0270899v2,10,,2,4,,2/15/2022 18:14,,,,42,,,,,504,2.41,1243.56,,,,,,,,,,,,
24548,10.0278346v1,10,,2,4,,2/15/2022 18:41,,,,10,,,,,120,2.58,340.56,,,,,,,,,,,,
24550,10.0278233v2,10,,2,1,,4/4/2022 20:18,,,,10,,,,,120,2.23,294.36,,,,,,,,,,,,
24550,10.0278231v1,10,,2,1,,4/4/2022 20:18,,,,10,,,,,120,2.23,294.36,,,,,,,,,,,,
24551,10.0275555v1,10,,2,3,,2/15/2022 22:49,,,,20,,,,,240,2.41,607.32,,,,,,,,,,,,
24552,10.0274593v1,10,,2,3,,2/16/2022 16:19,,,,167,,,,,2000,1.91,3850.56,,,,,,,,,,,,
24552,10.0274545v1,10,,2,1,,2/16/2022 16:19,,,,167,,,,,2000,1.71,3447.36,,,,,,,,,,,,
24552,10.0274997v1,10,,2,3,,2/16/2022 16:19,,,,42,,,,,500,2.41,1243.56,,,,,,,,,,,,
24553,15.0277672v1,15,,7,3,,2/16/2022 0:06,,,,10,,,,,120,3.7,488.4,,,,,,,,,,,,
24555,10.0273740v1,10,,2,3,,2/15/2022 21:39,,,,20,,,,,240,2.41,607.32,,,,,,,,,,,,
24556,10.0274848v1,10,,2,1,,2/15/2022 20:18,,,,42,,,,,500,1.96,1011.36,,,,,,,,,,,,
24556,10.0274850v1,10,,2,1,,2/15/2022 20:18,,,,34,,,,,400,1.96,823.2,,,,,,,,,,,,
24556,10.0274844v1,10,,2,1,,2/15/2022 20:18,,,,46,,,,,550,1.88,1060.32,,,,,,,,,,,,
24557,10.0277911v1,10,,2,4,,2/15/2022 21:33,,,,25,,,,,300,2.41,751.92,,,,,,,,,,,,
24558,46.0278219v3,46,,113,1,,2/15/2022 19:40,,,,6,,,,,61,2.56,215.04,,,,,,,,,,,,
24559,10.0277778v2,10,,2,4,,2/16/2022 3:56,,,,5,,,,,60,2.58,185.76,,,,,,,,,,,,
24561,40.0278172v2,40,,18,1,,2/15/2022 20:50,,,,5,,,,,60,2.56,184.32,,,,,,,,,,,,
24562,10.0273494v1,10,,2,1,,2/15/2022 21:47,,,,5,,,,,60,2.56,184.32,,,,,,,,,,,,
24563,10.0278409v1,10,,2,1,,2/15/2022 21:38,,,,42,,,,,500,1.96,1011.36,,,,,,,,,,,,
24563,10.0278410v1,10,,2,1,,2/15/2022 21:38,,,,42,,,,,500,1.96,1011.36,,,,,,,,,,,,
24564,10.0277852v1,10,,2,1,,2/16/2022 0:26,,,,29,,,,,342,1.96,705.6,,,,,,,,,,,,
24565,10.0277521v1,10,,2,1,,2/15/2022 21:19,,,,11,,,,,125,2.23,321.12,,,,,,,,,,,,
24565,10.0277509v1,10,,2,1,,2/15/2022 21:19,,,,11,,,,,125,2.23,321.12,,,,,,,,,,,,
24566,10.0276184v1,10,,2,4,,2/15/2022 22:18,,,,10,,,,,120,2.58,340.56,,,,,,,,,,,,
24567,40.0278417v2,40,,18,4,,2/16/2022 22:25,,,,10,,,,,120,2.75,363,,,,,,,,,,,,
24568,10.0275771v1,10,,2,4,,2/15/2022 21:30,,,,9,,,,,105,2.58,309.6,,,,,,,,,,,,
24569,10.0278259v1,10,,2,4,,2/16/2022 20:06,,,,11,,,,,129,2.58,371.52,,,,,,,,,,,,
24571,10.0220910v3,10,,2,1,,2/15/2022 21:17,,,,5,,,,,60,2.56,184.32,,,,,,,,,,,,
24573,10.0227250v2,10,,2,4,,2/15/2022 21:22,,,,5,,,,,60,2.58,185.76,,,,,,,,,,,,
24574,40.0277994v3,40,,18,4,,2/15/2022 21:40,,,,6,,,,,70,2.75,231,,,,,,,,,,,,
24575,10.0278314v1,10,,2,4,,2/16/2022 17:56,,,,9,,,,,100,2.58,309.6,,,,,,,,,,,,
24575,10.0278315v1,10,,2,4,,2/16/2022 17:56,,,,9,,,,,100,2.58,309.6,,,,,,,,,,,,
24576,10.0277088v1,10,,2,3,,2/15/2022 22:52,,,,20,,,,,240,2.41,607.32,,,,,,,,,,,,
24577,10.0274651v1,10,,2,3,,2/16/2022 16:18,,,,167,,,,,2000,1.91,3850.56,,,,,,,,,,,,
24577,10.0274685v1,10,,2,3,,2/16/2022 16:18,,,,84,,,,,1000,1.91,1948.2,,,,,,,,,,,,
24577,10.0274717v1,10,,2,4,,2/16/2022 16:18,,,,84,,,,,1000,1.91,1948.2,,,,,,,,,,,,
24577,10.0274698v2,10,,2,1,,2/16/2022 16:18,,,,84,,,,,1000,1.79,1825.8,,,,,,,,,,,,
24577,10.0274693v1,10,,2,4,,2/16/2022 16:18,,,,10,,,,,120,2.58,340.56,,,,,,,,,,,,
24577,10.0274687v1,10,,2,4,,2/16/2022 16:18,,,,10,,,,,120,2.58,340.56,,,,,,,,,,,,
24577,10.0274991v1,10,,2,4,,2/16/2022 16:18,,,,84,,,,,1000,1.91,1948.2,,,,,,,,,,,,
24577,10.0274969v1,10,,2,1,,2/16/2022 16:18,,,,84,,,,,1000,1.79,1825.8,,,,,,,,,,,,
24577,10.0274571v1,10,,2,1,,2/16/2022 16:18,,,,10,,,,,120,2.23,294.36,,,,,,,,,,,,
24577,10.0274975v1,10,,2,4,,2/16/2022 16:18,,,,10,,,,,120,2.58,340.56,,,,,,,,,,,,
24577,10.0274683v1,10,,2,1,,2/16/2022 16:18,,,,84,,,,,1000,1.79,1825.8,,,,,,,,,,,,
24578,40.0251147v1,40,,18,3,,2/16/2022 17:16,,,,10,,,,,120,2.66,351.12,,,,,,,,,,,,
24579,10.0243612v1,10,,2,1,,2/18/2022 18:04,,,,21,,,,,250,1.96,517.44,,,,,,,,,,,,
24579,10.0243578v1,10,,2,1,,2/18/2022 18:04,,,,17,,,,,200,1.96,423.36,,,,,,,,,,,,
24579,40.0242403v1,40,,18,1,,2/18/2022 18:04,,,,17,,,,,200,1.96,423.36,,,,,,,,,,,,
24580,10.0235856v1,10,,2,4,,2/16/2022 14:37,,,,5,,,,,60,2.58,185.76,,,,,,,,,,,,
24581,10.0240123v3,10,,2,3,,2/16/2022 18:38,,,,40,,,,,480,2.41,1185.72,,,,,,,,,,,,
24582,10.0267359v4,10,,2,1,,2/17/2022 15:00,,,,15,,,,,175,1.96,376.32,,,,,,,,,,,,
24583,10.0277664v1,10,,2,3,,2/16/2022 15:36,,,,21,,,,,250,2.41,636.24,,,,,,,,,,,,
24584,10.0275409v3,10,,2,3,,3/8/2022 20:22,,,,30,,,,,350,2.41,896.52,,,,,,,,,,,,
24585,10.0378798v1,10,,2,3,,2/16/2022 22:22,,,,25,,,,,300,2.41,751.92,,,,,,,,,,,,
24585,10.0178797v1,10,,2,3,,2/16/2022 22:22,,,,17,,,,,200,2.41,520.56,,,,,,,,,,,,
24586,10.0277650v1,10,,2,3,,2/16/2022 17:39,,,,42,,,,,500,2.41,1243.56,,,,,,,,,,,,
24587,10.0278238v1,10,,2,4,,2/16/2022 19:26,,,,20,,,,,240,2.41,607.32,,,,,,,,,,,,
24588,10.0248582v1,10,,2,4,,2/16/2022 17:30,,,,51,,,,,605,2.16,1347.84,,,,,,,,,,,,
24589,40.0276627v1,40,,18,3,,2/16/2022 18:16,,,,17,,,,,200,2.49,537.84,,,,,,,,,,,,
24590,10.0225476v1,10,,2,3,,2/16/2022 22:26,,,,20,,,,,240,2.41,607.32,,,,,,,,,,,,
24590,10.0225477v1,10,,2,3,,2/16/2022 22:26,,,,20,,,,,240,2.41,607.32,,,,,,,,,,,,
24591,40.0245529v1,40,,18,3,,2/16/2022 20:54,,,,21,,,,,250,2.49,657.36,,,,,,,,,,,,
24592,10.0278070v1,10,,2,3,,2/16/2022 20:46,,,,84,,,,,1000,1.91,1948.2,,,,,,,,,,,,
24592,10.0278069v1,10,,2,3,,2/16/2022 20:46,,,,10,,,,,120,2.58,340.56,,,,,,,,,,,,
24593,10.0276422v2,10,,2,3,,2/23/2022 14:26,,,,6,,,,,64,3.66,307.44,,,,,,,,,,,,
24593,10.0276423v2,10,,2,3,,2/23/2022 14:26,,,,6,,,,,64,3.66,307.44,,,,,,,,,,,,
24594,17.0275333v6,17,,9,3,,3/4/2022 22:09,,,,40,,,,,480,2.41,1185.72,,,,,,,,,,,,
24595,10.0277306v4,10,,2,4,,2/16/2022 20:53,,,,42,,,,,500,2.41,1243.56,,,,,,,,,,,,
24596,10.0278089v1,10,,2,4,,2/16/2022 20:16,,,,42,,,,,500,2.41,1243.56,,,,,,,,,,,,
24597,10.0273269v1,10,,2,1,,2/17/2022 17:05,,,,5,,,,,60,2.56,184.32,,,,,,,,,,,,
24598,10.0278284v1,10,,2,3,,2/16/2022 21:12,,,,11,,,,,129,2.58,371.52,,,,,,,,,,,,
24599,10.0273054v1,10,,2,1,,2/17/2022 18:57,,,,30,,,,,360,1.96,729.12,,,,,,,,,,,,
24600,10.0278250v1,10,,2,3,,2/17/2022 20:25,,,,21,,,,,250,2.41,636.24,,,,,,,,,,,,
24600,10.0278251v1,10,,2,3,,2/17/2022 20:25,,,,21,,,,,250,2.41,636.24,,,,,,,,,,,,
24601,10.0253078v1,10,,2,1,,2/17/2022 20:34,,,,50,,,,,600,1.88,1150.56,,,,,,,,,,,,
24603,10.0276762v10,10,,2,1,,2/17/2022 16:44,,,,34,,,,,400,1.96,823.2,,,,,,,,,,,,
24604,10.0276899v3,10,,2,3,,2/16/2022 22:59,,,,11,,,,,130,2.58,371.52,,,,,,,,,,,,
24605,10.0216829v1,10,,2,1,,2/16/2022 23:08,,,,11,,,,,125,2.23,321.12,,,,,,,,,,,,
24606,10.0247303v1,10,,2,1,,2/17/2022 16:21,,,,7,,,,,75,2.56,245.76,,,,,,,,,,,,
24606,10.0247304v1,10,,2,1,,2/17/2022 16:21,,,,7,,,,,75,2.56,245.76,,,,,,,,,,,,
24607,10.0278831v1,10,,2,1,,2/17/2022 0:35,,,,11,,,,,125,2.23,321.12,,,,,,,,,,,,
24608,10.0278119v3,10,,2,1,,2/17/2022 0:52,,,,13,,,,,152,1.96,329.28,,,,,,,,,,,,
24609,10.0278112v1,10,,2,4,,2/17/2022 14:54,,,,10,,,,,120,2.58,340.56,,,,,,,,,,,,
24610,10.0260678v1,10,,2,4,,3/11/2022 17:15,,,,10,,,,,120,2.58,340.56,,,,,,,,,,,,
24611,10.0238953v1,10,,2,4,,2/17/2022 1:22,,,,6,,,,,65,2.58,216.72,,,,,,,,,,,,
24612,10.0278313v1,10,,2,3,,2/17/2022 16:32,,,,84,,,,,1000,1.91,1948.2,,,,,,,,,,,,
24614,40.0278799v1,40,,18,1,,2/17/2022 16:55,,,,20,,,,,240,1.96,493.92,,,,,,,,,,,,
24615,44.0274564v1,44,,21,1,,2/17/2022 17:52,,,,13,,,,,150,1.96,329.28,,,,,,,,,,,,
24616,40.0240835v1,40,,18,3,,2/17/2022 17:32,,,,20,,,,,240,2.49,627.48,,,,,,,,,,,,
24617,10.0277856v4,10,,2,3,,2/17/2022 19:12,,,,6,,,,,65,3.66,307.44,,,,,,,,,,,,
24619,10.0278732v4,10,,2,3,,2/17/2022 20:22,,,,6,,,,,70,3.66,307.44,,,,,,,,,,,,
24620,10.0278711v1,10,,2,1,,2/17/2022 16:03,,,,5,,,,,60,2.56,184.32,,,,,,,,,,,,
24621,20.0278715v1,20,,11,1,,2/17/2022 16:24,,,,25,,,,,300,2.96,923.52,,,,,,,,,,,,
24622,10.0278297v1,10,,2,1,,2/17/2022 16:45,,,,20,,,,,240,1.96,493.92,,,,,,,,,,,,
24623,10.0255653v1,10,,2,1,,2/18/2022 17:52,,,,6,,,,,63,2.56,215.04,,,,,,,,,,,,
24624,10.0255653v1,10,,2,1,,2/18/2022 17:51,,,,17,,,,,200,1.96,423.36,,,,,,,,,,,,
24625,10.0278245v1,10,,2,1,,2/17/2022 20:09,,,,13,,,,,150,1.96,329.28,,,,,,,,,,,,
24626,10.0278722v1,10,,2,1,,2/17/2022 17:19,,,,18,,,,,205,1.96,446.88,,,,,,,,,,,,
24627,10.0255549v2,10,,2,1,,2/18/2022 20:55,,,,42,,,,,500,1.96,1011.36,,,,,,,,,,,,
24629,10.0278917v3,10,,2,1,,2/18/2022 19:52,,,,9,,,,,103,2.56,307.2,,,,,,,,,,,,
24630,40.0278723v1,40,,18,1,,2/21/2022 23:51,,,,167,,,,,2000,1.71,3447.36,,,,,,,,,,,,
24630,40.0269539v1,40,,18,1,,2/21/2022 23:51,,,,167,,,,,2000,1.71,3447.36,,,,,,,,,,,,
24631,10.0272265v3,10,,2,3,,2/7/2022 16:56,,,,6,,,,,62,3.66,307.44,,,,,,,,,,,,
24632,10.0278922v2,10,,2,3,,2/17/2022 19:30,,,,10,,,,,120,2.58,340.56,,,,,,,,,,,,
24633,10.0257736v1,10,,2,1,,2/17/2022 19:45,,,,22,,,,,255,1.96,540.96,,,,,,,,,,,,
24634,17.0275393v1,17,,9,1,,2/17/2022 20:04,,,,21,,,,,250,1.96,517.44,,,,,,,,,,,,
24635,10.0270063v4,10,,2,3,,2/17/2022 22:14,,,,10,,,,,120,2.58,340.56,,,,,,,,,,,,
24636,10.0278242v1,10,,2,3,,3/31/2022 16:48,,,,15,,,,,170,2.41,462.72,,,,,,,,,,,,
24637,10.0246604v1,10,,2,3,,2/17/2022 22:10,,,,10,,,,,120,2.58,340.56,,,,,,,,,,,,
24638,10.0277733v1,10,,2,3,,2/17/2022 22:35,,,,10,,,,,120,2.58,340.56,,,,,,,,,,,,
24638,10.0277734v1,10,,2,3,,2/17/2022 22:35,,,,10,,,,,120,2.58,340.56,,,,,,,,,,,,
24639,10.0235546v2,10,,2,3,,2/17/2022 22:55,,,,5,,,,,60,3.66,263.52,,,,,,,,,,,,
24640,40.0278804v2,40,,18,3,,2/17/2022 23:02,,,,30,,,,,360,2.49,926.28,,,,,,,,,,,,
24641,10.0227563v1,10,,2,1,,2/18/2022 21:37,,,,5,,,,,60,2.56,184.32,,,,,,,,,,,,
24642,10.0262306v3,10,,2,1,,2/18/2022 15:57,,,,11,,,,,125,2.23,321.12,,,,,,,,,,,,
24642,10.0262305v1,10,,2,1,,2/18/2022 15:57,,,,21,,,,,250,1.96,517.44,,,,,,,,,,,,
24642,10.0262306v2,10,,2,1,,2/18/2022 15:57,,,,11,,,,,125,2.23,321.12,,,,,,,,,,,,
24643,44.0259242v1,44,,21,3,,2/18/2022 21:36,,,,20,,,,,240,2.49,627.48,,,,,,,,,,,,
24644,10.0232658v1,10,,2,4,,2/25/2022 14:57,,,,21,,,,,250,2.41,636.24,,,,,,,,,,,,
24645,40.0276768v5,40,,18,3,,2/18/2022 20:46,,,,16,,,,,192,2.49,507.96,,,,,,,,,,,,
24646,10.0261886v5,10,,2,1,,2/23/2022 16:11,,,,5,,,,,60,2.56,184.32,,,,,,,,,,,,
24647,10.0273104v2,10,,2,3,,2/18/2022 18:38,,,,5,,,,,60,3.66,263.52,,,,,,,,,,,,
24648,10.0278982v1,10,,2,3,,2/18/2022 19:51,,,,10,,,,,120,2.58,340.56,,,,,,,,,,,,
24649,10.0270611v1,10,,2,3,,2/18/2022 19:16,,,,10,,,,,120,2.58,340.56,,,,,,,,,,,,
24650,10.0274268v2,10,,2,1,,2/22/2022 20:16,,,,13,,,,,150,1.96,329.28,,,,,,,,,,,,
24651,40.0277821v2,40,,18,3,,2/18/2022 21:22,,,,10,,,,,120,2.66,351.12,,,,,,,,,,,,
24652,40.0277698v1,40,,18,4,,2/18/2022 20:31,,,,10,,,,,120,2.75,363,,,,,,,,,,,,
24653,10.0273719v1,10,,2,3,,2/21/2022 15:48,,,,21,,,,,252,2.41,636.24,,,,,,,,,,,,
24654,40.0246077v1,40,,18,3,,2/18/2022 21:38,,,,5,,,,,60,3.74,269.28,,,,,,,,,,,,
24655,46.0279043v1,46,,113,1,,2/18/2022 20:36,,,,13,,,,,150,1.96,329.28,,,,,,,,,,,,
24656,10.0284324v1,10,,2,3,,2/18/2022 20:32,,,,10,,,,,120,2.58,340.56,,,,,,,,,,,,
24657,10.0233163v1,10,,2,3,,2/18/2022 21:10,,,,5,,,,,60,3.66,263.52,,,,,,,,,,,,
24658,10.0262084v1,10,,2,1,,2/22/2022 16:52,,,,10,,,,,120,2.23,294.36,,,,,,,,,,,,
24659,10.0278928v1,10,,2,3,,2/21/2022 5:55,,,,52,,,,,620,2.16,1373.76,,,,,,,,,,,,
24660,10.0273062v2,10,,2,1,,2/21/2022 5:57,,,,15,,,,,180,1.96,376.32,,,,,,,,,,,,
24661,10.0278189v3,10,,2,3,,2/18/2022 21:50,,,,10,,,,,120,2.58,340.56,,,,,,,,,,,,
24662,10.0279551v1,10,,2,1,,2/21/2022 5:56,,,,10,,,,,120,2.23,294.36,,,,,,,,,,,,
24662,10.0279547v1,10,,2,1,,2/21/2022 5:56,,,,10,,,,,120,2.23,294.36,,,,,,,,,,,,
24663,10.0278532v1,10,,2,3,,3/30/2022 16:13,,,,6,,,,,64,3.66,307.44,,,,,,,,,,,,
24664,40.0277745v1,40,,18,3,,2/18/2022 23:13,,,,5,,,,,60,3.74,269.28,,,,,,,,,,,,
24665,10.0266861v3,10,,2,3,,2/21/2022 5:56,,,,67,,,,,800,1.91,1558.56,,,,,,,,,,,,
24665,10.0266861v4,10,,2,3,,2/21/2022 5:56,,,,34,,,,,400,2.41,1012.2,,,,,,,,,,,,
24666,40.0279323v2,40,,18,1,,2/22/2022 17:09,,,,5,,,,,60,2.56,184.32,,,,,,,,,,,,
24667,17.0279640v1,17,,9,4,,2/21/2022 16:38,,,,5,,,,,60,2.58,185.76,,,,,,,,,,,,
24668,10.0278937v1,10,,2,3,,2/22/2022 16:36,,,,42,,,,,500,2.41,1243.56,,,,,,,,,,,,
24669,10.0229564v1,10,,2,3,,2/22/2022 22:13,,,,171,,,,,2046,1.91,3942.24,,,,,,,,,,,,
24670,10.0279270v4,10,,2,1,,2/21/2022 15:49,,,,10,,,,,120,2.23,294.36,,,,,,,,,,,,
24671,44.0257217v1,44,,21,1,,2/19/2022 1:09,,,,5,,,,,60,2.56,184.32,,,,,,,,,,,,
24672,10.0279329v2,10,,2,3,,2/25/2022 2:15,,,,40,,,,,480,2.41,1185.72,,,,,,,,,,,,
24673,10.0279441v1,10,,2,3,,2/21/2022 15:02,,,,9,,,,,105,3.58,429.6,,,,,,,,,,,,
24674,10.022638v1,10,,2,3,,2/21/2022 15:47,,,,209,,,,,2500,1.62,4082.4,,,,,,,,,,,,
24675,10.0279653v1,10,,2,3,,2/23/2022 2:36,,,,30,,,,,360,2.41,896.52,,,,,,,,,,,,
24676,10.0279652v1,10,,2,1,,2/21/2022 15:56,,,,5,,,,,60,2.56,184.32,,,,,,,,,,,,
24677,41.0279620v3,41,,19,1,,2/21/2022 19:45,,,,42,,,,,501,1.96,1011.36,,,,,,,,,,,,
24678,10.0250847v1,10,,2,3,,2/22/2022 15:21,,,,35,,,,,420,2.41,1041.12,,,,,,,,,,,,
24680,10.0279545v3,10,,2,3,,2/22/2022 16:36,,,,142,,,,,1700,1.91,3277.56,,,,,,,,,,,,
24681,10.0278310v2,10,,2,3,,2/22/2022 1:06,,,,10,,,,,120,2.58,340.56,,,,,,,,,,,,
24681,10.0278311v1,10,,2,3,,2/22/2022 1:06,,,,10,,,,,120,2.58,340.56,,,,,,,,,,,,
24681,10.0278312v2,10,,2,3,,2/22/2022 1:06,,,,10,,,,,120,2.58,340.56,,,,,,,,,,,,
24682,10.0242053v1,10,,2,3,,2/21/2022 21:18,,,,20,,,,,240,2.41,607.32,,,,,,,,,,,,
24683,10.0279906v2,10,,2,3,,2/21/2022 22:06,,,,25,,,,,300,2.41,751.92,,,,,,,,,,,,
24684,10.0271566v1,10,,2,1,,3/2/2022 23:01,,,,100,,,,,1198,1.79,2169.48,,,,,,,,,,,,
24684,10.0270707v3,10,,2,1,,3/2/2022 23:01,,,,434,,,,,5198,1.56,8143.2,,,,,,,,,,,,
24685,10.0243907v1,10,,2,3,,2/23/2022 22:34,,,,25,,,,,300,2.41,751.92,,,,,,,,,,,,
24686,17.0234983v1,17,,9,1,,2/21/2022 22:06,,,,5,,,,,60,2.56,184.32,,,,,,,,,,,,
24687,10.0223047v1,10,,2,4,,2/22/2022 21:24,,,,5,,,,,60,2.58,185.76,,,,,,,,,,,,
24687,10.0221628v4,10,,2,4,,2/22/2022 21:24,,,,5,,,,,60,2.58,185.76,,,,,,,,,,,,
24688,10.0233164v1,10,,2,4,,2/21/2022 21:37,,,,5,,,,,60,2.58,185.76,,,,,,,,,,,,
24689,46.0279585v2,46,,113,1,,2/22/2022 13:39,,,,9,,,,,100,2.56,307.2,,,,,,,,,,,,
24690,40.0272810v3,40,,18,3,,2/21/2022 22:48,,,,25,,,,,300,2.49,776.88,,,,,,,,,,,,
24691,10.0275362v1,10,,2,3,,2/22/2022 13:37,,,,10,,,,,120,2.58,340.56,,,,,,,,,,,,
24692,10.0275968v1,10,,2,3,,2/22/2022 13:37,,,,10,,,,,120,2.58,340.56,,,,,,,,,,,,
24694,10.0278285v1,10,,2,3,,2/21/2022 23:36,,,,5,,,,,60,3.66,263.52,,,,,,,,,,,,
24695,10.0275948v2,10,,2,3,,2/22/2022 13:37,,,,10,,,,,120,2.58,340.56,,,,,,,,,,,,
24696,40.0249683v2,40,,18,4,,2/25/2022 15:54,,,,20,,,,,240,2.58,650.16,,,,,,,,,,,,
24697,10.0279455v3,10,,2,1,,2/22/2022 19:34,,,,21,,,,,250,1.96,517.44,,,,,,,,,,,,
24697,10.0279454v1,10,,2,1,,2/22/2022 19:34,,,,21,,,,,250,1.96,517.44,,,,,,,,,,,,
24698,10.0279456v2,10,,2,3,,2/22/2022 15:44,,,,13,,,,,150,2.41,404.88,,,,,,,,,,,,
24699,10.0372509v3,10,,2,3,,2/22/2022 16:17,,,,10,,,,,120,2.58,340.56,,,,,,,,,,,,
24700,10.0235962v2,10,,2,4,,3/2/2022 19:56,,,,5,,,,,60,2.58,185.76,,,,,,,,,,,,
24701,10.0232290v2,10,,2,3,,2/22/2022 19:34,,,,10,,,,,120,2.58,340.56,,,,,,,,,,,,
24702,10.0280104v1,10,,2,4,,2/22/2022 23:47,,,,7,,,,,84,2.58,247.68,,,,,,,,,,,,
24703,10.0278935v1,10,,2,1,,2/22/2022 19:47,,,,84,,,,,1000,1.79,1825.8,,,,,,,,,,,,
24704,40.0274834v2,40,,18,3,,2/22/2022 20:11,,,,10,,,,,120,2.66,351.12,,,,,,,,,,,,
24705,10.0280443v1,10,,2,4,,2/22/2022 20:00,,,,7,,,,,75,2.58,247.68,,,,,,,,,,,,
24706,10.0275960v1,10,,2,3,,2/22/2022 21:08,,,,10,,,,,120,2.58,340.56,,,,,,,,,,,,
24707,10.0280508v1,10,,2,4,,2/22/2022 22:12,,,,6,,,,,70,2.58,216.72,,,,,,,,,,,,
24708,40.0280049v2,40,,18,1,,2/23/2022 17:22,,,,17,,,,,200,1.96,423.36,,,,,,,,,,,,
24709,10.0267284v1,10,,2,4,,2/22/2022 21:22,,,,5,,,,,60,2.58,185.76,,,,,,,,,,,,
24710,10.0280445v1,10,,2,4,,2/22/2022 21:18,,,,5,,,,,60,2.58,185.76,,,,,,,,,,,,
24711,10.0275725v1,10,,2,3,,2/22/2022 22:08,,,,5,,,,,60,3.66,263.52,,,,,,,,,,,,
24712,40.0280255v1,40,,18,3,,2/22/2022 22:11,,,,25,,,,,300,2.49,776.88,,,,,,,,,,,,
24713,10.0280048v3,10,,2,1,,2/22/2022 22:23,,,,20,,,,,240,1.96,493.92,,,,,,,,,,,,
24714,10.0280514v1,10,,2,1,,2/22/2022 23:02,,,,21,,,,,250,1.96,517.44,,,,,,,,,,,,
24714,10.0280513v1,10,,2,1,,2/22/2022 23:02,,,,21,,,,,250,1.96,517.44,,,,,,,,,,,,
24715,10.0279964v3,10,,2,1,,2/22/2022 23:48,,,,5,,,,,60,2.56,184.32,,,,,,,,,,,,
24715,10.0280063v1,10,,2,1,,2/22/2022 23:48,,,,5,,,,,60,2.56,184.32,,,,,,,,,,,,
24716,40.0275185v4,40,,18,1,,3/1/2022 22:51,,,,5,,,,,60,2.56,184.32,,,,,,,,,,,,
24717,10.026875v3,10,,2,1,,2/23/2022 19:31,,,,20,,,,,240,1.96,493.92,,,,,,,,,,,,
24718,40.0273948v1,40,,18,1,,2/23/2022 0:47,,,,125,,,,,1500,1.71,2585.52,,,,,,,,,,,,
24719,10.0279792v1,10,,2,3,,2/23/2022 17:22,,,,17,,,,,200,2.41,520.56,,,,,,,,,,,,
24720,10.0269112v4,10,,2,4,,2/23/2022 23:26,,,,20,,,,,240,2.41,607.32,,,,,,,,,,,,
24721,10.0280286v1,10,,2,3,,2/23/2022 3:04,,,,5,,,,,60,3.66,263.52,,,,,,,,,,,,
24722,10.0251723v1,10,,2,3,,2/23/2022 14:18,,,,10,,,,,120,2.58,340.56,,,,,,,,,,,,
24723,10.0272503v2,10,,2,3,,2/23/2022 15:37,,,,5,,,,,60,3.66,263.52,,,,,,,,,,,,
24723,10.0272510v1,10,,2,3,,2/23/2022 15:37,,,,5,,,,,60,3.66,263.52,,,,,,,,,,,,
24724,10.0268769v2,10,,2,1,,2/24/2022 15:33,,,,10,,,,,120,2.23,294.36,,,,,,,,,,,,
24725,10.0224009v1,10,,2,4,,2/14/2022 21:37,,,,8,,,,,95,2.58,278.64,,,,,,,,,,,,
24726,10.0280470v3,10,,2,3,,2/23/2022 17:26,,,,42,,,,,500,2.41,1243.56,,,,,,,,,,,,
24727,10.0219978v1,10,,2,3,,2/23/2022 19:31,,,,42,,,,,500,2.41,1243.56,,,,,,,,,,,,
24728,10.0269898v6,10,,2,3,,3/7/2022 15:45,,,,21,,,,,248,2.41,636.24,,,,,,,,,,,,
24729,10.0278360v1,10,,2,3,,2/23/2022 22:49,,,,64,,,,,766,1.91,1489.8,,,,,,,,,,,,
24730,10.0278741v1,10,,2,3,,2/23/2022 20:26,,,,10,,,,,120,2.58,340.56,,,,,,,,,,,,
24731,40.0280627v1,40,,18,3,,2/25/2022 16:34,,,,7,,,,,77,3.74,359.04,,,,,,,,,,,,
24732,10.0278128v3,10,,2,3,,2/23/2022 22:49,,,,21,,,,,242,2.41,636.24,,,,,,,,,,,,
24733,10.0279334v1,10,,2,4,,2/23/2022 22:49,,,,21,,,,,250,2.41,636.24,,,,,,,,,,,,
24734,10.0269148v2,10,,2,1,,2/24/2022 21:55,,,,100,,,,,1200,1.71,2072.52,,,,,,,,,,,,
24734,40.0265999v3,40,,18,1,,2/24/2022 21:55,,,,200,,,,,2400,1.6,3859.2,,,,,,,,,,,,
24734,10.0265997v2,10,,2,1,,2/24/2022 21:55,,,,200,,,,,2400,1.6,3859.2,,,,,,,,,,,,
24734,10.0265996v1,10,,2,1,,2/24/2022 21:55,,,,200,,,,,2400,1.6,3859.2,,,,,,,,,,,,
24734,10.0269147v2,10,,2,1,,2/24/2022 21:55,,,,100,,,,,1200,1.71,2072.52,,,,,,,,,,,,
24735,17.0279302v1,17,,9,1,,2/23/2022 21:57,,,,7,,,,,75,2.56,245.76,,,,,,,,,,,,
24736,40.0280800v1,40,,18,3,,2/23/2022 23:31,,,,30,,,,,360,2.49,926.28,,,,,,,,,,,,
24737,10.0275992v2,10,,2,3,,2/23/2022 23:29,,,,10,,,,,120,2.58,340.56,,,,,,,,,,,,
24738,10.0277519v3,10,,2,3,,2/23/2022 22:49,,,,11,,,,,125,2.58,371.52,,,,,,,,,,,,
24739,20.0274730v4,20,,11,3,,2/24/2022 18:35,,,,11,,,,,125,2.99,430.56,,,,,,,,,,,,
24740,10.0280859v3,10,,2,3,,2/24/2022 17:44,,,,71,,,,,850,1.91,1650.24,,,,,,,,,,,,
24741,10.0240746v1,10,,2,3,,2/24/2022 21:03,,,,20,,,,,240,2.41,607.32,,,,,,,,,,,,
24742,12.0278710v2,12,,4,3,,2/24/2022 17:34,,,,25,,,,,295,2.16,673.92,,,,,,,,,,,,
24742,10.0278707v2,10,,2,3,,2/24/2022 17:34,,,,16,,,,,190,2.41,491.64,,,,,,,,,,,,
24743,10.0222019v1,10,,2,3,,2/24/2022 19:14,,,,40,,,,,480,2.41,1185.72,,,,,,,,,,,,
24744,10.0222603v1,10,,2,1,,2/24/2022 16:24,,,,5,,,,,60,2.56,184.32,,,,,,,,,,,,
24745,40.0280874v1,40,,18,1,,2/24/2022 15:17,,,,20,,,,,240,1.96,493.92,,,,,,,,,,,,
24746,10.0280602v4,10,,2,1,,2/24/2022 17:52,,,,14,,,,,160,1.96,352.8,,,,,,,,,,,,
24747,10.0274444v3,10,,2,1,,2/24/2022 14:38,,,,34,,,,,400,1.96,823.2,,,,,,,,,,,,
24748,10.0274443v2,10,,2,1,,2/24/2022 14:37,,,,15,,,,,175,1.96,376.32,,,,,,,,,,,,
24749,10.0274442v5,10,,2,1,,2/24/2022 15:08,,,,21,,,,,250,1.96,517.44,,,,,,,,,,,,
24750,10.0210309v2,10,,2,1,,2/24/2022 20:11,,,,9,,,,,100,2.56,307.2,,,,,,,,,,,,
24751,10.0257502v1,10,,2,3,,3/15/2022 17:30,,,,18,,,,,210,2.41,549.48,,,,,,,,,,,,
24751,10.0268956v1,10,,2,3,,3/15/2022 17:30,,,,40,,,,,480,2.41,1185.72,,,,,,,,,,,,
24751,10.029297v1,10,,2,3,,3/15/2022 17:30,,,,46,,,,,550,2.16,1218.24,,,,,,,,,,,,
24751,10.0257501v1,10,,2,3,,3/15/2022 17:30,,,,18,,,,,210,2.41,549.48,,,,,,,,,,,,
24751,10.0257503v1,10,,2,3,,3/15/2022 17:30,,,,18,,,,,210,2.41,549.48,,,,,,,,,,,,
24751,10.0269073v1,10,,2,3,,3/15/2022 17:30,,,,31,,,,,370,2.41,925.44,,,,,,,,,,,,
24751,10.0268914v1,10,,2,3,,3/15/2022 17:30,,,,178,,,,,2130,1.91,4102.68,,,,,,,,,,,,
24751,10.0268900v1,10,,2,3,,3/15/2022 17:30,,,,45,,,,,540,2.16,1192.32,,,,,,,,,,,,
24752,10.0222824v8,10,,2,4,,2/24/2022 17:52,,,,30,,,,,360,2.41,896.52,,,,,,,,,,,,
24753,10.0280012v1,10,,2,3,,2/24/2022 15:36,,,,10,,,,,120,2.58,340.56,,,,,,,,,,,,
24754,10.0257398v1,10,,2,3,,2/25/2022 2:27,,,,21,,,,,250,2.41,636.24,,,,,,,,,,,,
24755,12.0278088v5,12,,4,3,,2/24/2022 17:27,,,,17,,,,,200,2.16,466.56,,,,,,,,,,,,
24756,46.0278773v1,46,,113,1,,2/25/2022 18:09,,,,13,,,,,150,1.96,329.28,,,,,,,,,,,,
24756,10.0278772v1,10,,2,1,,2/25/2022 18:09,,,,13,,,,,150,1.96,329.28,,,,,,,,,,,,
24757,10.0280532v1,10,,2,1,,2/24/2022 17:43,,,,5,,,,,60,2.56,184.32,,,,,,,,,,,,
24758,10.0279129v1,10,,2,3,,2/24/2022 17:24,,,,10,,,,,120,2.58,340.56,,,,,,,,,,,,
24759,10.0278302v1,10,,2,1,,2/24/2022 17:23,,,,59,,,,,700,1.88,1353.6,,,,,,,,,,,,
24760,12.0257399v1,12,,4,3,,2/25/2022 18:16,,,,21,,,,,250,2.16,570.24,,,,,,,,,,,,
24761,10.0274427v3,10,,2,1,,2/24/2022 18:56,,,,84,,,,,1000,1.79,1825.8,,,,,,,,,,,,
24762,10.0280697v1,10,,2,3,,2/24/2022 18:17,,,,17,,,,,200,2.41,520.56,,,,,,,,,,,,
24763,10.0266882v3,10,,2,3,,2/24/2022 19:44,,,,13,,,,,150,2.41,404.88,,,,,,,,,,,,
24763,10.0266883v2,10,,2,3,,2/24/2022 19:44,,,,34,,,,,400,2.41,1012.2,,,,,,,,,,,,
24764,10.0278800v1,10,,2,3,,2/28/2022 20:15,,,,13,,,,,150,2.41,404.88,,,,,,,,,,,,
24765,40.0278290v1,40,,18,3,,2/24/2022 19:10,,,,6,,,,,61,3.74,314.16,,,,,,,,,,,,
24766,17.0280070v5,17,,9,3,,2/24/2022 19:31,,,,17,,,,,200,2.41,520.56,,,,,,,,,,,,
24767,10.0278014v1,10,,2,3,,2/24/2022 20:09,,,,30,,,,,360,2.41,896.52,,,,,,,,,,,,
24768,10.0262236v1,10,,2,1,,2/24/2022 19:59,,,,13,,,,,150,1.96,329.28,,,,,,,,,,,,
24769,10.0277720v1,10,,2,3,,2/25/2022 14:33,,,,5,,,,,60,3.66,263.52,,,,,,,,,,,,
24770,10.0270329v2,10,,2,3,,2/25/2022 15:24,,,,20,,,,,240,2.41,607.32,,,,,,,,,,,,
24771,10.0279287v2,10,,2,3,,2/24/2022 21:11,,,,17,,,,,200,2.41,520.56,,,,,,,,,,,,
24772,10.0380925v1,10,,2,3,,2/24/2022 20:50,,,,5,,,,,60,3.66,263.52,,,,,,,,,,,,
24772,10.0280439v2,10,,2,3,,2/24/2022 20:50,,,,5,,,,,60,3.66,263.52,,,,,,,,,,,,
24772,10.0280440v2,10,,2,3,,2/24/2022 20:50,,,,5,,,,,60,3.66,263.52,,,,,,,,,,,,
24773,40.0280930v2,40,,18,3,,2/24/2022 21:16,,,,17,,,,,193,2.49,537.84,,,,,,,,,,,,
24774,10.0278859v1,10,,2,3,,2/25/2022 21:03,,,,42,,,,,500,2.41,1243.56,,,,,,,,,,,,
24775,920279989v1,920,1000,26,5,44652,3/1/2022 23:51,Distributor,newbusiness,7743117647,84,1.04,90,1150.8,1130,,,,,,,,,,,,,,,
24775,920280002v1,920,1000,26,5,44652,3/1/2022 23:51,Distributor,newbusiness,7743117647,84,1.04,90,1150.8,1130,,,,,,,,,,,,,,,
24775,920280926v1,920,100,26,5,44652,3/1/2022 23:51,Distributor,newbusiness,7743117647,9,1.04,90,214.8,194,,,,,,,,,,,,,,,
24775,920280927v1,920,100,26,5,44652,3/1/2022 23:51,Distributor,newbusiness,7743117647,9,1.04,90,214.8,194,,,,,,,,,,,,,,,
24776,46.0280979v2,46,,113,3,,2/25/2022 1:22,,,,10,,,,,120,2.58,340.56,,,,,,,,,,,,
24777,20.0280941v1,20,,11,3,,2/25/2022 16:34,,,,34,,,,,400,2.99,1255.8,,,,,,,,,,,,
24778,40.0281022v1,40,,18,4,,2/24/2022 22:44,,,,5,,,,,60,2.75,198,,,,,,,,,,,,
24779,10.0281043v1,10,,2,4,,2/25/2022 13:41,,,,13,,,,,150,2.41,404.88,,,,,,,,,,,,
24779,10.0281044v1,10,,2,4,,2/25/2022 13:41,,,,13,,,,,150,2.41,404.88,,,,,,,,,,,,
24780,10.0280573v1,10,,2,3,,2/28/2022 21:50,,,,30,,,,,360,2.41,896.52,,,,,,,,,,,,
24781,10.0240412v1,10,,2,3,,2/25/2022 15:55,,,,9,,,,,100,3.58,429.6,,,,,,,,,,,,
24782,920232657v3,920,500,26,5,44650,2/28/2022 22:31,Distributor,existingbusiness,8003301778,42,1.04,90,626.64,610,,,,,,,,,,,,,,,
24784,10.0279916v1,10,,2,3,,3/2/2022 0:28,,,,13,,,,,150,2.41,404.88,,,,,,,,,,,,
24785,10.0278195v3,10,,2,4,,2/25/2022 15:55,,,,5,,,,,60,2.58,185.76,,,,,,,,,,,,
24786,10.0222029v1,10,,2,4,,3/7/2022 16:55,,,,17,,,,,200,2.41,520.56,,,,,,,,,,,,
24787,10.0247476v1,10,,2,4,,3/7/2022 16:55,,,,17,,,,,200,2.41,520.56,,,,,,,,,,,,
24788,10.0247459v2,10,,2,4,,3/7/2022 16:55,,,,17,,,,,200,2.41,520.56,,,,,,,,,,,,
24789,10.0280977v1,10,,2,4,,2/25/2022 14:57,,,,5,,,,,60,2.58,185.76,,,,,,,,,,,,
24790,10.0276474v3,10,,2,3,,2/25/2022 20:01,,,,10,,,,,120,2.58,340.56,,,,,,,,,,,,
24792,40.0259980v2,40,,18,3,,2/25/2022 17:50,,,,17,,,,,200,2.49,537.84,,,,,,,,,,,,
24793,10.0281092v1,10,,2,3,,2/25/2022 15:55,,,,18,,,,,215,2.41,549.48,,,,,,,,,,,,
24794,10.0278825v2,10,,2,4,,2/28/2022 20:10,,,,63,,,,,750,1.91,1466.88,,,,,,,,,,,,
24795,40.0276186v3,40,,18,3,,2/25/2022 21:04,,,,10,,,,,120,2.66,351.12,,,,,,,,,,,,
24795,40.0276186v2,40,,18,3,,2/25/2022 21:04,,,,5,,,,,60,3.74,269.28,,,,,,,,,,,,
24796,10.0280342v3,10,,2,4,,2/25/2022 20:50,,,,7,,,,,73,2.58,247.68,,,,,,,,,,,,
24797,10.0278186v2,10,,2,4,,2/28/2022 16:32,,,,5,,,,,60,2.58,185.76,,,,,,,,,,,,
24797,10.0278187v1,10,,2,4,,2/28/2022 16:32,,,,5,,,,,60,2.58,185.76,,,,,,,,,,,,
24798,10.0280888v3,10,,2,4,,2/25/2022 21:52,,,,9,,,,,100,2.58,309.6,,,,,,,,,,,,
24799,10.0278582v5,10,,2,3,,2/25/2022 18:25,,,,50,,,,,600,2.16,1321.92,,,,,,,,,,,,
24800,10.0225572v1,10,,2,3,,2/25/2022 18:33,,,,20,,,,,240,2.41,607.32,,,,,,,,,,,,
24801,10.0281207v1,10,,2,3,,2/28/2022 17:21,,,,10,,,,,120,2.58,340.56,,,,,,,,,,,,
24802,46.0280282v2,46,,113,1,,2/25/2022 19:45,,,,9,,,,,106,2.56,307.2,,,,,,,,,,,,
24803,10.0280928v1,10,,2,3,,2/25/2022 19:05,,,,26,,,,,302,2.41,780.84,,,,,,,,,,,,
24804,910282175v1,910,500,64,5,44650,2/28/2022 22:36,Direct,existingbusiness,7493209731,42,0.76,90,482.16,470,,,,,,,,,,,,,,,
24805,40.0281222v2,40,,18,3,,2/25/2022 21:55,,,,6,,,,,72,3.74,314.16,,,,,,,,,,,,
24806,10.0381214v1,10,,2,3,,2/25/2022 20:11,,,,10,,,,,120,2.58,340.56,,,,,,,,,,,,
24808,44.0236033v1,44,,21,3,,3/1/2022 16:40,,,,44,,,,,525,2.49,1344.6,,,,,,,,,,,,
24809,12.0281046v1,12,,4,3,,2/25/2022 22:54,,,,10,,,,,120,2.33,307.56,,,,,,,,,,,,
24810,10.0281208v1,10,,2,3,,2/25/2022 22:55,,,,34,,,,,400,2.41,1012.2,,,,,,,,,,,,
24811,10.0280819v2,10,,2,3,,2/25/2022 22:06,,,,10,,,,,120,2.58,340.56,,,,,,,,,,,,
24812,10.0275152v5,10,,2,3,,2/24/2022 21:13,,,,10,,,,,120,2.58,340.56,,,,,,,,,,,,
24813,40.0213316v1,40,,18,1,,2/25/2022 13:44,,,,7,,,,,75,2.56,245.76,,,,,,,,,,,,
24814,10.0335231v1,10,,2,3,,2/25/2022 23:42,,,,6,,,,,62,3.66,307.44,,,,,,,,,,,,
24814,10.0235233v1,10,,2,3,,2/25/2022 23:42,,,,6,,,,,62,3.66,307.44,,,,,,,,,,,,
24815,10.0258884v1,10,,2,3,,2/28/2022 15:27,,,,50,,,,,600,2.16,1321.92,,,,,,,,,,,,
24817,40.0270410v1,40,,18,1,,2/28/2022 18:10,,,,10,,,,,120,2.23,294.36,,,,,,,,,,,,
24817,40.0265856v2,40,,18,1,,2/28/2022 18:10,,,,10,,,,,120,2.23,294.36,,,,,,,,,,,,
24819,10.0279832v1,10,,2,3,,2/26/2022 0:26,,,,43,,,,,505,2.41,1272.48,,,,,,,,,,,,
24820,10.0217965v3,10,,2,1,,3/2/2022 22:26,,,,7,,,,,75,2.56,245.76,,,,,,,,,,,,
24821,10.0259241v2,10,,2,3,,2/28/2022 21:59,,,,42,,,,,500,2.41,1243.56,,,,,,,,,,,,
24822,10.0272790v1,10,,2,4,,3/8/2022 14:41,,,,6,,,,,66,2.58,216.72,,,,,,,,,,,,
24823,44.0279890v1,44,,21,4,,2/27/2022 15:06,,,,10,,,,,120,2.75,363,,,,,,,,,,,,
24824,10.0280608v3,10,,2,4,,2/27/2022 17:20,,,,10,,,,,120,2.58,340.56,,,,,,,,,,,,
24825,10.0230871v1,10,,2,4,,2/28/2022 15:58,,,,5,,,,,60,2.58,185.76,,,,,,,,,,,,
24826,40.0380827v1,40,,18,4,,3/8/2022 20:33,,,,7,,,,,75,2.75,264,,,,,,,,,,,,
24826,40.0278174v1,40,,18,4,,3/8/2022 20:33,,,,7,,,,,75,2.75,264,,,,,,,,,,,,
24827,10.0274726v4,10,,2,3,,3/1/2022 14:31,,,,15,,,,,175,2.41,462.72,,,,,,,,,,,,
24828,10.0264753v1,10,,2,4,,2/28/2022 16:32,,,,5,,,,,60,2.58,185.76,,,,,,,,,,,,
24829,10.0280507v5,10,,2,4,,2/28/2022 16:34,,,,21,,,,,250,2.41,636.24,,,,,,,,,,,,
24830,10.0217887v1,10,,2,4,,2/28/2022 16:39,,,,8,,,,,90,2.58,278.64,,,,,,,,,,,,
24832,10.0277377v1,10,,2,1,,3/4/2022 17:04,,,,11,,,,,123,2.23,321.12,,,,,,,,,,,,
24833,10.0239483v1,10,,2,4,,2/28/2022 19:42,,,,5,,,,,60,2.58,185.76,,,,,,,,,,,,
24833,10.0239481v1,10,,2,4,,2/28/2022 19:42,,,,5,,,,,60,2.58,185.76,,,,,,,,,,,,
24834,10.0269605v1,10,,2,3,,2/28/2022 18:16,,,,100,,,,,1200,1.91,2314.92,,,,,,,,,,,,
24835,12.0281648v1,12,,4,3,,2/28/2022 18:01,,,,10,,,,,120,2.33,307.56,,,,,,,,,,,,
24836,10.0281340v2,10,,2,4,,2/28/2022 18:40,,,,5,,,,,60,2.58,185.76,,,,,,,,,,,,
24837,10.0257478v1,10,,2,1,,3/1/2022 15:43,,,,5,,,,,60,2.56,184.32,,,,,,,,,,,,
24837,10.0257483v2,10,,2,1,,3/1/2022 15:43,,,,5,,,,,60,2.56,184.32,,,,,,,,,,,,
24838,46.0281516v3,46,,113,3,,2/28/2022 19:51,,,,16,,,,,190,2.41,491.64,,,,,,,,,,,,
24838,40.0281526v3,40,,18,3,,2/28/2022 19:51,,,,16,,,,,186,2.49,507.96,,,,,,,,,,,,
24839,10.0281765v1,10,,2,4,,3/1/2022 17:25,,,,5,,,,,60,2.58,185.76,,,,,,,,,,,,
24840,40.0278736v1,40,,18,4,,3/1/2022 17:24,,,,6,,,,,70,2.75,231,,,,,,,,,,,,
24841,10.0279325v1,10,,2,4,,2/28/2022 21:24,,,,7,,,,,75,2.58,247.68,,,,,,,,,,,,
24842,10.0230072v5,10,,2,1,,3/3/2022 14:55,,,,17,,,,,200,1.96,423.36,,,,,,,,,,,,
24843,10.0232564v1,10,,2,4,,2/28/2022 22:00,,,,10,,,,,120,2.58,340.56,,,,,,,,,,,,
24844,10.0264783v1,10,,2,1,,3/1/2022 0:32,,,,5,,,,,60,2.56,184.32,,,,,,,,,,,,
24845,40.0263267v1,40,,18,3,,3/1/2022 0:10,,,,23,,,,,275,2.49,717.12,,,,,,,,,,,,
24846,10.0281401v1,10,,2,4,,3/1/2022 18:32,,,,21,,,,,250,2.41,636.24,,,,,,,,,,,,
24847,10.0227001v1,10,,2,3,,3/1/2022 13:23,,,,17,,,,,200,2.41,520.56,,,,,,,,,,,,
24848,10.0237180v2,10,,2,4,,3/7/2022 22:55,,,,50,,,,,600,2.16,1321.92,,,,,,,,,,,,
24849,10.0280859v3,10,,2,3,,3/3/2022 19:11,,,,34,,,,,400,2.41,1012.2,,,,,,,,,,,,
24850,10.0278579v3,10,,2,3,,3/8/2022 21:12,,,,125,,,,,1500,1.91,2887.92,,,,,,,,,,,,
24851,46.0281810v1,46,,113,1,,3/1/2022 17:41,,,,10,,,,,120,2.23,294.36,,,,,,,,,,,,
24852,10.0281204v4,10,,2,3,,3/2/2022 15:53,,,,5,,,,,60,3.66,263.52,,,,,,,,,,,,
24854,40.0213316v1,40,,18,3,,3/1/2022 13:23,,,,9,,,,,105,3.66,439.2,,,,,,,,,,,,
24855,40.0213316v1,40,,18,3,,3/2/2022 17:01,,,,9,,,,,105,3.66,439.2,,,,,,,,,,,,
24856,10.0281750v1,10,,2,3,,3/1/2022 14:28,,,,10,,,,,120,2.58,340.56,,,,,,,,,,,,
24857,10.0279118v4,10,,2,3,,2/24/2022 21:41,,,,10,,,,,120,2.58,340.56,,,,,,,,,,,,
24859,10.0280601v1,10,,2,3,,3/1/2022 15:00,,,,9,,,,,100,3.58,429.6,,,,,,,,,,,,
24860,10.0227001v1,10,,2,3,,3/1/2022 17:25,,,,15,,,,,180,2.41,462.72,,,,,,,,,,,,
24861,10.0276671v4,10,,2,3,,3/1/2022 19:27,,,,20,,,,,240,2.41,607.32,,,,,,,,,,,,
24862,40.0281899v1,40,,18,3,,3/1/2022 19:36,,,,21,,,,,250,2.49,657.36,,,,,,,,,,,,
24863,10.0276841v3,10,,2,4,,3/1/2022 17:35,,,,17,,,,,200,2.41,520.56,,,,,,,,,,,,
24864,10.0281915v1,10,,2,4,,3/1/2022 17:24,,,,100,,,,,1200,1.91,2314.92,,,,,,,,,,,,
24865,10.0280612v1,10,,2,4,,3/1/2022 23:38,,,,10,,,,,120,2.58,340.56,,,,,,,,,,,,
24866,10.0281919v1,10,,2,4,,3/1/2022 17:27,,,,5,,,,,60,2.58,185.76,,,,,,,,,,,,
24868,10.0280014v2,10,,2,3,,3/1/2022 21:21,,,,25,,,,,300,2.41,751.92,,,,,,,,,,,,
24870,10.0243052v1,10,,2,3,,3/1/2022 23:28,,,,21,,,,,250,2.41,636.24,,,,,,,,,,,,
24871,10.0280075v1,10,,2,3,,3/1/2022 19:56,,,,11,,,,,121,2.58,371.52,,,,,,,,,,,,
24872,10.0281735v2,10,,2,3,,3/1/2022 19:21,,,,10,,,,,120,2.58,340.56,,,,,,,,,,,,
24873,10.021127v4,10,,2,3,,3/1/2022 22:08,,,,5,,,,,60,3.66,263.52,,,,,,,,,,,,
24873,10.021127v2,10,,2,3,,3/1/2022 22:08,,,,5,,,,,60,3.66,263.52,,,,,,,,,,,,
24874,10.0233375v2,10,,2,1,,3/15/2022 16:37,,,,10,,,,,120,2.23,294.36,,,,,,,,,,,,
24876,10.0274520v2,10,,2,1,,3/8/2022 22:51,,,,5,,,,,60,2.56,184.32,,,,,,,,,,,,
24877,40.0274587v2,40,,18,1,,3/3/2022 22:57,,,,17,,,,,200,1.96,423.36,,,,,,,,,,,,
24877,40.0274587v1,40,,18,1,,3/3/2022 22:57,,,,17,,,,,200,1.96,423.36,,,,,,,,,,,,
24878,17.0272222v1,17,,9,3,,3/1/2022 23:37,,,,21,,,,,250,2.41,636.24,,,,,,,,,,,,
24879,40.0282228v1,40,,18,3,,3/9/2022 16:46,,,,17,,,,,200,2.49,537.84,,,,,,,,,,,,
24880,10.0281289v1,10,,2,3,,3/1/2022 23:34,,,,32,,,,,380,2.41,954.36,,,,,,,,,,,,
24881,10.0247736v2,10,,2,3,,4/1/2022 15:12,,,,10,,,,,120,2.58,340.56,,,,,,,,,,,,
24882,10.0281722v2,10,,2,3,,3/1/2022 23:24,,,,5,,,,,60,3.66,263.52,,,,,,,,,,,,
24883,10.0281037v1,10,,2,3,,3/4/2022 19:35,,,,5,,,,,60,3.66,263.52,,,,,,,,,,,,
24884,10.0276079v1,10,,2,3,,3/4/2022 17:43,,,,357,,,,,4280,1.62,6959.52,,,,,,,,,,,,
24885,10.0240003v2,10,,2,3,,3/2/2022 16:38,,,,46,,,,,548,2.16,1218.24,,,,,,,,,,,,
24886,10.0266300v4,10,,2,3,,3/2/2022 1:21,,,,10,,,,,120,2.58,340.56,,,,,,,,,,,,
24886,10.0266300v6,10,,2,3,,3/2/2022 1:21,,,,10,,,,,120,2.58,340.56,,,,,,,,,,,,
24887,10.0225005v8,10,,2,4,,3/2/2022 14:13,,,,5,,,,,60,2.58,185.76,,,,,,,,,,,,
24887,10.0225005v7,10,,2,4,,3/2/2022 14:13,,,,5,,,,,60,2.58,185.76,,,,,,,,,,,,
24888,40.0281670v2,40,,18,1,,3/2/2022 19:46,,,,10,,,,,120,2.23,294.36,,,,,,,,,,,,
24889,10.0228780v3,10,,2,3,,3/2/2022 16:36,,,,34,,,,,400,2.41,1012.2,,,,,,,,,,,,
24890,10.0282049v1,10,,2,4,,3/2/2022 14:45,,,,8,,,,,85,2.58,278.64,,,,,,,,,,,,
24891,10.0282074v1,10,,2,1,,3/10/2022 15:53,,,,30,,,,,360,1.96,729.12,,,,,,,,,,,,
24892,10.0273161v1,10,,2,1,,3/2/2022 18:53,,,,5,,,,,60,2.56,184.32,,,,,,,,,,,,
24893,10.0272614v7,10,,2,3,,3/2/2022 16:21,,,,5,,,,,60,3.66,263.52,,,,,,,,,,,,
24894,10.0280501v3,10,,2,3,,3/2/2022 18:28,,,,42,,,,,500,2.41,1243.56,,,,,,,,,,,,
24895,10.0282174v1,10,,2,3,,3/2/2022 15:43,,,,10,,,,,120,2.58,340.56,,,,,,,,,,,,
24896,10.0282106v1,10,,2,3,,3/2/2022 20:33,,,,100,,,,,1200,1.91,2314.92,,,,,,,,,,,,
24897,10.0232805v1,10,,2,3,,3/2/2022 20:34,,,,30,,,,,360,2.41,896.52,,,,,,,,,,,,
24898,10.0226512v1,10,,2,1,,3/2/2022 17:06,,,,5,,,,,60,2.56,184.32,,,,,,,,,,,,
24899,40.0282249v1,40,,18,4,,3/3/2022 13:28,,,,5,,,,,60,2.75,198,,,,,,,,,,,,
24900,46.0282257v1,46,,113,1,,3/2/2022 17:08,,,,40,,,,,480,1.96,964.32,,,,,,,,,,,,
24901,10.0282227v1,10,,2,1,,3/2/2022 17:23,,,,5,,,,,60,2.56,184.32,,,,,,,,,,,,
24902,10.0223043v1,10,,2,1,,3/2/2022 17:32,,,,20,,,,,240,1.96,493.92,,,,,,,,,,,,
24903,10.0278273v2,10,,2,3,,3/2/2022 22:07,,,,10,,,,,120,2.58,340.56,,,,,,,,,,,,
24903,10.0278269v2,10,,2,3,,3/2/2022 22:07,,,,10,,,,,120,2.58,340.56,,,,,,,,,,,,
24905,46.0282268v1,46,,113,1,,3/4/2022 14:45,,,,5,,,,,60,2.56,184.32,,,,,,,,,,,,
24906,10.0282261v1,10,,2,4,,3/2/2022 19:04,,,,5,,,,,60,2.58,185.76,,,,,,,,,,,,
24907,10.0279775v1,10,,2,3,,3/3/2022 22:33,,,,100,,,,,1200,1.91,2314.92,,,,,,,,,,,,
24908,10.0231011v1,10,,2,3,,3/3/2022 23:05,,,,18,,,,,210,2.41,549.48,,,,,,,,,,,,
24909,10.0282015v1,10,,2,4,,3/3/2022 16:51,,,,7,,,,,75,2.58,247.68,,,,,,,,,,,,
24910,10.0249996v4,10,,2,1,,3/2/2022 20:34,,,,5,,,,,60,2.56,184.32,,,,,,,,,,,,
24911,10.0246170v1,10,,2,1,,3/2/2022 21:53,,,,6,,,,,65,2.56,215.04,,,,,,,,,,,,
24912,10.0279067v1,10,,2,1,,3/2/2022 21:24,,,,9,,,,,101,2.56,307.2,,,,,,,,,,,,
24913,10.0474614v2,10,,2,1,,3/3/2022 16:56,,,,11,,,,,122,2.23,321.12,,,,,,,,,,,,
24913,10.0278585v1,10,,2,1,,3/3/2022 16:56,,,,11,,,,,122,2.23,321.12,,,,,,,,,,,,
24914,10.0253125v1,10,,2,4,,3/2/2022 21:51,,,,14,,,,,160,2.41,433.8,,,,,,,,,,,,
24915,10.0266597v2,10,,2,3,,3/2/2022 21:54,,,,30,,,,,360,2.41,896.52,,,,,,,,,,,,
24916,10.0282310v1,10,,2,1,,3/3/2022 16:53,,,,13,,,,,150,1.96,329.28,,,,,,,,,,,,
24917,10.0277197v1,10,,2,1,,3/3/2022 16:49,,,,10,,,,,120,2.23,294.36,,,,,,,,,,,,
24918,40.0213316v1,40,,18,3,,3/3/2022 16:52,,,,9,,,,,105,3.66,439.2,,,,,,,,,,,,
24919,10.0282301v1,10,,2,1,,3/3/2022 16:47,,,,21,,,,,250,1.96,517.44,,,,,,,,,,,,
24920,910282382v4,910,500,25,5,44657,3/8/2022 0:54,Direct,existingbusiness,7799711233,42,0.76,90,482.16,470,,,,,,,,,,,,,,,
24921,10.0249770v1,10,,2,4,,3/7/2022 16:23,,,,5,,,,,60,2.58,185.76,,,,,,,,,,,,
24922,10.0263320v1,10,,2,3,,5/2/2022 17:44,,,,200,,,,,2400,1.62,3907.44,,,,,,,,,,,,
24923,10.0281756v1,10,,2,3,,3/3/2022 14:07,,,,18,,,,,205,2.41,549.48,,,,,,,,,,,,
24924,10.0278674v1,10,,2,3,,3/8/2022 16:01,,,,10,,,,,120,2.58,340.56,,,,,,,,,,,,
24925,10.0224743v2,10,,2,4,,3/3/2022 18:53,,,,5,,,,,60,2.58,185.76,,,,,,,,,,,,
24926,12.0274755v1,12,,4,3,,3/9/2022 20:16,,,,10,,,,,120,2.33,307.56,,,,,,,,,,,,
24927,10.0280156v1,10,,2,3,,3/3/2022 17:24,,,,13,,,,,150,2.41,404.88,,,,,,,,,,,,
24928,10.0279042v4,10,,2,3,,3/3/2022 17:20,,,,30,,,,,360,2.41,896.52,,,,,,,,,,,,
24929,10.0281846v2,10,,2,3,,3/3/2022 22:58,,,,18,,,,,210,2.41,549.48,,,,,,,,,,,,
24929,10.0281856v2,10,,2,3,,3/3/2022 22:58,,,,18,,,,,210,2.41,549.48,,,,,,,,,,,,
24929,10.0282425v2,10,,2,3,,3/3/2022 22:58,,,,18,,,,,210,2.41,549.48,,,,,,,,,,,,
24929,10.0281846v1,10,,2,3,,3/3/2022 22:58,,,,18,,,,,210,2.41,549.48,,,,,,,,,,,,
24929,10.0282425v1,10,,2,3,,3/3/2022 22:58,,,,18,,,,,210,2.41,549.48,,,,,,,,,,,,
24929,10.0281856v1,10,,2,3,,3/3/2022 22:58,,,,18,,,,,210,2.41,549.48,,,,,,,,,,,,
24930,10.0231445v1,10,,2,3,,3/3/2022 19:38,,,,24,,,,,284,2.41,723,,,,,,,,,,,,
24931,10.0247890v1,10,,2,4,,3/3/2022 18:07,,,,30,,,,,360,2.41,896.52,,,,,,,,,,,,
24934,10.0230456v2,10,,2,3,,3/3/2022 21:28,,,,42,,,,,500,2.41,1243.56,,,,,,,,,,,,
24935,17.0282051v1,17,,9,3,,3/4/2022 17:35,,,,13,,,,,150,2.41,404.88,,,,,,,,,,,,
24936,10.0280792v1,10,,2,3,,3/7/2022 16:33,,,,10,,,,,120,2.58,340.56,,,,,,,,,,,,
24937,40.0281754v1,40,,18,3,,3/8/2022 18:27,,,,20,,,,,240,2.49,627.48,,,,,,,,,,,,
24938,10.0282472v1,10,,2,3,,3/3/2022 19:31,,,,25,,,,,300,2.41,751.92,,,,,,,,,,,,
24938,10.0282473v1,10,,2,3,,3/3/2022 19:31,,,,17,,,,,200,2.41,520.56,,,,,,,,,,,,
24939,44.0281300v1,44,,21,1,,3/4/2022 0:30,,,,80,,,,,950,1.79,1739.88,,,,,,,,,,,,
24940,44.0281828v1,44,,21,3,,3/4/2022 22:26,,,,20,,,,,240,2.49,627.48,,,,,,,,,,,,
24940,44.0281921v2,44,,21,3,,3/4/2022 22:26,,,,10,,,,,120,2.66,351.12,,,,,,,,,,,,
24940,44.0281920v1,44,,21,3,,3/4/2022 22:26,,,,10,,,,,120,2.66,351.12,,,,,,,,,,,,
24940,44.0281918v1,44,,21,3,,3/4/2022 22:26,,,,10,,,,,120,2.66,351.12,,,,,,,,,,,,
24940,44.0281917v1,44,,21,3,,3/4/2022 22:26,,,,10,,,,,120,2.66,351.12,,,,,,,,,,,,
24941,40.0281598v2,40,,18,3,,3/4/2022 1:29,,,,10,,,,,120,2.66,351.12,,,,,,,,,,,,
24942,40.0282266v2,40,,18,3,,3/3/2022 19:57,,,,17,,,,,200,2.49,537.84,,,,,,,,,,,,
24943,10.0282011v1,10,,2,1,,4/11/2022 18:43,,,,10,,,,,120,2.23,294.36,,,,,,,,,,,,
24945,10.0242619v2,10,,2,1,,3/3/2022 22:57,,,,5,,,,,60,2.56,184.32,,,,,,,,,,,,
24945,10.0242627v2,10,,2,1,,3/3/2022 22:57,,,,5,,,,,60,2.56,184.32,,,,,,,,,,,,
24946,10.0279353v2,10,,2,4,,3/4/2022 21:39,,,,5,,,,,60,2.58,185.76,,,,,,,,,,,,
24947,40.0213316v1,40,,18,3,,3/3/2022 21:08,,,,9,,,,,105,3.66,439.2,,,,,,,,,,,,
24948,10.0282505v1,10,,2,3,,3/3/2022 21:22,,,,10,,,,,110,2.58,340.56,,,,,,,,,,,,
24949,44.0267703v1,44,,21,4,,3/7/2022 14:53,,,,5,,,,,60,2.75,198,,,,,,,,,,,,
24950,10.0277655v1,10,,2,4,,3/3/2022 21:44,,,,10,,,,,120,2.58,340.56,,,,,,,,,,,,
24950,10.0277452v1,10,,2,4,,3/3/2022 21:44,,,,10,,,,,120,2.58,340.56,,,,,,,,,,,,
24950,10.0277453v1,10,,2,4,,3/3/2022 21:44,,,,5,,,,,60,2.58,185.76,,,,,,,,,,,,
24951,10.0276946v3,10,,2,3,,3/3/2022 21:55,,,,10,,,,,120,2.58,340.56,,,,,,,,,,,,
24952,10.0282014v1,10,,2,1,,3/4/2022 17:40,,,,42,,,,,500,1.96,1011.36,,,,,,,,,,,,
24953,10.0279095v1,10,,2,3,,3/4/2022 16:56,,,,42,,,,,500,2.41,1243.56,,,,,,,,,,,,
24954,10.0280534v1,10,,2,1,,3/7/2022 18:10,,,,10,,,,,120,2.23,294.36,,,,,,,,,,,,
24955,10.0274621v2,10,,2,3,,3/4/2022 18:19,,,,10,,,,,120,2.58,340.56,,,,,,,,,,,,
24956,10.0327394v1,10,,2,3,,3/4/2022 17:36,,,,167,,,,,2000,1.91,3850.56,,,,,,,,,,,,
24957,10.0258859v2,10,,2,1,,3/9/2022 22:46,,,,11,,,,,130,2.23,321.12,,,,,,,,,,,,
24958,10.0218471v12,10,,2,1,,3/9/2022 15:57,,,,3,,,,,32,2.56,122.88,,,,,,,,,,,,
24960,10.0238665v1,10,,2,3,,3/4/2022 16:22,,,,38,,,,,456,2.41,1127.88,,,,,,,,,,,,
24961,10.0269036v1,10,,2,3,,3/4/2022 17:22,,,,30,,,,,360,2.41,896.52,,,,,,,,,,,,
24962,40.0276742v1,40,,18,4,,3/4/2022 4:41,,,,15,,,,,180,2.58,495.36,,,,,,,,,,,,
24963,10.0233313v1,10,,2,1,,3/4/2022 18:43,,,,7,,,,,80,2.56,245.76,,,,,,,,,,,,
24964,11.0282335v1,11,,3,3,,3/4/2022 17:23,,,,21,,,,,250,2.58,681.12,,,,,,,,,,,,
24964,40.0282334v2,40,,18,3,,3/4/2022 17:23,,,,11,,,,,125,2.66,383.04,,,,,,,,,,,,
24965,10.0282629v1,10,,2,1,,3/8/2022 20:19,,,,10,,,,,117,2.56,337.92,,,,,,,,,,,,
24966,10.0282644v2,10,,2,3,,3/4/2022 17:35,,,,5,,,,,60,3.66,263.52,,,,,,,,,,,,
24968,10.0281758v1,10,,2,1,,3/4/2022 17:18,,,,42,,,,,500,1.96,1011.36,,,,,,,,,,,,
24969,40.0282725v1,40,,18,3,,3/8/2022 18:47,,,,5,,,,,60,3.74,269.28,,,,,,,,,,,,
24971,10.0233247v1,10,,2,1,,3/11/2022 18:51,,,,50,,,,,600,1.88,1150.56,,,,,,,,,,,,
24972,10.0282662v1,10,,2,3,,3/4/2022 17:34,,,,6,,,,,62,3.66,307.44,,,,,,,,,,,,
24973,40.0280869v1,40,,18,3,,3/4/2022 23:54,,,,10,,,,,120,2.66,351.12,,,,,,,,,,,,
24974,10.029026v1,10,,2,1,,3/4/2022 21:05,,,,10,,,,,120,2.23,294.36,,,,,,,,,,,,
24975,10.0269269v1,10,,2,3,,3/4/2022 18:48,,,,10,,,,,120,2.58,340.56,,,,,,,,,,,,
24976,10.0282035v1,10,,2,3,,3/4/2022 21:48,,,,20,,,,,240,2.41,607.32,,,,,,,,,,,,
24978,10.0282836v1,10,,2,3,,3/4/2022 19:47,,,,10,,,,,120,2.58,340.56,,,,,,,,,,,,
24979,46.0282620v1,46,,113,1,,3/8/2022 19:38,,,,155,,,,,1850,1.71,3201.12,,,,,,,,,,,,
24980,10.0274881v2,10,,2,4,,3/4/2022 19:41,,,,15,,,,,175,2.41,462.72,,,,,,,,,,,,
24981,10.0278119v3,10,,2,4,,3/4/2022 20:27,,,,5,,,,,60,2.58,185.76,,,,,,,,,,,,
24982,10.0277324v2,10,,2,3,,3/4/2022 21:02,,,,10,,,,,120,2.58,340.56,,,,,,,,,,,,
24983,10.0219958v2,10,,2,1,,3/8/2022 17:57,,,,10,,,,,120,2.23,294.36,,,,,,,,,,,,
24984,10.0282317v2,10,,2,3,,3/7/2022 18:07,,,,10,,,,,120,2.58,340.56,,,,,,,,,,,,
24985,10.0382172v1,10,,2,4,,3/4/2022 20:42,,,,5,,,,,60,2.58,185.76,,,,,,,,,,,,
24986,10.0282595v1,10,,2,3,,3/4/2022 20:48,,,,10,,,,,120,2.58,340.56,,,,,,,,,,,,
24987,10.0276201v1,10,,2,3,,3/4/2022 21:29,,,,13,,,,,150,2.41,404.88,,,,,,,,,,,,
24988,10.0281849v2,10,,2,3,,3/4/2022 22:13,,,,10,,,,,120,2.58,340.56,,,,,,,,,,,,
24989,10.0280047v2,10,,2,4,,3/4/2022 22:01,,,,7,,,,,80,2.58,247.68,,,,,,,,,,,,
24990,10.0282835v1,10,,2,4,,3/4/2022 22:05,,,,84,,,,,1000,1.91,1948.2,,,,,,,,,,,,
24991,10.0282825v2,10,,2,4,,3/4/2022 22:17,,,,84,,,,,1000,1.91,1948.2,,,,,,,,,,,,
24992,10.0282423v1,10,,2,1,,3/14/2022 17:07,,,,10,,,,,120,2.23,294.36,,,,,,,,,,,,
24993,10.0281812v1,10,,2,4,,3/5/2022 0:15,,,,7,,,,,75,2.58,247.68,,,,,,,,,,,,
24994,10.0282621v1,10,,2,4,,3/4/2022 23:26,,,,5,,,,,60,2.58,185.76,,,,,,,,,,,,
24995,10.0279637v1,10,,2,3,,3/5/2022 0:08,,,,10,,,,,120,2.58,340.56,,,,,,,,,,,,
24995,10.0279638v1,10,,2,3,,3/5/2022 0:08,,,,10,,,,,120,2.58,340.56,,,,,,,,,,,,
24997,10.0271726v2,10,,2,3,,3/7/2022 14:43,,,,7,,,,,75,3.66,351.36,,,,,,,,,,,,
24997,12.0273472v1,12,,4,3,,3/7/2022 14:43,,,,7,,,,,75,3.41,327.36,,,,,,,,,,,,
24999,17.0274748v1,17,,9,1,,3/7/2022 23:33,,,,14,,,,,168,1.96,352.8,,,,,,,,,,,,
25000,12.0282917v1,12,,4,1,,3/5/2022 2:00,,,,14,,,,,160,1.55,279,,,,,,,,,,,,
25001,40.0282457v2,40,,18,3,,3/8/2022 18:24,,,,10,,,,,120,2.66,351.12,,,,,,,,,,,,
25002,10.0282939v1,10,,2,4,,3/7/2022 21:09,,,,125,,,,,1500,1.91,2887.92,,,,,,,,,,,,
25003,10.0226152v1,10,,2,3,,3/9/2022 17:26,,,,12,,,,,135,2.41,375.96,,,,,,,,,,,,
25003,10.0226151v1,10,,2,3,,3/9/2022 17:26,,,,12,,,,,135,2.41,375.96,,,,,,,,,,,,
25004,12.0267255v1,12,,4,4,,3/7/2022 16:03,,,,5,,,,,60,2.83,203.76,,,,,,,,,,,,
25004,12.0267256v1,12,,4,4,,3/7/2022 16:03,,,,5,,,,,60,2.83,203.76,,,,,,,,,,,,
25005,10.0279633v3,10,,2,1,,3/7/2022 16:11,,,,30,,,,,360,1.96,729.12,,,,,,,,,,,,
25006,10.0278354v1,10,,2,4,,3/7/2022 16:48,,,,10,,,,,120,2.58,340.56,,,,,,,,,,,,
25007,40.0213316v1,40,,18,1,,3/7/2022 16:47,,,,18,,,,,205,1.96,446.88,,,,,,,,,,,,
25008,10.0282886v1,10,,2,4,,3/7/2022 16:52,,,,10,,,,,120,2.58,340.56,,,,,,,,,,,,
25009,40.0213316v1,40,,18,1,,3/7/2022 17:06,,,,9,,,,,105,2.56,307.2,,,,,,,,,,,,
25010,40.0280920v1,40,,18,4,,3/7/2022 17:56,,,,10,,,,,120,2.75,363,,,,,,,,,,,,
25012,10.0280580v1,10,,2,4,,3/7/2022 20:29,,,,5,,,,,60,2.58,185.76,,,,,,,,,,,,
25013,10.0282942v1,10,,2,4,,3/7/2022 18:52,,,,5,,,,,60,2.58,185.76,,,,,,,,,,,,
25014,10.0282076v3,10,,2,4,,3/7/2022 21:02,,,,6,,,,,61,2.58,216.72,,,,,,,,,,,,
25015,10.0282932v1,10,,2,1,,3/7/2022 21:07,,,,22,,,,,260,1.96,540.96,,,,,,,,,,,,
25016,10.0279751v1,10,,2,1,,3/8/2022 16:55,,,,25,,,,,300,1.96,611.52,,,,,,,,,,,,
25017,10.0231293v1,10,,2,3,,3/7/2022 19:44,,,,6,,,,,70,3.66,307.44,,,,,,,,,,,,
25018,40.0224568v2,40,,18,1,,3/7/2022 22:09,,,,875,,,,,10500,1.52,15978.24,,,,,,,,,,,,
25019,17.0272505v1,17,,9,4,,3/7/2022 20:37,,,,10,,,,,120,2.58,340.56,,,,,,,,,,,,
25019,17.0382937v1,17,,9,4,,3/7/2022 20:37,,,,10,,,,,120,2.58,340.56,,,,,,,,,,,,
25020,10.0220092v3,10,,2,4,,3/7/2022 20:42,,,,13,,,,,150,2.41,404.88,,,,,,,,,,,,
25021,10.0283102v2,10,,2,1,,3/7/2022 21:08,,,,25,,,,,300,1.96,611.52,,,,,,,,,,,,
25022,10.0278097v6,10,,2,1,,3/7/2022 22:13,,,,17,,,,,193,1.96,423.36,,,,,,,,,,,,
25024,10.0282985v1,10,,2,1,,3/7/2022 21:11,,,,25,,,,,300,1.96,611.52,,,,,,,,,,,,
25025,15.0262612v1,15,,7,3,,3/7/2022 22:50,,,,10,,,,,120,3.7,488.4,,,,,,,,,,,,
25026,44.0282557v2,44,,21,1,,3/11/2022 0:05,,,,10,,,,,120,2.23,294.36,,,,,,,,,,,,
25028,10.0282484v2,10,,2,1,,3/7/2022 23:12,,,,21,,,,,250,1.96,517.44,,,,,,,,,,,,
25029,10.0220564v1,10,,2,3,,3/8/2022 15:29,,,,20,,,,,240,2.41,607.32,,,,,,,,,,,,
25030,40.0277698v1,40,,18,4,,3/8/2022 0:14,,,,8,,,,,90,2.75,297,,,,,,,,,,,,
25031,10.0280012v1,10,,2,3,,3/8/2022 15:35,,,,45,,,,,535,2.41,1330.32,,,,,,,,,,,,
25032,10.0283151v1,10,,2,1,,3/8/2022 16:50,,,,96,,,,,1150,1.79,2083.56,,,,,,,,,,,,
25033,10.0278409v1,10,,2,1,,3/9/2022 22:49,,,,25,,,,,300,1.96,611.52,,,,,,,,,,,,
25034,10.0282286v1,10,,2,1,,3/8/2022 2:26,,,,42,,,,,500,1.96,1011.36,,,,,,,,,,,,
25035,17.0282690v1,17,,9,3,,3/8/2022 3:43,,,,14,,,,,168,2.41,433.8,,,,,,,,,,,,
25035,17.0282689v1,17,,9,3,,3/8/2022 3:43,,,,14,,,,,168,2.41,433.8,,,,,,,,,,,,
25036,10.0282760v2,10,,2,1,,3/8/2022 15:02,,,,7,,,,,83,2.56,245.76,,,,,,,,,,,,
25037,10.0223006v2,10,,2,1,,3/8/2022 15:03,,,,11,,,,,130,2.23,321.12,,,,,,,,,,,,
25038,40.0282241v2,40,,18,1,,3/8/2022 17:17,,,,1292,,,,,15500,1.52,23584.32,,,,,,,,,,,,
25039,10.0281769v1,10,,2,4,,3/8/2022 17:49,,,,5,,,,,60,2.58,185.76,,,,,,,,,,,,
25040,10.0215228v1,10,,2,3,,3/8/2022 16:45,,,,20,,,,,240,2.41,607.32,,,,,,,,,,,,
25041,40.0277174v2,40,,18,1,,3/8/2022 16:28,,,,5,,,,,60,2.56,184.32,,,,,,,,,,,,
25042,10.0282999v1,10,,2,3,,3/8/2022 17:16,,,,13,,,,,155,2.41,404.88,,,,,,,,,,,,
25043,10.0283167v2,10,,2,3,,3/8/2022 22:01,,,,60,,,,,720,1.91,1398.12,,,,,,,,,,,,
25044,10.0239926v7,10,,2,1,,3/8/2022 19:02,,,,72,,,,,860,1.79,1568.04,,,,,,,,,,,,
25045,40.0264253v2,40,,18,3,,3/9/2022 14:14,,,,100,,,,,1200,1.99,2411.88,,,,,,,,,,,,
25046,10.0283122v1,10,,2,3,,3/8/2022 19:02,,,,10,,,,,120,2.58,340.56,,,,,,,,,,,,
25047,12.0283204v2,12,,4,4,,3/10/2022 15:20,,,,5,,,,,60,2.83,203.76,,,,,,,,,,,,
25047,12.0283205v2,12,,4,4,,3/10/2022 15:20,,,,5,,,,,60,2.83,203.76,,,,,,,,,,,,
25048,10.0283098v2,10,,2,3,,3/9/2022 11:45,,,,5,,,,,60,3.66,263.52,,,,,,,,,,,,
25049,10.0280826v1,10,,2,3,,3/9/2022 0:31,,,,13,,,,,145,2.41,404.88,,,,,,,,,,,,
25050,10.0234000v2,10,,2,1,,3/10/2022 1:01,,,,6,,,,,63,2.56,215.04,,,,,,,,,,,,
25051,46.0278758v1,46,,113,1,,3/9/2022 16:54,,,,10,,,,,120,2.23,294.36,,,,,,,,,,,,
25051,40.0278549v2,40,,18,1,,3/9/2022 16:54,,,,10,,,,,120,2.23,294.36,,,,,,,,,,,,
25051,10.0278545v3,10,,2,1,,3/9/2022 16:54,,,,10,,,,,120,2.23,294.36,,,,,,,,,,,,
25052,10.0381634v1,10,,2,3,,3/10/2022 15:10,,,,10,,,,,120,2.58,340.56,,,,,,,,,,,,
25053,10.0282543v2,10,,2,1,,3/8/2022 22:54,,,,34,,,,,400,1.96,823.2,,,,,,,,,,,,
25055,11.0283133v4,11,,3,3,,3/8/2022 19:47,,,,17,,,,,200,2.58,557.28,,,,,,,,,,,,
25056,10.0283105v1,10,,2,3,,3/8/2022 19:43,,,,10,,,,,120,2.58,340.56,,,,,,,,,,,,
25057,10.0250842v1,10,,2,1,,3/8/2022 20:21,,,,21,,,,,250,1.96,517.44,,,,,,,,,,,,
25057,10.0250841v1,10,,2,1,,3/8/2022 20:21,,,,21,,,,,250,1.96,517.44,,,,,,,,,,,,
25058,10.0283230v1,10,,2,1,,3/9/2022 11:43,,,,9,,,,,100,2.56,307.2,,,,,,,,,,,,
25058,10.0283227v1,10,,2,1,,3/9/2022 11:43,,,,9,,,,,100,2.56,307.2,,,,,,,,,,,,
25059,10.0236940v2,10,,2,1,,3/8/2022 20:38,,,,5,,,,,60,2.56,184.32,,,,,,,,,,,,
25060,10.0283267v1,10,,2,3,,3/8/2022 21:27,,,,11,,,,,125,2.58,371.52,,,,,,,,,,,,
25061,10.0283308v1,10,,2,1,,3/8/2022 21:13,,,,5,,,,,60,2.56,184.32,,,,,,,,,,,,
25063,10.0279538v1,10,,2,3,,3/9/2022 19:38,,,,5,,,,,60,3.66,263.52,,,,,,,,,,,,
25064,10.0281711v1,10,,2,3,,3/8/2022 21:55,,,,21,,,,,250,2.41,636.24,,,,,,,,,,,,
25066,46.0283270v2,46,,113,4,,3/9/2022 11:40,,,,6,,,,,72,2.58,216.72,,,,,,,,,,,,
25067,10.0267087v1,10,,2,3,,3/9/2022 11:40,,,,250,,,,,3000,1.62,4879.44,,,,,,,,,,,,
25067,10.0267086v1,10,,2,3,,3/9/2022 11:40,,,,250,,,,,3000,1.62,4879.44,,,,,,,,,,,,
25068,10.0279712v4,10,,2,3,,3/9/2022 0:18,,,,12,,,,,144,2.41,375.96,,,,,,,,,,,,
25069,10.0283138v1,10,,2,3,,3/9/2022 7:37,,,,22,,,,,257,2.41,665.16,,,,,,,,,,,,
25070,10.0283593v1,10,,2,3,,3/10/2022 19:29,,,,42,,,,,500,2.41,1243.56,,,,,,,,,,,,
25070,10.0282345v1,10,,2,3,,3/10/2022 19:29,,,,42,,,,,500,2.41,1243.56,,,,,,,,,,,,
25072,10.0237389v1,10,,2,3,,3/9/2022 17:01,,,,21,,,,,250,2.41,636.24,,,,,,,,,,,,
25073,10.0281600v2,10,,2,3,,3/9/2022 2:15,,,,5,,,,,60,3.66,263.52,,,,,,,,,,,,
25074,10.0282301v2,10,,2,3,,3/10/2022 16:51,,,,417,,,,,5000,1.62,8125.92,,,,,,,,,,,,
25075,10.0269269v1,10,,2,1,,3/9/2022 1:09,,,,10,,,,,120,2.23,294.36,,,,,,,,,,,,
25076,10.0283362v1,10,,2,3,,3/9/2022 1:18,,,,6,,,,,70,3.66,307.44,,,,,,,,,,,,
25077,10.0267075v7,10,,2,1,,3/10/2022 0:55,,,,13,,,,,150,1.96,329.28,,,,,,,,,,,,
25080,40.0283353v1,40,,18,1,,3/9/2022 14:23,,,,5,,,,,60,2.56,184.32,,,,,,,,,,,,
25081,17.0283208v2,17,,9,3,,3/10/2022 18:29,,,,10,,,,,120,2.58,340.56,,,,,,,,,,,,
25082,10.0257712v8,10,,2,4,,3/14/2022 18:15,,,,5,,,,,60,2.58,185.76,,,,,,,,,,,,
25083,10.0227919v2,10,,2,3,,3/9/2022 16:53,,,,10,,,,,120,2.58,340.56,,,,,,,,,,,,
25085,10.0282033v3,10,,2,3,,3/10/2022 0:45,,,,42,,,,,500,2.41,1243.56,,,,,,,,,,,,
25087,10.0283405v1,10,,2,1,,3/9/2022 18:39,,,,5,,,,,60,2.56,184.32,,,,,,,,,,,,
25088,10.0275522v2,10,,2,3,,3/15/2022 21:50,,,,10,,,,,120,2.58,340.56,,,,,,,,,,,,
25088,10.0275526v2,10,,2,3,,3/15/2022 21:50,,,,10,,,,,120,2.58,340.56,,,,,,,,,,,,
25088,14.0676308v4,14,,6,3,,3/15/2022 21:50,,,,17,,,,,200,1.45,313.2,,,,,,,,,,,,
25088,13.0576306v4,13,,5,3,,3/15/2022 21:50,,,,17,,,,,200,1.45,313.2,,,,,,,,,,,,
25088,10.0275527v2,10,,2,3,,3/15/2022 21:50,,,,10,,,,,120,2.58,340.56,,,,,,,,,,,,
25088,10.0476322v2,10,,2,3,,3/15/2022 21:50,,,,10,,,,,120,2.58,340.56,,,,,,,,,,,,
25089,10.0283129v1,10,,2,3,,3/9/2022 19:27,,,,30,,,,,360,2.41,896.52,,,,,,,,,,,,
25090,10.0280445v3,10,,2,4,,3/9/2022 19:22,,,,5,,,,,60,2.58,185.76,,,,,,,,,,,,
25093,10.0283581v1,10,,2,1,,3/9/2022 20:53,,,,7,,,,,80,2.56,245.76,,,,,,,,,,,,
25094,10.0283401v1,10,,2,3,,3/9/2022 22:05,,,,15,,,,,170,2.41,462.72,,,,,,,,,,,,
25095,10.024479v1,10,,2,3,,3/10/2022 1:58,,,,13,,,,,150,2.41,404.88,,,,,,,,,,,,
25097,12.0183801v1,12,,4,3,,3/14/2022 15:58,,,,21,,,,,250,2.16,570.24,,,,,,,,,,,,
25097,12.0284922v3,12,,4,3,,3/14/2022 15:58,,,,5,,,,,60,3.41,245.52,,,,,,,,,,,,
25097,12.0284922v1,12,,4,3,,3/14/2022 15:58,,,,5,,,,,60,3.41,245.52,,,,,,,,,,,,
25097,12.0183807v1,12,,4,3,,3/14/2022 15:58,,,,21,,,,,250,2.16,570.24,,,,,,,,,,,,
25097,12.0183799v1,12,,4,3,,3/14/2022 15:58,,,,21,,,,,250,2.16,570.24,,,,,,,,,,,,
25098,10.0283539v1,10,,2,3,,3/10/2022 19:46,,,,92,,,,,1100,1.91,2131.56,,,,,,,,,,,,
25099,10.0283633v2,10,,2,3,,3/9/2022 23:53,,,,21,,,,,250,2.41,636.24,,,,,,,,,,,,
25100,10.0282122v1,10,,2,3,,3/10/2022 14:26,,,,70,,,,,840,1.91,1627.32,,,,,,,,,,,,
25101,10.0283550v1,10,,2,3,,3/10/2022 14:21,,,,7,,,,,75,3.66,351.36,,,,,,,,,,,,
25102,40.0283117v1,40,,18,1,,3/11/2022 17:35,,,,59,,,,,700,1.88,1353.6,,,,,,,,,,,,
25104,10.0217213v1,10,,2,4,,3/10/2022 0:56,,,,10,,,,,120,2.58,340.56,,,,,,,,,,,,
25104,10.0217211v1,10,,2,4,,3/10/2022 0:56,,,,10,,,,,120,2.58,340.56,,,,,,,,,,,,
25104,10.0217212v3,10,,2,4,,3/10/2022 0:56,,,,10,,,,,120,2.58,340.56,,,,,,,,,,,,
25106,10.0283741v1,10,,2,4,,3/16/2022 18:20,,,,5,,,,,60,2.58,185.76,,,,,,,,,,,,
25107,10.0283068v2,10,,2,3,,3/10/2022 20:25,,,,60,,,,,720,1.91,1398.12,,,,,,,,,,,,
25107,13.0583430v1,13,,5,3,,3/10/2022 20:25,,,,17,,,,,200,1.45,313.2,,,,,,,,,,,,
25108,10.0283224v1,10,,2,1,,3/10/2022 3:53,,,,5,,,,,60,2.56,184.32,,,,,,,,,,,,
25110,10.0247295v1,10,,2,3,,3/10/2022 9:07,,,,21,,,,,250,2.41,636.24,,,,,,,,,,,,
25111,10.0282127v1,10,,2,1,,3/10/2022 16:14,,,,9,,,,,100,2.56,307.2,,,,,,,,,,,,
25112,10.0283718v1,10,,2,1,,3/10/2022 13:50,,,,9,,,,,105,2.56,307.2,,,,,,,,,,,,
25113,10.0281132v1,10,,2,1,,3/10/2022 15:24,,,,6,,,,,70,2.56,215.04,,,,,,,,,,,,
25114,10.0283570v1,10,,2,1,,3/10/2022 15:12,,,,5,,,,,60,2.56,184.32,,,,,,,,,,,,
25115,10.0233375v2,10,,2,3,,3/15/2022 16:29,,,,10,,,,,120,2.58,340.56,,,,,,,,,,,,
25116,10.0239396v2,10,,2,3,,3/10/2022 19:27,,,,10,,,,,120,2.58,340.56,,,,,,,,,,,,
25117,10.0239290v2,10,,2,3,,3/10/2022 17:14,,,,20,,,,,240,2.41,607.32,,,,,,,,,,,,
25118,10.0283786v1,10,,2,1,,3/10/2022 17:23,,,,17,,,,,200,1.96,423.36,,,,,,,,,,,,
25119,40.0272047v1,40,,18,1,,3/10/2022 18:30,,,,5,,,,,60,2.56,184.32,,,,,,,,,,,,
25120,20.0283665v3,20,,11,3,,3/11/2022 14:40,,,,10,,,,,120,2.99,394.68,,,,,,,,,,,,
25121,40.0226724v1,40,,18,1,,3/10/2022 22:02,,,,11,,,,,125,2.23,321.12,,,,,,,,,,,,
25122,11.0283116v3,11,,3,1,,3/10/2022 18:16,,,,5,,,,,60,3.33,239.76,,,,,,,,,,,,
25123,10.0283748v2,10,,2,3,,3/10/2022 19:27,,,,9,,,,,100,3.58,429.6,,,,,,,,,,,,
25124,10.0283624v1,10,,2,1,,3/10/2022 18:46,,,,5,,,,,60,2.56,184.32,,,,,,,,,,,,
25125,40.0278830v3,40,,18,3,,3/10/2022 21:53,,,,5,,,,,60,3.74,269.28,,,,,,,,,,,,
25125,40.0278830v2,40,,18,3,,3/10/2022 21:53,,,,5,,,,,60,3.74,269.28,,,,,,,,,,,,
25126,10.0283617v2,10,,2,4,,3/10/2022 20:18,,,,13,,,,,150,2.41,404.88,,,,,,,,,,,,
25127,10.0282179v2,10,,2,1,,3/11/2022 20:15,,,,13,,,,,150,1.96,329.28,,,,,,,,,,,,
25128,10.0283779v1,10,,2,1,,3/10/2022 20:12,,,,5,,,,,60,2.56,184.32,,,,,,,,,,,,
25129,10.0283875v1,10,,2,4,,3/10/2022 20:49,,,,25,,,,,300,2.41,751.92,,,,,,,,,,,,
25129,10.0283877v1,10,,2,4,,3/10/2022 20:49,,,,25,,,,,300,2.41,751.92,,,,,,,,,,,,
25130,10.0274231v1,10,,2,3,,3/11/2022 20:59,,,,5,,,,,60,3.66,263.52,,,,,,,,,,,,
25131,10.0282297v1,10,,2,1,,3/10/2022 21:04,,,,30,,,,,360,1.96,729.12,,,,,,,,,,,,
25132,10.0282845v1,10,,2,1,,3/11/2022 21:21,,,,10,,,,,120,2.23,294.36,,,,,,,,,,,,
25133,10.0283743v6,10,,2,1,,3/10/2022 22:05,,,,20,,,,,240,1.96,493.92,,,,,,,,,,,,
25134,40.0282342v1,40,,18,1,,3/10/2022 22:39,,,,7,,,,,75,2.56,245.76,,,,,,,,,,,,
25135,10.0264010v2,10,,2,4,,3/11/2022 14:46,,,,42,,,,,500,2.41,1243.56,,,,,,,,,,,,
25136,10.0269321v1,10,,2,1,,3/10/2022 22:56,,,,20,,,,,240,1.96,493.92,,,,,,,,,,,,
25137,10.0283448v1,10,,2,1,,3/11/2022 15:47,,,,11,,,,,121,2.23,321.12,,,,,,,,,,,,
25138,10.0244968v8,10,,2,3,,3/11/2022 14:46,,,,30,,,,,360,2.41,896.52,,,,,,,,,,,,
25139,40.0282184v1,40,,18,3,,3/11/2022 18:45,,,,10,,,,,120,2.66,351.12,,,,,,,,,,,,
25139,40.0277742v1,40,,18,3,,3/11/2022 18:45,,,,10,,,,,120,2.66,351.12,,,,,,,,,,,,
25140,10.0282542v1,10,,2,3,,3/11/2022 0:09,,,,10,,,,,120,2.58,340.56,,,,,,,,,,,,
25141,10.0283874v3,10,,2,1,,3/11/2022 1:08,,,,17,,,,,200,1.96,423.36,,,,,,,,,,,,
25142,10.0271308v1,10,,2,4,,3/11/2022 18:51,,,,5,,,,,60,2.58,185.76,,,,,,,,,,,,
25143,10.0253006v1,10,,2,1,,3/11/2022 14:51,,,,10,,,,,120,2.23,294.36,,,,,,,,,,,,
25144,10.0268059v2,10,,2,1,,3/14/2022 22:14,,,,167,,,,,2000,1.71,3447.36,,,,,,,,,,,,
25145,10.0282442v3,10,,2,3,,3/4/2022 17:15,,,,5,,,,,60,3.66,263.52,,,,,,,,,,,,
25146,10.0242600v1,10,,2,3,,3/11/2022 16:18,,,,18,,,,,205,2.41,549.48,,,,,,,,,,,,
25147,10.0284020v2,10,,2,3,,3/11/2022 17:21,,,,7,,,,,75,3.66,351.36,,,,,,,,,,,,
25147,10.0284020v3,10,,2,3,,3/11/2022 17:21,,,,7,,,,,75,3.66,351.36,,,,,,,,,,,,
25148,10.0284007v1,10,,2,1,,3/11/2022 22:45,,,,9,,,,,102,2.56,307.2,,,,,,,,,,,,
25149,10.0222824v7,10,,2,4,,3/14/2022 21:52,,,,30,,,,,360,2.41,896.52,,,,,,,,,,,,
25150,10.0283819v1,10,,2,1,,3/11/2022 18:18,,,,60,,,,,720,1.79,1310.28,,,,,,,,,,,,
25151,12.0283650v2,12,,4,1,,3/11/2022 18:37,,,,10,,,,,120,1.77,233.64,,,,,,,,,,,,
25152,40.0281277v1,40,,18,1,,3/11/2022 20:47,,,,5,,,,,60,2.56,184.32,,,,,,,,,,,,
25153,40.0283882v1,40,,18,3,,3/11/2022 18:53,,,,75,,,,,895,1.99,1814.88,,,,,,,,,,,,
25154,10.0284067v1,10,,2,1,,3/11/2022 18:54,,,,36,,,,,430,1.96,870.24,,,,,,,,,,,,
25155,10.0283238v1,10,,2,1,,3/11/2022 21:02,,,,10,,,,,120,2.23,294.36,,,,,,,,,,,,
25156,10.0283505v3,10,,2,1,,3/21/2022 22:38,,,,42,,,,,500,1.96,1011.36,,,,,,,,,,,,
25156,10.0283489v1,10,,2,1,,3/21/2022 22:38,,,,42,,,,,500,1.96,1011.36,,,,,,,,,,,,
25157,10.0278582v5,10,,2,1,,3/11/2022 20:48,,,,184,,,,,2200,1.71,3796.2,,,,,,,,,,,,
25158,10.0269589v1,10,,2,4,,3/11/2022 22:48,,,,84,,,,,1000,1.91,1948.2,,,,,,,,,,,,
25159,10.0279118v4,10,,2,3,,3/11/2022 21:20,,,,9,,,,,100,3.58,429.6,,,,,,,,,,,,
25160,10.0232251v2,10,,2,4,,3/11/2022 21:20,,,,20,,,,,240,2.41,607.32,,,,,,,,,,,,
25161,10.0231293v1,10,,2,3,,3/14/2022 3:53,,,,34,,,,,400,2.41,1012.2,,,,,,,,,,,,
25162,40.0284152v1,40,,18,1,,3/11/2022 22:47,,,,20,,,,,240,1.96,493.92,,,,,,,,,,,,
25164,10.0267254v7,10,,2,3,,3/14/2022 21:36,,,,10,,,,,120,2.58,340.56,,,,,,,,,,,,
25165,10.0272059v1,10,,2,3,,3/14/2022 20:10,,,,10,,,,,120,2.58,340.56,,,,,,,,,,,,
25165,10.0272063v1,10,,2,3,,3/14/2022 20:10,,,,10,,,,,120,2.58,340.56,,,,,,,,,,,,
25166,10.0229969v1,10,,2,4,,3/14/2022 19:58,,,,10,,,,,120,2.58,340.56,,,,,,,,,,,,
25167,10.0216687v2,10,,2,3,,3/16/2022 22:19,,,,34,,,,,400,2.41,1012.2,,,,,,,,,,,,
25168,10.0282631v1,10,,2,3,,3/14/2022 16:14,,,,5,,,,,60,3.66,263.52,,,,,,,,,,,,
25169,10.0282426v1,10,,2,4,,3/14/2022 11:00,,,,25,,,,,300,2.41,751.92,,,,,,,,,,,,
25170,10.0284244v1,10,,2,3,,3/14/2022 12:32,,,,20,,,,,240,2.41,607.32,,,,,,,,,,,,
25171,10.0284253v1,10,,2,4,,3/14/2022 14:54,,,,5,,,,,60,2.58,185.76,,,,,,,,,,,,
25172,10.0251723v1,10,,2,3,,3/17/2022 23:06,,,,42,,,,,500,2.41,1243.56,,,,,,,,,,,,
25173,10.0281891v1,10,,2,4,,3/14/2022 20:33,,,,11,,,,,125,2.58,371.52,,,,,,,,,,,,
25175,10.0284286v1,10,,2,3,,3/14/2022 16:52,,,,20,,,,,240,2.41,607.32,,,,,,,,,,,,
25176,40.0278724v2,40,,18,3,,3/16/2022 22:18,,,,5,,,,,60,3.74,269.28,,,,,,,,,,,,
25177,40.0237953v1,40,,18,4,,3/14/2022 22:40,,,,13,,,,,150,2.58,433.44,,,,,,,,,,,,
25178,12.0244076v4,12,,4,3,,3/14/2022 17:56,,,,20,,,,,240,2.16,544.32,,,,,,,,,,,,
25179,40.0284296v1,40,,18,3,,3/14/2022 17:57,,,,11,,,,,130,2.66,383.04,,,,,,,,,,,,
25180,40.0225158v4,40,,18,3,,3/14/2022 17:58,,,,20,,,,,240,2.49,627.48,,,,,,,,,,,,
25181,10.0281141v5,10,,2,3,,3/15/2022 14:56,,,,25,,,,,300,2.41,751.92,,,,,,,,,,,,
25181,10.0281751v4,10,,2,3,,3/15/2022 14:56,,,,25,,,,,300,2.41,751.92,,,,,,,,,,,,
25182,10.0284314v1,10,,2,4,,3/14/2022 18:11,,,,18,,,,,205,2.41,549.48,,,,,,,,,,,,
25183,10.0284300v1,10,,2,4,,3/14/2022 18:18,,,,13,,,,,151,2.41,404.88,,,,,,,,,,,,
25184,10.0272538v4,10,,2,3,,3/16/2022 23:12,,,,17,,,,,200,2.41,520.56,,,,,,,,,,,,
25184,10.0272538v3,10,,2,3,,3/16/2022 23:12,,,,25,,,,,300,2.41,751.92,,,,,,,,,,,,
25184,10.0272538v1,10,,2,3,,3/16/2022 23:12,,,,9,,,,,100,3.58,429.6,,,,,,,,,,,,
25185,10.0284215v4,10,,2,4,,3/14/2022 19:04,,,,10,,,,,120,2.58,340.56,,,,,,,,,,,,
25186,17.0266496v2,17,,9,1,,3/14/2022 19:20,,,,84,,,,,1000,1.79,1825.8,,,,,,,,,,,,
25187,12.0284272v2,12,,4,3,,7/22/2022 0:00,,,,10,,,,,120,2.33,307.56,,,,,,,,,,,,
25188,10.0284379v1,10,,2,1,,3/14/2022 20:26,,,,43,,,,,505,1.96,1034.88,,,,,,,,,,,,
25189,10.0284365v1,10,,2,1,,3/14/2022 21:26,,,,13,,,,,150,1.96,329.28,,,,,,,,,,,,
25190,10.0284023v1,10,,2,3,,3/14/2022 21:08,,,,10,,,,,120,2.58,340.56,,,,,,,,,,,,
25191,40.0282863v1,40,,18,3,,3/14/2022 21:16,,,,10,,,,,120,2.66,351.12,,,,,,,,,,,,
25192,40.0284056v2,40,,18,3,,3/14/2022 21:32,,,,10,,,,,120,2.66,351.12,,,,,,,,,,,,
25193,10.0214706v1,10,,2,4,,3/14/2022 22:00,,,,30,,,,,350,2.41,896.52,,,,,,,,,,,,
25194,10.0284384v1,10,,2,3,,3/15/2022 19:34,,,,13,,,,,150,2.41,404.88,,,,,,,,,,,,
25195,10.0284449v1,10,,2,3,,3/15/2022 13:29,,,,30,,,,,360,2.41,896.52,,,,,,,,,,,,
25196,10.0279111v1,10,,2,1,,3/16/2022 15:14,,,,34,,,,,400,1.96,823.2,,,,,,,,,,,,
25197,10.0238151v4,10,,2,1,,4/6/2022 19:31,,,,6,,,,,62,2.56,215.04,,,,,,,,,,,,
25197,10.0238151v5,10,,2,1,,4/6/2022 19:31,,,,6,,,,,62,2.56,215.04,,,,,,,,,,,,
25198,10.0273818v3,10,,2,4,,3/15/2022 13:40,,,,9,,,,,100,2.58,309.6,,,,,,,,,,,,
25199,10.0250940v2,10,,2,4,,3/15/2022 13:52,,,,30,,,,,350,2.41,896.52,,,,,,,,,,,,
25200,10.0248407v2,10,,2,3,,3/15/2022 13:58,,,,6,,,,,66,3.66,307.44,,,,,,,,,,,,
25201,10.0257851v3,10,,2,4,,3/15/2022 14:54,,,,40,,,,,480,2.41,1185.72,,,,,,,,,,,,
25202,10.0284429v1,10,,2,3,,3/15/2022 14:28,,,,42,,,,,500,2.41,1243.56,,,,,,,,,,,,
25203,10.0283317v2,10,,2,3,,3/15/2022 15:11,,,,20,,,,,240,2.41,607.32,,,,,,,,,,,,
25203,10.0283316v2,10,,2,3,,3/15/2022 15:11,,,,20,,,,,240,2.41,607.32,,,,,,,,,,,,
25204,10.0283676v3,10,,2,1,,3/17/2022 23:52,,,,20,,,,,240,1.96,493.92,,,,,,,,,,,,
25206,40.0273948v1,40,,18,4,,3/15/2022 19:15,,,,60,,,,,720,2.08,1522.56,,,,,,,,,,,,
25207,10.0280000v5,10,,2,3,,3/16/2022 14:12,,,,10,,,,,120,2.58,340.56,,,,,,,,,,,,
25210,10.0277526v1,10,,2,3,,3/15/2022 23:13,,,,20,,,,,240,2.41,607.32,,,,,,,,,,,,
25211,10.0284288v2,10,,2,1,,3/15/2022 20:43,,,,10,,,,,120,2.23,294.36,,,,,,,,,,,,
25211,10.0284289v1,10,,2,1,,3/15/2022 20:43,,,,10,,,,,120,2.23,294.36,,,,,,,,,,,,
25212,10.0284460v1,10,,2,3,,3/15/2022 20:03,,,,26,,,,,306,2.41,780.84,,,,,,,,,,,,
25213,10.0270665v1,10,,2,1,,3/15/2022 20:33,,,,9,,,,,100,2.56,307.2,,,,,,,,,,,,
25214,10.0284527v1,10,,2,3,,3/16/2022 14:43,,,,10,,,,,120,2.58,340.56,,,,,,,,,,,,
25215,17.0280555v1,17,,9,4,,3/16/2022 19:41,,,,5,,,,,60,2.58,185.76,,,,,,,,,,,,
25215,17.0280553v1,17,,9,4,,3/16/2022 19:41,,,,5,,,,,60,2.58,185.76,,,,,,,,,,,,
25215,17.0280556v2,17,,9,4,,3/16/2022 19:41,,,,5,,,,,60,2.58,185.76,,,,,,,,,,,,
25216,10.0271949v1,10,,2,4,,3/16/2022 11:04,,,,5,,,,,60,2.58,185.76,,,,,,,,,,,,
25216,10.0271954v1,10,,2,4,,3/16/2022 11:04,,,,5,,,,,60,2.58,185.76,,,,,,,,,,,,
25216,10.0271958v1,10,,2,4,,3/16/2022 11:04,,,,5,,,,,60,2.58,185.76,,,,,,,,,,,,
25217,10.0260999v1,10,,2,4,,3/16/2022 16:50,,,,21,,,,,250,2.41,636.24,,,,,,,,,,,,
25218,10.0284053v1,10,,2,4,,3/16/2022 0:08,,,,5,,,,,60,2.58,185.76,,,,,,,,,,,,
25219,10.0250230v3,10,,2,4,,3/16/2022 15:47,,,,10,,,,,120,2.58,340.56,,,,,,,,,,,,
25220,10.0229062v1,10,,2,4,,3/16/2022 20:35,,,,5,,,,,60,2.58,185.76,,,,,,,,,,,,
25221,10.0228846v1,10,,2,1,,3/16/2022 15:40,,,,5,,,,,60,2.56,184.32,,,,,,,,,,,,
25222,10.0265997v5,10,,2,1,,3/16/2022 21:16,,,,200,,,,,2400,1.6,3859.2,,,,,,,,,,,,
25223,10.0249444v1,10,,2,4,,3/16/2022 18:12,,,,5,,,,,60,2.58,185.76,,,,,,,,,,,,
25224,10.0259913v3,10,,2,3,,3/16/2022 18:02,,,,10,,,,,120,2.58,340.56,,,,,,,,,,,,
25225,10.0280585v3,10,,2,1,,3/16/2022 18:28,,,,30,,,,,360,1.96,729.12,,,,,,,,,,,,
25226,10.0284551v3,10,,2,3,,3/16/2022 23:11,,,,34,,,,,400,2.41,1012.2,,,,,,,,,,,,
25227,10.0283653v2,10,,2,3,,3/24/2022 21:54,,,,10,,,,,120,2.58,340.56,,,,,,,,,,,,
25229,10.0249996v4,10,,2,4,,3/16/2022 20:53,,,,9,,,,,100,2.58,309.6,,,,,,,,,,,,
25230,10.0276067v11,10,,2,4,,3/16/2022 18:42,,,,5,,,,,60,2.58,185.76,,,,,,,,,,,,
25231,40.0289025v2,40,,18,3,,3/17/2022 14:58,,,,5,,,,,60,3.74,269.28,,,,,,,,,,,,
25231,40.0289027v1,40,,18,3,,3/17/2022 14:58,,,,5,,,,,60,3.74,269.28,,,,,,,,,,,,
25232,10.0284405v2,10,,2,3,,3/16/2022 21:12,,,,10,,,,,120,2.58,340.56,,,,,,,,,,,,
25234,10.0284773v1,10,,2,4,,3/16/2022 20:32,,,,5,,,,,60,2.58,185.76,,,,,,,,,,,,
25235,12.0281885v2,12,,4,3,,3/23/2022 21:16,,,,6,,,,,63,3.41,286.44,,,,,,,,,,,,
25235,10.0280774v3,10,,2,3,,3/23/2022 21:16,,,,6,,,,,63,3.66,307.44,,,,,,,,,,,,
25236,10.0284729v1,10,,2,3,,3/16/2022 21:20,,,,25,,,,,300,2.41,751.92,,,,,,,,,,,,
25237,10.0284639v3,10,,2,3,,3/16/2022 20:57,,,,17,,,,,200,2.41,520.56,,,,,,,,,,,,
25238,10.0283785v3,10,,2,1,,3/21/2022 19:01,,,,5,,,,,60,2.56,184.32,,,,,,,,,,,,
25239,10.0284082v4,10,,2,3,,3/17/2022 20:28,,,,18,,,,,210,2.41,549.48,,,,,,,,,,,,
25240,10.0248411v4,10,,2,3,,3/16/2022 23:11,,,,17,,,,,200,2.41,520.56,,,,,,,,,,,,
25242,10.0284817v1,10,,2,3,,3/17/2022 18:57,,,,192,,,,,2300,1.91,4423.56,,,,,,,,,,,,
25243,10.0284757v1,10,,2,4,,3/17/2022 0:06,,,,5,,,,,60,2.58,185.76,,,,,,,,,,,,
25244,10.0272584v2,10,,2,4,,3/17/2022 14:26,,,,5,,,,,60,2.58,185.76,,,,,,,,,,,,
25245,10.0266579v3,10,,2,1,,3/17/2022 12:41,,,,25,,,,,300,1.96,611.52,,,,,,,,,,,,
25246,10.0250641v3,10,,2,1,,3/17/2022 13:35,,,,25,,,,,300,1.96,611.52,,,,,,,,,,,,
25247,17.0258534v8,17,,9,3,,3/17/2022 14:20,,,,10,,,,,120,2.58,340.56,,,,,,,,,,,,
25248,10.0238291v1,10,,2,3,,3/17/2022 14:47,,,,42,,,,,500,2.41,1243.56,,,,,,,,,,,,
25249,40.0284815v1,40,,18,3,,3/17/2022 15:16,,,,8,,,,,95,3.66,395.28,,,,,,,,,,,,
25250,10.0284778v1,10,,2,1,,3/17/2022 18:22,,,,594,,,,,7120,1.56,11138.4,,,,,,,,,,,,
25251,10.0274807v1,10,,2,3,,3/17/2022 22:06,,,,67,,,,,800,1.91,1558.56,,,,,,,,,,,,
25252,40.0284991v1,40,,18,3,,3/17/2022 16:46,,,,10,,,,,120,2.66,351.12,,,,,,,,,,,,
25253,10.0185020v1,10,,2,4,,3/22/2022 19:38,,,,10,,,,,120,2.58,340.56,,,,,,,,,,,,
25253,10.0281282v2,10,,2,4,,3/22/2022 19:38,,,,30,,,,,360,2.41,896.52,,,,,,,,,,,,
25254,10.0283530v1,10,,2,4,,3/17/2022 17:18,,,,5,,,,,60,2.58,185.76,,,,,,,,,,,,
25255,10.0285017v1,10,,2,3,,3/17/2022 17:33,,,,22,,,,,255,2.41,665.16,,,,,,,,,,,,
25256,10.0218490v1,10,,2,1,,3/17/2022 18:23,,,,17,,,,,200,1.96,423.36,,,,,,,,,,,,
25257,10.0231447v6,10,,2,1,,3/17/2022 18:26,,,,10,,,,,120,2.23,294.36,,,,,,,,,,,,
25257,10.0231447v1,10,,2,1,,3/17/2022 18:26,,,,10,,,,,120,2.23,294.36,,,,,,,,,,,,
25258,10.0285021v1,10,,2,3,,3/17/2022 20:22,,,,34,,,,,400,2.41,1012.2,,,,,,,,,,,,
25259,10.0285114v2,10,,2,1,,3/18/2022 15:40,,,,13,,,,,150,1.96,329.28,,,,,,,,,,,,
25260,17.0284734v1,17,,9,1,,3/17/2022 21:10,,,,20,,,,,240,1.96,493.92,,,,,,,,,,,,
25262,10.0284998v1,10,,2,3,,3/17/2022 23:04,,,,50,,,,,600,2.16,1321.92,,,,,,,,,,,,
25262,10.0284999v1,10,,2,3,,3/17/2022 23:04,,,,50,,,,,600,2.16,1321.92,,,,,,,,,,,,
25263,10.0285100v1,10,,2,3,,3/17/2022 23:05,,,,10,,,,,120,2.58,340.56,,,,,,,,,,,,
25264,10.0268584v1,10,,2,3,,3/21/2022 17:03,,,,19,,,,,220,2.41,578.4,,,,,,,,,,,,
25265,10.0268584v1,10,,2,3,,3/21/2022 17:58,,,,42,,,,,500,2.41,1243.56,,,,,,,,,,,,
25266,10.0284016v1,10,,2,3,,3/18/2022 16:48,,,,10,,,,,120,2.58,340.56,,,,,,,,,,,,
25266,10.0284014v1,10,,2,3,,3/18/2022 16:48,,,,10,,,,,120,2.58,340.56,,,,,,,,,,,,
25267,10.0285033v1,10,,2,3,,3/18/2022 2:18,,,,42,,,,,500,2.41,1243.56,,,,,,,,,,,,
25268,10.0211864v1,10,,2,1,,3/18/2022 12:49,,,,10,,,,,120,2.23,294.36,,,,,,,,,,,,
25268,10.0211866v2,10,,2,1,,3/18/2022 12:49,,,,10,,,,,120,2.23,294.36,,,,,,,,,,,,
25269,10.0285046v1,10,,2,3,,3/17/2022 23:49,,,,6,,,,,65,3.66,307.44,,,,,,,,,,,,
25270,10.0280815v1,10,,2,3,,3/22/2022 15:09,,,,12,,,,,140,2.41,375.96,,,,,,,,,,,,
25270,40.0280817v1,40,,18,3,,3/22/2022 15:09,,,,12,,,,,140,2.49,388.44,,,,,,,,,,,,
25270,10.0280818v1,10,,2,3,,3/22/2022 15:09,,,,12,,,,,140,2.41,375.96,,,,,,,,,,,,
25271,10.028200v3,10,,2,1,,3/18/2022 13:59,,,,9,,,,,100,2.56,307.2,,,,,,,,,,,,
25272,10.0269038v1,10,,2,3,,3/18/2022 16:57,,,,10,,,,,120,2.58,340.56,,,,,,,,,,,,
25273,10.0284455v1,10,,2,3,,3/18/2022 13:06,,,,10,,,,,120,2.58,340.56,,,,,,,,,,,,
25274,10.0247047v1,10,,2,3,,3/25/2022 2:49,,,,21,,,,,250,2.41,636.24,,,,,,,,,,,,
25274,10.0247030v1,10,,2,3,,3/25/2022 2:49,,,,21,,,,,250,2.41,636.24,,,,,,,,,,,,
25275,10.0283863v1,10,,2,4,,3/18/2022 14:04,,,,6,,,,,70,2.58,216.72,,,,,,,,,,,,
25276,10.0284490v2,10,,2,1,,3/18/2022 14:21,,,,5,,,,,60,2.56,184.32,,,,,,,,,,,,
25276,10.0278908v2,10,,2,1,,3/18/2022 14:21,,,,5,,,,,60,2.56,184.32,,,,,,,,,,,,
25276,10.0284491v2,10,,2,1,,3/18/2022 14:21,,,,5,,,,,60,2.56,184.32,,,,,,,,,,,,
25277,10.0262175v1,10,,2,1,,3/18/2022 14:50,,,,20,,,,,240,1.96,493.92,,,,,,,,,,,,
25278,10.0284053v1,10,,2,3,,3/11/2022 22:14,,,,5,,,,,60,3.66,263.52,,,,,,,,,,,,
25279,10.0262780v4,10,,2,4,,3/18/2022 16:57,,,,10,,,,,120,2.58,340.56,,,,,,,,,,,,
25280,40.0276641v2,40,,18,3,,3/21/2022 20:02,,,,21,,,,,251,2.49,657.36,,,,,,,,,,,,
25281,10.0238935v1,10,,2,4,,3/22/2022 21:59,,,,9,,,,,100,2.58,309.6,,,,,,,,,,,,
25282,10.0285342v1,10,,2,1,,3/18/2022 16:13,,,,9,,,,,105,2.56,307.2,,,,,,,,,,,,
25283,10.0239299v1,10,,2,4,,3/18/2022 17:15,,,,9,,,,,100,2.58,309.6,,,,,,,,,,,,
25284,40.0283595v1,40,,18,3,,3/18/2022 20:03,,,,10,,,,,120,2.66,351.12,,,,,,,,,,,,
25284,40.0283605v1,40,,18,3,,3/18/2022 20:03,,,,10,,,,,120,2.66,351.12,,,,,,,,,,,,
25285,17.0269742v2,17,,9,3,,3/18/2022 18:13,,,,20,,,,,240,2.41,607.32,,,,,,,,,,,,
25286,10.0283121v1,10,,2,3,,3/18/2022 19:53,,,,128,,,,,1525,1.91,2956.68,,,,,,,,,,,,
25287,10.0285379v1,10,,2,3,,3/18/2022 18:31,,,,13,,,,,155,2.41,404.88,,,,,,,,,,,,
25289,10.0284737v3,10,,2,3,,3/18/2022 19:47,,,,60,,,,,720,1.91,1398.12,,,,,,,,,,,,
25290,10.0271523v1,10,,2,3,,3/18/2022 20:02,,,,25,,,,,294,2.41,751.92,,,,,,,,,,,,
25292,10.0285323v1,10,,2,3,,3/18/2022 20:13,,,,13,,,,,150,2.41,404.88,,,,,,,,,,,,
25293,40.0282378v1,40,,18,3,,3/21/2022 13:49,,,,44,,,,,525,2.49,1344.6,,,,,,,,,,,,
25293,40.0285340v2,40,,18,3,,3/21/2022 13:49,,,,44,,,,,525,2.49,1344.6,,,,,,,,,,,,
25294,10.0250026v6,10,,2,3,,3/18/2022 21:11,,,,10,,,,,120,2.58,340.56,,,,,,,,,,,,
25295,40.0282064v3,40,,18,3,,3/21/2022 15:56,,,,5,,,,,60,3.74,269.28,,,,,,,,,,,,
25296,40.0264967v1,40,,18,3,,3/18/2022 22:05,,,,20,,,,,240,2.49,627.48,,,,,,,,,,,,
25298,10.0285293v1,10,,2,3,,3/21/2022 22:29,,,,20,,,,,240,2.41,607.32,,,,,,,,,,,,
25300,10.0259521v1,10,,2,3,,3/21/2022 13:36,,,,140,,,,,1678,1.91,3231.72,,,,,,,,,,,,
25300,10.0259520v1,10,,2,3,,3/21/2022 13:36,,,,140,,,,,1678,1.91,3231.72,,,,,,,,,,,,
25301,40.0285288v2,40,,18,3,,3/21/2022 13:44,,,,13,,,,,150,2.49,418.32,,,,,,,,,,,,
25301,40.0285288v3,40,,18,3,,3/21/2022 13:44,,,,13,,,,,150,2.49,418.32,,,,,,,,,,,,
25302,17.0284414v1,17,,9,3,,3/18/2022 23:48,,,,15,,,,,170,2.41,462.72,,,,,,,,,,,,
25303,12.0283729v1,12,,4,4,,3/21/2022 17:26,,,,5,,,,,60,2.83,203.76,,,,,,,,,,,,
25303,12.0283714v1,12,,4,4,,3/21/2022 17:26,,,,10,,,,,120,2.71,357.72,,,,,,,,,,,,
25303,12.0283714v4,12,,4,4,,3/21/2022 17:26,,,,5,,,,,60,2.83,203.76,,,,,,,,,,,,
25304,10.0228579v6,10,,2,1,,3/20/2022 13:59,,,,10,,,,,120,2.23,294.36,,,,,,,,,,,,
25305,10.0280622v1,10,,2,4,,3/20/2022 22:45,,,,10,,,,,120,2.58,340.56,,,,,,,,,,,,
25305,10.0280621v1,10,,2,4,,3/20/2022 22:45,,,,10,,,,,120,2.58,340.56,,,,,,,,,,,,
25305,10.0280623v1,10,,2,4,,3/20/2022 22:45,,,,10,,,,,120,2.58,340.56,,,,,,,,,,,,
25306,10.0285210v1,10,,2,3,,3/21/2022 14:33,,,,30,,,,,360,2.41,896.52,,,,,,,,,,,,
25307,10.0285478v1,10,,2,1,,3/21/2022 14:20,,,,9,,,,,105,2.56,307.2,,,,,,,,,,,,
25308,10.0285318v1,10,,2,1,,3/21/2022 15:57,,,,13,,,,,150,1.96,329.28,,,,,,,,,,,,
25309,17.0247394v1,17,,9,3,,3/22/2022 17:44,,,,30,,,,,350,2.41,896.52,,,,,,,,,,,,
25310,10.0285371v1,10,,2,3,,3/21/2022 19:37,,,,20,,,,,240,2.41,607.32,,,,,,,,,,,,
25311,10.0281726v1,10,,2,1,,3/21/2022 15:54,,,,5,,,,,60,2.56,184.32,,,,,,,,,,,,
25312,42.0285414v3,42,,20,1,,3/21/2022 18:41,,,,20,,,,,240,1.96,493.92,,,,,,,,,,,,
25313,40.0274134v2,40,,18,4,,3/21/2022 18:12,,,,5,,,,,60,2.75,198,,,,,,,,,,,,
25314,10.0285497v1,10,,2,3,,3/21/2022 18:27,,,,42,,,,,500,2.41,1243.56,,,,,,,,,,,,
25315,10.0278858v2,10,,2,3,,3/23/2022 15:14,,,,11,,,,,130,2.58,371.52,,,,,,,,,,,,
25316,10.0285553v1,10,,2,4,,3/21/2022 18:17,,,,7,,,,,75,2.58,247.68,,,,,,,,,,,,
25317,10.0261937v2,10,,2,1,,3/21/2022 17:46,,,,10,,,,,120,2.23,294.36,,,,,,,,,,,,
25318,10.0239204v7,10,,2,3,,3/21/2022 17:50,,,,20,,,,,240,2.41,607.32,,,,,,,,,,,,
25319,10.0280762v6,10,,2,4,,3/22/2022 12:40,,,,21,,,,,250,2.41,636.24,,,,,,,,,,,,
25320,10.0234630v2,10,,2,4,,3/21/2022 19:49,,,,20,,,,,240,2.41,607.32,,,,,,,,,,,,
25320,10.0234631v2,10,,2,4,,3/21/2022 19:49,,,,20,,,,,240,2.41,607.32,,,,,,,,,,,,
25321,10.0284536v1,10,,2,4,,3/21/2022 22:22,,,,5,,,,,60,2.58,185.76,,,,,,,,,,,,
25321,10.0284535v1,10,,2,4,,3/21/2022 22:22,,,,5,,,,,60,2.58,185.76,,,,,,,,,,,,
25322,40.0279601v1,40,,18,4,,3/23/2022 13:43,,,,5,,,,,60,2.75,198,,,,,,,,,,,,
25322,10.0279599v2,10,,2,4,,3/23/2022 13:43,,,,5,,,,,60,2.58,185.76,,,,,,,,,,,,
25323,10.0285597v1,10,,2,3,,3/21/2022 20:59,,,,13,,,,,150,2.41,404.88,,,,,,,,,,,,
25324,10.0266923v1,10,,2,4,,3/23/2022 16:21,,,,5,,,,,60,2.58,185.76,,,,,,,,,,,,
25325,10.0285335v3,10,,2,4,,3/21/2022 20:30,,,,5,,,,,60,2.58,185.76,,,,,,,,,,,,
25326,10.0281904v3,10,,2,4,,3/21/2022 21:30,,,,5,,,,,60,2.58,185.76,,,,,,,,,,,,
25326,10.0281905v3,10,,2,4,,3/21/2022 21:30,,,,5,,,,,60,2.58,185.76,,,,,,,,,,,,
25327,10.0284430v1,10,,2,4,,3/21/2022 21:11,,,,5,,,,,60,2.58,185.76,,,,,,,,,,,,
25328,12.0284390v4,12,,4,3,,3/25/2022 13:52,,,,30,,,,,360,2.16,803.52,,,,,,,,,,,,
25329,40.0220830v1,40,,18,3,,3/25/2022 17:42,,,,10,,,,,120,2.66,351.12,,,,,,,,,,,,
25330,10.0278542v1,10,,2,3,,3/25/2022 21:55,,,,22,,,,,260,2.41,665.16,,,,,,,,,,,,
25331,10.0282448v1,10,,2,4,,3/21/2022 22:26,,,,14,,,,,160,2.41,433.8,,,,,,,,,,,,
25333,10.0285527v1,10,,2,3,,3/21/2022 22:27,,,,20,,,,,240,2.41,607.32,,,,,,,,,,,,
25334,40.0258193v1,40,,18,3,,3/22/2022 13:26,,,,5,,,,,60,3.74,269.28,,,,,,,,,,,,
25335,10.0282876v3,10,,2,3,,3/21/2022 22:59,,,,10,,,,,110,2.58,340.56,,,,,,,,,,,,
25336,10.0282891v5,10,,2,4,,3/21/2022 23:02,,,,10,,,,,110,2.58,340.56,,,,,,,,,,,,
25337,10.0231039v1,10,,2,1,,3/22/2022 2:15,,,,17,,,,,200,1.96,423.36,,,,,,,,,,,,
25338,10.0283951v1,10,,2,3,,3/22/2022 14:29,,,,13,,,,,150,2.41,404.88,,,,,,,,,,,,
25339,40.0286353v1,40,,18,3,,3/24/2022 20:58,,,,13,,,,,155,2.49,418.32,,,,,,,,,,,,
25340,10.0285637v1,10,,2,4,,3/22/2022 15:00,,,,5,,,,,60,2.58,185.76,,,,,,,,,,,,
25341,10.0285654v1,10,,2,3,,4/23/2022 0:07,,,,9,,,,,105,3.58,429.6,,,,,,,,,,,,
25342,10.0282387v3,10,,2,3,,3/25/2022 13:38,,,,20,,,,,240,2.41,607.32,,,,,,,,,,,,
25342,10.0285476v1,10,,2,3,,3/25/2022 13:38,,,,20,,,,,240,2.41,607.32,,,,,,,,,,,,
25343,10.0285321v1,10,,2,4,,3/22/2022 16:11,,,,5,,,,,60,2.58,185.76,,,,,,,,,,,,
25344,10.0274812v1,10,,2,1,,3/22/2022 16:10,,,,10,,,,,120,2.23,294.36,,,,,,,,,,,,
25344,10.0274811v3,10,,2,1,,3/22/2022 16:10,,,,10,,,,,120,2.23,294.36,,,,,,,,,,,,
25345,10.0385707v1,10,,2,3,,3/22/2022 16:24,,,,10,,,,,120,2.58,340.56,,,,,,,,,,,,
25346,40.0284658v1,40,,18,4,,3/22/2022 17:43,,,,6,,,,,61,2.75,231,,,,,,,,,,,,
25347,10.0281635v3,10,,2,3,,3/22/2022 17:06,,,,10,,,,,120,2.58,340.56,,,,,,,,,,,,
25349,10.0274147v1,10,,2,3,,3/22/2022 18:07,,,,22,,,,,260,2.41,665.16,,,,,,,,,,,,
25351,10.0285787v1,10,,2,4,,3/22/2022 18:14,,,,10,,,,,120,2.58,340.56,,,,,,,,,,,,
25352,10.0269459v1,10,,2,4,,3/22/2022 21:13,,,,5,,,,,60,2.58,185.76,,,,,,,,,,,,
25353,10.0285784v1,10,,2,4,,3/22/2022 19:16,,,,7,,,,,80,2.58,247.68,,,,,,,,,,,,
25354,10.0232345v2,10,,2,1,,3/31/2022 15:45,,,,5,,,,,60,2.56,184.32,,,,,,,,,,,,
25355,10.0261748v2,10,,2,3,,3/22/2022 23:06,,,,5,,,,,60,3.66,263.52,,,,,,,,,,,,
25355,10.0261747v1,10,,2,3,,3/22/2022 23:06,,,,5,,,,,60,3.66,263.52,,,,,,,,,,,,
25355,10.0261746v1,10,,2,3,,3/22/2022 23:06,,,,5,,,,,60,3.66,263.52,,,,,,,,,,,,
25356,10.0285660v1,10,,2,4,,3/22/2022 20:27,,,,9,,,,,100,2.58,309.6,,,,,,,,,,,,
25356,10.0285656v1,10,,2,4,,3/22/2022 20:27,,,,9,,,,,100,2.58,309.6,,,,,,,,,,,,
25357,10.0269589v1,10,,2,4,,3/22/2022 21:05,,,,25,,,,,300,2.41,751.92,,,,,,,,,,,,
25358,10.0282219v1,10,,2,4,,3/22/2022 20:19,,,,9,,,,,100,2.58,309.6,,,,,,,,,,,,
25358,10.0282220v1,10,,2,4,,3/22/2022 20:19,,,,9,,,,,100,2.58,309.6,,,,,,,,,,,,
25359,10.0218504v1,10,,2,3,,3/23/2022 0:45,,,,10,,,,,120,2.58,340.56,,,,,,,,,,,,
25360,10.0284031v1,10,,2,4,,3/22/2022 20:49,,,,6,,,,,63,2.58,216.72,,,,,,,,,,,,
25361,10.0285683v1,10,,2,4,,3/22/2022 21:11,,,,9,,,,,100,2.58,309.6,,,,,,,,,,,,
25362,10.0283999v1,10,,2,4,,3/22/2022 21:15,,,,7,,,,,80,2.58,247.68,,,,,,,,,,,,
25363,10.0284821v1,10,,2,3,,3/30/2022 14:18,,,,10,,,,,120,2.58,340.56,,,,,,,,,,,,
25364,10.0269571v1,10,,2,4,,3/22/2022 21:54,,,,5,,,,,60,2.58,185.76,,,,,,,,,,,,
25365,10.029297v1,10,,2,3,,4/5/2022 19:31,,,,27,,,,,320,2.41,809.76,,,,,,,,,,,,
25365,10.0257503v1,10,,2,3,,4/5/2022 19:31,,,,20,,,,,230,2.41,607.32,,,,,,,,,,,,
25366,10.0285373v1,10,,2,3,,3/24/2022 18:24,,,,34,,,,,400,2.41,1012.2,,,,,,,,,,,,
25367,10.0285962v1,10,,2,4,,3/22/2022 22:44,,,,5,,,,,60,2.58,185.76,,,,,,,,,,,,
25368,10.0269851v4,10,,2,3,,3/22/2022 23:00,,,,10,,,,,120,2.58,340.56,,,,,,,,,,,,
25369,10.0231293v1,10,,2,3,,3/23/2022 13:28,,,,84,,,,,1000,1.91,1948.2,,,,,,,,,,,,
25370,40.0284642v1,40,,18,3,,3/23/2022 1:02,,,,10,,,,,120,2.66,351.12,,,,,,,,,,,,
25371,10.0248659v3,10,,2,4,,3/25/2022 18:47,,,,40,,,,,480,2.41,1185.72,,,,,,,,,,,,
25372,10.0285048v1,10,,2,4,,3/23/2022 14:02,,,,7,,,,,75,2.58,247.68,,,,,,,,,,,,
25373,10.0286035v1,10,,2,4,,3/23/2022 14:18,,,,6,,,,,70,2.58,216.72,,,,,,,,,,,,
25374,10.0286024v1,10,,2,4,,3/23/2022 15:08,,,,5,,,,,60,2.58,185.76,,,,,,,,,,,,
25375,10.0279952v1,10,,2,4,,3/23/2022 15:33,,,,9,,,,,100,2.58,309.6,,,,,,,,,,,,
25376,10.0271380v2,10,,2,3,,3/23/2022 18:59,,,,5,,,,,60,3.66,263.52,,,,,,,,,,,,
25377,10.0285525v2,10,,2,3,,3/23/2022 15:47,,,,20,,,,,240,2.41,607.32,,,,,,,,,,,,
25378,10.0285413v2,10,,2,3,,3/23/2022 18:59,,,,84,,,,,1000,1.91,1948.2,,,,,,,,,,,,
25379,10.0240881v2,10,,2,1,,3/29/2022 16:17,,,,5,,,,,60,2.56,184.32,,,,,,,,,,,,
25379,10.024991v2,10,,2,1,,3/29/2022 16:17,,,,5,,,,,60,2.56,184.32,,,,,,,,,,,,
25380,10.0259340v1,10,,2,4,,3/24/2022 9:05,,,,21,,,,,250,2.41,636.24,,,,,,,,,,,,
25381,40.0272682v1,40,,18,3,,3/23/2022 18:20,,,,10,,,,,120,2.66,351.12,,,,,,,,,,,,
25382,10.0282707v1,10,,2,3,,3/23/2022 18:35,,,,10,,,,,120,2.58,340.56,,,,,,,,,,,,
25383,10.0286112v2,10,,2,1,,3/29/2022 18:30,,,,21,,,,,250,1.96,517.44,,,,,,,,,,,,
25384,10.0277340v1,10,,2,1,,3/23/2022 19:15,,,,5,,,,,60,2.56,184.32,,,,,,,,,,,,
25385,10.0286114v1,10,,2,1,,3/23/2022 19:07,,,,5,,,,,60,2.56,184.32,,,,,,,,,,,,
25386,10.0284462v1,10,,2,1,,3/23/2022 19:14,,,,5,,,,,60,2.56,184.32,,,,,,,,,,,,
25387,10.0286133v1,10,,2,4,,3/23/2022 19:38,,,,5,,,,,60,2.58,185.76,,,,,,,,,,,,
25388,10.0330312v5,10,,2,3,,4/7/2022 19:30,,,,5,,,,,60,3.66,263.52,,,,,,,,,,,,
25388,10.0230311v2,10,,2,3,,4/7/2022 19:30,,,,5,,,,,60,3.66,263.52,,,,,,,,,,,,
25390,10.0250533v1,10,,2,3,,3/25/2022 18:04,,,,84,,,,,1000,1.91,1948.2,,,,,,,,,,,,
25392,10.0286116v3,10,,2,3,,3/23/2022 22:32,,,,100,,,,,1200,1.91,2314.92,,,,,,,,,,,,
25393,10.0268998v2,10,,2,3,,3/23/2022 21:01,,,,37,,,,,440,2.41,1098.96,,,,,,,,,,,,
25394,10.0267258v2,10,,2,4,,3/23/2022 23:41,,,,5,,,,,60,2.58,185.76,,,,,,,,,,,,
25395,12.0228205v1,12,,4,4,,3/23/2022 21:07,,,,5,,,,,60,2.83,203.76,,,,,,,,,,,,
25396,46.0285344v1,46,,113,1,,3/23/2022 21:17,,,,5,,,,,60,2.56,184.32,,,,,,,,,,,,
25397,12.0286185v2,12,,4,4,,3/23/2022 21:14,,,,5,,,,,60,2.83,203.76,,,,,,,,,,,,
25397,12.0282250v2,12,,4,4,,3/23/2022 21:14,,,,5,,,,,60,2.83,203.76,,,,,,,,,,,,
25398,10.0286193v1,10,,2,1,,3/29/2022 15:51,,,,21,,,,,250,1.96,517.44,,,,,,,,,,,,
25399,10.0286195v1,10,,2,1,,3/29/2022 15:48,,,,21,,,,,250,1.96,517.44,,,,,,,,,,,,
25400,10.0286076v1,10,,2,3,,3/31/2022 20:20,,,,21,,,,,250,2.41,636.24,,,,,,,,,,,,
25401,10.0286055v1,10,,2,1,,3/23/2022 22:03,,,,10,,,,,120,2.23,294.36,,,,,,,,,,,,
25402,40.0286207v1,40,,18,3,,3/24/2022 15:45,,,,13,,,,,151,2.49,418.32,,,,,,,,,,,,
25402,10.0286057v1,10,,2,3,,3/24/2022 15:45,,,,13,,,,,151,2.41,404.88,,,,,,,,,,,,
25403,10.0220062v1,10,,2,1,,3/23/2022 22:31,,,,5,,,,,60,2.56,184.32,,,,,,,,,,,,
25404,10.0280835v1,10,,2,1,,3/24/2022 15:47,,,,11,,,,,122,2.23,321.12,,,,,,,,,,,,
25405,10.0286012v2,10,,2,1,,3/23/2022 23:05,,,,13,,,,,150,1.96,329.28,,,,,,,,,,,,
25406,10.0286326v1,10,,2,1,,3/24/2022 18:21,,,,5,,,,,59,2.56,184.32,,,,,,,,,,,,
25407,10.0285838v1,10,,2,4,,3/24/2022 13:40,,,,6,,,,,70,2.58,216.72,,,,,,,,,,,,
25408,910284518v1,910,3000,25,5,44705,3/24/2022 21:43,Distributor,existingbusiness,8188840545,250,0.68,0,2048.16,2040,,,,,,,,,,,,,,,
25409,10.0282174v1,10,,2,3,,3/24/2022 17:11,,,,17,,,,,195,2.41,520.56,,,,,,,,,,,,
25410,10.0267861v1,10,,2,4,,3/24/2022 15:50,,,,100,,,,,1200,1.91,2314.92,,,,,,,,,,,,
25411,10.0222068v3,10,,2,4,,3/24/2022 15:47,,,,100,,,,,1200,1.91,2314.92,,,,,,,,,,,,
25412,10.0251616v2,10,,2,1,,3/24/2022 13:41,,,,5,,,,,60,2.56,184.32,,,,,,,,,,,,
25413,10.0286044v1,10,,2,4,,3/24/2022 13:43,,,,15,,,,,175,2.41,462.72,,,,,,,,,,,,
25414,10.0230486v1,10,,2,4,,3/24/2022 16:41,,,,13,,,,,156,2.41,404.88,,,,,,,,,,,,
25415,40.0251147v1,40,,18,3,,3/24/2022 16:33,,,,30,,,,,350,2.49,926.28,,,,,,,,,,,,
25416,10.0249784v2,10,,2,4,,3/24/2022 12:17,,,,10,,,,,120,2.58,340.56,,,,,,,,,,,,
25417,10.0255790v1,10,,2,1,,3/24/2022 14:03,,,,5,,,,,60,2.56,184.32,,,,,,,,,,,,
25418,10.0214885v1,10,,2,1,,3/24/2022 14:58,,,,10,,,,,120,2.23,294.36,,,,,,,,,,,,
25419,10.0274805v1,10,,2,4,,3/24/2022 15:38,,,,100,,,,,1200,1.91,2314.92,,,,,,,,,,,,
25420,40.0277251v1,40,,18,3,,3/28/2022 13:21,,,,42,,,,,500,2.49,1284.84,,,,,,,,,,,,
25421,10.0276860v2,10,,2,1,,3/24/2022 15:31,,,,10,,,,,120,2.23,294.36,,,,,,,,,,,,
25422,10.0281900v4,10,,2,3,,3/26/2022 0:07,,,,5,,,,,60,3.66,263.52,,,,,,,,,,,,
25423,10.0283545v2,10,,2,3,,3/24/2022 18:04,,,,21,,,,,250,2.41,636.24,,,,,,,,,,,,
25423,40.0283546v2,40,,18,3,,3/24/2022 18:04,,,,21,,,,,250,2.49,657.36,,,,,,,,,,,,
25424,40.0273948v1,40,,18,1,,3/25/2022 14:07,,,,125,,,,,1500,1.71,2585.52,,,,,,,,,,,,
25425,10.0281636v1,10,,2,4,,3/24/2022 21:29,,,,167,,,,,2000,1.91,3850.56,,,,,,,,,,,,
25426,10.0247295v1,10,,2,3,,3/25/2022 13:52,,,,42,,,,,500,2.41,1243.56,,,,,,,,,,,,
25427,10.0217258v3,10,,2,3,,3/24/2022 17:14,,,,10,,,,,120,2.58,340.56,,,,,,,,,,,,
25429,46.0286126v1,46,,113,3,,3/24/2022 18:25,,,,7,,,,,80,3.66,351.36,,,,,,,,,,,,
25430,10.0285529v6,10,,2,3,,3/24/2022 18:26,,,,10,,,,,120,2.58,340.56,,,,,,,,,,,,
25431,10.0385367v2,10,,2,3,,3/24/2022 18:23,,,,6,,,,,70,3.66,307.44,,,,,,,,,,,,
25432,10.0241520v1,10,,2,3,,3/24/2022 20:14,,,,24,,,,,288,2.41,723,,,,,,,,,,,,
25433,10.0285007v1,10,,2,3,,3/24/2022 21:46,,,,14,,,,,160,2.41,433.8,,,,,,,,,,,,
25435,10.0284329v1,10,,2,3,,3/24/2022 19:58,,,,5,,,,,60,3.66,263.52,,,,,,,,,,,,
25436,10.0286378v1,10,,2,3,,3/24/2022 19:23,,,,6,,,,,65,3.66,307.44,,,,,,,,,,,,
25437,10.0282815v1,10,,2,3,,3/24/2022 20:00,,,,7,,,,,80,3.66,351.36,,,,,,,,,,,,
25438,10.0286402v1,10,,2,3,,3/24/2022 20:01,,,,10,,,,,120,2.58,340.56,,,,,,,,,,,,
25438,10.0286401v1,10,,2,3,,3/24/2022 20:01,,,,5,,,,,60,3.66,263.52,,,,,,,,,,,,
25439,40.0285546v2,40,,18,3,,3/24/2022 23:31,,,,5,,,,,60,3.74,269.28,,,,,,,,,,,,
25440,13.0586487v1,13,,5,3,,3/24/2022 20:44,,,,17,,,,,200,1.45,313.2,,,,,,,,,,,,
25441,10.0238971v2,10,,2,3,,3/25/2022 8:38,,,,15,,,,,174,2.41,462.72,,,,,,,,,,,,
25442,10.0286518v1,10,,2,3,,3/24/2022 21:16,,,,18,,,,,205,2.41,549.48,,,,,,,,,,,,
25443,10.0284005v5,10,,2,3,,3/24/2022 22:54,,,,42,,,,,500,2.41,1243.56,,,,,,,,,,,,
25444,10.0286446v1,10,,2,3,,3/24/2022 21:59,,,,42,,,,,500,2.41,1243.56,,,,,,,,,,,,
25445,40.0286444v1,40,,18,3,,3/25/2022 13:35,,,,18,,,,,205,2.49,567.72,,,,,,,,,,,,
25445,40.0286443v1,40,,18,3,,3/25/2022 13:35,,,,18,,,,,205,2.49,567.72,,,,,,,,,,,,
25446,40.0265902v1,40,,18,3,,3/25/2022 14:11,,,,25,,,,,300,2.49,776.88,,,,,,,,,,,,
25447,10.0285223v1,10,,2,3,,3/25/2022 13:19,,,,5,,,,,60,3.66,263.52,,,,,,,,,,,,
25448,10.0285922v2,10,,2,3,,3/25/2022 18:30,,,,5,,,,,51,3.66,263.52,,,,,,,,,,,,
25449,10.0285440v2,10,,2,3,,3/25/2022 15:24,,,,20,,,,,240,2.41,607.32,,,,,,,,,,,,
25450,10.0231447v6,10,,2,4,,3/24/2022 23:44,,,,5,,,,,60,2.58,185.76,,,,,,,,,,,,
25451,10.0286596v1,10,,2,3,,3/25/2022 13:34,,,,5,,,,,60,3.66,263.52,,,,,,,,,,,,
25451,10.0286595v1,10,,2,3,,3/25/2022 13:34,,,,5,,,,,60,3.66,263.52,,,,,,,,,,,,
25452,10.0286604v1,10,,2,1,,3/25/2022 1:09,,,,5,,,,,60,2.56,184.32,,,,,,,,,,,,
25453,40.0285820v1,40,,18,3,,3/25/2022 4:53,,,,8,,,,,90,3.66,395.28,,,,,,,,,,,,
25454,10.0286341v1,10,,2,3,,3/25/2022 13:04,,,,10,,,,,120,2.58,340.56,,,,,,,,,,,,
25455,40.0285289v2,40,,18,3,,3/28/2022 17:25,,,,8,,,,,95,3.66,395.28,,,,,,,,,,,,
25456,10.0260894v2,10,,2,3,,3/28/2022 16:57,,,,12,,,,,140,2.41,375.96,,,,,,,,,,,,
25457,10.0219941v1,10,,2,4,,3/25/2022 15:39,,,,40,,,,,480,2.41,1185.72,,,,,,,,,,,,
25458,10.0286542v5,10,,2,3,,3/25/2022 15:53,,,,5,,,,,60,3.66,263.52,,,,,,,,,,,,
25459,10.0282884v3,10,,2,3,,4/20/2022 1:26,,,,11,,,,,132,2.41,347.04,,,,,,,,,,,,
25460,10.0286381v2,10,,2,3,,3/25/2022 16:27,,,,5,,,,,60,3.66,263.52,,,,,,,,,,,,
25461,10.0224791v1,10,,2,3,,3/29/2022 16:52,,,,17,,,,,200,2.41,520.56,,,,,,,,,,,,
25461,10.0248659v3,10,,2,3,,3/29/2022 16:52,,,,17,,,,,200,2.41,520.56,,,,,,,,,,,,
25461,10.0235479v3,10,,2,3,,3/29/2022 16:52,,,,17,,,,,200,2.41,520.56,,,,,,,,,,,,
25462,10.0285673v1,10,,2,1,,3/25/2022 17:22,,,,7,,,,,75,2.56,245.76,,,,,,,,,,,,
25463,10.0286655v1,10,,2,3,,3/25/2022 17:46,,,,22,,,,,260,2.41,665.16,,,,,,,,,,,,
25465,10.0286658v1,10,,2,1,,3/25/2022 18:06,,,,5,,,,,60,2.56,184.32,,,,,,,,,,,,
25466,10.0283588v1,10,,2,3,,3/25/2022 21:55,,,,14,,,,,160,2.41,433.8,,,,,,,,,,,,
25467,10.0242059v2,10,,2,3,,3/25/2022 20:03,,,,20,,,,,240,2.41,607.32,,,,,,,,,,,,
25468,10.0285275v2,10,,2,3,,3/25/2022 20:50,,,,10,,,,,120,2.58,340.56,,,,,,,,,,,,
25470,10.0286630v1,10,,2,3,,3/25/2022 22:45,,,,5,,,,,60,3.66,263.52,,,,,,,,,,,,
25471,10.0280629v2,10,,2,4,,3/28/2022 15:18,,,,100,,,,,1200,1.91,2314.92,,,,,,,,,,,,
25472,40.0286620v1,40,,18,3,,3/25/2022 23:12,,,,13,,,,,153,2.49,418.32,,,,,,,,,,,,
25473,10.026176v1,10,,2,3,,3/28/2022 18:12,,,,5,,,,,60,3.66,263.52,,,,,,,,,,,,
25474,10.0271726v2,10,,2,3,,3/28/2022 12:16,,,,25,,,,,300,2.41,751.92,,,,,,,,,,,,
25474,12.0273472v1,12,,4,3,,3/28/2022 12:16,,,,25,,,,,300,2.16,673.92,,,,,,,,,,,,
25475,10.0286838v1,10,,2,3,,3/25/2022 23:15,,,,10,,,,,120,2.58,340.56,,,,,,,,,,,,
25476,10.0266709v1,10,,2,3,,3/26/2022 1:04,,,,10,,,,,120,2.58,340.56,,,,,,,,,,,,
25477,40.0283983v1,40,,18,4,,3/28/2022 18:03,,,,10,,,,,120,2.75,363,,,,,,,,,,,,
25478,10.0251779v1,10,,2,4,,3/29/2022 16:22,,,,5,,,,,60,2.58,185.76,,,,,,,,,,,,
25479,40.0284383v2,40,,18,3,,3/28/2022 16:10,,,,7,,,,,80,3.74,359.04,,,,,,,,,,,,
25480,10.0286894v1,10,,2,3,,3/28/2022 20:08,,,,21,,,,,250,2.41,636.24,,,,,,,,,,,,
25481,10.0285637v1,10,,2,4,,3/28/2022 13:30,,,,5,,,,,60,2.58,185.76,,,,,,,,,,,,
25482,10.0286897v1,10,,2,3,,3/29/2022 2:12,,,,13,,,,,150,2.41,404.88,,,,,,,,,,,,
25484,10.0286700v1,10,,2,3,,3/28/2022 17:28,,,,10,,,,,120,2.58,340.56,,,,,,,,,,,,
25484,10.0286829v1,10,,2,3,,3/28/2022 17:28,,,,10,,,,,120,2.58,340.56,,,,,,,,,,,,
25484,10.0286828v1,10,,2,3,,3/28/2022 17:28,,,,10,,,,,120,2.58,340.56,,,,,,,,,,,,
25485,10.0281174v4,10,,2,4,,3/28/2022 17:06,,,,5,,,,,60,2.58,185.76,,,,,,,,,,,,
25486,10.0245903v1,10,,2,3,,3/28/2022 18:46,,,,17,,,,,200,2.41,520.56,,,,,,,,,,,,
25487,10.0255491v1,10,,2,3,,3/28/2022 17:50,,,,21,,,,,250,2.41,636.24,,,,,,,,,,,,
25488,10.0286960v1,10,,2,3,,3/28/2022 17:52,,,,22,,,,,260,2.41,665.16,,,,,,,,,,,,
25489,10.0263880v2,10,,2,3,,3/31/2022 17:22,,,,10,,,,,120,2.58,340.56,,,,,,,,,,,,
25490,10.0245862v1,10,,2,3,,3/28/2022 18:14,,,,5,,,,,60,3.66,263.52,,,,,,,,,,,,
25491,10.0214986v1,10,,2,3,,3/28/2022 19:42,,,,44,,,,,520,2.41,1301.4,,,,,,,,,,,,
25492,10.0273328v3,10,,2,1,,4/1/2022 20:13,,,,10,,,,,120,2.23,294.36,,,,,,,,,,,,
25494,10.0227001v1,10,,2,3,,3/28/2022 19:51,,,,13,,,,,150,2.41,404.88,,,,,,,,,,,,
25495,10.0186952v1,10,,2,1,,3/28/2022 19:58,,,,9,,,,,100,2.56,307.2,,,,,,,,,,,,
25495,10.0386953v1,10,,2,1,,3/28/2022 19:58,,,,9,,,,,100,2.56,307.2,,,,,,,,,,,,
25496,10.0286618v3,10,,2,1,,3/28/2022 19:50,,,,17,,,,,200,1.96,423.36,,,,,,,,,,,,
25497,10.0286925v3,10,,2,3,,3/28/2022 21:09,,,,84,,,,,1002,1.91,1948.2,,,,,,,,,,,,
25498,10.0262484v1,10,,2,3,,3/28/2022 20:28,,,,20,,,,,240,2.41,607.32,,,,,,,,,,,,
25499,10.0248118v1,10,,2,3,,3/29/2022 20:50,,,,13,,,,,150,2.41,404.88,,,,,,,,,,,,
25500,10.0233252v1,10,,2,3,,3/29/2022 18:29,,,,21,,,,,250,2.41,636.24,,,,,,,,,,,,
25501,10.0219046v1,10,,2,3,,3/28/2022 20:33,,,,10,,,,,120,2.58,340.56,,,,,,,,,,,,
25503,10.0286438v4,10,,2,3,,3/29/2022 22:57,,,,69,,,,,825,1.91,1604.4,,,,,,,,,,,,
25504,10.0286911v2,10,,2,3,,3/28/2022 21:02,,,,34,,,,,400,2.41,1012.2,,,,,,,,,,,,
25505,10.0223189v1,10,,2,1,,3/28/2022 21:26,,,,10,,,,,120,2.23,294.36,,,,,,,,,,,,
25506,40.0286043v3,40,,18,4,,3/29/2022 14:12,,,,17,,,,,201,2.58,557.28,,,,,,,,,,,,
25507,10.0283787v3,10,,2,1,,3/28/2022 22:49,,,,20,,,,,240,1.96,493.92,,,,,,,,,,,,
25508,10.0286831v1,10,,2,3,,3/28/2022 23:28,,,,51,,,,,610,2.16,1347.84,,,,,,,,,,,,
25509,40.0286197v2,40,,18,3,,3/30/2022 17:45,,,,90,,,,,1075,1.99,2173.08,,,,,,,,,,,,
25509,40.0285524v2,40,,18,3,,3/30/2022 17:45,,,,119,,,,,1425,1.99,2865.6,,,,,,,,,,,,
25510,10.0286819v1,10,,2,4,,3/29/2022 15:34,,,,5,,,,,60,2.58,185.76,,,,,,,,,,,,
25511,10.0284377v1,10,,2,4,,3/29/2022 15:23,,,,5,,,,,60,2.58,185.76,,,,,,,,,,,,
25512,12.0285463v1,12,,4,3,,3/29/2022 16:16,,,,42,,,,,500,2.16,1114.56,,,,,,,,,,,,
25513,10.0286639v3,10,,2,1,,4/7/2022 17:50,,,,42,,,,,500,1.96,1011.36,,,,,,,,,,,,
25514,10.0234001v1,10,,2,4,,3/29/2022 18:53,,,,10,,,,,120,2.58,340.56,,,,,,,,,,,,
25515,10.0283068v2,10,,2,3,,3/29/2022 18:04,,,,20,,,,,240,2.41,607.32,,,,,,,,,,,,
25516,10.0257475v1,10,,2,4,,3/29/2022 18:23,,,,17,,,,,200,2.41,520.56,,,,,,,,,,,,
25517,10.0287002v2,10,,2,1,,3/29/2022 19:10,,,,21,,,,,250,1.96,517.44,,,,,,,,,,,,
25518,10.0287076v1,10,,2,1,,3/29/2022 19:04,,,,22,,,,,255,1.96,540.96,,,,,,,,,,,,
25519,10.0287140v1,10,,2,1,,3/29/2022 19:10,,,,5,,,,,60,2.56,184.32,,,,,,,,,,,,
25521,10.0262790v1,10,,2,3,,3/29/2022 19:53,,,,10,,,,,115,2.58,340.56,,,,,,,,,,,,
25522,10.0287190v1,10,,2,3,,3/29/2022 19:09,,,,42,,,,,500,2.41,1243.56,,,,,,,,,,,,
25523,10.0285619v1,10,,2,1,,3/30/2022 19:33,,,,17,,,,,200,1.96,423.36,,,,,,,,,,,,
25525,10.0232805v1,10,,2,3,,3/29/2022 20:51,,,,21,,,,,250,2.41,636.24,,,,,,,,,,,,
25525,40.0280019v2,40,,18,3,,3/29/2022 20:51,,,,21,,,,,250,2.49,657.36,,,,,,,,,,,,
25526,10.0249272v1,10,,2,4,,4/1/2022 17:56,,,,5,,,,,60,2.58,185.76,,,,,,,,,,,,
25527,18.0286656v2,18,,10,1,,3/30/2022 14:29,,,,5,,,,,60,2.56,184.32,,,,,,,,,,,,
25528,10.0235104v3,10,,2,1,,3/29/2022 22:30,,,,10,,,,,120,2.23,294.36,,,,,,,,,,,,
25529,10.0237170v1,10,,2,3,,3/30/2022 17:48,,,,84,,,,,1000,1.91,1948.2,,,,,,,,,,,,
25531,10.0284542v1,10,,2,3,,3/29/2022 20:06,,,,10,,,,,120,2.58,340.56,,,,,,,,,,,,
25532,10.0284446v5,10,,2,3,,3/29/2022 20:24,,,,40,,,,,480,2.41,1185.72,,,,,,,,,,,,
25533,10.0286662v3,10,,2,4,,3/29/2022 20:30,,,,5,,,,,60,2.58,185.76,,,,,,,,,,,,
25534,10.0281696v2,10,,2,4,,3/29/2022 21:14,,,,7,,,,,80,2.58,247.68,,,,,,,,,,,,
25534,10.0281695v2,10,,2,4,,3/29/2022 21:14,,,,7,,,,,80,2.58,247.68,,,,,,,,,,,,
25534,10.0281694v2,10,,2,4,,3/29/2022 21:14,,,,7,,,,,80,2.58,247.68,,,,,,,,,,,,
25535,10.0216973v15,10,,2,1,,3/29/2022 20:59,,,,30,,,,,360,1.96,729.12,,,,,,,,,,,,
25536,10.0287096v1,10,,2,1,,4/18/2022 16:03,,,,21,,,,,250,1.96,517.44,,,,,,,,,,,,
25537,10.0287306v1,10,,2,3,,3/29/2022 22:24,,,,26,,,,,305,2.41,780.84,,,,,,,,,,,,
25538,10.0240412v1,10,,2,3,,3/29/2022 22:38,,,,42,,,,,500,2.41,1243.56,,,,,,,,,,,,
25538,10.0240412v2,10,,2,3,,3/29/2022 22:38,,,,42,,,,,500,2.41,1243.56,,,,,,,,,,,,
25539,10.0268998v2,10,,2,3,,3/29/2022 23:20,,,,42,,,,,500,2.41,1243.56,,,,,,,,,,,,
25540,40.0284220v1,40,,18,3,,3/30/2022 17:50,,,,20,,,,,240,2.49,627.48,,,,,,,,,,,,
25541,40.0287179v2,40,,18,1,,3/30/2022 0:43,,,,31,,,,,363,1.96,752.64,,,,,,,,,,,,
25542,10.0213782v1,10,,2,1,,3/30/2022 10:54,,,,5,,,,,60,2.56,184.32,,,,,,,,,,,,
25543,10.0231559v2,10,,2,3,,3/30/2022 15:30,,,,21,,,,,250,2.41,636.24,,,,,,,,,,,,
25544,10.0287554v1,10,,2,3,,3/30/2022 14:40,,,,5,,,,,60,3.66,263.52,,,,,,,,,,,,
25545,10.0286380v1,10,,2,1,,3/30/2022 15:21,,,,9,,,,,100,2.56,307.2,,,,,,,,,,,,
25546,10.0265955v1,10,,2,3,,3/30/2022 15:50,,,,42,,,,,500,2.41,1243.56,,,,,,,,,,,,
25547,10.0270908v1,10,,2,1,,3/30/2022 16:48,,,,28,,,,,325,1.96,682.08,,,,,,,,,,,,
25548,10.0280353v1,10,,2,3,,3/30/2022 17:01,,,,15,,,,,180,2.41,462.72,,,,,,,,,,,,
25548,10.0280355v1,10,,2,3,,3/30/2022 17:01,,,,15,,,,,180,2.41,462.72,,,,,,,,,,,,
25549,10.0286957v1,10,,2,4,,3/30/2022 18:07,,,,5,,,,,60,2.58,185.76,,,,,,,,,,,,
25549,10.0286956v1,10,,2,4,,3/30/2022 18:07,,,,10,,,,,120,2.58,340.56,,,,,,,,,,,,
25550,10.0245815v1,10,,2,1,,3/30/2022 16:24,,,,17,,,,,200,1.96,423.36,,,,,,,,,,,,
25551,10.0283183v1,10,,2,4,,3/30/2022 16:25,,,,6,,,,,68,2.58,216.72,,,,,,,,,,,,
25551,10.0283179v1,10,,2,4,,3/30/2022 16:25,,,,6,,,,,68,2.58,216.72,,,,,,,,,,,,
25552,10.0285116v4,10,,2,1,,3/30/2022 22:31,,,,20,,,,,240,1.96,493.92,,,,,,,,,,,,
25553,10.0277756v1,10,,2,4,,3/30/2022 17:35,,,,6,,,,,61,2.58,216.72,,,,,,,,,,,,
25553,10.0277757v1,10,,2,4,,3/30/2022 17:35,,,,6,,,,,61,2.58,216.72,,,,,,,,,,,,
25554,10.0280074v2,10,,2,1,,3/31/2022 13:31,,,,10,,,,,120,2.23,294.36,,,,,,,,,,,,
25554,10.0280089v1,10,,2,1,,3/31/2022 13:31,,,,10,,,,,120,2.23,294.36,,,,,,,,,,,,
25555,44.0287480v1,44,,21,1,,3/30/2022 17:11,,,,5,,,,,60,2.56,184.32,,,,,,,,,,,,
25556,10.0287387v2,10,,2,1,,3/30/2022 17:40,,,,18,,,,,205,1.96,446.88,,,,,,,,,,,,
25557,13.0586709v1,13,,5,3,,3/30/2022 21:10,,,,17,,,,,200,1.45,313.2,,,,,,,,,,,,
25558,10.0284817v1,10,,2,1,,3/30/2022 18:30,,,,13,,,,,150,1.96,329.28,,,,,,,,,,,,
25559,10.0280445v3,10,,2,4,,3/30/2022 18:22,,,,5,,,,,60,2.58,185.76,,,,,,,,,,,,
25560,10.0287659v1,10,,2,1,,3/30/2022 18:36,,,,9,,,,,105,2.56,307.2,,,,,,,,,,,,
25561,17.0281025v2,17,,9,1,,3/30/2022 19:03,,,,10,,,,,120,2.23,294.36,,,,,,,,,,,,
25561,10.0280995v1,10,,2,1,,3/30/2022 19:03,,,,10,,,,,120,2.23,294.36,,,,,,,,,,,,
25562,10.0227001v1,10,,2,3,,3/30/2022 21:03,,,,10,,,,,120,2.58,340.56,,,,,,,,,,,,
25563,10.0287501v1,10,,2,3,,3/31/2022 21:09,,,,17,,,,,200,2.41,520.56,,,,,,,,,,,,
25563,10.0287502v3,10,,2,3,,3/31/2022 21:09,,,,17,,,,,200,2.41,520.56,,,,,,,,,,,,
25564,10.0285935v3,10,,2,1,,3/30/2022 19:35,,,,25,,,,,300,1.96,611.52,,,,,,,,,,,,
25565,10.029088v1,10,,2,3,,3/30/2022 21:37,,,,30,,,,,350,2.41,896.52,,,,,,,,,,,,
25566,10.0283374v2,10,,2,1,,3/30/2022 21:35,,,,14,,,,,165,1.96,352.8,,,,,,,,,,,,
25567,10.0287499v1,10,,2,3,,3/31/2022 13:28,,,,68,,,,,814,1.91,1581.48,,,,,,,,,,,,
25567,10.0287500v1,10,,2,3,,3/31/2022 13:28,,,,68,,,,,814,1.91,1581.48,,,,,,,,,,,,
25568,10.0287755v1,10,,2,1,,3/30/2022 20:58,,,,6,,,,,65,2.56,215.04,,,,,,,,,,,,
25569,40.0281757v1,40,,18,1,,3/30/2022 22:54,,,,10,,,,,120,2.23,294.36,,,,,,,,,,,,
25570,10.0280735v2,10,,2,1,,3/30/2022 22:48,,,,5,,,,,60,2.56,184.32,,,,,,,,,,,,
25571,10.0264319v1,10,,2,1,,3/31/2022 13:26,,,,5,,,,,60,2.56,184.32,,,,,,,,,,,,
25572,10.0282121v4,10,,2,1,,3/30/2022 22:52,,,,7,,,,,80,2.56,245.76,,,,,,,,,,,,
25573,10.0249255v3,10,,2,3,,4/4/2022 18:22,,,,17,,,,,200,2.41,520.56,,,,,,,,,,,,
25573,10.0249255v2,10,,2,3,,4/4/2022 18:22,,,,17,,,,,200,2.41,520.56,,,,,,,,,,,,
25574,10.0287623v1,10,,2,1,,3/30/2022 22:55,,,,9,,,,,100,2.56,307.2,,,,,,,,,,,,
25575,10.0335231v1,10,,2,3,,3/31/2022 13:36,,,,5,,,,,60,3.66,263.52,,,,,,,,,,,,
25575,10.0187851v1,10,,2,3,,3/31/2022 13:36,,,,6,,,,,61,3.66,307.44,,,,,,,,,,,,
25575,10.0235233v1,10,,2,3,,3/31/2022 13:36,,,,6,,,,,69,3.66,307.44,,,,,,,,,,,,
25576,10.0242552v1,10,,2,3,,3/31/2022 22:55,,,,21,,,,,250,2.41,636.24,,,,,,,,,,,,
25578,10.0283405v1,10,,2,1,,3/31/2022 13:34,,,,17,,,,,200,1.96,423.36,,,,,,,,,,,,
25581,10.0285936v1,10,,2,4,,3/31/2022 21:20,,,,10,,,,,120,2.58,340.56,,,,,,,,,,,,
25582,40.0287413v3,40,,18,1,,3/31/2022 16:55,,,,7,,,,,75,2.56,245.76,,,,,,,,,,,,
25583,10.0240294v4,10,,2,1,,3/31/2022 13:37,,,,84,,,,,1000,1.79,1825.8,,,,,,,,,,,,
25583,10.0260923v1,10,,2,1,,3/31/2022 13:37,,,,42,,,,,500,1.96,1011.36,,,,,,,,,,,,
25585,10.0287882v1,10,,2,3,,3/31/2022 16:31,,,,22,,,,,255,2.41,665.16,,,,,,,,,,,,
25586,10.0287839v1,10,,2,1,,3/31/2022 16:50,,,,5,,,,,60,2.56,184.32,,,,,,,,,,,,
25587,10.0286746v1,10,,2,1,,3/31/2022 16:54,,,,5,,,,,60,2.56,184.32,,,,,,,,,,,,
25588,10.0281037v1,10,,2,3,,3/31/2022 15:49,,,,5,,,,,60,3.66,263.52,,,,,,,,,,,,
25589,10.0287640v1,10,,2,1,,3/31/2022 17:02,,,,6,,,,,62,2.56,215.04,,,,,,,,,,,,
25590,10.0240711v1,10,,2,1,,3/31/2022 16:14,,,,10,,,,,120,2.23,294.36,,,,,,,,,,,,
25591,10.0287530v1,10,,2,3,,3/31/2022 17:09,,,,5,,,,,60,3.66,263.52,,,,,,,,,,,,
25592,40.0288076v1,40,,18,3,,3/31/2022 21:52,,,,5,,,,,59,3.74,269.28,,,,,,,,,,,,
25592,40.0288077v1,40,,18,3,,3/31/2022 21:52,,,,5,,,,,59,3.74,269.28,,,,,,,,,,,,
25593,10.0283782v4,10,,2,1,,3/31/2022 19:01,,,,60,,,,,720,1.79,1310.28,,,,,,,,,,,,
25594,10.0287974v1,10,,2,3,,3/31/2022 17:49,,,,43,,,,,510,2.41,1272.48,,,,,,,,,,,,
25595,10.0286350v5,10,,2,3,,3/31/2022 20:09,,,,20,,,,,240,2.41,607.32,,,,,,,,,,,,
25596,10.0286156v1,10,,2,3,,3/31/2022 23:47,,,,40,,,,,480,2.41,1185.72,,,,,,,,,,,,
25597,10.0282770v7,10,,2,3,,3/31/2022 18:50,,,,200,,,,,2400,1.62,3907.44,,,,,,,,,,,,
25597,10.0188256v1,10,,2,3,,3/31/2022 18:50,,,,5,,,,,60,3.66,263.52,,,,,,,,,,,,
25598,14.0643494v1,14,,6,3,,3/31/2022 19:28,,,,17,,,,,200,1.45,313.2,,,,,,,,,,,,
25599,40.0266430v1,40,,18,4,,3/31/2022 18:52,,,,5,,,,,60,2.75,198,,,,,,,,,,,,
25599,40.0266430v2,40,,18,4,,3/31/2022 18:52,,,,5,,,,,60,2.75,198,,,,,,,,,,,,
25600,10.0286075v1,10,,2,3,,3/31/2022 18:58,,,,10,,,,,120,2.58,340.56,,,,,,,,,,,,
25601,12.0285542v2,12,,4,3,,4/5/2022 19:17,,,,30,,,,,360,2.16,803.52,,,,,,,,,,,,
25601,10.0285541v1,10,,2,3,,4/5/2022 19:17,,,,30,,,,,360,2.41,896.52,,,,,,,,,,,,
25602,10.0285864v2,10,,2,4,,4/8/2022 17:17,,,,10,,,,,120,2.58,340.56,,,,,,,,,,,,
25603,10.0232805v1,10,,2,3,,3/31/2022 23:09,,,,40,,,,,480,2.41,1185.72,,,,,,,,,,,,
25604,10.0287419v1,10,,2,1,,4/4/2022 15:52,,,,10,,,,,120,2.23,294.36,,,,,,,,,,,,
25605,10.0273187v1,10,,2,3,,3/31/2022 20:41,,,,100,,,,,1200,1.91,2314.92,,,,,,,,,,,,
25605,10.0273185v1,10,,2,3,,3/31/2022 20:41,,,,100,,,,,1200,1.91,2314.92,,,,,,,,,,,,
25606,40.0240507v1,40,,18,4,,3/31/2022 20:32,,,,42,,,,,500,2.58,1331.28,,,,,,,,,,,,
25607,10.0253012v1,10,,2,1,,3/31/2022 23:41,,,,21,,,,,250,1.96,517.44,,,,,,,,,,,,
25608,10.0239926v7,10,,2,1,,3/31/2022 21:57,,,,42,,,,,500,1.96,1011.36,,,,,,,,,,,,
25609,10.0294253v2,10,,2,1,,5/13/2022 23:21,,,,10,,,,,120,2.23,294.36,,,,,,,,,,,,
25610,10.0247072v1,10,,2,4,,3/31/2022 21:17,,,,9,,,,,105,2.58,309.6,,,,,,,,,,,,
25611,10.0279442v1,10,,2,1,,4/1/2022 19:16,,,,60,,,,,720,1.79,1310.28,,,,,,,,,,,,
25612,10.0231109v1,10,,2,3,,3/31/2022 22:38,,,,7,,,,,75,3.66,351.36,,,,,,,,,,,,
25613,10.0388158v1,10,,2,1,,3/31/2022 22:04,,,,20,,,,,240,1.96,493.92,,,,,,,,,,,,
25614,10.0279906v2,10,,2,1,,3/31/2022 22:10,,,,13,,,,,150,1.96,329.28,,,,,,,,,,,,
25615,10.0286584v2,10,,2,3,,4/1/2022 14:42,,,,100,,,,,1200,1.91,2314.92,,,,,,,,,,,,
25616,40.0288082v1,40,,18,1,,3/31/2022 23:17,,,,10,,,,,120,2.23,294.36,,,,,,,,,,,,
25617,10.029291v5,10,,2,3,,3/31/2022 23:35,,,,30,,,,,360,2.41,896.52,,,,,,,,,,,,
25619,10.0288029v1,10,,2,1,,4/1/2022 1:50,,,,40,,,,,480,1.96,964.32,,,,,,,,,,,,
25620,10.0287784v1,10,,2,4,,4/1/2022 2:29,,,,18,,,,,205,2.41,549.48,,,,,,,,,,,,
25621,10.0238839v1,10,,2,3,,4/1/2022 14:24,,,,100,,,,,1200,1.91,2314.92,,,,,,,,,,,,
25621,10.0216756v1,10,,2,3,,4/1/2022 14:24,,,,60,,,,,720,1.91,1398.12,,,,,,,,,,,,
25622,10.0280431v1,10,,2,1,,4/6/2022 15:35,,,,20,,,,,240,1.96,493.92,,,,,,,,,,,,
25623,10.0273818v3,10,,2,4,,4/1/2022 14:54,,,,13,,,,,150,2.41,404.88,,,,,,,,,,,,
25624,10.0285990v1,10,,2,1,,4/1/2022 15:59,,,,10,,,,,120,2.23,294.36,,,,,,,,,,,,
25625,10.0280716v1,10,,2,1,,4/1/2022 21:06,,,,10,,,,,120,2.23,294.36,,,,,,,,,,,,
25626,10.0285561v2,10,,2,1,,4/5/2022 19:35,,,,10,,,,,120,2.23,294.36,,,,,,,,,,,,
25626,10.0285684v2,10,,2,1,,4/5/2022 19:35,,,,10,,,,,120,2.23,294.36,,,,,,,,,,,,
25627,10.0282028v2,10,,2,1,,4/1/2022 17:09,,,,5,,,,,60,2.56,184.32,,,,,,,,,,,,
25627,10.0282030v2,10,,2,1,,4/1/2022 17:09,,,,5,,,,,60,2.56,184.32,,,,,,,,,,,,
25628,11.0288242v1,11,,3,1,,4/1/2022 18:38,,,,10,,,,,120,3,396,,,,,,,,,,,,
25629,10.0287356v1,10,,2,1,,4/1/2022 18:49,,,,30,,,,,350,1.96,729.12,,,,,,,,,,,,
25630,40.0286440v2,40,,18,1,,4/1/2022 19:50,,,,35,,,,,417,1.96,846.72,,,,,,,,,,,,
25631,10.029269v1,10,,2,3,,4/4/2022 13:36,,,,167,,,,,2000,1.91,3850.56,,,,,,,,,,,,
25632,40.0284559v3,40,,18,1,,4/1/2022 21:23,,,,5,,,,,60,2.56,184.32,,,,,,,,,,,,
25633,10.0284558v2,10,,2,1,,4/1/2022 21:11,,,,5,,,,,60,2.56,184.32,,,,,,,,,,,,
25634,10.0228174v1,10,,2,1,,4/1/2022 20:35,,,,30,,,,,360,1.96,729.12,,,,,,,,,,,,
25635,10.0277700v2,10,,2,1,,4/1/2022 20:42,,,,5,,,,,60,2.56,184.32,,,,,,,,,,,,
25636,10.0236431v3,10,,2,3,,4/1/2022 20:50,,,,10,,,,,120,2.58,340.56,,,,,,,,,,,,
25637,10.0230607v3,10,,2,1,,4/1/2022 21:02,,,,25,,,,,300,1.96,611.52,,,,,,,,,,,,
25638,10.0282891v5,10,,2,4,,4/1/2022 21:25,,,,47,,,,,560,2.16,1244.16,,,,,,,,,,,,
25639,10.0233648v2,10,,2,1,,4/1/2022 22:55,,,,5,,,,,60,2.56,184.32,,,,,,,,,,,,
25640,46.0274957v2,46,,113,1,,4/4/2022 13:35,,,,5,,,,,60,2.56,184.32,,,,,,,,,,,,
25640,10.0274955v2,10,,2,1,,4/4/2022 13:35,,,,5,,,,,60,2.56,184.32,,,,,,,,,,,,
25641,40.0287335v2,40,,18,1,,4/4/2022 14:10,,,,6,,,,,72,2.56,215.04,,,,,,,,,,,,
25641,40.0287332v2,40,,18,1,,4/4/2022 14:10,,,,6,,,,,72,2.56,215.04,,,,,,,,,,,,
25642,10.0283337v2,10,,2,1,,4/4/2022 19:30,,,,10,,,,,120,2.23,294.36,,,,,,,,,,,,
25643,10.0283499v2,10,,2,1,,4/4/2022 18:32,,,,5,,,,,60,2.56,184.32,,,,,,,,,,,,
25644,10.0287132v4,10,,2,1,,4/4/2022 13:33,,,,17,,,,,200,1.96,423.36,,,,,,,,,,,,
25645,10.0279815v1,10,,2,1,,4/4/2022 15:54,,,,15,,,,,173,1.96,376.32,,,,,,,,,,,,
25645,10.0279814v1,10,,2,1,,4/4/2022 15:54,,,,15,,,,,173,1.96,376.32,,,,,,,,,,,,
25645,10.0279813v1,10,,2,1,,4/4/2022 15:54,,,,15,,,,,173,1.96,376.32,,,,,,,,,,,,
25645,10.0279820v1,10,,2,1,,4/4/2022 15:54,,,,15,,,,,173,1.96,376.32,,,,,,,,,,,,
25646,10.0287707v2,10,,2,1,,4/4/2022 14:23,,,,42,,,,,500,1.96,1011.36,,,,,,,,,,,,
25647,10.0276744v6,10,,2,1,,4/2/2022 3:26,,,,10,,,,,120,2.23,294.36,,,,,,,,,,,,
25648,40.0249598v1,40,,18,3,,4/4/2022 20:19,,,,10,,,,,120,2.66,351.12,,,,,,,,,,,,
25650,10.0282543v2,10,,2,1,,4/4/2022 15:59,,,,42,,,,,500,1.96,1011.36,,,,,,,,,,,,
25651,10.0232494v1,10,,2,3,,4/13/2022 20:43,,,,167,,,,,2000,1.91,3850.56,,,,,,,,,,,,
25652,10.0261941v1,10,,2,3,,4/5/2022 22:40,,,,42,,,,,500,2.41,1243.56,,,,,,,,,,,,
25653,10.0288493v1,10,,2,1,,4/4/2022 17:52,,,,13,,,,,150,1.96,329.28,,,,,,,,,,,,
25655,10.0272243v1,10,,2,1,,4/4/2022 19:10,,,,9,,,,,100,2.56,307.2,,,,,,,,,,,,
25656,10.0282424v1,10,,2,1,,4/6/2022 15:42,,,,5,,,,,60,2.56,184.32,,,,,,,,,,,,
25657,40.0288227v1,40,,18,1,,4/4/2022 20:18,,,,20,,,,,240,1.96,493.92,,,,,,,,,,,,
25658,10.0284363v1,10,,2,1,,4/4/2022 20:20,,,,45,,,,,530,1.96,1081.92,,,,,,,,,,,,
25660,10.0255600v1,10,,2,1,,4/4/2022 19:06,,,,63,,,,,750,1.79,1374.72,,,,,,,,,,,,
25660,44.0255598v1,44,,21,1,,4/4/2022 19:06,,,,63,,,,,750,1.79,1374.72,,,,,,,,,,,,
25661,10.0288236v1,10,,2,1,,4/4/2022 18:25,,,,5,,,,,60,2.56,184.32,,,,,,,,,,,,
25662,40.0285952v1,40,,18,1,,4/6/2022 18:17,,,,7,,,,,75,2.56,245.76,,,,,,,,,,,,
25663,10.0282659v4,10,,2,1,,4/5/2022 22:58,,,,42,,,,,500,1.96,1011.36,,,,,,,,,,,,
25664,10.0378300v1,10,,2,1,,4/5/2022 20:42,,,,10,,,,,120,2.23,294.36,,,,,,,,,,,,
25665,10.0211449v1,10,,2,3,,4/7/2022 14:33,,,,10,,,,,120,2.58,340.56,,,,,,,,,,,,
25666,10.0288559v1,10,,2,1,,4/4/2022 18:37,,,,5,,,,,60,2.56,184.32,,,,,,,,,,,,
25667,10.0285101v7,10,,2,1,,4/4/2022 18:55,,,,17,,,,,200,1.96,423.36,,,,,,,,,,,,
25668,10.0288570v1,10,,2,1,,4/4/2022 19:02,,,,14,,,,,160,1.96,352.8,,,,,,,,,,,,
25670,10.0286513v1,10,,2,1,,4/4/2022 21:49,,,,5,,,,,60,2.56,184.32,,,,,,,,,,,,
25671,10.0250249v1,10,,2,1,,4/6/2022 14:41,,,,10,,,,,120,2.23,294.36,,,,,,,,,,,,
25672,40.0284218v1,40,,18,1,,4/4/2022 20:18,,,,25,,,,,300,1.96,611.52,,,,,,,,,,,,
25673,10.0276415v2,10,,2,1,,4/4/2022 20:14,,,,15,,,,,180,1.96,376.32,,,,,,,,,,,,
25673,10.0281809v2,10,,2,1,,4/4/2022 20:14,,,,7,,,,,80,2.56,245.76,,,,,,,,,,,,
25675,10.0278095v1,10,,2,3,,4/11/2022 21:58,,,,60,,,,,720,1.91,1398.12,,,,,,,,,,,,
25676,12.0288046v1,12,,4,1,,4/4/2022 21:42,,,,17,,,,,202,1.55,334.8,,,,,,,,,,,,
25676,10.0288045v1,10,,2,1,,4/4/2022 21:42,,,,17,,,,,202,1.96,423.36,,,,,,,,,,,,
25677,10.0285323v1,10,,2,3,,4/4/2022 22:55,,,,5,,,,,60,3.66,263.52,,,,,,,,,,,,
25678,10.0288037v1,10,,2,1,,4/5/2022 14:23,,,,21,,,,,250,1.96,517.44,,,,,,,,,,,,
25679,10.0289964v5,10,,2,3,,4/21/2022 16:16,,,,17,,,,,200,2.41,520.56,,,,,,,,,,,,
25679,10.0289964v6,10,,2,3,,4/21/2022 16:16,,,,17,,,,,200,2.41,520.56,,,,,,,,,,,,
25682,40.0288686v1,40,,18,3,,4/4/2022 23:00,,,,7,,,,,80,3.74,359.04,,,,,,,,,,,,
25682,40.0288682v1,40,,18,3,,4/4/2022 23:00,,,,7,,,,,80,3.74,359.04,,,,,,,,,,,,
25683,10.0286396v1,10,,2,1,,4/5/2022 14:53,,,,57,,,,,675,1.88,1308.48,,,,,,,,,,,,
25685,10.0287436v1,10,,2,1,,4/5/2022 16:16,,,,11,,,,,125,2.23,321.12,,,,,,,,,,,,
25686,10.0287778v2,10,,2,1,,4/5/2022 0:10,,,,5,,,,,60,2.56,184.32,,,,,,,,,,,,
25687,10.0269042v2,10,,2,3,,4/5/2022 22:54,,,,50,,,,,600,2.16,1321.92,,,,,,,,,,,,
25688,40.0288247v1,40,,18,1,,4/5/2022 7:14,,,,10,,,,,120,2.23,294.36,,,,,,,,,,,,
25689,17.0288224v7,17,,9,1,,4/5/2022 13:08,,,,10,,,,,120,2.23,294.36,,,,,,,,,,,,
25690,10.0236680v1,10,,2,1,,4/5/2022 13:42,,,,5,,,,,60,2.56,184.32,,,,,,,,,,,,
25691,40.0279682v1,40,,18,1,,4/5/2022 22:36,,,,17,,,,,200,1.96,423.36,,,,,,,,,,,,
25692,10.0222858v1,10,,2,1,,4/5/2022 15:01,,,,10,,,,,120,2.23,294.36,,,,,,,,,,,,
25693,40.0288173v1,40,,18,1,,4/5/2022 21:45,,,,42,,,,,500,1.96,1011.36,,,,,,,,,,,,
25694,10.0239798v8,10,,2,1,,4/6/2022 17:37,,,,10,,,,,120,2.23,294.36,,,,,,,,,,,,
25694,10.0239798v9,10,,2,1,,4/6/2022 17:37,,,,10,,,,,120,2.23,294.36,,,,,,,,,,,,
25694,12.0239799v9,12,,4,1,,4/6/2022 17:37,,,,10,,,,,120,1.77,233.64,,,,,,,,,,,,
25694,10.0239798v4,10,,2,1,,4/6/2022 17:37,,,,10,,,,,120,2.23,294.36,,,,,,,,,,,,
25694,12.0239799v7,12,,4,1,,4/6/2022 17:37,,,,10,,,,,120,1.77,233.64,,,,,,,,,,,,
25695,10.0284542v1,10,,2,1,,4/5/2022 14:57,,,,21,,,,,250,1.96,517.44,,,,,,,,,,,,
25696,40.028187v1,40,,18,1,,4/6/2022 17:45,,,,25,,,,,300,1.96,611.52,,,,,,,,,,,,
25698,10.0288220v1,10,,2,3,,4/8/2022 20:03,,,,84,,,,,1000,1.91,1948.2,,,,,,,,,,,,
25699,10.0288654v1,10,,2,4,,4/5/2022 19:33,,,,10,,,,,120,2.58,340.56,,,,,,,,,,,,
25700,10.0282679v2,10,,2,1,,4/5/2022 15:26,,,,11,,,,,130,2.23,321.12,,,,,,,,,,,,
25701,10.0235136v3,10,,2,1,,4/6/2022 15:08,,,,75,,,,,900,1.79,1632.48,,,,,,,,,,,,
25702,10.0288376v1,10,,2,1,,4/5/2022 18:40,,,,10,,,,,120,2.23,294.36,,,,,,,,,,,,
25703,10.0240315v1,10,,2,1,,4/12/2022 16:51,,,,134,,,,,1600,1.71,2770.2,,,,,,,,,,,,
25704,10.0281407v1,10,,2,1,,4/5/2022 20:15,,,,10,,,,,120,2.23,294.36,,,,,,,,,,,,
25704,10.0281418v1,10,,2,1,,4/5/2022 20:15,,,,10,,,,,120,2.23,294.36,,,,,,,,,,,,
25705,10.0286442v1,10,,2,3,,4/6/2022 19:28,,,,49,,,,,578,2.16,1296,,,,,,,,,,,,
25706,40.0285288v2,40,,18,3,,4/22/2022 15:08,,,,63,,,,,750,1.99,1528.32,,,,,,,,,,,,
25706,40.0285288v3,40,,18,3,,4/22/2022 15:08,,,,63,,,,,750,1.99,1528.32,,,,,,,,,,,,
25707,10.0287659v1,10,,2,1,,4/5/2022 18:34,,,,5,,,,,60,2.56,184.32,,,,,,,,,,,,
25708,10.0278308v6,10,,2,1,,5/4/2022 0:35,,,,10,,,,,120,2.23,294.36,,,,,,,,,,,,
25708,10.0278307v5,10,,2,1,,5/4/2022 0:35,,,,10,,,,,120,2.23,294.36,,,,,,,,,,,,
25708,10.0278309v2,10,,2,1,,5/4/2022 0:35,,,,10,,,,,120,2.23,294.36,,,,,,,,,,,,
25709,40.0288659v2,40,,18,1,,4/5/2022 18:51,,,,10,,,,,110,2.56,337.92,,,,,,,,,,,,
25710,12.0282866v2,12,,4,1,,4/5/2022 20:24,,,,5,,,,,60,2.1,151.2,,,,,,,,,,,,
25711,10.0286672v3,10,,2,1,,4/5/2022 19:33,,,,5,,,,,60,2.56,184.32,,,,,,,,,,,,
25712,40.0286967v1,40,,18,1,,4/8/2022 16:21,,,,42,,,,,500,1.96,1011.36,,,,,,,,,,,,
25713,10.0282999v1,10,,2,3,,4/5/2022 19:46,,,,18,,,,,205,2.41,549.48,,,,,,,,,,,,
25714,10.0288801v1,10,,2,1,,4/6/2022 15:05,,,,6,,,,,65,2.56,215.04,,,,,,,,,,,,
25715,10.0288627v1,10,,2,1,,4/6/2022 21:34,,,,42,,,,,500,1.96,1011.36,,,,,,,,,,,,
25716,13.0588055v2,13,,5,3,,4/7/2022 15:15,,,,40,,,,,480,1.45,713.4,,,,,,,,,,,,
25717,10.0288627v1,10,,2,3,,4/6/2022 23:37,,,,42,,,,,500,2.41,1243.56,,,,,,,,,,,,
25718,10.0288431v1,10,,2,1,,4/6/2022 15:59,,,,5,,,,,60,2.56,184.32,,,,,,,,,,,,
25720,10.0288651v1,10,,2,1,,4/6/2022 15:08,,,,20,,,,,240,1.96,493.92,,,,,,,,,,,,
25721,10.0251148v2,10,,2,4,,4/6/2022 21:39,,,,67,,,,,800,1.91,1558.56,,,,,,,,,,,,
25722,10.0288628v1,10,,2,1,,4/6/2022 14:05,,,,18,,,,,205,1.96,446.88,,,,,,,,,,,,
25723,40.0251147v1,40,,18,3,,4/6/2022 21:47,,,,5,,,,,60,3.74,269.28,,,,,,,,,,,,
25724,10.0286592v1,10,,2,1,,4/6/2022 15:34,,,,26,,,,,309,1.96,635.04,,,,,,,,,,,,
25725,10.0288839v1,10,,2,1,,4/6/2022 17:48,,,,34,,,,,400,1.96,823.2,,,,,,,,,,,,
25726,10.0211457v1,10,,2,3,,4/6/2022 17:23,,,,5,,,,,60,3.66,263.52,,,,,,,,,,,,
25727,40.0286397v1,40,,18,3,,4/15/2022 19:34,,,,6,,,,,65,3.74,314.16,,,,,,,,,,,,
25728,10.0289104v1,10,,2,3,,4/6/2022 18:07,,,,185,,,,,2210,1.91,4263.12,,,,,,,,,,,,
25729,10.0262519v1,10,,2,3,,4/6/2022 21:35,,,,110,,,,,1320,1.91,2544.12,,,,,,,,,,,,
25730,10.0286659v1,10,,2,1,,4/6/2022 17:50,,,,42,,,,,500,1.96,1011.36,,,,,,,,,,,,
25731,10.0274810v3,10,,2,3,,4/6/2022 17:35,,,,40,,,,,480,2.41,1185.72,,,,,,,,,,,,
25732,40.0288771v1,40,,18,1,,4/6/2022 18:43,,,,11,,,,,130,2.23,321.12,,,,,,,,,,,,
25733,10.0288973v1,10,,2,1,,4/7/2022 15:37,,,,5,,,,,60,2.56,184.32,,,,,,,,,,,,
25734,46.0288906v4,46,,113,3,,4/6/2022 21:35,,,,10,,,,,120,2.58,340.56,,,,,,,,,,,,
25735,10.0280792v1,10,,2,3,,4/6/2022 18:02,,,,10,,,,,120,2.58,340.56,,,,,,,,,,,,
25736,10.0278256v1,10,,2,1,,4/6/2022 18:24,,,,75,,,,,900,1.79,1632.48,,,,,,,,,,,,
25737,10.0246178v1,10,,2,4,,4/6/2022 18:42,,,,10,,,,,120,2.58,340.56,,,,,,,,,,,,
25738,11.0288695v2,11,,3,1,,4/6/2022 21:15,,,,5,,,,,60,3.33,239.76,,,,,,,,,,,,
25739,10.0286331v2,10,,2,1,,4/6/2022 19:11,,,,5,,,,,60,2.56,184.32,,,,,,,,,,,,
25739,10.0286333v2,10,,2,1,,4/6/2022 19:11,,,,5,,,,,60,2.56,184.32,,,,,,,,,,,,
25740,920287981v1,920,1500,26,5,44690,4/7/2022 21:20,Distributor,existingbusiness,8198102543,125,0.99,90,1586.88,1575,,,,,,,,,,,,,,,
25741,40.0287934v1,40,,18,1,,4/6/2022 20:58,,,,5,,,,,60,2.56,184.32,,,,,,,,,,,,
25742,10.0288924v1,10,,2,3,,4/7/2022 17:49,,,,67,,,,,800,1.91,1558.56,,,,,,,,,,,,
25742,10.0283539v1,10,,2,3,,4/7/2022 17:49,,,,63,,,,,750,1.91,1466.88,,,,,,,,,,,,
25743,10.0285390v2,10,,2,1,,4/6/2022 20:53,,,,5,,,,,60,2.56,184.32,,,,,,,,,,,,
25744,10.0289091v3,10,,2,4,,4/6/2022 21:48,,,,34,,,,,400,2.41,1012.2,,,,,,,,,,,,
25745,10.0242627v2,10,,2,1,,4/7/2022 13:52,,,,7,,,,,75,2.56,245.76,,,,,,,,,,,,
25745,10.0242619v2,10,,2,1,,4/7/2022 13:52,,,,7,,,,,75,2.56,245.76,,,,,,,,,,,,
25746,10.0282852v2,10,,2,3,,4/7/2022 19:50,,,,5,,,,,60,3.66,263.52,,,,,,,,,,,,
25747,10.0264783v1,10,,2,1,,4/7/2022 17:58,,,,5,,,,,60,2.56,184.32,,,,,,,,,,,,
25748,10.0245860v1,10,,2,4,,4/8/2022 17:28,,,,6,,,,,70,2.58,216.72,,,,,,,,,,,,
25749,40.0242395v5,40,,18,3,,4/8/2022 17:06,,,,13,,,,,150,2.49,418.32,,,,,,,,,,,,
25750,10.0286363v2,10,,2,3,,4/8/2022 1:24,,,,63,,,,,750,1.91,1466.88,,,,,,,,,,,,
25751,10.0288574v1,10,,2,4,,4/7/2022 0:38,,,,5,,,,,60,2.58,185.76,,,,,,,,,,,,
25752,12.0284089v1,12,,4,3,,4/7/2022 15:38,,,,10,,,,,120,2.33,307.56,,,,,,,,,,,,
25752,10.0283758v2,10,,2,3,,4/7/2022 15:38,,,,10,,,,,120,2.58,340.56,,,,,,,,,,,,
25753,10.0286954v1,10,,2,1,,4/7/2022 13:08,,,,5,,,,,60,2.56,184.32,,,,,,,,,,,,
25753,10.0288566v1,10,,2,1,,4/7/2022 13:08,,,,5,,,,,60,2.56,184.32,,,,,,,,,,,,
25754,10.0289205v1,10,,2,4,,4/7/2022 13:38,,,,9,,,,,105,2.58,309.6,,,,,,,,,,,,
25755,13.0589199v1,13,,5,3,,4/7/2022 14:10,,,,17,,,,,200,1.45,313.2,,,,,,,,,,,,
25756,10.0289215v1,10,,2,3,,4/7/2022 15:06,,,,10,,,,,120,2.58,340.56,,,,,,,,,,,,
25758,40.0248904v3,40,,18,1,,4/7/2022 17:48,,,,5,,,,,60,2.56,184.32,,,,,,,,,,,,
25759,10.0288788v2,10,,2,4,,4/7/2022 19:21,,,,10,,,,,120,2.58,340.56,,,,,,,,,,,,
25759,10.0286763v1,10,,2,4,,4/7/2022 19:21,,,,5,,,,,60,2.58,185.76,,,,,,,,,,,,
25760,10.0240412v2,10,,2,4,,4/7/2022 15:43,,,,75,,,,,900,1.91,1741.92,,,,,,,,,,,,
25761,10.0289220v1,10,,2,1,,4/7/2022 18:36,,,,25,,,,,300,1.96,611.52,,,,,,,,,,,,
25762,10.0223434v1,10,,2,4,,4/7/2022 16:02,,,,5,,,,,60,2.58,185.76,,,,,,,,,,,,
25763,10.0389413v1,10,,2,3,,4/7/2022 18:59,,,,10,,,,,120,2.58,340.56,,,,,,,,,,,,
25763,10.0389414v4,10,,2,3,,4/7/2022 18:59,,,,10,,,,,120,2.58,340.56,,,,,,,,,,,,
25764,10.0289236v1,10,,2,4,,4/7/2022 17:56,,,,6,,,,,70,2.58,216.72,,,,,,,,,,,,
25765,12.0288945v1,12,,4,3,,4/7/2022 18:28,,,,17,,,,,200,2.16,466.56,,,,,,,,,,,,
25766,10.0289209v1,10,,2,1,,4/7/2022 17:38,,,,7,,,,,82,2.56,245.76,,,,,,,,,,,,
25767,10.0232564v1,10,,2,4,,4/7/2022 18:25,,,,10,,,,,120,2.58,340.56,,,,,,,,,,,,
25768,10.0285072v3,10,,2,1,,4/7/2022 20:46,,,,40,,,,,480,1.96,964.32,,,,,,,,,,,,
25769,10.0287390v1,10,,2,4,,4/7/2022 19:41,,,,5,,,,,60,2.58,185.76,,,,,,,,,,,,
25770,10.0227255v6,10,,2,3,,4/12/2022 22:31,,,,448,,,,,5369,1.62,8728.56,,,,,,,,,,,,
25771,10.0278097v6,10,,2,1,,4/7/2022 21:40,,,,10,,,,,120,2.23,294.36,,,,,,,,,,,,
25772,40.0256716v2,40,,18,3,,4/7/2022 20:59,,,,5,,,,,60,3.74,269.28,,,,,,,,,,,,
25772,40.0284772v2,40,,18,3,,4/7/2022 20:59,,,,5,,,,,60,3.74,269.28,,,,,,,,,,,,
25773,10.0233247v1,10,,2,1,,4/7/2022 19:29,,,,13,,,,,150,1.96,329.28,,,,,,,,,,,,
25774,10.0264894v2,10,,2,1,,4/8/2022 16:50,,,,5,,,,,50,2.56,184.32,,,,,,,,,,,,
25774,40.0264896v3,40,,18,1,,4/8/2022 16:50,,,,8,,,,,90,2.56,276.48,,,,,,,,,,,,
25775,10.0279739v2,10,,2,4,,4/7/2022 21:32,,,,5,,,,,60,2.58,185.76,,,,,,,,,,,,
25776,40.0289185v3,40,,18,3,,4/7/2022 20:27,,,,5,,,,,60,3.74,269.28,,,,,,,,,,,,
25777,10.0289230v1,10,,2,1,,4/7/2022 21:24,,,,34,,,,,400,1.96,823.2,,,,,,,,,,,,
25778,10.0287999v5,10,,2,1,,4/7/2022 20:41,,,,20,,,,,240,1.96,493.92,,,,,,,,,,,,
25779,10.0259884v2,10,,2,4,,4/8/2022 19:20,,,,5,,,,,60,2.58,185.76,,,,,,,,,,,,
25780,10.0288519v1,10,,2,4,,4/7/2022 21:09,,,,5,,,,,60,2.58,185.76,,,,,,,,,,,,
25781,10.0288864v1,10,,2,1,,4/11/2022 14:28,,,,10,,,,,120,2.23,294.36,,,,,,,,,,,,
25782,10.0289210v1,10,,2,3,,4/8/2022 18:56,,,,17,,,,,200,2.41,520.56,,,,,,,,,,,,
25783,10.0289118v2,10,,2,1,,4/8/2022 12:28,,,,25,,,,,300,1.96,611.52,,,,,,,,,,,,
25784,10.0275857v2,10,,2,4,,4/8/2022 18:51,,,,7,,,,,78,2.58,247.68,,,,,,,,,,,,
25786,10.0288887v1,10,,2,1,,4/7/2022 21:53,,,,13,,,,,150,1.96,329.28,,,,,,,,,,,,
25787,10.0289226v1,10,,2,3,,4/11/2022 22:06,,,,10,,,,,120,2.58,340.56,,,,,,,,,,,,
25788,10.0288965v1,10,,2,1,,4/8/2022 15:19,,,,25,,,,,300,1.96,611.52,,,,,,,,,,,,
25789,10.0267254v7,10,,2,3,,4/13/2022 20:57,,,,10,,,,,120,2.58,340.56,,,,,,,,,,,,
25790,10.0267252v2,10,,2,3,,4/13/2022 20:41,,,,50,,,,,600,2.16,1321.92,,,,,,,,,,,,
25791,10.0289564v1,10,,2,3,,4/8/2022 3:07,,,,10,,,,,120,2.58,340.56,,,,,,,,,,,,
25792,40.0288733v3,40,,18,3,,4/8/2022 16:26,,,,10,,,,,120,2.66,351.12,,,,,,,,,,,,
25793,10.0289342v2,10,,2,1,,4/8/2022 21:20,,,,10,,,,,120,2.23,294.36,,,,,,,,,,,,
25794,10.0281654v1,10,,2,4,,4/8/2022 15:23,,,,30,,,,,350,2.41,896.52,,,,,,,,,,,,
25794,10.0281655v1,10,,2,4,,4/8/2022 15:23,,,,30,,,,,350,2.41,896.52,,,,,,,,,,,,
25794,10.0281653v1,10,,2,4,,4/8/2022 15:23,,,,30,,,,,350,2.41,896.52,,,,,,,,,,,,
25795,10.0269536v1,10,,2,3,,4/8/2022 19:26,,,,42,,,,,500,2.41,1243.56,,,,,,,,,,,,
25796,10.0289307v1,10,,2,1,,4/8/2022 15:50,,,,10,,,,,120,2.23,294.36,,,,,,,,,,,,
25797,10.0287018v2,10,,2,1,,4/8/2022 15:20,,,,17,,,,,200,1.96,423.36,,,,,,,,,,,,
25798,12.0287689v1,12,,4,3,,4/8/2022 16:14,,,,13,,,,,150,2.16,362.88,,,,,,,,,,,,
25798,10.0286063v2,10,,2,3,,4/8/2022 16:14,,,,30,,,,,360,2.41,896.52,,,,,,,,,,,,
25799,10.0285439v1,10,,2,3,,4/8/2022 18:53,,,,42,,,,,500,2.41,1243.56,,,,,,,,,,,,
25800,40.0273948v1,40,,18,4,,4/11/2022 21:03,,,,100,,,,,1200,2.08,2520.96,,,,,,,,,,,,
25801,10.0272653v2,10,,2,3,,4/8/2022 17:33,,,,34,,,,,400,2.41,1012.2,,,,,,,,,,,,
25802,10.0289597v1,10,,2,3,,4/8/2022 17:13,,,,10,,,,,120,2.58,340.56,,,,,,,,,,,,
25803,10.0236225v1,10,,2,4,,4/8/2022 18:58,,,,25,,,,,300,2.41,751.92,,,,,,,,,,,,
25804,10.0289599v2,10,,2,3,,4/8/2022 17:35,,,,11,,,,,125,2.58,371.52,,,,,,,,,,,,
25804,10.0289600v2,10,,2,3,,4/8/2022 17:35,,,,11,,,,,125,2.58,371.52,,,,,,,,,,,,
25805,10.0220564v1,10,,2,3,,4/8/2022 19:25,,,,20,,,,,240,2.41,607.32,,,,,,,,,,,,
25806,10.0285229v3,10,,2,3,,4/8/2022 19:23,,,,11,,,,,125,2.58,371.52,,,,,,,,,,,,
25807,10.0283625v2,10,,2,4,,4/8/2022 17:39,,,,7,,,,,75,2.58,247.68,,,,,,,,,,,,
25808,10.0268882v2,10,,2,3,,4/8/2022 18:30,,,,20,,,,,240,2.41,607.32,,,,,,,,,,,,
25809,10.0249579v1,10,,2,4,,4/8/2022 18:33,,,,30,,,,,360,2.41,896.52,,,,,,,,,,,,
25810,10.0289449v1,10,,2,1,,4/8/2022 19:55,,,,71,,,,,850,1.79,1546.56,,,,,,,,,,,,
25810,10.0289451v1,10,,2,1,,4/8/2022 19:55,,,,17,,,,,200,1.96,423.36,,,,,,,,,,,,
25811,10.0289301v1,10,,2,3,,4/8/2022 22:13,,,,13,,,,,150,2.41,404.88,,,,,,,,,,,,
25811,10.0289300v1,10,,2,3,,4/8/2022 22:13,,,,17,,,,,200,2.41,520.56,,,,,,,,,,,,
25811,10.0289302v1,10,,2,3,,4/8/2022 22:13,,,,13,,,,,150,2.41,404.88,,,,,,,,,,,,
25812,10.0284729v1,10,,2,3,,4/8/2022 20:26,,,,34,,,,,400,2.41,1012.2,,,,,,,,,,,,
25813,40.0288800v2,40,,18,3,,4/8/2022 19:36,,,,5,,,,,60,3.74,269.28,,,,,,,,,,,,
25814,10.0289621v1,10,,2,3,,4/8/2022 20:38,,,,25,,,,,300,2.41,751.92,,,,,,,,,,,,
25815,10.0289039v1,10,,2,3,,4/8/2022 20:05,,,,10,,,,,120,2.58,340.56,,,,,,,,,,,,
25816,10.0225335v3,10,,2,3,,4/8/2022 21:09,,,,84,,,,,1000,1.91,1948.2,,,,,,,,,,,,
25817,17.0389730v1,17,,9,3,,4/11/2022 15:29,,,,10,,,,,120,2.58,340.56,,,,,,,,,,,,
25818,10.0269216v3,10,,2,4,,4/8/2022 21:55,,,,7,,,,,75,2.58,247.68,,,,,,,,,,,,
25818,10.0269217v3,10,,2,4,,4/8/2022 21:55,,,,7,,,,,75,2.58,247.68,,,,,,,,,,,,
25819,10.0221648v3,10,,2,3,,4/8/2022 22:53,,,,100,,,,,1200,1.91,2314.92,,,,,,,,,,,,
25820,10.0241447v1,10,,2,1,,4/14/2022 19:09,,,,5,,,,,60,2.56,184.32,,,,,,,,,,,,
25822,10.0289737v1,10,,2,1,,4/11/2022 15:31,,,,10,,,,,120,2.23,294.36,,,,,,,,,,,,
25823,10.0231456v1,10,,2,4,,4/11/2022 17:20,,,,25,,,,,300,2.41,751.92,,,,,,,,,,,,
25824,10.0289699v1,10,,2,3,,4/9/2022 1:22,,,,13,,,,,150,2.41,404.88,,,,,,,,,,,,
25825,40.0288054v2,40,,18,3,,4/10/2022 22:28,,,,10,,,,,120,2.66,351.12,,,,,,,,,,,,
25826,10.0287897v3,10,,2,3,,4/11/2022 23:03,,,,5,,,,,60,3.66,263.52,,,,,,,,,,,,
25826,10.0287898v11,10,,2,3,,4/11/2022 23:03,,,,5,,,,,60,3.66,263.52,,,,,,,,,,,,
25826,10.0288252v10,10,,2,3,,4/11/2022 23:03,,,,34,,,,,400,2.41,1012.2,,,,,,,,,,,,
25826,10.0288252v6,10,,2,3,,4/11/2022 23:03,,,,5,,,,,60,3.66,263.52,,,,,,,,,,,,
25827,10.0289693v1,10,,2,1,,4/11/2022 14:07,,,,21,,,,,242,1.96,517.44,,,,,,,,,,,,
25828,10.0282174v1,10,,2,3,,4/11/2022 14:22,,,,10,,,,,120,2.58,340.56,,,,,,,,,,,,
25829,10.0289579v1,10,,2,4,,4/18/2022 19:40,,,,42,,,,,500,2.41,1243.56,,,,,,,,,,,,
25830,10.0274706v1,10,,2,3,,4/11/2022 16:25,,,,10,,,,,120,2.58,340.56,,,,,,,,,,,,
25831,12.0232869v1,12,,4,3,,4/11/2022 15:34,,,,25,,,,,300,2.16,673.92,,,,,,,,,,,,
25832,10.0289617v1,10,,2,3,,4/11/2022 15:47,,,,5,,,,,60,3.66,263.52,,,,,,,,,,,,
25833,40.0287769v1,40,,18,3,,4/11/2022 19:06,,,,6,,,,,65,3.74,314.16,,,,,,,,,,,,
25834,10.0278674v1,10,,2,3,,4/11/2022 16:32,,,,10,,,,,120,2.58,340.56,,,,,,,,,,,,
25835,10.0289774v2,10,,2,4,,4/11/2022 21:30,,,,13,,,,,150,2.41,404.88,,,,,,,,,,,,
25836,10.0230456v2,10,,2,3,,4/11/2022 17:18,,,,10,,,,,120,2.58,340.56,,,,,,,,,,,,
25838,10.0289175v1,10,,2,3,,4/11/2022 18:46,,,,40,,,,,480,2.41,1185.72,,,,,,,,,,,,
25839,10.0289535v1,10,,2,3,,4/11/2022 19:51,,,,53,,,,,625,2.16,1399.68,,,,,,,,,,,,
25840,10.0289410v1,10,,2,3,,4/11/2022 18:21,,,,10,,,,,120,2.58,340.56,,,,,,,,,,,,
25841,10.0243472v1,10,,2,4,,4/11/2022 21:37,,,,5,,,,,60,2.58,185.76,,,,,,,,,,,,
25842,10.0284507v2,10,,2,3,,4/11/2022 19:40,,,,67,,,,,800,1.91,1558.56,,,,,,,,,,,,
25843,10.0286095v3,10,,2,3,,4/11/2022 19:57,,,,20,,,,,240,2.41,607.32,,,,,,,,,,,,
25844,10.0233375v2,10,,2,3,,4/11/2022 21:30,,,,30,,,,,360,2.41,896.52,,,,,,,,,,,,
25845,10.0217942v1,10,,2,3,,4/11/2022 19:44,,,,11,,,,,121,2.58,371.52,,,,,,,,,,,,
25846,10.0289796v1,10,,2,4,,4/13/2022 18:39,,,,5,,,,,60,2.58,185.76,,,,,,,,,,,,
25847,10.0273655v4,10,,2,3,,4/11/2022 23:56,,,,12,,,,,135,2.41,375.96,,,,,,,,,,,,
25848,40.0389904v1,40,,18,3,,4/11/2022 20:59,,,,20,,,,,240,2.49,627.48,,,,,,,,,,,,
25848,40.0389905v1,40,,18,3,,4/11/2022 20:59,,,,20,,,,,240,2.49,627.48,,,,,,,,,,,,
25849,10.0288262v3,10,,2,3,,4/11/2022 20:10,,,,10,,,,,120,2.58,340.56,,,,,,,,,,,,
25850,10.0239248v1,10,,2,1,,4/13/2022 20:05,,,,42,,,,,500,1.96,1011.36,,,,,,,,,,,,
25851,10.0274520v2,10,,2,1,,4/14/2022 13:35,,,,5,,,,,60,2.56,184.32,,,,,,,,,,,,
25852,10.0289554v1,10,,2,3,,4/11/2022 21:01,,,,10,,,,,120,2.58,340.56,,,,,,,,,,,,
25853,10.0269079v1,10,,2,1,,4/11/2022 21:27,,,,84,,,,,1000,1.79,1825.8,,,,,,,,,,,,
25854,10.0283820v2,10,,2,3,,4/12/2022 16:23,,,,17,,,,,200,2.41,520.56,,,,,,,,,,,,
25855,10.0289920v1,10,,2,3,,4/12/2022 16:25,,,,10,,,,,120,2.58,340.56,,,,,,,,,,,,
25855,10.0284349v2,10,,2,3,,4/12/2022 16:25,,,,10,,,,,120,2.58,340.56,,,,,,,,,,,,
25856,46.0288529v1,46,,113,1,,4/11/2022 22:58,,,,50,,,,,600,1.88,1150.56,,,,,,,,,,,,
25856,46.0389928v1,46,,113,1,,4/11/2022 22:58,,,,25,,,,,300,1.96,611.52,,,,,,,,,,,,
25858,10.0381214v1,10,,2,3,,4/11/2022 21:37,,,,10,,,,,120,2.58,340.56,,,,,,,,,,,,
25859,10.0224743v2,10,,2,4,,4/11/2022 22:16,,,,17,,,,,200,2.41,520.56,,,,,,,,,,,,
25860,10.0235507v1,10,,2,3,,4/12/2022 20:37,,,,10,,,,,120,2.58,340.56,,,,,,,,,,,,
25862,10.0289889v1,10,,2,3,,4/12/2022 15:08,,,,5,,,,,60,3.66,263.52,,,,,,,,,,,,
25863,10.0281756v1,10,,2,3,,4/11/2022 22:58,,,,18,,,,,210,2.41,549.48,,,,,,,,,,,,
25864,10.0290241v1,10,,2,3,,4/12/2022 22:52,,,,9,,,,,100,3.58,429.6,,,,,,,,,,,,
25864,10.0290240v1,10,,2,3,,4/12/2022 22:52,,,,9,,,,,100,3.58,429.6,,,,,,,,,,,,
25865,10.0284639v3,10,,2,3,,4/12/2022 13:03,,,,10,,,,,120,2.58,340.56,,,,,,,,,,,,
25866,10.0289356v1,10,,2,3,,4/12/2022 2:23,,,,10,,,,,120,2.58,340.56,,,,,,,,,,,,
25866,10.0289357v1,10,,2,3,,4/12/2022 2:23,,,,10,,,,,120,2.58,340.56,,,,,,,,,,,,
25867,10.0238009v2,10,,2,4,,4/12/2022 11:30,,,,5,,,,,60,2.58,185.76,,,,,,,,,,,,
25868,40.0287425v1,40,,18,4,,4/12/2022 20:51,,,,5,,,,,60,2.75,198,,,,,,,,,,,,
25869,10.0290016v1,10,,2,3,,4/12/2022 14:15,,,,5,,,,,60,3.66,263.52,,,,,,,,,,,,
25870,17.0289765v2,17,,9,3,,4/12/2022 15:05,,,,11,,,,,130,2.58,371.52,,,,,,,,,,,,
25870,17.0289800v1,17,,9,3,,4/12/2022 15:05,,,,11,,,,,130,2.58,371.52,,,,,,,,,,,,
25871,10.0283996v5,10,,2,3,,4/18/2022 17:41,,,,10,,,,,120,2.58,340.56,,,,,,,,,,,,
25872,10.0290819v1,10,,2,4,,4/18/2022 22:17,,,,5,,,,,60,2.58,185.76,,,,,,,,,,,,
25873,10.0288613v3,10,,2,3,,4/12/2022 15:44,,,,21,,,,,250,2.41,636.24,,,,,,,,,,,,
25874,10.0288730v1,10,,2,4,,4/12/2022 21:10,,,,7,,,,,75,2.58,247.68,,,,,,,,,,,,
25875,10.0289360v1,10,,2,3,,4/13/2022 19:14,,,,84,,,,,1000,1.91,1948.2,,,,,,,,,,,,
25876,10.0289625v1,10,,2,4,,4/12/2022 16:47,,,,9,,,,,105,2.58,309.6,,,,,,,,,,,,
25877,10.0283121v1,10,,2,3,,4/20/2022 13:00,,,,130,,,,,1550,1.91,3002.52,,,,,,,,,,,,
25878,10.0282499v1,10,,2,3,,4/12/2022 18:00,,,,10,,,,,120,2.58,340.56,,,,,,,,,,,,
25879,10.0286266v1,10,,2,3,,4/12/2022 19:21,,,,10,,,,,120,2.58,340.56,,,,,,,,,,,,
25879,10.0488020v1,10,,2,3,,4/12/2022 19:21,,,,10,,,,,120,2.58,340.56,,,,,,,,,,,,
25880,10.0235654v6,10,,2,1,,4/14/2022 0:22,,,,10,,,,,120,2.23,294.36,,,,,,,,,,,,
25881,920289961v1,920,500,26,5,44694,4/12/2022 21:32,Distributor,newbusiness,8061934899,42,1.04,90,626.64,610,,,,,,,,,,,,,,,
25882,17.0288609v1,17,,9,3,,4/12/2022 20:02,,,,5,,,,,60,3.66,263.52,,,,,,,,,,,,
25882,17.0288610v1,17,,9,3,,4/12/2022 20:02,,,,5,,,,,60,3.66,263.52,,,,,,,,,,,,
25883,10.0219046v1,10,,2,3,,4/12/2022 18:57,,,,10,,,,,120,2.58,340.56,,,,,,,,,,,,
25884,10.0219046v1,10,,2,3,,4/12/2022 19:04,,,,10,,,,,120,2.58,340.56,,,,,,,,,,,,
25886,10.0290091v1,10,,2,1,,4/12/2022 22:53,,,,10,,,,,120,2.23,294.36,,,,,,,,,,,,
25887,10.0289312v3,10,,2,3,,4/12/2022 21:37,,,,34,,,,,400,2.41,1012.2,,,,,,,,,,,,
25888,40.0287783v1,40,,18,3,,4/13/2022 20:35,,,,10,,,,,120,2.66,351.12,,,,,,,,,,,,
25889,10.0238124v1,10,,2,4,,4/12/2022 21:20,,,,21,,,,,250,2.41,636.24,,,,,,,,,,,,
25890,10.0267087v1,10,,2,1,,4/12/2022 23:08,,,,417,,,,,5000,1.56,7824.96,,,,,,,,,,,,
25890,10.0267086v1,10,,2,1,,4/12/2022 23:08,,,,417,,,,,5000,1.56,7824.96,,,,,,,,,,,,
25891,10.0289683v1,10,,2,3,,4/13/2022 2:22,,,,25,,,,,300,2.41,751.92,,,,,,,,,,,,
25892,40.0251147v1,40,,18,3,,4/13/2022 16:11,,,,17,,,,,200,2.49,537.84,,,,,,,,,,,,
25894,10.0283786v1,10,,2,4,,4/13/2022 15:57,,,,5,,,,,60,2.58,185.76,,,,,,,,,,,,
25895,46.0289254v1,46,,113,3,,4/13/2022 16:06,,,,17,,,,,200,2.41,520.56,,,,,,,,,,,,
25895,10.0287077v1,10,,2,3,,4/13/2022 16:06,,,,34,,,,,400,2.41,1012.2,,,,,,,,,,,,
25896,10.0285954v4,10,,2,4,,4/13/2022 13:52,,,,5,,,,,60,2.58,185.76,,,,,,,,,,,,
25898,44.0289479v1,44,,21,4,,4/13/2022 16:40,,,,5,,,,,60,2.75,198,,,,,,,,,,,,
25899,10.0289628v1,10,,2,3,,4/13/2022 1:08,,,,13,,,,,150,2.41,404.88,,,,,,,,,,,,
25900,10.0288556v3,10,,2,4,,4/13/2022 1:34,,,,6,,,,,63,2.58,216.72,,,,,,,,,,,,
25901,46.0290093v1,46,,113,3,,4/13/2022 16:56,,,,10,,,,,120,2.58,340.56,,,,,,,,,,,,
25902,40.0290082v1,40,,18,3,,4/13/2022 16:47,,,,10,,,,,120,2.66,351.12,,,,,,,,,,,,
25903,10.0281034v1,10,,2,3,,4/13/2022 15:31,,,,20,,,,,240,2.41,607.32,,,,,,,,,,,,
25904,10.0246038v2,10,,2,3,,4/13/2022 19:33,,,,25,,,,,300,2.41,751.92,,,,,,,,,,,,
25905,10.0289624v2,10,,2,4,,4/13/2022 17:11,,,,5,,,,,60,2.58,185.76,,,,,,,,,,,,
25906,10.0222621v1,10,,2,1,,4/14/2022 17:48,,,,5,,,,,60,2.56,184.32,,,,,,,,,,,,
25906,10.0232547v1,10,,2,1,,4/14/2022 17:48,,,,5,,,,,60,2.56,184.32,,,,,,,,,,,,
25907,10.0289232v1,10,,2,3,,4/13/2022 18:19,,,,21,,,,,250,2.41,636.24,,,,,,,,,,,,
25908,10.021616v1,10,,2,3,,4/13/2022 16:39,,,,10,,,,,120,2.58,340.56,,,,,,,,,,,,
25908,10.021614v2,10,,2,3,,4/13/2022 16:39,,,,20,,,,,240,2.41,607.32,,,,,,,,,,,,
25909,10.0273588v1,10,,2,4,,4/13/2022 16:19,,,,5,,,,,60,2.58,185.76,,,,,,,,,,,,
25911,10.0290322v1,10,,2,4,,4/13/2022 16:36,,,,5,,,,,60,2.58,185.76,,,,,,,,,,,,
25911,10.0290336v1,10,,2,4,,4/13/2022 16:36,,,,5,,,,,60,2.58,185.76,,,,,,,,,,,,
25912,10.0286057v1,10,,2,1,,4/13/2022 20:39,,,,13,,,,,150,1.96,329.28,,,,,,,,,,,,
25912,40.0286207v1,40,,18,1,,4/13/2022 20:39,,,,13,,,,,150,1.96,329.28,,,,,,,,,,,,
25914,10.028947v1,10,,2,3,,4/13/2022 17:23,,,,20,,,,,240,2.41,607.32,,,,,,,,,,,,
25915,10.0290348v1,10,,2,3,,4/13/2022 18:16,,,,21,,,,,250,2.41,636.24,,,,,,,,,,,,
25916,10.0287744v1,10,,2,3,,4/18/2022 20:52,,,,10,,,,,120,2.58,340.56,,,,,,,,,,,,
25917,10.0228146v1,10,,2,3,,4/13/2022 18:45,,,,21,,,,,250,2.41,636.24,,,,,,,,,,,,
25918,10.0276546v5,10,,2,3,,4/19/2022 18:13,,,,21,,,,,250,2.41,636.24,,,,,,,,,,,,
25918,10.0190385v2,10,,2,3,,4/19/2022 18:13,,,,5,,,,,60,3.66,263.52,,,,,,,,,,,,
25919,10.0289580v5,10,,2,4,,4/13/2022 20:09,,,,10,,,,,120,2.58,340.56,,,,,,,,,,,,
25920,10.0290205v3,10,,2,3,,4/15/2022 14:46,,,,42,,,,,500,2.41,1243.56,,,,,,,,,,,,
25921,10.0226520v1,10,,2,3,,4/13/2022 20:02,,,,42,,,,,500,2.41,1243.56,,,,,,,,,,,,
25922,10.0290444v1,10,,2,3,,4/13/2022 20:36,,,,10,,,,,120,2.58,340.56,,,,,,,,,,,,
25923,10.0390459v1,10,,2,4,,4/14/2022 17:41,,,,5,,,,,60,2.58,185.76,,,,,,,,,,,,
25924,12.0288769v2,12,,4,4,,4/13/2022 21:20,,,,5,,,,,60,2.83,203.76,,,,,,,,,,,,
25924,12.0390182v1,12,,4,4,,4/13/2022 21:20,,,,5,,,,,60,2.83,203.76,,,,,,,,,,,,
25925,10.0276096v2,10,,2,1,,4/13/2022 22:09,,,,17,,,,,200,1.96,423.36,,,,,,,,,,,,
25926,10.0289181v5,10,,2,4,,4/27/2022 17:09,,,,11,,,,,126,2.58,371.52,,,,,,,,,,,,
25927,10.0274427v3,10,,2,1,,4/13/2022 22:25,,,,34,,,,,400,1.96,823.2,,,,,,,,,,,,
25928,10.0288799v2,10,,2,4,,4/18/2022 21:47,,,,5,,,,,60,2.58,185.76,,,,,,,,,,,,
25928,10.0390895v1,10,,2,4,,4/18/2022 21:47,,,,5,,,,,60,2.58,185.76,,,,,,,,,,,,
25929,10.0274444v3,10,,2,4,,4/13/2022 22:37,,,,5,,,,,60,2.58,185.76,,,,,,,,,,,,
25931,10.0274442v5,10,,2,4,,4/13/2022 22:45,,,,5,,,,,60,2.58,185.76,,,,,,,,,,,,
25932,10.0288968v2,10,,2,3,,4/14/2022 22:56,,,,21,,,,,250,2.41,636.24,,,,,,,,,,,,
25934,10.0290514v1,10,,2,1,,4/14/2022 17:57,,,,11,,,,,125,2.23,321.12,,,,,,,,,,,,
25934,10.0290517v1,10,,2,1,,4/14/2022 17:57,,,,21,,,,,250,1.96,517.44,,,,,,,,,,,,
25934,10.0290515v2,10,,2,1,,4/14/2022 17:57,,,,11,,,,,125,2.23,321.12,,,,,,,,,,,,
25935,17.0267083v6,17,,9,4,,4/14/2022 0:17,,,,5,,,,,60,2.58,185.76,,,,,,,,,,,,
25936,10.0284817v1,10,,2,3,,4/14/2022 17:08,,,,42,,,,,500,2.41,1243.56,,,,,,,,,,,,
25937,40.0290218v2,40,,18,1,,4/14/2022 15:36,,,,10,,,,,120,2.23,294.36,,,,,,,,,,,,
25938,10.0290317v5,10,,2,4,,4/14/2022 14:19,,,,5,,,,,60,2.58,185.76,,,,,,,,,,,,
25939,10.0262774v1,10,,2,1,,4/14/2022 12:31,,,,9,,,,,100,2.56,307.2,,,,,,,,,,,,
25939,10.0262774v3,10,,2,1,,4/14/2022 12:31,,,,9,,,,,100,2.56,307.2,,,,,,,,,,,,
25940,10.0226618v1,10,,2,4,,4/14/2022 14:35,,,,13,,,,,150,2.41,404.88,,,,,,,,,,,,
25941,10.0290518v1,10,,2,4,,4/14/2022 15:02,,,,5,,,,,60,2.58,185.76,,,,,,,,,,,,
25942,10.0282852v5,10,,2,3,,4/18/2022 18:43,,,,15,,,,,175,2.41,462.72,,,,,,,,,,,,
25943,10.0290541v3,10,,2,3,,4/28/2022 18:00,,,,10,,,,,120,2.58,340.56,,,,,,,,,,,,
25944,10.0289135v1,10,,2,1,,4/14/2022 17:13,,,,11,,,,,122,2.23,321.12,,,,,,,,,,,,
25945,10.0289411v2,10,,2,3,,4/14/2022 19:05,,,,10,,,,,120,2.58,340.56,,,,,,,,,,,,
25946,10.0288817v2,10,,2,1,,4/14/2022 17:04,,,,25,,,,,300,1.96,611.52,,,,,,,,,,,,
25947,10.0290542v1,10,,2,1,,4/14/2022 16:45,,,,10,,,,,120,2.23,294.36,,,,,,,,,,,,
25948,10.0222634v3,10,,2,3,,4/14/2022 18:06,,,,40,,,,,480,2.41,1185.72,,,,,,,,,,,,
25949,10.0232714v1,10,,2,1,,4/14/2022 17:32,,,,12,,,,,144,1.96,305.76,,,,,,,,,,,,
25950,10.0290581v1,10,,2,3,,4/14/2022 20:30,,,,10,,,,,120,2.58,340.56,,,,,,,,,,,,
25951,40.0284500v1,40,,18,1,,4/14/2022 17:30,,,,5,,,,,60,2.56,184.32,,,,,,,,,,,,
25952,18.0286656v2,18,,10,1,,4/14/2022 22:35,,,,105,,,,,1250,1.71,2175.12,,,,,,,,,,,,
25953,10.0290512v1,10,,2,4,,4/18/2022 20:09,,,,5,,,,,60,2.58,185.76,,,,,,,,,,,,
25953,10.0290509v1,10,,2,4,,4/18/2022 20:09,,,,5,,,,,60,2.58,185.76,,,,,,,,,,,,
25954,10.0288477v1,10,,2,4,,4/14/2022 22:47,,,,9,,,,,105,2.58,309.6,,,,,,,,,,,,
25955,10.0290012v3,10,,2,1,,4/14/2022 18:49,,,,13,,,,,150,1.96,329.28,,,,,,,,,,,,
25955,12.0288222v6,12,,4,1,,4/14/2022 18:49,,,,13,,,,,150,1.55,260.4,,,,,,,,,,,,
25956,10.0240849v1,10,,2,3,,4/14/2022 19:17,,,,13,,,,,150,2.41,404.88,,,,,,,,,,,,
25957,10.0280342v3,10,,2,4,,4/14/2022 19:19,,,,7,,,,,79,2.58,247.68,,,,,,,,,,,,
25959,10.0225572v1,10,,2,3,,4/14/2022 19:37,,,,40,,,,,480,2.41,1185.72,,,,,,,,,,,,
25960,10.0282179v2,10,,2,1,,4/14/2022 21:04,,,,10,,,,,120,2.23,294.36,,,,,,,,,,,,
25962,10.0268769v2,10,,2,1,,4/14/2022 21:01,,,,10,,,,,120,2.23,294.36,,,,,,,,,,,,
25963,10.0260655v1,10,,2,1,,4/14/2022 20:52,,,,13,,,,,150,1.96,329.28,,,,,,,,,,,,
25964,17.0266496v3,17,,9,3,,4/26/2022 21:03,,,,417,,,,,5000,1.62,8125.92,,,,,,,,,,,,
25965,10.0290538v1,10,,2,1,,4/14/2022 20:39,,,,5,,,,,60,2.56,184.32,,,,,,,,,,,,
25966,10.0290687v1,10,,2,4,,4/14/2022 21:00,,,,7,,,,,83,2.58,247.68,,,,,,,,,,,,
25967,10.0227916v2,10,,2,4,,4/14/2022 21:50,,,,12,,,,,144,2.41,375.96,,,,,,,,,,,,
25968,10.0269079v1,10,,2,1,,4/14/2022 21:53,,,,21,,,,,251,1.96,517.44,,,,,,,,,,,,
25969,10.0282607v1,10,,2,3,,4/22/2022 12:39,,,,84,,,,,1000,1.91,1948.2,,,,,,,,,,,,
25969,10.0282550v5,10,,2,3,,4/22/2022 12:39,,,,84,,,,,1000,1.91,1948.2,,,,,,,,,,,,
25970,10.0289811v2,10,,2,4,,4/14/2022 22:43,,,,5,,,,,60,2.58,185.76,,,,,,,,,,,,
25971,40.0279678v2,40,,18,1,,4/18/2022 22:24,,,,25,,,,,300,1.96,611.52,,,,,,,,,,,,
25972,10.0290607v3,10,,2,3,,4/14/2022 23:28,,,,34,,,,,400,2.41,1012.2,,,,,,,,,,,,
25973,10.0280798v3,10,,2,1,,4/15/2022 17:21,,,,10,,,,,120,2.23,294.36,,,,,,,,,,,,
25974,10.0290363v3,10,,2,4,,4/19/2022 14:38,,,,42,,,,,500,2.41,1243.56,,,,,,,,,,,,
25975,10.0251723v1,10,,2,3,,4/15/2022 15:11,,,,30,,,,,360,2.41,896.52,,,,,,,,,,,,
25976,40.0289969v1,40,,18,1,,4/18/2022 22:39,,,,12,,,,,135,1.96,305.76,,,,,,,,,,,,
25977,10.0290713v1,10,,2,4,,4/15/2022 17:46,,,,13,,,,,150,2.41,404.88,,,,,,,,,,,,
25977,10.0290716v1,10,,2,4,,4/15/2022 17:46,,,,15,,,,,175,2.41,462.72,,,,,,,,,,,,
25978,10.0289142v5,10,,2,1,,4/19/2022 18:56,,,,21,,,,,250,1.96,517.44,,,,,,,,,,,,
25978,10.0289123v5,10,,2,1,,4/19/2022 18:56,,,,25,,,,,300,1.96,611.52,,,,,,,,,,,,
25979,10.0290604v1,10,,2,4,,4/15/2022 21:50,,,,7,,,,,75,2.58,247.68,,,,,,,,,,,,
25980,10.0261652v3,10,,2,3,,4/17/2022 23:26,,,,5,,,,,60,3.66,263.52,,,,,,,,,,,,
25981,10.0290755v1,10,,2,3,,4/18/2022 20:09,,,,21,,,,,250,2.41,636.24,,,,,,,,,,,,
25982,10.0290379v1,10,,2,4,,4/18/2022 17:04,,,,42,,,,,500,2.41,1243.56,,,,,,,,,,,,
25983,10.0287827v2,10,,2,3,,4/19/2022 14:41,,,,43,,,,,515,2.41,1272.48,,,,,,,,,,,,
25984,10.0290124v1,10,,2,3,,4/19/2022 22:57,,,,34,,,,,400,2.41,1012.2,,,,,,,,,,,,
25985,17.0286395v1,17,,9,3,,5/4/2022 15:35,,,,75,,,,,900,1.91,1741.92,,,,,,,,,,,,
25986,10.0287788v1,10,,2,3,,4/19/2022 17:26,,,,10,,,,,120,2.58,340.56,,,,,,,,,,,,
25986,10.0289939v1,10,,2,3,,4/19/2022 17:26,,,,10,,,,,120,2.58,340.56,,,,,,,,,,,,
25986,10.0289947v1,10,,2,3,,4/19/2022 17:26,,,,10,,,,,120,2.58,340.56,,,,,,,,,,,,
25986,10.0285520v7,10,,2,4,,4/18/2022 22:47,,,,5,,,,,60,2.58,185.76,,,,,,,,,,,,
25986,10.0285519v2,10,,2,4,,4/18/2022 22:47,,,,5,,,,,60,2.58,185.76,,,,,,,,,,,,
25987,10.0289648v5,10,,2,3,,4/18/2022 22:18,,,,10,,,,,120,2.58,340.56,,,,,,,,,,,,
25988,10.0288491v2,10,,2,3,,4/18/2022 17:54,,,,48,,,,,575,2.16,1270.08,,,,,,,,,,,,
25989,40.0290681v1,40,,18,1,,4/18/2022 17:02,,,,10,,,,,120,2.23,294.36,,,,,,,,,,,,
25990,10.0290496v2,10,,2,3,,4/18/2022 17:58,,,,21,,,,,250,2.41,636.24,,,,,,,,,,,,
25992,10.0235048v1,10,,2,1,,4/18/2022 18:01,,,,5,,,,,60,2.56,184.32,,,,,,,,,,,,
25993,10.0290656v1,10,,2,3,,5/3/2022 16:12,,,,37,,,,,442,2.41,1098.96,,,,,,,,,,,,
25994,10.0264579v2,10,,2,3,,4/18/2022 18:07,,,,12,,,,,140,2.41,375.96,,,,,,,,,,,,
25995,10.0249873v2,10,,2,1,,4/18/2022 18:04,,,,10,,,,,120,2.23,294.36,,,,,,,,,,,,
25995,10.0232855v6,10,,2,1,,4/18/2022 18:04,,,,10,,,,,120,2.23,294.36,,,,,,,,,,,,
25996,17.0286716v3,17,,9,1,,4/18/2022 18:27,,,,167,,,,,2000,1.71,3447.36,,,,,,,,,,,,
25997,17.0286702v1,17,,9,1,,4/18/2022 18:28,,,,84,,,,,1000,1.79,1825.8,,,,,,,,,,,,
25998,10.0290522v2,10,,2,3,,4/21/2022 19:00,,,,42,,,,,500,2.41,1243.56,,,,,,,,,,,,
25999,10.0260903v2,10,,2,4,,4/18/2022 21:27,,,,5,,,,,60,2.58,185.76,,,,,,,,,,,,
26000,10.0288712v5,10,,2,3,,4/18/2022 22:03,,,,84,,,,,1000,1.91,1948.2,,,,,,,,,,,,
26001,17.0271461v2,17,,9,3,,4/18/2022 19:06,,,,40,,,,,480,2.41,1185.72,,,,,,,,,,,,
26004,10.0286619v1,10,,2,1,,4/18/2022 19:43,,,,21,,,,,250,1.96,517.44,,,,,,,,,,,,
26005,44.0210897v3,44,,21,4,,4/18/2022 22:22,,,,20,,,,,240,2.58,650.16,,,,,,,,,,,,
26005,44.0210897v4,44,,21,4,,4/18/2022 22:22,,,,20,,,,,240,2.58,650.16,,,,,,,,,,,,
26006,10.029297v1,10,,2,3,,4/21/2022 20:05,,,,17,,,,,200,2.41,520.56,,,,,,,,,,,,
26007,40.0278149v1,40,,18,4,,4/18/2022 21:04,,,,10,,,,,120,2.75,363,,,,,,,,,,,,
26008,42.0290018v1,42,,20,3,,4/19/2022 14:54,,,,5,,,,,60,3.74,269.28,,,,,,,,,,,,
26008,10.0289669v1,10,,2,3,,4/19/2022 14:54,,,,5,,,,,60,3.66,263.52,,,,,,,,,,,,
26008,10.0289668v2,10,,2,3,,4/19/2022 14:54,,,,5,,,,,60,3.66,263.52,,,,,,,,,,,,
26009,10.0290516v1,10,,2,3,,4/18/2022 20:10,,,,10,,,,,120,2.58,340.56,,,,,,,,,,,,
26009,10.0290519v1,10,,2,3,,4/18/2022 20:10,,,,10,,,,,120,2.58,340.56,,,,,,,,,,,,
26010,10.0233313v1,10,,2,1,,4/19/2022 18:08,,,,10,,,,,120,2.23,294.36,,,,,,,,,,,,
26011,40.0290665v1,40,,18,1,,4/18/2022 22:21,,,,150,,,,,1800,1.71,3098.52,,,,,,,,,,,,
26012,40.0288204v1,40,,18,1,,4/19/2022 13:52,,,,96,,,,,1150,1.79,2083.56,,,,,,,,,,,,
26012,40.0288115v1,40,,18,1,,4/19/2022 13:52,,,,96,,,,,1150,1.79,2083.56,,,,,,,,,,,,
26013,10.0290479v1,10,,2,3,,4/20/2022 15:34,,,,20,,,,,240,2.41,607.32,,,,,,,,,,,,
26014,10.0227001v1,10,,2,3,,4/19/2022 13:34,,,,9,,,,,100,3.58,429.6,,,,,,,,,,,,
26015,10.0272033v1,10,,2,1,,4/18/2022 20:51,,,,20,,,,,240,1.96,493.92,,,,,,,,,,,,
26016,10.0279906v2,10,,2,4,,4/18/2022 23:18,,,,25,,,,,300,2.41,751.92,,,,,,,,,,,,
26017,10.0288712v5,10,,2,3,,4/18/2022 22:05,,,,45,,,,,530,2.41,1330.32,,,,,,,,,,,,
26018,10.0271824v2,10,,2,3,,4/19/2022 13:33,,,,60,,,,,720,1.91,1398.12,,,,,,,,,,,,
26018,10.0275724v3,10,,2,3,,4/19/2022 13:33,,,,21,,,,,250,2.41,636.24,,,,,,,,,,,,
26018,10.0271825v2,10,,2,3,,4/19/2022 13:33,,,,60,,,,,720,1.91,1398.12,,,,,,,,,,,,
26018,10.0271823v2,10,,2,3,,4/19/2022 13:33,,,,60,,,,,720,1.91,1398.12,,,,,,,,,,,,
26018,10.0275722v3,10,,2,3,,4/19/2022 13:33,,,,21,,,,,250,2.41,636.24,,,,,,,,,,,,
26018,10.0275723v3,10,,2,3,,4/19/2022 13:33,,,,21,,,,,250,2.41,636.24,,,,,,,,,,,,
26019,40.0286704v1,40,,18,4,,6/6/2022 19:44,,,,8,,,,,85,2.75,297,,,,,,,,,,,,
26020,10.0290593v1,10,,2,4,,4/19/2022 17:28,,,,9,,,,,100,2.58,309.6,,,,,,,,,,,,
26021,10.0267075v8,10,,2,4,,4/19/2022 13:29,,,,13,,,,,150,2.41,404.88,,,,,,,,,,,,
26022,10.0290893v1,10,,2,3,,4/19/2022 13:29,,,,188,,,,,2251,1.91,4331.88,,,,,,,,,,,,
26023,10.0234405v1,10,,2,1,,4/18/2022 22:26,,,,5,,,,,60,2.56,184.32,,,,,,,,,,,,
26023,10.0234415v1,10,,2,1,,4/18/2022 22:26,,,,5,,,,,60,2.56,184.32,,,,,,,,,,,,
26023,10.0234409v1,10,,2,1,,4/18/2022 22:26,,,,5,,,,,60,2.56,184.32,,,,,,,,,,,,
26024,10.0290267v1,10,,2,4,,4/20/2022 18:44,,,,5,,,,,60,2.58,185.76,,,,,,,,,,,,
26024,10.0255555v1,10,,2,4,,4/20/2022 18:44,,,,5,,,,,60,2.58,185.76,,,,,,,,,,,,
26025,10.0290503v1,10,,2,3,,4/20/2022 22:12,,,,42,,,,,500,2.41,1243.56,,,,,,,,,,,,
26026,10.0289865v1,10,,2,1,,4/21/2022 21:42,,,,12,,,,,136,1.96,305.76,,,,,,,,,,,,
26028,10.0290305v1,10,,2,1,,4/19/2022 19:35,,,,17,,,,,200,1.96,423.36,,,,,,,,,,,,
26029,40.0290908v1,40,,18,1,,5/5/2022 22:30,,,,17,,,,,200,1.96,423.36,,,,,,,,,,,,
26030,40.0290782v1,40,,18,4,,4/19/2022 18:21,,,,17,,,,,200,2.58,557.28,,,,,,,,,,,,
26031,20.0290532v1,20,,11,3,,4/19/2022 19:15,,,,10,,,,,120,2.99,394.68,,,,,,,,,,,,
26032,10.0290903v1,10,,2,3,,4/19/2022 14:42,,,,5,,,,,60,3.66,263.52,,,,,,,,,,,,
26033,10.0290923v1,10,,2,3,,4/19/2022 15:26,,,,42,,,,,500,2.41,1243.56,,,,,,,,,,,,
26034,10.0390839v1,10,,2,1,,4/19/2022 14:25,,,,40,,,,,480,1.96,964.32,,,,,,,,,,,,
26034,10.0283422v2,10,,2,1,,4/19/2022 14:25,,,,5,,,,,60,2.56,184.32,,,,,,,,,,,,
26035,10.0290918v1,10,,2,4,,4/19/2022 16:13,,,,5,,,,,60,2.58,185.76,,,,,,,,,,,,
26036,10.0289250v2,10,,2,1,,4/19/2022 14:27,,,,21,,,,,250,1.96,517.44,,,,,,,,,,,,
26037,10.0241165v1,10,,2,1,,4/19/2022 18:16,,,,9,,,,,100,2.56,307.2,,,,,,,,,,,,
26038,10.0235192v1,10,,2,3,,4/19/2022 16:33,,,,21,,,,,250,2.41,636.24,,,,,,,,,,,,
26039,10.0278409v1,10,,2,1,,4/21/2022 15:36,,,,32,,,,,375,1.96,776.16,,,,,,,,,,,,
26039,10.0278410v1,10,,2,1,,4/21/2022 15:36,,,,32,,,,,375,1.96,776.16,,,,,,,,,,,,
26040,10.0276494v1,10,,2,4,,4/19/2022 18:02,,,,5,,,,,60,2.58,185.76,,,,,,,,,,,,
26040,10.0276464v1,10,,2,4,,4/19/2022 18:02,,,,5,,,,,60,2.58,185.76,,,,,,,,,,,,
26041,10.0243418v1,10,,2,3,,4/19/2022 16:18,,,,5,,,,,60,3.66,263.52,,,,,,,,,,,,
26042,10.0279547v1,10,,2,3,,4/20/2022 13:56,,,,10,,,,,120,2.58,340.56,,,,,,,,,,,,
26042,10.0279551v1,10,,2,3,,4/20/2022 13:56,,,,10,,,,,120,2.58,340.56,,,,,,,,,,,,
26043,40.0281489v1,40,,18,4,,4/19/2022 18:19,,,,5,,,,,60,2.75,198,,,,,,,,,,,,
26043,10.0281488v1,10,,2,4,,4/19/2022 18:19,,,,5,,,,,60,2.58,185.76,,,,,,,,,,,,
26043,10.0281487v1,10,,2,4,,4/19/2022 18:19,,,,5,,,,,60,2.58,185.76,,,,,,,,,,,,
26044,10.0290952v2,10,,2,1,,4/19/2022 19:26,,,,11,,,,,121,2.23,321.12,,,,,,,,,,,,
26045,10.0290347v1,10,,2,1,,4/19/2022 19:05,,,,42,,,,,500,1.96,1011.36,,,,,,,,,,,,
26046,10.0258200v2,10,,2,3,,4/21/2022 20:26,,,,5,,,,,60,3.66,263.52,,,,,,,,,,,,
26046,10.0258284v3,10,,2,3,,4/21/2022 20:26,,,,5,,,,,60,3.66,263.52,,,,,,,,,,,,
26049,10.0280342v3,10,,2,4,,4/19/2022 18:22,,,,26,,,,,309,2.41,780.84,,,,,,,,,,,,
26050,10.0291023v1,10,,2,3,,4/19/2022 19:38,,,,10,,,,,120,2.58,340.56,,,,,,,,,,,,
26051,10.0290963v1,10,,2,4,,4/19/2022 19:47,,,,5,,,,,60,2.58,185.76,,,,,,,,,,,,
26052,10.0218482v2,10,,2,3,,4/19/2022 20:48,,,,10,,,,,120,2.58,340.56,,,,,,,,,,,,
26052,10.0218483v2,10,,2,3,,4/19/2022 20:48,,,,10,,,,,120,2.58,340.56,,,,,,,,,,,,
26053,10.0290992v1,10,,2,4,,4/19/2022 23:00,,,,6,,,,,65,2.58,216.72,,,,,,,,,,,,
26054,10.0290501v1,10,,2,4,,4/20/2022 15:41,,,,6,,,,,63,2.58,216.72,,,,,,,,,,,,
26055,10.0289256v2,10,,2,1,,4/26/2022 14:59,,,,30,,,,,360,1.96,729.12,,,,,,,,,,,,
26056,10.0231293v1,10,,2,3,,4/20/2022 12:58,,,,50,,,,,600,2.16,1321.92,,,,,,,,,,,,
26057,10.0268766v2,10,,2,4,,4/20/2022 14:26,,,,5,,,,,60,2.58,185.76,,,,,,,,,,,,
26057,10.0268765v2,10,,2,4,,4/20/2022 14:26,,,,5,,,,,60,2.58,185.76,,,,,,,,,,,,
26058,13.0583616v3,13,,5,3,,4/21/2022 15:30,,,,17,,,,,200,1.45,313.2,,,,,,,,,,,,
26059,10.0290854v1,10,,2,4,,4/19/2022 23:16,,,,5,,,,,60,2.58,185.76,,,,,,,,,,,,
26060,10.0291067v1,10,,2,4,,4/19/2022 23:18,,,,5,,,,,60,2.58,185.76,,,,,,,,,,,,
26061,10.0290815v1,10,,2,4,,4/19/2022 23:20,,,,7,,,,,80,2.58,247.68,,,,,,,,,,,,
26062,10.0290815v1,10,,2,4,,4/19/2022 23:22,,,,7,,,,,80,2.58,247.68,,,,,,,,,,,,
26063,10.0287659v1,10,,2,4,,4/19/2022 23:24,,,,9,,,,,105,2.58,309.6,,,,,,,,,,,,
26064,10.0285741v1,10,,2,3,,4/19/2022 23:32,,,,13,,,,,150,2.41,404.88,,,,,,,,,,,,
26065,10.0276474v3,10,,2,3,,4/20/2022 12:58,,,,9,,,,,100,3.58,429.6,,,,,,,,,,,,
26066,10.0219623v1,10,,2,4,,4/20/2022 15:13,,,,5,,,,,60,2.58,185.76,,,,,,,,,,,,
26067,10.0279406v2,10,,2,1,,4/20/2022 19:10,,,,17,,,,,200,1.96,423.36,,,,,,,,,,,,
26068,10.0290257v3,10,,2,4,,4/20/2022 14:19,,,,5,,,,,60,2.58,185.76,,,,,,,,,,,,
26068,10.0290256v3,10,,2,4,,4/20/2022 14:19,,,,5,,,,,60,2.58,185.76,,,,,,,,,,,,
26069,10.0284202v2,10,,2,4,,4/20/2022 15:01,,,,62,,,,,735,1.91,1443.96,,,,,,,,,,,,
26070,10.029297v1,10,,2,1,,4/21/2022 14:51,,,,13,,,,,150,1.96,329.28,,,,,,,,,,,,
26071,10.0290561v2,10,,2,4,,4/20/2022 15:59,,,,5,,,,,60,2.58,185.76,,,,,,,,,,,,
26072,40.0274252v1,40,,18,3,,4/20/2022 15:40,,,,11,,,,,124,2.66,383.04,,,,,,,,,,,,
26073,40.0280255v1,40,,18,3,,4/20/2022 16:02,,,,17,,,,,200,2.49,537.84,,,,,,,,,,,,
26074,40.0288739v2,40,,18,3,,4/20/2022 18:06,,,,10,,,,,120,2.66,351.12,,,,,,,,,,,,
26075,10.0260903v1,10,,2,4,,4/20/2022 16:25,,,,30,,,,,360,2.41,896.52,,,,,,,,,,,,
26076,10.0282629v1,10,,2,3,,4/20/2022 21:50,,,,10,,,,,120,2.58,340.56,,,,,,,,,,,,
26077,40.0290660v3,40,,18,3,,4/20/2022 18:18,,,,21,,,,,250,2.49,657.36,,,,,,,,,,,,
26078,10.0266579v3,10,,2,3,,4/20/2022 23:00,,,,42,,,,,500,2.41,1243.56,,,,,,,,,,,,
26079,10.0264748v1,10,,2,4,,4/20/2022 20:44,,,,5,,,,,60,2.58,185.76,,,,,,,,,,,,
26080,10.0218724v5,10,,2,4,,4/20/2022 17:26,,,,20,,,,,240,2.41,607.32,,,,,,,,,,,,
26081,40.0213316v1,40,,18,1,,4/20/2022 19:30,,,,5,,,,,60,2.56,184.32,,,,,,,,,,,,
26082,10.0234006v2,10,,2,3,,4/20/2022 17:45,,,,42,,,,,500,2.41,1243.56,,,,,,,,,,,,
26083,10.0228986v2,10,,2,3,,4/20/2022 19:09,,,,15,,,,,175,2.41,462.72,,,,,,,,,,,,
26084,10.0291106v1,10,,2,1,,4/20/2022 19:10,,,,21,,,,,250,1.96,517.44,,,,,,,,,,,,
26085,10.0243832v1,10,,2,1,,4/20/2022 18:09,,,,20,,,,,240,1.96,493.92,,,,,,,,,,,,
26087,10.0291320v2,10,,2,3,,4/21/2022 20:27,,,,67,,,,,800,1.91,1558.56,,,,,,,,,,,,
26088,10.0232553v3,10,,2,4,,4/22/2022 19:00,,,,42,,,,,500,2.41,1243.56,,,,,,,,,,,,
26088,12.0232679v3,12,,4,4,,4/22/2022 19:00,,,,42,,,,,500,2.54,1310.64,,,,,,,,,,,,
26089,10.0291057v1,10,,2,3,,4/20/2022 22:11,,,,21,,,,,250,2.41,636.24,,,,,,,,,,,,
26090,10.0272627v5,10,,2,3,,4/20/2022 20:58,,,,42,,,,,500,2.41,1243.56,,,,,,,,,,,,
26091,40.0290953v2,40,,18,1,,4/20/2022 21:17,,,,5,,,,,60,2.56,184.32,,,,,,,,,,,,
26092,10.0285403v4,10,,2,1,,4/20/2022 21:40,,,,25,,,,,300,1.96,611.52,,,,,,,,,,,,
26093,10.0256226v2,10,,2,3,,4/20/2022 22:05,,,,5,,,,,60,3.66,263.52,,,,,,,,,,,,
26093,10.0256225v2,10,,2,3,,4/20/2022 22:05,,,,5,,,,,60,3.66,263.52,,,,,,,,,,,,
26094,10.0281378v1,10,,2,3,,4/22/2022 22:41,,,,5,,,,,60,3.66,263.52,,,,,,,,,,,,
26095,10.0290453v3,10,,2,4,,4/27/2022 18:25,,,,20,,,,,240,2.41,607.32,,,,,,,,,,,,
26096,10.0291118v1,10,,2,3,,4/20/2022 22:36,,,,5,,,,,60,3.66,263.52,,,,,,,,,,,,
26097,10.0290722v3,10,,2,1,,4/22/2022 15:31,,,,20,,,,,240,1.96,493.92,,,,,,,,,,,,
26097,10.0290725v2,10,,2,1,,4/22/2022 15:31,,,,20,,,,,240,1.96,493.92,,,,,,,,,,,,
26098,10.0291277v2,10,,2,3,,4/20/2022 23:01,,,,10,,,,,120,2.58,340.56,,,,,,,,,,,,
26099,10.0290051v2,10,,2,3,,4/20/2022 23:42,,,,30,,,,,360,2.41,896.52,,,,,,,,,,,,
26100,10.0291280v1,10,,2,1,,4/21/2022 12:40,,,,5,,,,,60,2.56,184.32,,,,,,,,,,,,
26101,40.0277251v1,40,,18,3,,4/21/2022 13:41,,,,30,,,,,350,2.49,926.28,,,,,,,,,,,,
26102,10.0291273v1,10,,2,1,,4/21/2022 14:30,,,,18,,,,,205,1.96,446.88,,,,,,,,,,,,
26103,10.0284449v1,10,,2,3,,4/21/2022 14:41,,,,34,,,,,400,2.41,1012.2,,,,,,,,,,,,
26104,10.0291303v1,10,,2,3,,4/21/2022 18:43,,,,10,,,,,120,2.58,340.56,,,,,,,,,,,,
26105,10.0283970v2,10,,2,1,,4/21/2022 16:35,,,,30,,,,,360,1.96,729.12,,,,,,,,,,,,
26106,44.0229243v3,44,,21,1,,4/21/2022 15:27,,,,10,,,,,120,2.23,294.36,,,,,,,,,,,,
26106,44.0291282v4,44,,21,1,,4/21/2022 15:27,,,,10,,,,,120,2.23,294.36,,,,,,,,,,,,
26107,10.0290899v3,10,,2,1,,4/25/2022 13:57,,,,17,,,,,200,1.96,423.36,,,,,,,,,,,,
26108,10.0278119v3,10,,2,1,,4/21/2022 16:20,,,,13,,,,,150,1.96,329.28,,,,,,,,,,,,
26109,10.0291151v1,10,,2,4,,4/21/2022 16:46,,,,10,,,,,120,2.58,340.56,,,,,,,,,,,,
26110,10.0291148v3,10,,2,3,,4/26/2022 1:22,,,,19,,,,,225,2.41,578.4,,,,,,,,,,,,
26111,17.0286716v3,17,,9,1,,4/21/2022 18:33,,,,59,,,,,700,1.88,1353.6,,,,,,,,,,,,
26112,10.0291211v1,10,,2,3,,4/21/2022 21:23,,,,16,,,,,190,2.41,491.64,,,,,,,,,,,,
26113,10.0291334v1,10,,2,3,,4/21/2022 20:28,,,,5,,,,,60,3.66,263.52,,,,,,,,,,,,
26113,10.0288470v1,10,,2,3,,4/21/2022 20:28,,,,5,,,,,60,3.66,263.52,,,,,,,,,,,,
26114,10.0291085v2,10,,2,1,,4/21/2022 19:10,,,,21,,,,,250,1.96,517.44,,,,,,,,,,,,
26115,12.0278138v1,12,,4,3,,5/11/2022 18:12,,,,25,,,,,300,2.16,673.92,,,,,,,,,,,,
26116,10.0291146v3,10,,2,4,,4/21/2022 20:02,,,,42,,,,,500,2.41,1243.56,,,,,,,,,,,,
26117,10.0241208v1,10,,2,3,,4/21/2022 19:14,,,,10,,,,,120,2.58,340.56,,,,,,,,,,,,
26118,10.0283786v1,10,,2,4,,4/21/2022 19:52,,,,5,,,,,60,2.58,185.76,,,,,,,,,,,,
26119,40.0213316v1,40,,18,1,,4/21/2022 19:39,,,,18,,,,,205,1.96,446.88,,,,,,,,,,,,
26120,10.0291397v1,10,,2,4,,4/21/2022 23:00,,,,5,,,,,60,2.58,185.76,,,,,,,,,,,,
26120,12.0290304v1,12,,4,4,,4/21/2022 23:00,,,,5,,,,,60,2.83,203.76,,,,,,,,,,,,
26121,10.0246123v1,10,,2,3,,4/21/2022 20:51,,,,42,,,,,500,2.41,1243.56,,,,,,,,,,,,
26122,10.0290474v2,10,,2,3,,4/21/2022 21:39,,,,11,,,,,130,2.58,371.52,,,,,,,,,,,,
26123,40.0291323v1,40,,18,4,,4/21/2022 21:21,,,,5,,,,,60,2.75,198,,,,,,,,,,,,
26124,40.0277251v1,40,,18,3,,4/22/2022 15:08,,,,30,,,,,350,2.49,926.28,,,,,,,,,,,,
26125,10.0289598v1,10,,2,3,,4/21/2022 22:00,,,,21,,,,,250,2.41,636.24,,,,,,,,,,,,
26126,10.0290208v2,10,,2,3,,4/21/2022 21:10,,,,46,,,,,550,2.16,1218.24,,,,,,,,,,,,
26127,10.0291502v1,10,,2,3,,4/21/2022 21:44,,,,21,,,,,250,2.41,636.24,,,,,,,,,,,,
26128,10.0291293v1,10,,2,4,,4/21/2022 21:46,,,,7,,,,,75,2.58,247.68,,,,,,,,,,,,
26129,10.0291079v1,10,,2,3,,4/21/2022 22:57,,,,20,,,,,240,2.41,607.32,,,,,,,,,,,,
26129,10.0291092v3,10,,2,3,,4/21/2022 22:57,,,,20,,,,,240,2.41,607.32,,,,,,,,,,,,
26130,10.0285293v1,10,,2,3,,4/22/2022 18:12,,,,9,,,,,100,3.58,429.6,,,,,,,,,,,,
26131,10.0282121v4,10,,2,3,,4/22/2022 15:56,,,,10,,,,,120,2.58,340.56,,,,,,,,,,,,
26131,10.0282121v6,10,,2,3,,4/22/2022 15:56,,,,10,,,,,120,2.58,340.56,,,,,,,,,,,,
26131,10.0284374v6,10,,2,3,,4/22/2022 15:56,,,,10,,,,,120,2.58,340.56,,,,,,,,,,,,
26131,10.0284374v5,10,,2,3,,4/22/2022 15:56,,,,10,,,,,120,2.58,340.56,,,,,,,,,,,,
26132,44.0274491v1,44,,21,1,,4/22/2022 16:27,,,,5,,,,,60,2.56,184.32,,,,,,,,,,,,
26134,17.0242644v2,17,,9,4,,4/25/2022 23:01,,,,10,,,,,120,2.58,340.56,,,,,,,,,,,,
26135,10.0291355v1,10,,2,3,,4/22/2022 0:01,,,,5,,,,,60,3.66,263.52,,,,,,,,,,,,
26136,10.023940v1,10,,2,3,,4/22/2022 14:58,,,,10,,,,,120,2.58,340.56,,,,,,,,,,,,
26138,10.0290746v5,10,,2,3,,4/25/2022 17:30,,,,13,,,,,150,2.41,404.88,,,,,,,,,,,,
26139,10.0291311v1,10,,2,3,,4/22/2022 16:08,,,,21,,,,,250,2.41,636.24,,,,,,,,,,,,
26140,10.0285960v1,10,,2,1,,4/22/2022 15:42,,,,42,,,,,500,1.96,1011.36,,,,,,,,,,,,
26141,10.0241708v1,10,,2,4,,4/22/2022 15:51,,,,5,,,,,60,2.58,185.76,,,,,,,,,,,,
26142,10.0269371v1,10,,2,1,,4/22/2022 18:39,,,,5,,,,,60,2.56,184.32,,,,,,,,,,,,
26143,10.0279129v1,10,,2,3,,4/22/2022 16:12,,,,10,,,,,120,2.58,340.56,,,,,,,,,,,,
26144,10.0291110v4,10,,2,4,,4/22/2022 18:30,,,,100,,,,,1200,1.91,2314.92,,,,,,,,,,,,
26146,10.0291327v2,10,,2,3,,4/22/2022 18:38,,,,34,,,,,400,2.41,1012.2,,,,,,,,,,,,
26147,10.0215319v1,10,,2,3,,4/25/2022 17:25,,,,84,,,,,1000,1.91,1948.2,,,,,,,,,,,,
26147,10.0290410v1,10,,2,3,,4/25/2022 17:25,,,,125,,,,,1500,1.91,2887.92,,,,,,,,,,,,
26148,10.0282914v1,10,,2,3,,4/22/2022 20:40,,,,42,,,,,500,2.41,1243.56,,,,,,,,,,,,
26149,10.0290513v1,10,,2,3,,4/22/2022 18:07,,,,20,,,,,240,2.41,607.32,,,,,,,,,,,,
26149,10.0290507v1,10,,2,3,,4/22/2022 18:07,,,,20,,,,,240,2.41,607.32,,,,,,,,,,,,
26150,10.0291579v1,10,,2,1,,4/22/2022 17:59,,,,5,,,,,60,2.56,184.32,,,,,,,,,,,,
26152,10.0244586v1,10,,2,3,,4/25/2022 20:17,,,,17,,,,,200,2.41,520.56,,,,,,,,,,,,
26153,10.0286169v1,10,,2,3,,4/26/2022 21:32,,,,5,,,,,60,3.66,263.52,,,,,,,,,,,,
26154,10.0271699v2,10,,2,1,,5/5/2022 16:59,,,,5,,,,,60,2.56,184.32,,,,,,,,,,,,
26155,10.0290910v2,10,,2,1,,4/22/2022 19:52,,,,5,,,,,60,2.56,184.32,,,,,,,,,,,,
26156,10.0257475v1,10,,2,3,,4/22/2022 19:44,,,,11,,,,,121,2.58,371.52,,,,,,,,,,,,
26157,10.0286871v1,10,,2,1,,4/22/2022 19:46,,,,7,,,,,75,2.56,245.76,,,,,,,,,,,,
26157,10.0286871v2,10,,2,1,,4/22/2022 19:46,,,,7,,,,,75,2.56,245.76,,,,,,,,,,,,
26157,10.0322216v2,10,,2,1,,4/22/2022 19:45,,,,41,,,,,490,1.96,987.84,,,,,,,,,,,,
26158,10.0291238v1,10,,2,3,,4/22/2022 22:54,,,,25,,,,,300,2.41,751.92,,,,,,,,,,,,
26159,10.0291404v1,10,,2,1,,4/22/2022 23:10,,,,5,,,,,60,2.56,184.32,,,,,,,,,,,,
26160,10.0227001v1,10,,2,3,,4/22/2022 20:11,,,,34,,,,,400,2.41,1012.2,,,,,,,,,,,,
26161,10.0253235v9,10,,2,4,,4/22/2022 20:16,,,,10,,,,,120,2.58,340.56,,,,,,,,,,,,
26162,10.0291700v2,10,,2,3,,4/22/2022 21:35,,,,5,,,,,60,3.66,263.52,,,,,,,,,,,,
26163,10.0285787v1,10,,2,4,,4/22/2022 21:06,,,,5,,,,,60,2.58,185.76,,,,,,,,,,,,
26164,10.0284737v3,10,,2,3,,4/22/2022 22:08,,,,60,,,,,720,1.91,1398.12,,,,,,,,,,,,
26165,10.0291729v1,10,,2,1,,4/25/2022 15:27,,,,10,,,,,120,2.23,294.36,,,,,,,,,,,,
26166,10.0289132v1,10,,2,1,,4/23/2022 2:08,,,,20,,,,,240,1.96,493.92,,,,,,,,,,,,
26168,10.0291627v1,10,,2,1,,4/24/2022 2:25,,,,13,,,,,150,1.96,329.28,,,,,,,,,,,,
26168,10.0291628v1,10,,2,1,,4/24/2022 2:25,,,,11,,,,,125,2.23,321.12,,,,,,,,,,,,
26169,10.0215208v1,10,,2,1,,4/24/2022 23:11,,,,59,,,,,700,1.88,1353.6,,,,,,,,,,,,
26170,10.0266929v3,10,,2,1,,4/25/2022 13:04,,,,5,,,,,60,2.56,184.32,,,,,,,,,,,,
26171,10.0237248v1,10,,2,4,,4/25/2022 17:33,,,,10,,,,,120,2.58,340.56,,,,,,,,,,,,
26172,10.0291562v2,10,,2,3,,4/25/2022 14:31,,,,5,,,,,60,3.66,263.52,,,,,,,,,,,,
26173,40.0257363v1,40,,18,1,,4/26/2022 19:29,,,,5,,,,,60,2.56,184.32,,,,,,,,,,,,
26174,10.0291708v1,10,,2,1,,4/26/2022 16:02,,,,21,,,,,250,1.96,517.44,,,,,,,,,,,,
26175,40.0290635v1,40,,18,4,,4/25/2022 22:26,,,,5,,,,,60,2.75,198,,,,,,,,,,,,
26175,10.0290634v1,10,,2,4,,4/25/2022 22:26,,,,5,,,,,60,2.58,185.76,,,,,,,,,,,,
26176,10.0271523v1,10,,2,1,,4/25/2022 16:05,,,,21,,,,,250,1.96,517.44,,,,,,,,,,,,
26177,10.0290987v1,10,,2,3,,4/25/2022 16:16,,,,10,,,,,120,2.58,340.56,,,,,,,,,,,,
26178,10.0272203v3,10,,2,3,,4/25/2022 19:57,,,,21,,,,,250,2.41,636.24,,,,,,,,,,,,
26178,10.0272203v5,10,,2,3,,4/25/2022 19:57,,,,21,,,,,250,2.41,636.24,,,,,,,,,,,,
26179,10.0255228v1,10,,2,3,,4/25/2022 16:46,,,,11,,,,,124,2.58,371.52,,,,,,,,,,,,
26180,10.0286138v2,10,,2,1,,4/25/2022 18:09,,,,20,,,,,240,1.96,493.92,,,,,,,,,,,,
26182,10.0291647v1,10,,2,1,,4/29/2022 16:15,,,,25,,,,,300,1.96,611.52,,,,,,,,,,,,
26183,10.0291076v2,10,,2,4,,4/25/2022 18:42,,,,5,,,,,60,2.58,185.76,,,,,,,,,,,,
26183,10.0291076v1,10,,2,4,,4/25/2022 18:42,,,,5,,,,,60,2.58,185.76,,,,,,,,,,,,
26185,10.0291124v1,10,,2,4,,4/25/2022 19:33,,,,12,,,,,143,2.41,375.96,,,,,,,,,,,,
26185,10.0291125v1,10,,2,4,,4/25/2022 19:33,,,,12,,,,,141,2.41,375.96,,,,,,,,,,,,
26186,10.0272584v2,10,,2,4,,4/25/2022 19:04,,,,13,,,,,150,2.41,404.88,,,,,,,,,,,,
26187,10.0231039v1,10,,2,4,,4/25/2022 19:29,,,,17,,,,,200,2.41,520.56,,,,,,,,,,,,
26188,10.0291604v1,10,,2,4,,4/25/2022 19:45,,,,10,,,,,120,2.58,340.56,,,,,,,,,,,,
26189,13.0572213v2,13,,5,3,,5/5/2022 17:19,,,,17,,,,,200,1.45,313.2,,,,,,,,,,,,
26190,40.0290941v1,40,,18,4,,4/26/2022 23:25,,,,7,,,,,75,2.75,264,,,,,,,,,,,,
26191,17.0291373v4,17,,9,4,,4/25/2022 22:59,,,,13,,,,,150,2.41,404.88,,,,,,,,,,,,
26193,10.0291989v1,10,,2,4,,4/25/2022 22:47,,,,5,,,,,60,2.58,185.76,,,,,,,,,,,,
26196,10.0219046v2,10,,2,3,,4/25/2022 23:02,,,,5,,,,,60,3.66,263.52,,,,,,,,,,,,
26197,10.0289710v2,10,,2,3,,4/25/2022 23:24,,,,7,,,,,80,3.66,351.36,,,,,,,,,,,,
26199,10.0291196v1,10,,2,3,,4/26/2022 13:19,,,,5,,,,,60,3.66,263.52,,,,,,,,,,,,
26200,10.0285787v1,10,,2,4,,4/26/2022 0:01,,,,13,,,,,150,2.41,404.88,,,,,,,,,,,,
26201,40.0288606v2,40,,18,1,,4/26/2022 2:41,,,,5,,,,,60,2.56,184.32,,,,,,,,,,,,
26201,10.0288603v4,10,,2,1,,4/26/2022 2:41,,,,5,,,,,60,2.56,184.32,,,,,,,,,,,,
26201,10.0288603v2,10,,2,1,,4/26/2022 2:41,,,,5,,,,,60,2.56,184.32,,,,,,,,,,,,
26202,10.0252951v1,10,,2,1,,4/27/2022 14:34,,,,10,,,,,120,2.23,294.36,,,,,,,,,,,,
26203,40.0280869v1,40,,18,3,,4/26/2022 21:32,,,,13,,,,,150,2.49,418.32,,,,,,,,,,,,
26204,10.0291912v1,10,,2,4,,4/26/2022 16:13,,,,5,,,,,60,2.58,185.76,,,,,,,,,,,,
26204,10.0291914v1,10,,2,4,,4/26/2022 16:13,,,,5,,,,,60,2.58,185.76,,,,,,,,,,,,
26205,10.0287921v3,10,,2,4,,4/27/2022 0:24,,,,65,,,,,777,1.91,1512.72,,,,,,,,,,,,
26206,10.0292015v2,10,,2,3,,4/28/2022 16:25,,,,20,,,,,240,2.41,607.32,,,,,,,,,,,,
26207,10.0289954v1,10,,2,4,,4/27/2022 20:38,,,,10,,,,,120,2.58,340.56,,,,,,,,,,,,
26208,10.0291960v1,10,,2,4,,4/26/2022 15:24,,,,5,,,,,60,2.58,185.76,,,,,,,,,,,,
26209,10.0290227v1,10,,2,3,,4/26/2022 21:03,,,,109,,,,,1300,1.91,2521.2,,,,,,,,,,,,
26209,12.0290228v1,12,,4,3,,4/26/2022 21:03,,,,50,,,,,600,1.91,1168.92,,,,,,,,,,,,
26210,10.0291965v1,10,,2,4,,4/26/2022 16:29,,,,84,,,,,1000,1.91,1948.2,,,,,,,,,,,,
26211,10.0291724v1,10,,2,4,,4/26/2022 19:34,,,,7,,,,,75,2.58,247.68,,,,,,,,,,,,
26211,10.0291072v2,10,,2,4,,4/26/2022 19:34,,,,7,,,,,75,2.58,247.68,,,,,,,,,,,,
26212,11.0274490v4,11,,3,4,,4/26/2022 17:02,,,,5,,,,,60,2.83,203.76,,,,,,,,,,,,
26213,10.0292129v1,10,,2,4,,4/26/2022 17:24,,,,5,,,,,60,2.58,185.76,,,,,,,,,,,,
26214,920243207v1,920,325,26,5,44718,4/29/2022 15:32,Distributor,existingbusiness,8721187385,28,1.04,90,451.92,428,,,,,,,,,,,,,,,
26215,10.0291103v2,10,,2,4,,4/26/2022 18:08,,,,11,,,,,121,2.58,371.52,,,,,,,,,,,,
26216,10.0291891v2,10,,2,4,,4/26/2022 18:24,,,,10,,,,,120,2.58,340.56,,,,,,,,,,,,
26217,10.0291147v1,10,,2,3,,4/26/2022 21:33,,,,11,,,,,132,2.41,347.04,,,,,,,,,,,,
26218,10.0291470v2,10,,2,3,,4/26/2022 20:50,,,,15,,,,,175,2.41,462.72,,,,,,,,,,,,
26218,10.0291433v1,10,,2,3,,4/26/2022 20:50,,,,11,,,,,125,2.58,371.52,,,,,,,,,,,,
26219,14.0683263v3,14,,6,3,,4/26/2022 18:45,,,,17,,,,,200,1.45,313.2,,,,,,,,,,,,
26219,14.0675412v4,14,,6,3,,4/26/2022 18:45,,,,17,,,,,200,1.45,313.2,,,,,,,,,,,,
26220,10.0233247v1,10,,2,1,,4/26/2022 19:51,,,,34,,,,,400,1.96,823.2,,,,,,,,,,,,
26221,10.0286076v1,10,,2,3,,4/26/2022 20:18,,,,9,,,,,100,3.58,429.6,,,,,,,,,,,,
26222,10.0292029v1,10,,2,3,,4/26/2022 19:40,,,,38,,,,,450,2.41,1127.88,,,,,,,,,,,,
26223,40.0282241v2,40,,18,1,,4/26/2022 21:31,,,,17,,,,,200,1.96,423.36,,,,,,,,,,,,
26223,10.0225005v7,10,,2,4,,4/26/2022 19:51,,,,5,,,,,60,2.58,185.76,,,,,,,,,,,,
26223,10.0225005v8,10,,2,4,,4/26/2022 19:51,,,,5,,,,,60,2.58,185.76,,,,,,,,,,,,
26223,10.0225005v9,10,,2,4,,4/26/2022 19:51,,,,5,,,,,60,2.58,185.76,,,,,,,,,,,,
26224,10.0237170v1,10,,2,3,,4/28/2022 19:55,,,,334,,,,,4000,1.62,6512.4,,,,,,,,,,,,
26225,10.0291558v1,10,,2,3,,4/28/2022 15:01,,,,38,,,,,450,2.41,1127.88,,,,,,,,,,,,
26226,40.0292459v1,40,,18,4,,4/26/2022 23:03,,,,42,,,,,500,2.58,1331.28,,,,,,,,,,,,
26227,20.0294791v1,20,,11,3,,4/27/2022 18:13,,,,30,,,,,350,2.99,1112.28,,,,,,,,,,,,
26230,40.0291543v2,40,,18,1,,4/27/2022 1:07,,,,60,,,,,720,1.79,1310.28,,,,,,,,,,,,
26231,10.0292312v1,10,,2,1,,4/27/2022 18:08,,,,44,,,,,525,1.96,1058.4,,,,,,,,,,,,
26232,44.0291940v1,44,,21,3,,4/27/2022 20:53,,,,17,,,,,200,2.49,537.84,,,,,,,,,,,,
26233,10.0289625v1,10,,2,4,,4/27/2022 0:19,,,,9,,,,,105,2.58,309.6,,,,,,,,,,,,
26234,10.0292314v1,10,,2,3,,4/27/2022 14:18,,,,5,,,,,60,3.66,263.52,,,,,,,,,,,,
26235,10.0247295v1,10,,2,1,,4/29/2022 14:28,,,,42,,,,,500,1.96,1011.36,,,,,,,,,,,,
26236,10.0292285v1,10,,2,3,,4/28/2022 20:48,,,,9,,,,,100,3.58,429.6,,,,,,,,,,,,
26237,10.0290773v2,10,,2,3,,4/27/2022 15:31,,,,10,,,,,120,2.58,340.56,,,,,,,,,,,,
26238,10.0291699v2,10,,2,1,,4/29/2022 15:51,,,,25,,,,,300,1.96,611.52,,,,,,,,,,,,
26239,10.0242600v1,10,,2,3,,4/27/2022 16:12,,,,5,,,,,60,3.66,263.52,,,,,,,,,,,,
26240,10.0291935v2,10,,2,1,,4/27/2022 16:49,,,,5,,,,,60,2.56,184.32,,,,,,,,,,,,
26242,10.0225877v1,10,,2,1,,4/27/2022 21:48,,,,5,,,,,60,2.56,184.32,,,,,,,,,,,,
26243,10.0292521v1,10,,2,1,,4/27/2022 16:59,,,,17,,,,,200,1.96,423.36,,,,,,,,,,,,
26244,10.0288223v1,10,,2,1,,4/27/2022 22:52,,,,37,,,,,435,1.96,893.76,,,,,,,,,,,,
26245,10.0292256v1,10,,2,4,,4/27/2022 21:26,,,,10,,,,,120,2.58,340.56,,,,,,,,,,,,
26246,10.0271921v1,10,,2,3,,4/27/2022 17:39,,,,5,,,,,60,3.66,263.52,,,,,,,,,,,,
26247,10.0292526v1,10,,2,4,,4/27/2022 19:54,,,,30,,,,,350,2.41,896.52,,,,,,,,,,,,
26248,10.0269589v1,10,,2,4,,4/27/2022 18:17,,,,17,,,,,200,2.41,520.56,,,,,,,,,,,,
26249,10.0267721v1,10,,2,3,,4/27/2022 18:29,,,,10,,,,,120,2.58,340.56,,,,,,,,,,,,
26250,40.0292297v1,40,,18,4,,4/27/2022 19:06,,,,13,,,,,150,2.58,433.44,,,,,,,,,,,,
26250,40.0292228v1,40,,18,4,,4/27/2022 19:06,,,,13,,,,,150,2.58,433.44,,,,,,,,,,,,
26251,12.0227659v2,12,,4,1,,4/27/2022 19:56,,,,42,,,,,500,1.55,799.8,,,,,,,,,,,,
26252,10.0291998v1,10,,2,3,,4/28/2022 13:41,,,,50,,,,,600,2.16,1321.92,,,,,,,,,,,,
26254,10.0267519v1,10,,2,1,,4/27/2022 20:48,,,,5,,,,,60,2.56,184.32,,,,,,,,,,,,
26255,10.0292067v1,10,,2,4,,4/27/2022 20:38,,,,10,,,,,120,2.58,340.56,,,,,,,,,,,,
26256,10.0291800v2,10,,2,4,,4/27/2022 20:50,,,,17,,,,,200,2.41,520.56,,,,,,,,,,,,
26257,12.0290894v1,12,,4,3,,4/27/2022 21:01,,,,20,,,,,240,2.16,544.32,,,,,,,,,,,,
26257,10.0290601v3,10,,2,3,,4/27/2022 21:01,,,,20,,,,,240,2.41,607.32,,,,,,,,,,,,
26257,10.0490602v3,10,,2,3,,4/27/2022 21:01,,,,20,,,,,240,2.41,607.32,,,,,,,,,,,,
26258,10.0285084v1,10,,2,4,,4/27/2022 22:30,,,,10,,,,,120,2.58,340.56,,,,,,,,,,,,
26259,10.026875v3,10,,2,4,,4/28/2022 18:16,,,,20,,,,,240,2.41,607.32,,,,,,,,,,,,
26260,10.0289368v2,10,,2,3,,4/27/2022 21:53,,,,10,,,,,120,2.58,340.56,,,,,,,,,,,,
26261,10.0291582v3,10,,2,1,,4/27/2022 23:15,,,,17,,,,,200,1.96,423.36,,,,,,,,,,,,
26262,10.0284681v2,10,,2,1,,4/28/2022 13:22,,,,125,,,,,1500,1.71,2585.52,,,,,,,,,,,,
26263,10.0292461v7,10,,2,4,,5/3/2022 15:38,,,,10,,,,,120,2.58,340.56,,,,,,,,,,,,
26264,40.0275779v1,40,,18,3,,4/28/2022 21:08,,,,5,,,,,60,3.74,269.28,,,,,,,,,,,,
26265,10.0244270v15,10,,2,1,,4/29/2022 19:52,,,,20,,,,,240,1.96,493.92,,,,,,,,,,,,
26266,40.0292650v1,40,,18,4,,4/27/2022 23:52,,,,5,,,,,60,2.75,198,,,,,,,,,,,,
26267,10.0284809v1,10,,2,3,,4/28/2022 15:09,,,,40,,,,,480,2.41,1185.72,,,,,,,,,,,,
26268,44.0254898v1,44,,21,1,,4/29/2022 15:06,,,,17,,,,,194,1.96,423.36,,,,,,,,,,,,
26269,10.0285701v1,10,,2,3,,5/9/2022 0:27,,,,21,,,,,250,2.41,636.24,,,,,,,,,,,,
26269,10.0293583v2,10,,2,3,,5/9/2022 0:27,,,,21,,,,,250,2.41,636.24,,,,,,,,,,,,
26269,10.0293581v2,10,,2,3,,5/9/2022 0:27,,,,21,,,,,250,2.41,636.24,,,,,,,,,,,,
26269,10.0293582v1,10,,2,3,,5/9/2022 0:27,,,,21,,,,,250,2.41,636.24,,,,,,,,,,,,
26271,10.0291037v2,10,,2,3,,4/28/2022 15:58,,,,10,,,,,120,2.58,340.56,,,,,,,,,,,,
26271,10.0291036v4,10,,2,3,,4/28/2022 15:58,,,,10,,,,,120,2.58,340.56,,,,,,,,,,,,
26272,10.0238665v1,10,,2,3,,5/6/2022 22:40,,,,42,,,,,500,2.41,1243.56,,,,,,,,,,,,
26273,10.0290064v4,10,,2,4,,4/28/2022 21:22,,,,84,,,,,1000,1.91,1948.2,,,,,,,,,,,,
26274,10.0290124v1,10,,2,3,,4/29/2022 13:05,,,,63,,,,,750,1.91,1466.88,,,,,,,,,,,,
26275,17.0292580v4,17,,9,3,,4/28/2022 17:55,,,,21,,,,,250,2.41,636.24,,,,,,,,,,,,
26277,10.0291723v1,10,,2,3,,4/28/2022 18:16,,,,17,,,,,200,2.41,520.56,,,,,,,,,,,,
26278,10.0292821v1,10,,2,3,,4/28/2022 18:01,,,,26,,,,,305,2.41,780.84,,,,,,,,,,,,
26279,10.0289271v1,10,,2,3,,5/2/2022 14:38,,,,7,,,,,75,3.66,351.36,,,,,,,,,,,,
26280,10.0292687v1,10,,2,4,,4/28/2022 18:15,,,,7,,,,,74,2.58,247.68,,,,,,,,,,,,
26281,10.0218773v1,10,,2,3,,4/28/2022 18:20,,,,20,,,,,240,2.41,607.32,,,,,,,,,,,,
26282,10.0236384v3,10,,2,1,,4/29/2022 17:53,,,,20,,,,,240,1.96,493.92,,,,,,,,,,,,
26283,20.0239037v2,20,,11,3,,4/28/2022 19:38,,,,21,,,,,250,2.99,789.36,,,,,,,,,,,,
26284,12.0290488v1,12,,4,3,,4/28/2022 20:23,,,,5,,,,,60,3.41,245.52,,,,,,,,,,,,
26285,10.0292573v1,10,,2,3,,4/28/2022 19:04,,,,5,,,,,60,3.66,263.52,,,,,,,,,,,,
26286,17.0286306v1,17,,9,1,,4/29/2022 22:22,,,,13,,,,,150,1.96,329.28,,,,,,,,,,,,
26287,10.0288962v2,10,,2,3,,4/28/2022 22:53,,,,250,,,,,3000,1.62,4879.44,,,,,,,,,,,,
26288,10.0292868v1,10,,2,3,,4/28/2022 19:32,,,,6,,,,,65,3.66,307.44,,,,,,,,,,,,
26290,10.0292908v1,10,,2,1,,4/28/2022 20:23,,,,22,,,,,260,1.96,540.96,,,,,,,,,,,,
26292,10.0244057v2,10,,2,4,,5/9/2022 19:24,,,,9,,,,,105,2.58,309.6,,,,,,,,,,,,
26293,10.0231293v1,10,,2,3,,4/28/2022 23:10,,,,17,,,,,200,2.41,520.56,,,,,,,,,,,,
26295,10.0290473v1,10,,2,1,,4/29/2022 13:08,,,,125,,,,,1500,1.71,2585.52,,,,,,,,,,,,
26296,10.0241393v1,10,,2,3,,4/29/2022 19:34,,,,21,,,,,250,2.41,636.24,,,,,,,,,,,,
26297,10.0231293v1,10,,2,3,,4/29/2022 0:04,,,,29,,,,,340,2.41,867.6,,,,,,,,,,,,
26298,10.0292300v1,10,,2,1,,4/29/2022 0:46,,,,10,,,,,120,2.23,294.36,,,,,,,,,,,,
26299,40.0292243v1,40,,18,1,,4/29/2022 15:28,,,,10,,,,,120,2.23,294.36,,,,,,,,,,,,
26299,10.0292250v1,10,,2,1,,4/29/2022 15:28,,,,10,,,,,120,2.23,294.36,,,,,,,,,,,,
26300,10.0292923v1,10,,2,1,,4/29/2022 14:09,,,,6,,,,,65,2.56,215.04,,,,,,,,,,,,
26301,10.0288685v1,10,,2,1,,4/29/2022 15:56,,,,5,,,,,60,2.56,184.32,,,,,,,,,,,,
26302,10.0292746v1,10,,2,3,,5/24/2022 14:32,,,,8,,,,,85,3.58,386.64,,,,,,,,,,,,
26302,10.0284931v2,10,,2,3,,5/24/2022 14:32,,,,8,,,,,85,3.58,386.64,,,,,,,,,,,,
26303,10.0292276v2,10,,2,1,,4/29/2022 14:48,,,,5,,,,,60,2.56,184.32,,,,,,,,,,,,
26304,10.0262794v2,10,,2,3,,4/29/2022 14:53,,,,11,,,,,130,2.58,371.52,,,,,,,,,,,,
26305,10.0292740v1,10,,2,3,,4/29/2022 22:51,,,,7,,,,,75,3.66,351.36,,,,,,,,,,,,
26305,10.0292734v1,10,,2,3,,4/29/2022 22:51,,,,7,,,,,75,3.66,351.36,,,,,,,,,,,,
26306,10.0356734v1,10,,2,3,,4/29/2022 15:38,,,,17,,,,,200,2.41,520.56,,,,,,,,,,,,
26307,10.0292675v1,10,,2,1,,4/29/2022 16:37,,,,5,,,,,60,2.56,184.32,,,,,,,,,,,,
26308,40.0292280v1,40,,18,1,,4/29/2022 17:48,,,,13,,,,,150,1.96,329.28,,,,,,,,,,,,
26309,10.0231456v1,10,,2,4,,4/29/2022 16:11,,,,84,,,,,1000,1.91,1948.2,,,,,,,,,,,,
26310,10.0291379v1,10,,2,1,,4/29/2022 19:17,,,,10,,,,,120,2.23,294.36,,,,,,,,,,,,
26311,10.0293856v1,10,,2,1,,5/6/2022 18:16,,,,6,,,,,70,2.56,215.04,,,,,,,,,,,,
26312,55.02122345v8,55,,114,1,,1/20/2023 3:06,,,,30,,,,,350,1.96,729.12,,,,,,,,,,,,
26312,46.02122336v12,46,,113,1,,1/20/2023 3:06,,,,34,,,,,400,1.96,823.2,,,,,,,,,,,,
26313,10.0293044v1,10,,2,4,,4/29/2022 17:33,,,,5,,,,,60,2.58,185.76,,,,,,,,,,,,
26314,10.0269898v6,10,,2,3,,5/2/2022 16:28,,,,11,,,,,124,2.58,371.52,,,,,,,,,,,,
26315,46.0291984v1,46,,113,1,,4/29/2022 18:09,,,,35,,,,,420,1.96,846.72,,,,,,,,,,,,
26316,10.0217263v1,10,,2,1,,4/29/2022 18:46,,,,417,,,,,5000,1.56,7824.96,,,,,,,,,,,,
26317,10.0293067v1,10,,2,3,,5/4/2022 19:29,,,,34,,,,,400,2.41,1012.2,,,,,,,,,,,,
26318,10.0291774v2,10,,2,1,,4/29/2022 19:44,,,,21,,,,,250,1.96,517.44,,,,,,,,,,,,
26319,10.0293003v1,10,,2,3,,4/29/2022 22:22,,,,10,,,,,120,2.58,340.56,,,,,,,,,,,,
26320,10.0273129v1,10,,2,3,,4/29/2022 18:52,,,,10,,,,,120,2.58,340.56,,,,,,,,,,,,
26320,10.0273568v1,10,,2,3,,4/29/2022 18:52,,,,10,,,,,120,2.58,340.56,,,,,,,,,,,,
26321,10.0290912v1,10,,2,4,,4/29/2022 19:37,,,,5,,,,,60,2.58,185.76,,,,,,,,,,,,
26322,10.0282836v1,10,,2,3,,7/19/2022 20:37,,,,5,,,,,60,3.66,263.52,,,,,,,,,,,,
26323,10.0290909v1,10,,2,4,,4/29/2022 22:24,,,,23,,,,,270,2.41,694.08,,,,,,,,,,,,
26324,10.0292669v1,10,,2,1,,4/29/2022 19:49,,,,5,,,,,60,2.56,184.32,,,,,,,,,,,,
26324,10.0292668v1,10,,2,1,,4/29/2022 19:49,,,,5,,,,,60,2.56,184.32,,,,,,,,,,,,
26324,10.0235641v1,10,,2,1,,4/29/2022 19:49,,,,5,,,,,60,2.56,184.32,,,,,,,,,,,,
26324,10.0235390v2,10,,2,1,,4/29/2022 19:49,,,,5,,,,,60,2.56,184.32,,,,,,,,,,,,
26325,10.0227203v3,10,,2,4,,4/29/2022 19:35,,,,17,,,,,200,2.41,520.56,,,,,,,,,,,,
26325,10.0227208v2,10,,2,4,,4/29/2022 19:35,,,,17,,,,,200,2.41,520.56,,,,,,,,,,,,
26326,12.0240249v3,12,,4,3,,5/10/2022 22:05,,,,30,,,,,360,2.16,803.52,,,,,,,,,,,,
26327,10.026777v1,10,,2,3,,5/4/2022 19:46,,,,30,,,,,360,2.41,896.52,,,,,,,,,,,,
26328,10.0285954v4,10,,2,1,,4/29/2022 20:28,,,,10,,,,,120,2.23,294.36,,,,,,,,,,,,
26329,10.0293128v1,10,,2,3,,4/29/2022 21:46,,,,5,,,,,60,3.66,263.52,,,,,,,,,,,,
26330,10.0293054v2,10,,2,1,,4/29/2022 22:16,,,,33,,,,,385,1.96,799.68,,,,,,,,,,,,
26332,10.0284817v1,10,,2,1,,4/29/2022 23:30,,,,25,,,,,300,1.96,611.52,,,,,,,,,,,,
26333,10.0291390v3,10,,2,3,,4/30/2022 15:33,,,,5,,,,,60,3.66,263.52,,,,,,,,,,,,
26334,10.0285525v2,10,,2,3,,5/2/2022 15:36,,,,20,,,,,240,2.41,607.32,,,,,,,,,,,,
26335,10.0293072v1,10,,2,3,,5/2/2022 15:24,,,,6,,,,,70,3.66,307.44,,,,,,,,,,,,
26336,10.0293194v1,10,,2,4,,5/2/2022 21:35,,,,10,,,,,120,2.58,340.56,,,,,,,,,,,,
26337,17.0290818v3,17,,9,3,,5/2/2022 17:44,,,,5,,,,,60,3.66,263.52,,,,,,,,,,,,
26337,17.0290816v4,17,,9,3,,5/2/2022 17:44,,,,5,,,,,60,3.66,263.52,,,,,,,,,,,,
26338,10.0293096v1,10,,2,3,,5/2/2022 17:16,,,,13,,,,,150,2.41,404.88,,,,,,,,,,,,
26339,10.0292940v1,10,,2,3,,5/16/2022 16:21,,,,42,,,,,500,2.41,1243.56,,,,,,,,,,,,
26340,10.0291469v1,10,,2,3,,5/2/2022 16:57,,,,10,,,,,120,2.58,340.56,,,,,,,,,,,,
26340,12.0288222v8,12,,4,3,,5/2/2022 16:57,,,,10,,,,,120,2.33,307.56,,,,,,,,,,,,
26341,10.0289184v1,10,,2,1,,5/2/2022 17:37,,,,5,,,,,60,2.56,184.32,,,,,,,,,,,,
26342,10.0294529v1,10,,2,3,,5/11/2022 14:38,,,,34,,,,,400,2.41,1012.2,,,,,,,,,,,,
26343,10.0289734v4,10,,2,4,,5/2/2022 20:07,,,,5,,,,,60,2.58,185.76,,,,,,,,,,,,
26343,10.0289736v4,10,,2,4,,5/2/2022 20:07,,,,5,,,,,60,2.58,185.76,,,,,,,,,,,,
26344,10.0289051v6,10,,2,4,,5/5/2022 21:33,,,,20,,,,,240,2.41,607.32,,,,,,,,,,,,
26345,10.0291762v5,10,,2,4,,5/2/2022 20:56,,,,10,,,,,120,2.58,340.56,,,,,,,,,,,,
26346,40.0293362v1,40,,18,4,,5/2/2022 20:24,,,,9,,,,,105,2.75,330,,,,,,,,,,,,
26347,10.0292588v2,10,,2,4,,5/2/2022 21:18,,,,21,,,,,250,2.41,636.24,,,,,,,,,,,,
26348,10.0292474v2,10,,2,4,,5/2/2022 21:34,,,,5,,,,,60,2.58,185.76,,,,,,,,,,,,
26348,10.0292470v2,10,,2,4,,5/2/2022 21:34,,,,5,,,,,60,2.58,185.76,,,,,,,,,,,,
26349,10.0291945v6,10,,2,4,,5/2/2022 22:23,,,,5,,,,,60,2.58,185.76,,,,,,,,,,,,
26351,10.0238353v7,10,,2,1,,5/3/2022 12:49,,,,100,,,,,1200,1.71,2072.52,,,,,,,,,,,,
26352,10.0292796v1,10,,2,1,,5/5/2022 18:17,,,,10,,,,,120,2.23,294.36,,,,,,,,,,,,
26353,10.0222068v3,10,,2,4,,5/3/2022 12:48,,,,100,,,,,1200,1.91,2314.92,,,,,,,,,,,,
26354,10.0267861v1,10,,2,4,,5/3/2022 12:48,,,,100,,,,,1200,1.91,2314.92,,,,,,,,,,,,
26355,10.0272978v1,10,,2,1,,5/2/2022 22:18,,,,84,,,,,1000,1.79,1825.8,,,,,,,,,,,,
26356,10.0292634v12,10,,2,1,,5/3/2022 14:15,,,,50,,,,,600,1.88,1150.56,,,,,,,,,,,,
26356,10.0292634v11,10,,2,1,,5/3/2022 14:15,,,,50,,,,,600,1.88,1150.56,,,,,,,,,,,,
26357,10.0293506v1,10,,2,1,,5/3/2022 12:43,,,,13,,,,,150,1.96,329.28,,,,,,,,,,,,
26358,10.0258184v1,10,,2,1,,5/3/2022 14:40,,,,5,,,,,60,2.56,184.32,,,,,,,,,,,,
26358,10.0258183v1,10,,2,1,,5/3/2022 14:40,,,,5,,,,,60,2.56,184.32,,,,,,,,,,,,
26359,17.0292025v2,17,,9,4,,5/3/2022 3:55,,,,20,,,,,240,2.41,607.32,,,,,,,,,,,,
26360,10.0293082v1,10,,2,1,,5/3/2022 17:47,,,,42,,,,,500,1.96,1011.36,,,,,,,,,,,,
26361,40.0293079v1,40,,18,1,,5/3/2022 14:33,,,,5,,,,,60,2.56,184.32,,,,,,,,,,,,
26362,10.0289444v1,10,,2,1,,5/3/2022 15:43,,,,21,,,,,250,1.96,517.44,,,,,,,,,,,,
26363,10.0293573v1,10,,2,3,,5/3/2022 15:01,,,,10,,,,,120,2.58,340.56,,,,,,,,,,,,
26364,10.0292694v1,10,,2,3,,5/3/2022 15:22,,,,27,,,,,315,2.41,809.76,,,,,,,,,,,,
26365,10.0291285v1,10,,2,1,,5/3/2022 19:15,,,,11,,,,,125,2.23,321.12,,,,,,,,,,,,
26366,10.0292069v1,10,,2,3,,5/3/2022 17:33,,,,84,,,,,1000,1.91,1948.2,,,,,,,,,,,,
26367,10.0249326v1,10,,2,4,,5/4/2022 14:12,,,,5,,,,,60,2.58,185.76,,,,,,,,,,,,
26368,10.0293568v1,10,,2,1,,5/3/2022 17:13,,,,20,,,,,240,1.96,493.92,,,,,,,,,,,,
26368,10.0293542v1,10,,2,1,,5/3/2022 17:13,,,,20,,,,,240,1.96,493.92,,,,,,,,,,,,
26369,10.0280888v3,10,,2,4,,5/4/2022 19:40,,,,9,,,,,100,2.58,309.6,,,,,,,,,,,,
26370,40.0240835v1,40,,18,1,,5/3/2022 17:53,,,,10,,,,,120,2.23,294.36,,,,,,,,,,,,
26371,10.0292513v1,10,,2,1,,5/3/2022 22:37,,,,42,,,,,500,1.96,1011.36,,,,,,,,,,,,
26371,10.0292505v1,10,,2,1,,5/3/2022 22:37,,,,42,,,,,500,1.96,1011.36,,,,,,,,,,,,
26372,10.0223688v2,10,,2,3,,5/4/2022 14:04,,,,10,,,,,120,2.58,340.56,,,,,,,,,,,,
26372,10.0223689v1,10,,2,3,,5/4/2022 14:04,,,,10,,,,,120,2.58,340.56,,,,,,,,,,,,
26372,10.0223687v1,10,,2,3,,5/4/2022 14:04,,,,10,,,,,120,2.58,340.56,,,,,,,,,,,,
26373,10.0293528v1,10,,2,1,,5/3/2022 20:28,,,,5,,,,,60,2.56,184.32,,,,,,,,,,,,
26374,10.0262594v1,10,,2,3,,5/4/2022 19:39,,,,17,,,,,200,2.41,520.56,,,,,,,,,,,,
26375,10.0293575v1,10,,2,1,,5/4/2022 13:46,,,,125,,,,,1500,1.71,2585.52,,,,,,,,,,,,
26375,10.0293575v2,10,,2,1,,5/4/2022 13:46,,,,125,,,,,1500,1.71,2585.52,,,,,,,,,,,,
26376,10.0292572v1,10,,2,1,,5/3/2022 19:56,,,,5,,,,,60,2.56,184.32,,,,,,,,,,,,
26376,10.0292571v1,10,,2,1,,5/3/2022 19:56,,,,5,,,,,60,2.56,184.32,,,,,,,,,,,,
26377,40.0273948v1,40,,18,1,,5/4/2022 19:12,,,,75,,,,,900,1.79,1632.48,,,,,,,,,,,,
26378,10.0286417v1,10,,2,1,,5/26/2022 18:09,,,,17,,,,,200,1.96,423.36,,,,,,,,,,,,
26378,10.0286414v1,10,,2,1,,5/26/2022 18:09,,,,17,,,,,200,1.96,423.36,,,,,,,,,,,,
26379,10.0323435v2,10,,2,1,,5/3/2022 21:42,,,,34,,,,,400,1.96,823.2,,,,,,,,,,,,
26380,10.0293648v1,10,,2,3,,5/3/2022 21:54,,,,63,,,,,750,1.91,1466.88,,,,,,,,,,,,
26381,10.0253818v1,10,,2,3,,5/3/2022 23:02,,,,105,,,,,1250,1.91,2429.52,,,,,,,,,,,,
26382,10.0293705v2,10,,2,3,,5/5/2022 23:48,,,,13,,,,,150,2.41,404.88,,,,,,,,,,,,
26382,10.0293705v1,10,,2,3,,5/5/2022 23:48,,,,13,,,,,150,2.41,404.88,,,,,,,,,,,,
26383,10.0236742v1,10,,2,3,,5/4/2022 15:18,,,,13,,,,,150,2.41,404.88,,,,,,,,,,,,
26384,10.0293694v1,10,,2,3,,5/4/2022 15:12,,,,25,,,,,300,2.41,751.92,,,,,,,,,,,,
26385,10.0421803v1,10,,2,3,,5/4/2022 12:11,,,,10,,,,,120,2.58,340.56,,,,,,,,,,,,
26386,10.0293422v5,10,,2,3,,5/5/2022 13:47,,,,10,,,,,120,2.58,340.56,,,,,,,,,,,,
26386,10.0233068v1,10,,2,3,,5/5/2022 13:47,,,,5,,,,,60,3.66,263.52,,,,,,,,,,,,
26387,10.0293653v1,10,,2,1,,5/4/2022 14:33,,,,5,,,,,60,2.56,184.32,,,,,,,,,,,,
26389,10.0292598v2,10,,2,3,,5/4/2022 18:00,,,,42,,,,,500,2.41,1243.56,,,,,,,,,,,,
26390,10.0292779v1,10,,2,3,,5/4/2022 20:19,,,,10,,,,,120,2.58,340.56,,,,,,,,,,,,
26391,10.0290742v1,10,,2,1,,5/6/2022 18:19,,,,59,,,,,700,1.88,1353.6,,,,,,,,,,,,
26392,10.028200v3,10,,2,1,,5/4/2022 17:20,,,,21,,,,,250,1.96,517.44,,,,,,,,,,,,
26393,10.0281904v3,10,,2,4,,5/4/2022 17:22,,,,5,,,,,60,2.58,185.76,,,,,,,,,,,,
26393,10.0281905v3,10,,2,4,,5/4/2022 17:22,,,,5,,,,,60,2.58,185.76,,,,,,,,,,,,
26394,10.0293576v3,10,,2,3,,5/5/2022 13:42,,,,20,,,,,240,2.41,607.32,,,,,,,,,,,,
26395,10.0294228v1,10,,2,3,,5/9/2022 15:44,,,,9,,,,,101,3.58,429.6,,,,,,,,,,,,
26395,10.0294227v1,10,,2,3,,5/9/2022 15:44,,,,9,,,,,101,3.58,429.6,,,,,,,,,,,,
26396,10.0283820v2,10,,2,3,,5/6/2022 12:17,,,,10,,,,,120,2.58,340.56,,,,,,,,,,,,
26397,17.0290600v1,17,,9,3,,5/4/2022 20:01,,,,6,,,,,62,3.66,307.44,,,,,,,,,,,,
26398,10.0243612v1,10,,2,1,,5/10/2022 19:27,,,,13,,,,,150,1.96,329.28,,,,,,,,,,,,
26398,10.0278137v1,10,,2,1,,5/10/2022 19:27,,,,25,,,,,300,1.96,611.52,,,,,,,,,,,,
26398,40.0242403v1,40,,18,1,,5/10/2022 19:27,,,,7,,,,,75,2.56,245.76,,,,,,,,,,,,
26398,10.0243578v1,10,,2,1,,5/10/2022 19:27,,,,13,,,,,150,1.96,329.28,,,,,,,,,,,,
26399,10.0273054v1,10,,2,1,,5/5/2022 19:06,,,,42,,,,,500,1.96,1011.36,,,,,,,,,,,,
26400,10.029297v1,10,,2,3,,5/9/2022 14:22,,,,13,,,,,150,2.41,404.88,,,,,,,,,,,,
26401,10.0293904v2,10,,2,3,,5/4/2022 22:47,,,,34,,,,,400,2.41,1012.2,,,,,,,,,,,,
26401,10.0293904v1,10,,2,3,,5/4/2022 22:47,,,,34,,,,,400,2.41,1012.2,,,,,,,,,,,,
26402,10.0211308v3,10,,2,4,,5/4/2022 21:06,,,,5,,,,,60,2.58,185.76,,,,,,,,,,,,
26404,10.0293682v1,10,,2,1,,5/5/2022 1:26,,,,5,,,,,60,2.56,184.32,,,,,,,,,,,,
26405,40.0279678v2,40,,18,1,,5/4/2022 22:21,,,,13,,,,,150,1.96,329.28,,,,,,,,,,,,
26406,10.0265675v1,10,,2,1,,5/4/2022 21:47,,,,5,,,,,60,2.56,184.32,,,,,,,,,,,,
26407,10.0293957v1,10,,2,3,,5/4/2022 22:21,,,,10,,,,,120,2.58,340.56,,,,,,,,,,,,
26408,10.0293901v1,10,,2,3,,5/4/2022 21:58,,,,10,,,,,120,2.58,340.56,,,,,,,,,,,,
26409,10.0289620v2,10,,2,3,,5/4/2022 22:56,,,,167,,,,,2000,1.91,3850.56,,,,,,,,,,,,
26410,10.0292295v1,10,,2,3,,5/9/2022 14:21,,,,13,,,,,150,2.41,404.88,,,,,,,,,,,,
26410,10.0292296v1,10,,2,3,,5/9/2022 14:21,,,,13,,,,,150,2.41,404.88,,,,,,,,,,,,
26411,40.0293953v1,40,,18,4,,5/10/2022 15:38,,,,9,,,,,100,2.75,330,,,,,,,,,,,,
26412,10.0293666v1,10,,2,3,,5/5/2022 21:46,,,,30,,,,,360,2.41,896.52,,,,,,,,,,,,
26413,10.0293935v1,10,,2,1,,5/5/2022 14:51,,,,5,,,,,60,2.56,184.32,,,,,,,,,,,,
26414,10.0294041v1,10,,2,1,,5/4/2022 22:43,,,,5,,,,,60,2.56,184.32,,,,,,,,,,,,
26415,10.0292960v1,10,,2,3,,5/5/2022 21:30,,,,5,,,,,60,3.66,263.52,,,,,,,,,,,,
26418,10.0294112v1,10,,2,3,,5/5/2022 23:21,,,,5,,,,,60,3.66,263.52,,,,,,,,,,,,
26420,17.0293028v1,17,,9,3,,5/6/2022 21:13,,,,10,,,,,120,2.58,340.56,,,,,,,,,,,,
26421,17.0293027v1,17,,9,3,,5/6/2022 21:13,,,,10,,,,,120,2.58,340.56,,,,,,,,,,,,
26422,10.0288146v1,10,,2,1,,5/6/2022 14:03,,,,34,,,,,400,1.96,823.2,,,,,,,,,,,,
26423,10.0294005v1,10,,2,3,,5/9/2022 14:34,,,,40,,,,,480,2.41,1185.72,,,,,,,,,,,,
26424,10.0293943v1,10,,2,1,,5/5/2022 18:05,,,,10,,,,,120,2.23,294.36,,,,,,,,,,,,
26425,10.0291946v3,10,,2,1,,5/5/2022 15:42,,,,21,,,,,250,1.96,517.44,,,,,,,,,,,,
26426,10.0293809v1,10,,2,1,,5/6/2022 20:42,,,,188,,,,,2250,1.71,3878.28,,,,,,,,,,,,
26426,10.0293809v2,10,,2,1,,5/6/2022 20:42,,,,188,,,,,2250,1.71,3878.28,,,,,,,,,,,,
26427,10.0292818v1,10,,2,1,,5/5/2022 21:17,,,,10,,,,,120,2.23,294.36,,,,,,,,,,,,
26428,10.0291849v1,10,,2,1,,5/5/2022 18:16,,,,10,,,,,120,2.23,294.36,,,,,,,,,,,,
26429,10.0228780v3,10,,2,3,,5/10/2022 15:14,,,,67,,,,,800,1.91,1558.56,,,,,,,,,,,,
26430,10.0278315v1,10,,2,4,,5/5/2022 22:30,,,,9,,,,,101,2.58,309.6,,,,,,,,,,,,
26430,10.0278314v1,10,,2,4,,5/5/2022 22:30,,,,9,,,,,101,2.58,309.6,,,,,,,,,,,,
26431,10.0291248v2,10,,2,1,,5/5/2022 21:44,,,,18,,,,,213,1.96,446.88,,,,,,,,,,,,
26432,40.0291005v2,40,,18,1,,5/5/2022 19:33,,,,9,,,,,100,2.56,307.2,,,,,,,,,,,,
26433,10.0294156v1,10,,2,1,,5/5/2022 18:57,,,,7,,,,,80,2.56,245.76,,,,,,,,,,,,
26434,10.0290416v1,10,,2,3,,5/5/2022 19:22,,,,10,,,,,120,2.58,340.56,,,,,,,,,,,,
26435,10.0294205v1,10,,2,1,,5/5/2022 19:49,,,,10,,,,,110,2.56,337.92,,,,,,,,,,,,
26436,10.0294106v1,10,,2,4,,5/5/2022 20:24,,,,14,,,,,165,2.41,433.8,,,,,,,,,,,,
26438,10.0294141v1,10,,2,1,,5/5/2022 21:23,,,,5,,,,,60,2.56,184.32,,,,,,,,,,,,
26439,40.0294226v1,40,,18,4,,5/10/2022 20:42,,,,5,,,,,60,2.75,198,,,,,,,,,,,,
26439,40.0294226v2,40,,18,4,,5/10/2022 20:42,,,,5,,,,,60,2.75,198,,,,,,,,,,,,
26440,14.0683263v3,14,,6,3,,5/5/2022 20:39,,,,20,,,,,240,1.45,365.4,,,,,,,,,,,,
26440,13.0594198v1,13,,5,3,,5/5/2022 20:39,,,,20,,,,,240,1.45,365.4,,,,,,,,,,,,
26441,10.0293905v2,10,,2,3,,5/5/2022 20:51,,,,7,,,,,75,3.66,351.36,,,,,,,,,,,,
26442,10.0293179v1,10,,2,1,,5/5/2022 20:53,,,,5,,,,,60,2.56,184.32,,,,,,,,,,,,
26442,10.0293176v1,10,,2,1,,5/5/2022 20:53,,,,5,,,,,60,2.56,184.32,,,,,,,,,,,,
26443,10.0273818v3,10,,2,4,,5/5/2022 21:10,,,,9,,,,,100,2.58,309.6,,,,,,,,,,,,
26444,10.0291934v3,10,,2,3,,5/5/2022 21:10,,,,21,,,,,245,2.41,636.24,,,,,,,,,,,,
26445,17.0242644v2,17,,9,1,,5/5/2022 21:33,,,,10,,,,,120,2.23,294.36,,,,,,,,,,,,
26446,10.0271430v1,10,,2,3,,5/5/2022 21:31,,,,13,,,,,150,2.41,404.88,,,,,,,,,,,,
26447,10.0292176v1,10,,2,1,,5/6/2022 17:05,,,,5,,,,,60,2.56,184.32,,,,,,,,,,,,
26447,10.0292146v1,10,,2,1,,5/6/2022 17:05,,,,5,,,,,60,2.56,184.32,,,,,,,,,,,,
26448,10.0233247v1,10,,2,1,,5/5/2022 22:38,,,,25,,,,,300,1.96,611.52,,,,,,,,,,,,
26449,10.0246453v1,10,,2,3,,5/9/2022 13:59,,,,10,,,,,120,2.58,340.56,,,,,,,,,,,,
26449,10.0221901v2,10,,2,3,,5/9/2022 13:59,,,,10,,,,,120,2.58,340.56,,,,,,,,,,,,
26450,10.0293178v1,10,,2,3,,5/5/2022 22:37,,,,5,,,,,60,3.66,263.52,,,,,,,,,,,,
26451,10.0294191v1,10,,2,3,,5/5/2022 22:56,,,,20,,,,,240,2.41,607.32,,,,,,,,,,,,
26452,10.0294160v1,10,,2,1,,5/6/2022 15:55,,,,25,,,,,300,1.96,611.52,,,,,,,,,,,,
26452,10.0294161v1,10,,2,1,,5/6/2022 15:55,,,,9,,,,,100,2.56,307.2,,,,,,,,,,,,
26453,10.0232351v1,10,,2,3,,5/6/2022 20:41,,,,10,,,,,120,2.58,340.56,,,,,,,,,,,,
26454,10.0219978v1,10,,2,3,,5/6/2022 14:03,,,,10,,,,,120,2.58,340.56,,,,,,,,,,,,
26455,46.0293604v2,46,,113,3,,5/6/2022 2:11,,,,6,,,,,65,3.66,307.44,,,,,,,,,,,,
26456,10.0219414v3,10,,2,1,,5/6/2022 12:05,,,,21,,,,,250,1.96,517.44,,,,,,,,,,,,
26457,10.0294259v1,10,,2,1,,5/6/2022 16:05,,,,5,,,,,60,2.56,184.32,,,,,,,,,,,,
26458,10.0292932v1,10,,2,1,,5/6/2022 15:59,,,,5,,,,,60,2.56,184.32,,,,,,,,,,,,
26459,10.0293864v1,10,,2,1,,5/6/2022 13:22,,,,10,,,,,120,2.23,294.36,,,,,,,,,,,,
26459,10.0290651v2,10,,2,1,,5/6/2022 13:22,,,,10,,,,,120,2.23,294.36,,,,,,,,,,,,
26459,10.0290654v2,10,,2,1,,5/6/2022 13:22,,,,5,,,,,60,2.56,184.32,,,,,,,,,,,,
26460,10.0232788v1,10,,2,4,,5/6/2022 14:01,,,,9,,,,,105,2.58,309.6,,,,,,,,,,,,
26461,10.0294237v1,10,,2,1,,5/6/2022 14:28,,,,9,,,,,105,2.56,307.2,,,,,,,,,,,,
26462,10.0238066v2,10,,2,1,,5/6/2022 15:34,,,,10,,,,,120,2.23,294.36,,,,,,,,,,,,
26463,10.0240245v2,10,,2,4,,5/6/2022 14:43,,,,5,,,,,60,2.58,185.76,,,,,,,,,,,,
26464,10.0293544v4,10,,2,1,,5/6/2022 16:09,,,,25,,,,,300,1.96,611.52,,,,,,,,,,,,
26465,10.0294304v1,10,,2,1,,5/6/2022 15:43,,,,21,,,,,250,1.96,517.44,,,,,,,,,,,,
26466,10.0292673v2,10,,2,1,,5/6/2022 16:01,,,,10,,,,,120,2.23,294.36,,,,,,,,,,,,
26467,10.0238353v7,10,,2,1,,5/6/2022 22:38,,,,10,,,,,120,2.23,294.36,,,,,,,,,,,,
26467,10.0222068v3,10,,2,1,,5/6/2022 22:38,,,,10,,,,,120,2.23,294.36,,,,,,,,,,,,
26467,10.0267861v1,10,,2,1,,5/6/2022 22:38,,,,10,,,,,120,2.23,294.36,,,,,,,,,,,,
26468,10.0286423v4,10,,2,3,,6/7/2022 19:22,,,,20,,,,,240,2.41,607.32,,,,,,,,,,,,
26468,10.0287375v1,10,,2,3,,6/7/2022 19:22,,,,20,,,,,240,2.41,607.32,,,,,,,,,,,,
26469,10.0293020v3,10,,2,1,,5/6/2022 22:39,,,,10,,,,,120,2.23,294.36,,,,,,,,,,,,
26470,40.0294266v2,40,,18,1,,5/6/2022 18:36,,,,34,,,,,400,1.96,823.2,,,,,,,,,,,,
26471,10.0293388v3,10,,2,1,,5/6/2022 18:07,,,,10,,,,,120,2.23,294.36,,,,,,,,,,,,
26471,10.0293361v1,10,,2,1,,5/6/2022 18:07,,,,15,,,,,180,1.96,376.32,,,,,,,,,,,,
26471,10.0293388v2,10,,2,1,,5/6/2022 18:07,,,,10,,,,,120,2.23,294.36,,,,,,,,,,,,
26472,10.0294196v5,10,,2,1,,5/6/2022 17:24,,,,25,,,,,300,1.96,611.52,,,,,,,,,,,,
26472,10.0294197v4,10,,2,1,,5/6/2022 17:24,,,,25,,,,,300,1.96,611.52,,,,,,,,,,,,
26473,12.0215105v1,12,,4,1,,5/6/2022 18:08,,,,5,,,,,60,2.1,151.2,,,,,,,,,,,,
26473,12.0288222v6,12,,4,1,,5/6/2022 18:08,,,,13,,,,,150,1.55,260.4,,,,,,,,,,,,
26473,12.0238127v2,12,,4,1,,5/6/2022 18:08,,,,5,,,,,60,2.1,151.2,,,,,,,,,,,,
26473,10.0253865v1,10,,2,1,,5/6/2022 18:08,,,,5,,,,,60,2.56,184.32,,,,,,,,,,,,
26473,10.0290012v3,10,,2,1,,5/6/2022 18:08,,,,5,,,,,60,2.56,184.32,,,,,,,,,,,,
26474,10.0293386v1,10,,2,4,,5/11/2022 12:04,,,,9,,,,,100,2.58,309.6,,,,,,,,,,,,
26474,10.0293009v2,10,,2,4,,5/11/2022 12:04,,,,9,,,,,100,2.58,309.6,,,,,,,,,,,,
26475,10.0276707v1,10,,2,1,,5/6/2022 19:36,,,,5,,,,,60,2.56,184.32,,,,,,,,,,,,
26476,10.0290610v2,10,,2,3,,5/9/2022 18:08,,,,250,,,,,3000,1.62,4879.44,,,,,,,,,,,,
26477,10.022333v2,10,,2,3,,5/6/2022 18:49,,,,12,,,,,144,2.41,375.96,,,,,,,,,,,,
26477,10.0253616v1,10,,2,3,,5/6/2022 18:49,,,,10,,,,,120,2.58,340.56,,,,,,,,,,,,
26478,10.0291802v1,10,,2,3,,5/6/2022 18:57,,,,25,,,,,300,2.41,751.92,,,,,,,,,,,,
26479,40.0294042v2,40,,18,4,,5/10/2022 14:22,,,,67,,,,,798,2.08,1697.28,,,,,,,,,,,,
26480,10.0294438v1,10,,2,3,,5/6/2022 19:17,,,,9,,,,,105,3.58,429.6,,,,,,,,,,,,
26481,10.0294192v1,10,,2,3,,5/6/2022 20:42,,,,11,,,,,130,2.58,371.52,,,,,,,,,,,,
26483,10.0245149v1,10,,2,3,,5/6/2022 19:52,,,,5,,,,,60,3.66,263.52,,,,,,,,,,,,
26484,10.0294493v1,10,,2,3,,5/6/2022 19:52,,,,5,,,,,60,3.66,263.52,,,,,,,,,,,,
26485,10.0240394v1,10,,2,1,,5/6/2022 20:18,,,,5,,,,,60,2.56,184.32,,,,,,,,,,,,
26485,10.0238985v2,10,,2,1,,5/6/2022 20:18,,,,5,,,,,60,2.56,184.32,,,,,,,,,,,,
26486,10.0284449v1,10,,2,3,,5/9/2022 21:19,,,,100,,,,,1200,1.91,2314.92,,,,,,,,,,,,
26487,15.0291630v1,15,,7,3,,5/6/2022 22:56,,,,25,,,,,300,3.53,1101.36,,,,,,,,,,,,
26489,40.0294199v1,40,,18,4,,5/10/2022 16:33,,,,5,,,,,60,2.75,198,,,,,,,,,,,,
26490,10.0294552v1,10,,2,3,,5/6/2022 22:51,,,,13,,,,,150,2.41,404.88,,,,,,,,,,,,
26491,40.0245211v1,40,,18,3,,5/9/2022 14:00,,,,10,,,,,120,2.66,351.12,,,,,,,,,,,,
26492,10.0294409v1,10,,2,3,,5/6/2022 22:34,,,,7,,,,,80,3.66,351.36,,,,,,,,,,,,
26493,10.0294200v1,10,,2,3,,5/7/2022 0:11,,,,5,,,,,60,3.66,263.52,,,,,,,,,,,,
26494,10.0294362v1,10,,2,3,,5/9/2022 20:31,,,,10,,,,,120,2.58,340.56,,,,,,,,,,,,
26495,40.0294510v1,40,,18,1,,5/13/2022 19:04,,,,20,,,,,240,1.96,493.92,,,,,,,,,,,,
26496,10.0294387v2,10,,2,1,,5/11/2022 19:43,,,,5,,,,,60,2.56,184.32,,,,,,,,,,,,
26496,10.0294386v1,10,,2,1,,5/11/2022 19:43,,,,5,,,,,60,2.56,184.32,,,,,,,,,,,,
26497,12.0289713v1,12,,4,3,,5/9/2022 18:11,,,,42,,,,,500,2.16,1114.56,,,,,,,,,,,,
26498,10.0284729v1,10,,2,3,,5/9/2022 16:14,,,,50,,,,,600,2.16,1321.92,,,,,,,,,,,,
26499,17.0291274v4,17,,9,3,,5/9/2022 16:00,,,,20,,,,,240,2.41,607.32,,,,,,,,,,,,
26500,10.0293906v2,10,,2,3,,5/9/2022 16:24,,,,13,,,,,150,2.41,404.88,,,,,,,,,,,,
26501,10.0283569v2,10,,2,1,,5/10/2022 14:23,,,,7,,,,,77,2.56,245.76,,,,,,,,,,,,
26502,10.0260927v2,10,,2,1,,5/9/2022 19:53,,,,34,,,,,400,1.96,823.2,,,,,,,,,,,,
26503,10.0294713v1,10,,2,3,,5/9/2022 18:44,,,,20,,,,,240,2.41,607.32,,,,,,,,,,,,
26505,10.0294749v1,10,,2,4,,5/9/2022 21:19,,,,10,,,,,120,2.58,340.56,,,,,,,,,,,,
26506,10.0293929v1,10,,2,3,,5/9/2022 19:02,,,,10,,,,,120,2.58,340.56,,,,,,,,,,,,
26507,10.0294740v1,10,,2,3,,5/9/2022 19:14,,,,84,,,,,1000,1.91,1948.2,,,,,,,,,,,,
26509,10.0253125v1,10,,2,4,,5/9/2022 19:36,,,,14,,,,,160,2.41,433.8,,,,,,,,,,,,
26510,40.0294786v1,40,,18,4,,5/9/2022 19:56,,,,8,,,,,90,2.75,297,,,,,,,,,,,,
26511,10.0269013v1,10,,2,4,,5/10/2022 12:59,,,,5,,,,,60,2.58,185.76,,,,,,,,,,,,
26512,46.0291882v3,46,,113,1,,5/11/2022 2:11,,,,25,,,,,300,1.96,611.52,,,,,,,,,,,,
26513,10.0294520v1,10,,2,3,,5/10/2022 15:28,,,,10,,,,,120,2.58,340.56,,,,,,,,,,,,
26514,10.0284998v1,10,,2,3,,5/10/2022 2:17,,,,25,,,,,300,2.41,751.92,,,,,,,,,,,,
26515,10.0294521v1,10,,2,4,,5/9/2022 21:54,,,,38,,,,,450,2.41,1127.88,,,,,,,,,,,,
26516,12.0282866v2,12,,4,1,,5/11/2022 0:54,,,,10,,,,,120,1.77,233.64,,,,,,,,,,,,
26517,10.0294288v3,10,,2,4,,5/9/2022 22:10,,,,5,,,,,60,2.58,185.76,,,,,,,,,,,,
26518,10.0293947v2,10,,2,4,,5/10/2022 20:39,,,,10,,,,,120,2.58,340.56,,,,,,,,,,,,
26519,10.0294337v2,10,,2,4,,5/10/2022 18:00,,,,20,,,,,240,2.41,607.32,,,,,,,,,,,,
26520,10.0266665v1,10,,2,3,,5/10/2022 20:24,,,,13,,,,,150,2.41,404.88,,,,,,,,,,,,
26521,10.0230154v3,10,,2,1,,5/10/2022 13:44,,,,42,,,,,500,1.96,1011.36,,,,,,,,,,,,
26522,10.029931v2,10,,2,3,,5/10/2022 0:22,,,,42,,,,,500,2.41,1243.56,,,,,,,,,,,,
26523,10.0240341v2,10,,2,4,,5/9/2022 23:12,,,,8,,,,,85,2.58,278.64,,,,,,,,,,,,
26524,10.0270899v2,10,,2,4,,5/10/2022 12:55,,,,42,,,,,504,2.41,1243.56,,,,,,,,,,,,
26525,10.0291076v2,10,,2,1,,5/12/2022 14:15,,,,13,,,,,150,1.96,329.28,,,,,,,,,,,,
26526,10.0284024v2,10,,2,4,,5/10/2022 4:31,,,,10,,,,,120,2.58,340.56,,,,,,,,,,,,
26527,10.0249272v1,10,,2,4,,5/10/2022 14:13,,,,13,,,,,155,2.41,404.88,,,,,,,,,,,,
26528,10.0295021v2,10,,2,3,,5/10/2022 17:03,,,,50,,,,,600,2.16,1321.92,,,,,,,,,,,,
26529,10.0248395v1,10,,2,4,,5/10/2022 15:19,,,,30,,,,,360,2.41,896.52,,,,,,,,,,,,
26530,10.0294888v1,10,,2,1,,5/11/2022 16:13,,,,34,,,,,400,1.96,823.2,,,,,,,,,,,,
26531,10.0294799v1,10,,2,3,,5/10/2022 16:23,,,,10,,,,,120,2.58,340.56,,,,,,,,,,,,
26532,10.0291003v1,10,,2,4,,5/10/2022 18:04,,,,5,,,,,60,2.58,185.76,,,,,,,,,,,,
26534,10.0295126v1,10,,2,4,,5/10/2022 17:18,,,,9,,,,,105,2.58,309.6,,,,,,,,,,,,
26535,10.0294839v1,10,,2,4,,5/11/2022 21:02,,,,6,,,,,70,2.58,216.72,,,,,,,,,,,,
26535,10.0294836v1,10,,2,4,,5/11/2022 21:02,,,,6,,,,,70,2.58,216.72,,,,,,,,,,,,
26536,10.0294162v1,10,,2,4,,5/10/2022 19:38,,,,7,,,,,75,2.58,247.68,,,,,,,,,,,,
26536,10.0283806v1,10,,2,4,,5/10/2022 19:38,,,,10,,,,,120,2.58,340.56,,,,,,,,,,,,
26537,10.0294992v1,10,,2,4,,5/10/2022 17:40,,,,31,,,,,361,2.41,925.44,,,,,,,,,,,,
26538,40.0293867v3,40,,18,3,,5/10/2022 21:37,,,,6,,,,,62,3.74,314.16,,,,,,,,,,,,
26539,10.0293587v7,10,,2,1,,5/10/2022 19:10,,,,17,,,,,200,1.96,423.36,,,,,,,,,,,,
26539,10.0195110v1,10,,2,1,,5/10/2022 19:10,,,,5,,,,,60,2.56,184.32,,,,,,,,,,,,
26539,10.0395109v1,10,,2,1,,5/10/2022 19:10,,,,10,,,,,110,2.56,337.92,,,,,,,,,,,,
26540,10.0270497v1,10,,2,3,,5/10/2022 20:51,,,,6,,,,,64,3.66,307.44,,,,,,,,,,,,
26541,10.0292981v1,10,,2,4,,5/10/2022 20:00,,,,10,,,,,120,2.58,340.56,,,,,,,,,,,,
26541,10.0292980v1,10,,2,4,,5/10/2022 20:00,,,,10,,,,,120,2.58,340.56,,,,,,,,,,,,
26542,10.0293673v1,10,,2,3,,5/10/2022 23:36,,,,61,,,,,725,1.91,1421.04,,,,,,,,,,,,
26544,10.0293796v1,10,,2,4,,5/10/2022 20:16,,,,5,,,,,60,2.58,185.76,,,,,,,,,,,,
26544,10.0293791v1,10,,2,4,,5/10/2022 20:16,,,,5,,,,,60,2.58,185.76,,,,,,,,,,,,
26546,10.0295020v1,10,,2,3,,5/10/2022 20:36,,,,17,,,,,200,2.41,520.56,,,,,,,,,,,,
26546,10.0294993v1,10,,2,3,,5/10/2022 20:36,,,,17,,,,,200,2.41,520.56,,,,,,,,,,,,
26547,40.0293956v1,40,,18,4,,5/11/2022 18:57,,,,17,,,,,200,2.58,557.28,,,,,,,,,,,,
26548,40.0255954v7,40,,18,1,,5/10/2022 23:40,,,,17,,,,,200,1.96,423.36,,,,,,,,,,,,
26548,40.0255954v3,40,,18,1,,5/10/2022 23:40,,,,17,,,,,200,1.96,423.36,,,,,,,,,,,,
26548,40.0255954v6,40,,18,1,,5/10/2022 23:40,,,,17,,,,,200,1.96,423.36,,,,,,,,,,,,
26549,44.0294986v1,44,,21,3,,5/16/2022 19:25,,,,55,,,,,650,2.24,1505.28,,,,,,,,,,,,
26550,40.0292907v1,40,,18,4,,5/11/2022 21:02,,,,7,,,,,75,2.75,264,,,,,,,,,,,,
26551,10.0288580v1,10,,2,3,,5/20/2022 23:01,,,,5,,,,,60,3.66,263.52,,,,,,,,,,,,
26551,10.0288585v1,10,,2,3,,5/20/2022 23:01,,,,5,,,,,60,3.66,263.52,,,,,,,,,,,,
26552,20.0293503v1,20,,11,3,,5/11/2022 22:57,,,,34,,,,,400,2.99,1255.8,,,,,,,,,,,,
26552,20.0293505v1,20,,11,3,,5/11/2022 22:57,,,,34,,,,,400,2.99,1255.8,,,,,,,,,,,,
26553,10.0285990v1,10,,2,1,,5/11/2022 17:04,,,,20,,,,,240,1.96,493.92,,,,,,,,,,,,
26554,41.028203v1,41,,19,3,,5/10/2022 22:22,,,,7,,,,,75,3.74,359.04,,,,,,,,,,,,
26555,10.0294191v3,10,,2,3,,5/10/2022 22:25,,,,20,,,,,240,2.41,607.32,,,,,,,,,,,,
26557,10.0295341v1,10,,2,4,,5/11/2022 13:22,,,,10,,,,,120,2.58,340.56,,,,,,,,,,,,
26558,10.0292220v1,10,,2,4,,5/11/2022 19:03,,,,20,,,,,240,2.41,607.32,,,,,,,,,,,,
26558,10.0292215v1,10,,2,4,,5/11/2022 19:03,,,,20,,,,,240,2.41,607.32,,,,,,,,,,,,
26559,10.024583v1,10,,2,4,,5/12/2022 20:23,,,,10,,,,,120,2.58,340.56,,,,,,,,,,,,
26560,10.0294792v1,10,,2,4,,5/11/2022 15:58,,,,9,,,,,100,2.58,309.6,,,,,,,,,,,,
26562,10.0242144v1,10,,2,3,,5/10/2022 23:09,,,,17,,,,,200,2.41,520.56,,,,,,,,,,,,
26563,17.0295144v3,17,,9,3,,5/10/2022 23:32,,,,5,,,,,60,3.66,263.52,,,,,,,,,,,,
26564,40.0294031v4,40,,18,3,,5/11/2022 15:56,,,,42,,,,,500,2.49,1284.84,,,,,,,,,,,,
26565,10.0231586v1,10,,2,4,,5/11/2022 13:55,,,,20,,,,,240,2.41,607.32,,,,,,,,,,,,
26566,10.0293255v3,10,,2,4,,5/12/2022 22:03,,,,10,,,,,120,2.58,340.56,,,,,,,,,,,,
26567,10.0295371v1,10,,2,4,,5/11/2022 15:34,,,,10,,,,,120,2.58,340.56,,,,,,,,,,,,
26568,10.0233994v1,10,,2,4,,5/11/2022 12:29,,,,9,,,,,105,2.58,309.6,,,,,,,,,,,,
26569,40.0295323v1,40,,18,4,,5/11/2022 13:40,,,,9,,,,,105,2.75,330,,,,,,,,,,,,
26570,10.0295383v1,10,,2,4,,5/11/2022 13:41,,,,5,,,,,60,2.58,185.76,,,,,,,,,,,,
26571,12.0294624v1,12,,4,4,,5/11/2022 14:02,,,,5,,,,,60,2.83,203.76,,,,,,,,,,,,
26571,12.0294623v1,12,,4,4,,5/11/2022 14:02,,,,5,,,,,60,2.83,203.76,,,,,,,,,,,,
26572,10.0295349v1,10,,2,4,,5/11/2022 14:40,,,,5,,,,,60,2.58,185.76,,,,,,,,,,,,
26572,10.0295350v1,10,,2,4,,5/11/2022 14:40,,,,5,,,,,60,2.58,185.76,,,,,,,,,,,,
26574,10.0293946v3,10,,2,3,,5/11/2022 16:07,,,,10,,,,,120,2.58,340.56,,,,,,,,,,,,
26575,10.0227887v2,10,,2,4,,5/11/2022 16:18,,,,5,,,,,60,2.58,185.76,,,,,,,,,,,,
26576,10.0264319v1,10,,2,1,,5/11/2022 17:23,,,,5,,,,,60,2.56,184.32,,,,,,,,,,,,
26577,10.0292256v1,10,,2,4,,5/13/2022 13:30,,,,34,,,,,400,2.41,1012.2,,,,,,,,,,,,
26578,10.0289564v1,10,,2,3,,5/11/2022 18:08,,,,10,,,,,120,2.58,340.56,,,,,,,,,,,,
26580,10.0292308v4,10,,2,3,,5/12/2022 18:23,,,,63,,,,,750,1.91,1466.88,,,,,,,,,,,,
26581,10.0266579v3,10,,2,3,,5/16/2022 13:34,,,,500,,,,,6000,1.62,9739.44,,,,,,,,,,,,
26582,10.0295560v1,10,,2,1,,5/11/2022 19:35,,,,26,,,,,305,1.96,635.04,,,,,,,,,,,,
26583,10.0289774v2,10,,2,4,,5/11/2022 19:55,,,,17,,,,,200,2.41,520.56,,,,,,,,,,,,
26584,10.0223778v2,10,,2,1,,5/11/2022 19:49,,,,10,,,,,120,2.23,294.36,,,,,,,,,,,,
26585,10.0290909v1,10,,2,4,,5/11/2022 21:36,,,,40,,,,,470,2.41,1185.72,,,,,,,,,,,,
26586,40.0275945v1,40,,18,1,,5/13/2022 20:50,,,,84,,,,,1000,1.79,1825.8,,,,,,,,,,,,
26586,40.0275800v3,40,,18,1,,5/13/2022 20:50,,,,84,,,,,1000,1.79,1825.8,,,,,,,,,,,,
26587,10.0295520v1,10,,2,4,,5/11/2022 21:39,,,,9,,,,,100,2.58,309.6,,,,,,,,,,,,
26588,10.0295343v1,10,,2,4,,5/11/2022 20:53,,,,9,,,,,100,2.58,309.6,,,,,,,,,,,,
26589,10.0291364v1,10,,2,4,,5/11/2022 21:12,,,,9,,,,,100,2.58,309.6,,,,,,,,,,,,
26590,10.0294494v1,10,,2,4,,5/11/2022 21:04,,,,5,,,,,60,2.58,185.76,,,,,,,,,,,,
26591,10.0295653v1,10,,2,1,,5/13/2022 19:34,,,,21,,,,,250,1.96,517.44,,,,,,,,,,,,
26591,10.0219660v1,10,,2,1,,5/13/2022 19:34,,,,21,,,,,250,1.96,517.44,,,,,,,,,,,,
26592,10.0295545v1,10,,2,1,,5/12/2022 13:14,,,,5,,,,,60,2.56,184.32,,,,,,,,,,,,
26593,40.0294602v2,40,,18,1,,5/12/2022 20:19,,,,5,,,,,60,2.56,184.32,,,,,,,,,,,,
26594,18.0251510v3,18,,10,3,,5/12/2022 15:21,,,,10,,,,,120,2.66,351.12,,,,,,,,,,,,
26594,10.0243234v3,10,,2,3,,5/12/2022 15:21,,,,10,,,,,120,2.58,340.56,,,,,,,,,,,,
26597,12.0228205v1,12,,4,3,,5/11/2022 23:15,,,,10,,,,,120,2.33,307.56,,,,,,,,,,,,
26598,10.0289086v1,10,,2,3,,5/17/2022 16:03,,,,17,,,,,200,2.41,520.56,,,,,,,,,,,,
26599,10.0295351v3,10,,2,1,,5/12/2022 13:07,,,,5,,,,,60,2.56,184.32,,,,,,,,,,,,
26601,40.0295382v3,40,,18,3,,5/11/2022 23:56,,,,10,,,,,120,2.66,351.12,,,,,,,,,,,,
26602,10.0294756v1,10,,2,1,,5/12/2022 11:20,,,,42,,,,,500,1.96,1011.36,,,,,,,,,,,,
26603,17.0281025v2,17,,9,1,,5/12/2022 13:36,,,,10,,,,,120,2.23,294.36,,,,,,,,,,,,
26603,10.0280995v1,10,,2,1,,5/12/2022 13:36,,,,10,,,,,120,2.23,294.36,,,,,,,,,,,,
26604,40.0294984v2,40,,18,1,,5/12/2022 16:08,,,,17,,,,,200,1.96,423.36,,,,,,,,,,,,
26606,10.0295729v1,10,,2,1,,5/12/2022 17:53,,,,10,,,,,120,2.23,294.36,,,,,,,,,,,,
26607,10.0287002v2,10,,2,1,,5/12/2022 16:20,,,,42,,,,,500,1.96,1011.36,,,,,,,,,,,,
26608,17.0295394v2,17,,9,1,,5/12/2022 15:45,,,,42,,,,,500,1.96,1011.36,,,,,,,,,,,,
26609,20.0286742v1,20,,11,3,,5/12/2022 19:33,,,,41,,,,,483,2.99,1506.96,,,,,,,,,,,,
26610,10.0283748v2,10,,2,3,,5/12/2022 16:37,,,,21,,,,,250,2.41,636.24,,,,,,,,,,,,
26611,55.0297230v1,55,,114,3,,5/23/2022 15:52,,,,17,,,,,200,2.49,537.84,,,,,,,,,,,,
26612,10.0250457v1,10,,2,1,,5/13/2022 20:13,,,,10,,,,,120,2.23,294.36,,,,,,,,,,,,
26613,10.0294182v1,10,,2,1,,5/12/2022 16:51,,,,25,,,,,295,1.96,611.52,,,,,,,,,,,,
26614,40.0282100v1,40,,18,1,,5/12/2022 17:51,,,,5,,,,,60,2.56,184.32,,,,,,,,,,,,
26614,40.0282095v1,40,,18,1,,5/12/2022 17:51,,,,5,,,,,60,2.56,184.32,,,,,,,,,,,,
26616,10.0277306v4,10,,2,4,,5/12/2022 20:17,,,,42,,,,,500,2.41,1243.56,,,,,,,,,,,,
26618,10.0395604v1,10,,2,1,,5/12/2022 18:39,,,,10,,,,,120,2.23,294.36,,,,,,,,,,,,
26618,10.0295602v1,10,,2,1,,5/12/2022 18:39,,,,10,,,,,120,2.23,294.36,,,,,,,,,,,,
26619,10.0294923v2,10,,2,1,,5/12/2022 19:03,,,,18,,,,,210,1.96,446.88,,,,,,,,,,,,
26621,10.0295033v1,10,,2,3,,5/12/2022 22:31,,,,9,,,,,100,3.58,429.6,,,,,,,,,,,,
26622,10.0295781v1,10,,2,1,,5/12/2022 19:42,,,,5,,,,,60,2.56,184.32,,,,,,,,,,,,
26623,12.0294850v1,12,,4,1,,5/12/2022 22:36,,,,10,,,,,120,1.77,233.64,,,,,,,,,,,,
26624,10.0295718v1,10,,2,1,,5/12/2022 20:24,,,,20,,,,,240,1.96,493.92,,,,,,,,,,,,
26625,10.0247057v1,10,,2,3,,5/13/2022 12:17,,,,221,,,,,2650,1.62,4315.68,,,,,,,,,,,,
26626,10.029026v1,10,,2,1,,5/16/2022 2:57,,,,10,,,,,120,2.23,294.36,,,,,,,,,,,,
26627,10.0292129v1,10,,2,4,,5/12/2022 22:47,,,,63,,,,,750,1.91,1466.88,,,,,,,,,,,,
26628,10.0290819v1,10,,2,4,,5/16/2022 16:09,,,,11,,,,,125,2.58,371.52,,,,,,,,,,,,
26629,10.0295324v1,10,,2,4,,5/16/2022 19:40,,,,5,,,,,60,2.58,185.76,,,,,,,,,,,,
26631,10.0295755v1,10,,2,4,,5/13/2022 19:05,,,,167,,,,,2000,1.91,3850.56,,,,,,,,,,,,
26632,10.0216440v3,10,,2,3,,5/20/2022 17:18,,,,60,,,,,720,1.91,1398.12,,,,,,,,,,,,
26633,10.0288252v10,10,,2,1,,5/13/2022 13:18,,,,17,,,,,200,1.96,423.36,,,,,,,,,,,,
26634,10.0291389v1,10,,2,1,,5/13/2022 17:32,,,,75,,,,,900,1.79,1632.48,,,,,,,,,,,,
26635,10.0291865v1,10,,2,1,,5/13/2022 15:35,,,,17,,,,,200,1.96,423.36,,,,,,,,,,,,
26636,10.021342v1,10,,2,1,,5/13/2022 19:32,,,,17,,,,,200,1.96,423.36,,,,,,,,,,,,
26637,10.0213943v1,10,,2,4,,5/25/2022 21:54,,,,33,,,,,393,2.41,983.28,,,,,,,,,,,,
26638,10.0295879v1,10,,2,1,,5/13/2022 15:43,,,,10,,,,,120,2.23,294.36,,,,,,,,,,,,
26639,10.0295817v1,10,,2,1,,5/13/2022 16:11,,,,100,,,,,1200,1.71,2072.52,,,,,,,,,,,,
26641,12.0295760v5,12,,4,3,,5/16/2022 19:38,,,,334,,,,,4000,1.37,5507.4,,,,,,,,,,,,
26642,10.0294621v1,10,,2,1,,5/19/2022 19:29,,,,10,,,,,120,2.23,294.36,,,,,,,,,,,,
26642,10.0294620v1,10,,2,1,,5/19/2022 19:29,,,,10,,,,,120,2.23,294.36,,,,,,,,,,,,
26643,10.0223434v1,10,,2,4,,5/13/2022 18:12,,,,5,,,,,60,2.58,185.76,,,,,,,,,,,,
26644,10.0213785v1,10,,2,1,,5/16/2022 14:39,,,,11,,,,,130,2.23,321.12,,,,,,,,,,,,
26646,10.021753v1,10,,2,3,,5/13/2022 20:19,,,,100,,,,,1200,1.91,2314.92,,,,,,,,,,,,
26647,10.0227602v1,10,,2,3,,5/13/2022 17:30,,,,10,,,,,120,2.58,340.56,,,,,,,,,,,,
26648,10.0295555v1,10,,2,1,,5/16/2022 20:00,,,,30,,,,,360,1.96,729.12,,,,,,,,,,,,
26648,10.0295558v1,10,,2,1,,5/16/2022 20:00,,,,30,,,,,360,1.96,729.12,,,,,,,,,,,,
26649,10.0250847v1,10,,2,1,,5/13/2022 18:21,,,,10,,,,,120,2.23,294.36,,,,,,,,,,,,
26650,10.0295163v1,10,,2,1,,5/13/2022 21:31,,,,5,,,,,60,2.56,184.32,,,,,,,,,,,,
26651,17.0259049v2,17,,9,4,,5/13/2022 18:08,,,,5,,,,,60,2.58,185.76,,,,,,,,,,,,
26652,17.0259047v2,17,,9,4,,5/13/2022 18:09,,,,5,,,,,60,2.58,185.76,,,,,,,,,,,,
26653,40.0286045v3,40,,18,1,,5/13/2022 22:17,,,,5,,,,,60,2.56,184.32,,,,,,,,,,,,
26654,10.0294442v2,10,,2,1,,5/13/2022 19:57,,,,20,,,,,240,1.96,493.92,,,,,,,,,,,,
26655,40.0295643v2,40,,18,1,,5/13/2022 22:18,,,,3,,,,,25,2.56,122.88,,,,,,,,,,,,
26655,40.0295500v3,40,,18,1,,5/13/2022 22:18,,,,3,,,,,25,2.56,122.88,,,,,,,,,,,,
26656,10.0293734v1,10,,2,3,,5/18/2022 16:55,,,,11,,,,,126,2.58,371.52,,,,,,,,,,,,
26657,10.0295987v1,10,,2,1,,5/13/2022 20:18,,,,21,,,,,250,1.96,517.44,,,,,,,,,,,,
26658,10.0291887v1,10,,2,3,,5/13/2022 22:19,,,,42,,,,,500,2.41,1243.56,,,,,,,,,,,,
26659,10.0295775v1,10,,2,1,,5/13/2022 19:57,,,,13,,,,,150,1.96,329.28,,,,,,,,,,,,
26660,10.0294757v2,10,,2,1,,5/13/2022 20:38,,,,5,,,,,60,2.56,184.32,,,,,,,,,,,,
26661,10.0233041v7,10,,2,4,,5/14/2022 2:43,,,,10,,,,,120,2.58,340.56,,,,,,,,,,,,
26662,10.0235813v3,10,,2,1,,5/16/2022 13:48,,,,10,,,,,120,2.23,294.36,,,,,,,,,,,,
26663,10.0248143v1,10,,2,1,,5/25/2022 20:38,,,,5,,,,,60,2.56,184.32,,,,,,,,,,,,
26663,10.0248139v1,10,,2,1,,5/25/2022 20:38,,,,5,,,,,60,2.56,184.32,,,,,,,,,,,,
26664,10.0261822v1,10,,2,3,,5/16/2022 13:45,,,,10,,,,,120,2.58,340.56,,,,,,,,,,,,
26665,10.0294209v1,10,,2,1,,5/13/2022 23:07,,,,5,,,,,60,2.56,184.32,,,,,,,,,,,,
26666,46.0286062v3,46,,113,3,,5/16/2022 19:38,,,,6,,,,,63,3.66,307.44,,,,,,,,,,,,
26666,46.0286062v2,46,,113,3,,5/16/2022 19:38,,,,6,,,,,63,3.66,307.44,,,,,,,,,,,,
26667,10.0296094v3,10,,2,1,,5/19/2022 14:44,,,,25,,,,,300,1.96,611.52,,,,,,,,,,,,
26668,40.0291995v1,40,,18,1,,5/13/2022 23:08,,,,5,,,,,60,2.56,184.32,,,,,,,,,,,,
26669,10.0221510v1,10,,2,1,,5/13/2022 21:40,,,,10,,,,,120,2.23,294.36,,,,,,,,,,,,
26669,10.0221511v1,10,,2,1,,5/13/2022 21:40,,,,10,,,,,120,2.23,294.36,,,,,,,,,,,,
26670,10.0293065v2,10,,2,3,,5/17/2022 18:10,,,,10,,,,,120,2.58,340.56,,,,,,,,,,,,
26670,10.0296243v1,10,,2,3,,5/17/2022 18:10,,,,10,,,,,120,2.58,340.56,,,,,,,,,,,,
26671,10.0295804v1,10,,2,1,,5/13/2022 22:52,,,,5,,,,,60,2.56,184.32,,,,,,,,,,,,
26672,10.0295836v1,10,,2,1,,5/13/2022 22:16,,,,5,,,,,60,2.56,184.32,,,,,,,,,,,,
26673,10.0295841v1,10,,2,4,,5/13/2022 22:20,,,,5,,,,,60,2.58,185.76,,,,,,,,,,,,
26674,10.0295807v1,10,,2,1,,5/13/2022 22:23,,,,10,,,,,120,2.23,294.36,,,,,,,,,,,,
26675,10.0295844v1,10,,2,4,,5/13/2022 22:26,,,,5,,,,,60,2.58,185.76,,,,,,,,,,,,
26676,10.0295854v1,10,,2,1,,5/13/2022 22:28,,,,13,,,,,154,1.96,329.28,,,,,,,,,,,,
26677,10.0295840v1,10,,2,4,,5/13/2022 22:31,,,,5,,,,,60,2.58,185.76,,,,,,,,,,,,
26678,10.0295839v1,10,,2,4,,5/13/2022 22:34,,,,5,,,,,60,2.58,185.76,,,,,,,,,,,,
26679,10.0295838v1,10,,2,3,,5/13/2022 22:35,,,,5,,,,,60,3.66,263.52,,,,,,,,,,,,
26680,10.0282191v3,10,,2,3,,5/17/2022 16:16,,,,5,,,,,60,3.66,263.52,,,,,,,,,,,,
26681,44.0291846v2,44,,21,1,,5/16/2022 15:25,,,,11,,,,,124,2.23,321.12,,,,,,,,,,,,
26682,10.0294607v3,10,,2,3,,5/16/2022 13:36,,,,9,,,,,100,3.58,429.6,,,,,,,,,,,,
26683,46.0296112v1,46,,113,1,,5/16/2022 21:35,,,,42,,,,,502,1.96,1011.36,,,,,,,,,,,,
26684,10.0296004v1,10,,2,3,,5/14/2022 0:50,,,,5,,,,,60,3.66,263.52,,,,,,,,,,,,
26685,10.0233163v1,10,,2,4,,5/14/2022 14:22,,,,26,,,,,305,2.41,780.84,,,,,,,,,,,,
26686,10.0233164v1,10,,2,4,,5/14/2022 14:24,,,,26,,,,,305,2.41,780.84,,,,,,,,,,,,
26687,10.0295762v1,10,,2,1,,5/14/2022 15:49,,,,5,,,,,60,2.56,184.32,,,,,,,,,,,,
26688,10.0243878v1,10,,2,1,,5/15/2022 12:58,,,,10,,,,,120,2.23,294.36,,,,,,,,,,,,
26689,10.0295660v1,10,,2,4,,5/16/2022 13:44,,,,10,,,,,120,2.58,340.56,,,,,,,,,,,,
26690,44.0294823v2,44,,21,1,,5/17/2022 18:54,,,,21,,,,,250,1.96,517.44,,,,,,,,,,,,
26691,10.0248407v2,10,,2,3,,5/16/2022 15:17,,,,21,,,,,250,2.41,636.24,,,,,,,,,,,,
26692,40.0295637v1,40,,18,4,,5/17/2022 14:49,,,,6,,,,,62,2.75,231,,,,,,,,,,,,
26693,10.0395848v1,10,,2,3,,5/18/2022 19:47,,,,40,,,,,480,2.41,1185.72,,,,,,,,,,,,
26694,10.0284729v1,10,,2,3,,5/16/2022 17:00,,,,17,,,,,200,2.41,520.56,,,,,,,,,,,,
26695,40.0242384v6,40,,18,3,,5/16/2022 18:03,,,,17,,,,,200,2.49,537.84,,,,,,,,,,,,
26696,10.0286513v1,10,,2,1,,5/16/2022 23:25,,,,20,,,,,240,1.96,493.92,,,,,,,,,,,,
26697,10.0278894v1,10,,2,3,,5/16/2022 20:41,,,,23,,,,,270,2.41,694.08,,,,,,,,,,,,
26698,10.0290124v1,10,,2,3,,5/16/2022 18:26,,,,10,,,,,120,2.58,340.56,,,,,,,,,,,,
26699,10.0248118v1,10,,2,3,,5/16/2022 18:50,,,,17,,,,,200,2.41,520.56,,,,,,,,,,,,
26700,10.0292279v4,10,,2,4,,5/16/2022 21:37,,,,67,,,,,800,1.91,1558.56,,,,,,,,,,,,
26701,55.0296257v1,55,,114,3,,5/17/2022 15:38,,,,21,,,,,250,2.49,657.36,,,,,,,,,,,,
26702,10.0294236v1,10,,2,1,,5/16/2022 22:01,,,,34,,,,,401,1.96,823.2,,,,,,,,,,,,
26703,10.0284729v1,10,,2,3,,5/18/2022 15:40,,,,5,,,,,60,3.66,263.52,,,,,,,,,,,,
26704,10.0296208v1,10,,2,4,,5/17/2022 14:23,,,,9,,,,,100,2.58,309.6,,,,,,,,,,,,
26705,10.0295710v1,10,,2,1,,5/17/2022 18:01,,,,16,,,,,190,1.96,399.84,,,,,,,,,,,,
26706,910296090v1,910,250,25,5,44729,5/17/2022 18:45,Distributor,existingbusiness,8891454989,21,0.76,90,290.64,280,,,,,,,,,,,,,,,
26707,10.0284007v1,10,,2,4,,5/16/2022 22:59,,,,9,,,,,100,2.58,309.6,,,,,,,,,,,,
26708,10.0269873v3,10,,2,3,,5/17/2022 13:15,,,,34,,,,,400,2.41,1012.2,,,,,,,,,,,,
26709,10.0282191v3,10,,2,3,,5/17/2022 16:16,,,,5,,,,,60,3.66,263.52,,,,,,,,,,,,
26710,10.0296279v1,10,,2,4,,5/17/2022 0:12,,,,5,,,,,60,2.58,185.76,,,,,,,,,,,,
26712,10.0210967v5,10,,2,3,,5/17/2022 12:54,,,,10,,,,,120,2.58,340.56,,,,,,,,,,,,
26713,10.0270058v1,10,,2,3,,5/17/2022 13:26,,,,17,,,,,200,2.41,520.56,,,,,,,,,,,,
26713,10.0270060v1,10,,2,3,,5/17/2022 13:26,,,,17,,,,,200,2.41,520.56,,,,,,,,,,,,
26714,10.0261778v1,10,,2,3,,5/17/2022 13:27,,,,5,,,,,60,3.66,263.52,,,,,,,,,,,,
26715,10.0296022v1,10,,2,3,,5/17/2022 13:54,,,,10,,,,,120,2.58,340.56,,,,,,,,,,,,
26716,10.0222750v1,10,,2,3,,5/17/2022 18:07,,,,50,,,,,600,2.16,1321.92,,,,,,,,,,,,
26717,10.0240711v1,10,,2,1,,5/17/2022 15:41,,,,10,,,,,120,2.23,294.36,,,,,,,,,,,,
26718,10.0292191v2,10,,2,3,,5/17/2022 17:36,,,,13,,,,,150,2.41,404.88,,,,,,,,,,,,
26718,10.0290642v1,10,,2,3,,5/17/2022 17:36,,,,13,,,,,150,2.41,404.88,,,,,,,,,,,,
26719,17.0289539v2,17,,9,3,,5/17/2022 15:55,,,,10,,,,,120,2.58,340.56,,,,,,,,,,,,
26720,10.0293519v2,10,,2,1,,5/17/2022 16:13,,,,42,,,,,500,1.96,1011.36,,,,,,,,,,,,
26721,10.0247767v4,10,,2,3,,5/17/2022 16:12,,,,17,,,,,200,2.41,520.56,,,,,,,,,,,,
26722,10.0295126v1,10,,2,4,,5/17/2022 16:26,,,,5,,,,,60,2.58,185.76,,,,,,,,,,,,
26723,10.0296111v1,10,,2,1,,5/17/2022 17:19,,,,20,,,,,240,1.96,493.92,,,,,,,,,,,,
26724,10.0282707v1,10,,2,3,,5/17/2022 17:25,,,,61,,,,,725,1.91,1421.04,,,,,,,,,,,,
26725,10.0296360v1,10,,2,1,,5/17/2022 20:33,,,,10,,,,,120,2.23,294.36,,,,,,,,,,,,
26726,10.0216095v1,10,,2,1,,5/17/2022 19:52,,,,10,,,,,120,2.23,294.36,,,,,,,,,,,,
26726,10.0216094v1,10,,2,1,,5/17/2022 19:52,,,,10,,,,,120,2.23,294.36,,,,,,,,,,,,
26726,10.0216100v1,10,,2,1,,5/17/2022 19:52,,,,15,,,,,180,1.96,376.32,,,,,,,,,,,,
26726,10.0216102v1,10,,2,1,,5/17/2022 19:52,,,,15,,,,,180,1.96,376.32,,,,,,,,,,,,
26727,10.0296345v1,10,,2,1,,5/17/2022 17:32,,,,10,,,,,120,2.23,294.36,,,,,,,,,,,,
26727,10.0296342v1,10,,2,1,,5/17/2022 17:32,,,,10,,,,,120,2.23,294.36,,,,,,,,,,,,
26728,10.0242084v2,10,,2,4,,5/17/2022 18:30,,,,25,,,,,300,2.41,751.92,,,,,,,,,,,,
26729,10.0284374v6,10,,2,3,,5/17/2022 18:01,,,,20,,,,,240,2.41,607.32,,,,,,,,,,,,
26729,10.0282121v4,10,,2,3,,5/17/2022 18:01,,,,23,,,,,270,2.41,694.08,,,,,,,,,,,,
26729,10.0282121v6,10,,2,3,,5/17/2022 18:01,,,,23,,,,,270,2.41,694.08,,,,,,,,,,,,
26729,10.0284374v5,10,,2,3,,5/17/2022 18:01,,,,20,,,,,240,2.41,607.32,,,,,,,,,,,,
26730,10.0296013v1,10,,2,1,,5/17/2022 18:57,,,,10,,,,,120,2.23,294.36,,,,,,,,,,,,
26730,10.0296017v1,10,,2,1,,5/17/2022 18:57,,,,10,,,,,120,2.23,294.36,,,,,,,,,,,,
26731,10.0275842v1,10,,2,4,,5/20/2022 18:50,,,,5,,,,,60,2.58,185.76,,,,,,,,,,,,
26732,10.0232494v1,10,,2,1,,5/18/2022 17:35,,,,42,,,,,500,1.96,1011.36,,,,,,,,,,,,
26733,40.0244363v1,40,,18,4,,5/19/2022 13:23,,,,5,,,,,60,2.75,198,,,,,,,,,,,,
26734,10.0296468v1,10,,2,4,,5/17/2022 19:22,,,,6,,,,,65,2.58,216.72,,,,,,,,,,,,
26735,10.0296482v1,10,,2,4,,5/20/2022 14:27,,,,6,,,,,65,2.58,216.72,,,,,,,,,,,,
26737,10.0296489v1,10,,2,4,,5/17/2022 19:40,,,,5,,,,,60,2.58,185.76,,,,,,,,,,,,
26738,10.0322216v2,10,,2,3,,5/17/2022 20:03,,,,46,,,,,550,2.16,1218.24,,,,,,,,,,,,
26739,10.0223459v1,10,,2,3,,5/18/2022 16:43,,,,10,,,,,120,2.58,340.56,,,,,,,,,,,,
26740,10.0295519v2,10,,2,4,,5/17/2022 20:38,,,,42,,,,,500,2.41,1243.56,,,,,,,,,,,,
26741,10.0295936v1,10,,2,4,,5/17/2022 21:45,,,,5,,,,,60,2.58,185.76,,,,,,,,,,,,
26742,55.0296484v2,55,,114,3,,5/18/2022 13:25,,,,7,,,,,80,3.74,359.04,,,,,,,,,,,,
26743,10.0296244v3,10,,2,1,,5/17/2022 21:36,,,,15,,,,,170,1.96,376.32,,,,,,,,,,,,
26744,10.026875v3,10,,2,4,,5/18/2022 17:31,,,,30,,,,,360,2.41,896.52,,,,,,,,,,,,
26745,10.0296235v1,10,,2,3,,5/17/2022 21:09,,,,10,,,,,120,2.58,340.56,,,,,,,,,,,,
26746,10.0296397v2,10,,2,1,,5/18/2022 13:24,,,,21,,,,,250,1.96,517.44,,,,,,,,,,,,
26747,10.0262755v1,10,,2,1,,5/17/2022 22:58,,,,17,,,,,200,1.96,423.36,,,,,,,,,,,,
26748,12.0296514v1,12,,4,4,,5/17/2022 22:04,,,,9,,,,,100,2.83,339.6,,,,,,,,,,,,
26749,40.0285952v1,40,,18,1,,5/18/2022 12:59,,,,5,,,,,60,2.56,184.32,,,,,,,,,,,,
26750,55.0296539v1,55,,114,3,,5/19/2022 18:21,,,,20,,,,,240,2.49,627.48,,,,,,,,,,,,
26751,10.0296446v2,10,,2,3,,5/17/2022 22:28,,,,20,,,,,240,2.41,607.32,,,,,,,,,,,,
26752,10.0224212v1,10,,2,3,,5/17/2022 23:21,,,,10,,,,,120,2.58,340.56,,,,,,,,,,,,
26752,10.0224213v1,10,,2,3,,5/17/2022 23:21,,,,10,,,,,120,2.58,340.56,,,,,,,,,,,,
26753,10.0296177v1,10,,2,3,,5/18/2022 19:32,,,,17,,,,,200,2.41,520.56,,,,,,,,,,,,
26754,10.0249112v2,10,,2,3,,5/18/2022 3:22,,,,20,,,,,240,2.41,607.32,,,,,,,,,,,,
26755,10.0296506v1,10,,2,4,,5/18/2022 11:56,,,,5,,,,,60,2.58,185.76,,,,,,,,,,,,
26756,10.0240893v8,10,,2,1,,5/19/2022 12:20,,,,11,,,,,121,2.23,321.12,,,,,,,,,,,,
26757,10.0295262v2,10,,2,4,,5/18/2022 22:35,,,,9,,,,,100,2.58,309.6,,,,,,,,,,,,
26757,10.0396234v1,10,,2,4,,5/18/2022 22:35,,,,9,,,,,100,2.58,309.6,,,,,,,,,,,,
26758,10.0296548v1,10,,2,4,,5/18/2022 20:38,,,,5,,,,,60,2.58,185.76,,,,,,,,,,,,
26759,10.0282074v1,10,,2,1,,5/18/2022 14:34,,,,30,,,,,360,1.96,729.12,,,,,,,,,,,,
26760,10.0267254v7,10,,2,3,,5/18/2022 17:08,,,,20,,,,,240,2.41,607.32,,,,,,,,,,,,
26761,10.0296557v2,10,,2,1,,5/18/2022 16:18,,,,21,,,,,250,1.96,517.44,,,,,,,,,,,,
26762,10.0247295v1,10,,2,1,,5/18/2022 19:20,,,,21,,,,,250,1.96,517.44,,,,,,,,,,,,
26763,10.0276258v4,10,,2,3,,5/18/2022 15:33,,,,46,,,,,550,2.16,1218.24,,,,,,,,,,,,
26764,10.0247464v3,10,,2,3,,5/18/2022 15:49,,,,21,,,,,250,2.41,636.24,,,,,,,,,,,,
26764,10.0247465v4,10,,2,3,,5/18/2022 15:49,,,,21,,,,,250,2.41,636.24,,,,,,,,,,,,
26765,10.0296605v1,10,,2,1,,5/24/2022 13:27,,,,20,,,,,240,1.96,493.92,,,,,,,,,,,,
26766,55.0296610v1,55,,114,3,,5/19/2022 13:44,,,,13,,,,,150,2.49,418.32,,,,,,,,,,,,
26767,10.0289721v1,10,,2,3,,5/18/2022 17:02,,,,10,,,,,120,2.58,340.56,,,,,,,,,,,,
26767,10.0289718v1,10,,2,3,,5/18/2022 17:02,,,,10,,,,,120,2.58,340.56,,,,,,,,,,,,
26767,10.0289726v1,10,,2,3,,5/18/2022 17:02,,,,10,,,,,120,2.58,340.56,,,,,,,,,,,,
26768,42.0296448v1,42,,20,1,,5/18/2022 17:30,,,,5,,,,,60,2.56,184.32,,,,,,,,,,,,
26769,10.0274810v3,10,,2,3,,5/18/2022 16:44,,,,20,,,,,240,2.41,607.32,,,,,,,,,,,,
26770,10.0295766v1,10,,2,3,,5/18/2022 18:55,,,,60,,,,,720,1.91,1398.12,,,,,,,,,,,,
26771,55.0296323v1,55,,114,3,,5/18/2022 18:30,,,,5,,,,,60,3.74,269.28,,,,,,,,,,,,
26772,10.0296686v1,10,,2,3,,5/18/2022 18:38,,,,38,,,,,455,2.41,1127.88,,,,,,,,,,,,
26773,10.0270323v4,10,,2,3,,5/18/2022 18:41,,,,20,,,,,240,2.41,607.32,,,,,,,,,,,,
26774,10.0273374v1,10,,2,4,,5/18/2022 19:43,,,,63,,,,,750,1.91,1466.88,,,,,,,,,,,,
26775,10.0296435v1,10,,2,3,,5/18/2022 19:09,,,,42,,,,,502,2.41,1243.56,,,,,,,,,,,,
26775,10.0296436v1,10,,2,3,,5/18/2022 19:09,,,,42,,,,,502,2.41,1243.56,,,,,,,,,,,,
26776,40.0293066v3,40,,18,3,,5/19/2022 20:19,,,,10,,,,,120,2.66,351.12,,,,,,,,,,,,
26777,10.0293842v1,10,,2,3,,5/19/2022 23:15,,,,18,,,,,206,2.41,549.48,,,,,,,,,,,,
26778,10.0267087v1,10,,2,1,,5/19/2022 23:01,,,,125,,,,,1500,1.71,2585.52,,,,,,,,,,,,
26778,10.0267086v1,10,,2,1,,5/19/2022 23:01,,,,125,,,,,1500,1.71,2585.52,,,,,,,,,,,,
26779,18.0222733v5,18,,10,4,,5/25/2022 15:57,,,,5,,,,,60,2.75,198,,,,,,,,,,,,
26780,10.0296684v1,10,,2,4,,5/18/2022 20:54,,,,5,,,,,60,2.58,185.76,,,,,,,,,,,,
26780,10.0296682v2,10,,2,4,,5/18/2022 20:54,,,,5,,,,,60,2.58,185.76,,,,,,,,,,,,
26780,10.0296685v1,10,,2,4,,5/18/2022 20:54,,,,5,,,,,60,2.58,185.76,,,,,,,,,,,,
26780,10.0296683v2,10,,2,4,,5/18/2022 20:54,,,,5,,,,,60,2.58,185.76,,,,,,,,,,,,
26781,10.0231109v1,10,,2,3,,5/18/2022 21:44,,,,42,,,,,500,2.41,1243.56,,,,,,,,,,,,
26782,10.0295113v1,10,,2,1,,5/19/2022 22:03,,,,6,,,,,64,2.56,215.04,,,,,,,,,,,,
26784,10.0295995v2,10,,2,1,,5/18/2022 23:42,,,,10,,,,,120,2.23,294.36,,,,,,,,,,,,
26785,10.0215035v1,10,,2,4,,5/18/2022 23:41,,,,30,,,,,350,2.41,896.52,,,,,,,,,,,,
26786,10.0296757v4,10,,2,4,,5/18/2022 22:43,,,,5,,,,,60,2.58,185.76,,,,,,,,,,,,
26787,10.0296693v1,10,,2,1,,5/19/2022 18:49,,,,109,,,,,1300,1.71,2257.2,,,,,,,,,,,,
26788,10.0296231v2,10,,2,4,,5/18/2022 23:19,,,,7,,,,,75,2.58,247.68,,,,,,,,,,,,
26789,10.0273248v3,10,,2,3,,5/19/2022 22:38,,,,21,,,,,250,2.41,636.24,,,,,,,,,,,,
26790,12.0296750v1,12,,4,3,,5/19/2022 18:21,,,,27,,,,,320,2.16,725.76,,,,,,,,,,,,
26791,10.0285102v2,10,,2,3,,5/18/2022 23:45,,,,10,,,,,120,2.58,340.56,,,,,,,,,,,,
26792,10.0264283v4,10,,2,4,,5/27/2022 14:56,,,,50,,,,,600,2.16,1321.92,,,,,,,,,,,,
26793,10.0242049v1,10,,2,1,,5/20/2022 18:00,,,,60,,,,,720,1.79,1310.28,,,,,,,,,,,,
26793,10.0232494v1,10,,2,1,,5/20/2022 18:00,,,,60,,,,,720,1.79,1310.28,,,,,,,,,,,,
26794,10.0396764v2,10,,2,1,,5/19/2022 14:45,,,,5,,,,,60,2.56,184.32,,,,,,,,,,,,
26794,10.0396764v1,10,,2,1,,5/19/2022 14:45,,,,5,,,,,60,2.56,184.32,,,,,,,,,,,,
26795,10.0296742v1,10,,2,1,,5/19/2022 19:07,,,,7,,,,,80,2.56,245.76,,,,,,,,,,,,
26795,10.0296741v1,10,,2,1,,5/19/2022 19:07,,,,7,,,,,80,2.56,245.76,,,,,,,,,,,,
26796,44.0496496v2,44,,21,1,,5/19/2022 20:47,,,,21,,,,,250,1.96,517.44,,,,,,,,,,,,
26797,10.0232290v2,10,,2,1,,5/19/2022 16:52,,,,13,,,,,150,1.96,329.28,,,,,,,,,,,,
26798,10.0291128v1,10,,2,3,,5/20/2022 14:54,,,,17,,,,,200,2.41,520.56,,,,,,,,,,,,
26800,10.0280792v1,10,,2,3,,5/19/2022 17:38,,,,13,,,,,150,2.41,404.88,,,,,,,,,,,,
26801,10.0396858v1,10,,2,1,,5/19/2022 18:13,,,,15,,,,,175,1.96,376.32,,,,,,,,,,,,
26801,10.0196857v1,10,,2,1,,5/19/2022 18:13,,,,7,,,,,75,2.56,245.76,,,,,,,,,,,,
26802,10.0235479v2,10,,2,3,,5/20/2022 18:02,,,,100,,,,,1200,1.91,2314.92,,,,,,,,,,,,
26803,920232657v3,920,1200,26,5,44735,5/23/2022 15:37,Distributor,existingbusiness,8955860397,100,0.99,90,1289.88,1278,,,,,,,,,,,,,,,
26804,10.0284853v2,10,,2,3,,5/20/2022 14:54,,,,37,,,,,433,2.41,1098.96,,,,,,,,,,,,
26805,10.0295439v2,10,,2,3,,5/19/2022 20:07,,,,7,,,,,77,3.66,351.36,,,,,,,,,,,,
26806,10.0240412v2,10,,2,4,,5/19/2022 20:48,,,,184,,,,,2200,1.91,4240.2,,,,,,,,,,,,
26807,10.0248659v3,10,,2,4,,5/19/2022 20:48,,,,100,,,,,1200,1.91,2314.92,,,,,,,,,,,,
26808,17.0295751v4,17,,9,4,,5/20/2022 16:56,,,,7,,,,,80,2.58,247.68,,,,,,,,,,,,
26809,10.0275729v1,10,,2,3,,5/19/2022 20:27,,,,25,,,,,300,2.41,751.92,,,,,,,,,,,,
26810,10.0238404v5,10,,2,3,,5/20/2022 18:02,,,,100,,,,,1200,1.91,2314.92,,,,,,,,,,,,
26811,10.0242508v1,10,,2,1,,5/31/2022 15:57,,,,60,,,,,720,1.79,1310.28,,,,,,,,,,,,
26812,10.0211864v1,10,,2,1,,5/20/2022 11:55,,,,10,,,,,120,2.23,294.36,,,,,,,,,,,,
26813,10.0284300v1,10,,2,4,,5/19/2022 20:47,,,,5,,,,,60,2.58,185.76,,,,,,,,,,,,
26814,10.0283782v4,10,,2,1,,5/19/2022 22:49,,,,100,,,,,1200,1.71,2072.52,,,,,,,,,,,,
26815,10.0294985v2,10,,2,1,,5/19/2022 21:13,,,,5,,,,,60,2.56,184.32,,,,,,,,,,,,
26816,10.0295787v1,10,,2,3,,5/20/2022 14:46,,,,13,,,,,150,2.41,404.88,,,,,,,,,,,,
26817,10.0295956v1,10,,2,1,,5/19/2022 23:08,,,,5,,,,,60,2.56,184.32,,,,,,,,,,,,
26818,10.0247342v2,10,,2,1,,5/20/2022 18:03,,,,100,,,,,1200,1.71,2072.52,,,,,,,,,,,,
26819,40.0267378v3,40,,18,1,,5/20/2022 12:47,,,,5,,,,,60,2.56,184.32,,,,,,,,,,,,
26819,40.0264896v3,40,,18,1,,5/20/2022 12:47,,,,5,,,,,60,2.56,184.32,,,,,,,,,,,,
26820,10.0291596v1,10,,2,1,,5/20/2022 13:40,,,,84,,,,,1000,1.79,1825.8,,,,,,,,,,,,
26821,10.0296774v1,10,,2,3,,5/20/2022 17:58,,,,10,,,,,120,2.58,340.56,,,,,,,,,,,,
26822,10.0292220v1,10,,2,1,,5/20/2022 18:00,,,,30,,,,,360,1.96,729.12,,,,,,,,,,,,
26822,10.0292215v1,10,,2,1,,5/20/2022 18:00,,,,30,,,,,360,1.96,729.12,,,,,,,,,,,,
26823,10.0294541v3,10,,2,3,,5/20/2022 16:27,,,,25,,,,,300,2.41,751.92,,,,,,,,,,,,
26823,10.0296292v3,10,,2,3,,5/20/2022 16:27,,,,25,,,,,300,2.41,751.92,,,,,,,,,,,,
26824,10.0296994v1,10,,2,3,,5/20/2022 14:45,,,,10,,,,,120,2.58,340.56,,,,,,,,,,,,
26825,10.0296405v2,10,,2,1,,5/19/2022 23:42,,,,5,,,,,60,2.56,184.32,,,,,,,,,,,,
26826,10.0232494v1,10,,2,3,,5/27/2022 15:55,,,,109,,,,,1300,1.91,2521.2,,,,,,,,,,,,
26827,10.0294060v1,10,,2,4,,5/25/2022 21:08,,,,30,,,,,360,2.41,896.52,,,,,,,,,,,,
26828,10.0296976v1,10,,2,3,,5/20/2022 16:09,,,,30,,,,,350,2.41,896.52,,,,,,,,,,,,
26829,10.0296373v1,10,,2,4,,5/20/2022 11:44,,,,7,,,,,75,2.58,247.68,,,,,,,,,,,,
26830,10.0220167v2,10,,2,4,,6/1/2022 1:26,,,,7,,,,,79,2.58,247.68,,,,,,,,,,,,
26831,10.0296987v1,10,,2,3,,5/20/2022 15:44,,,,19,,,,,220,2.41,578.4,,,,,,,,,,,,
26832,10.0296966v1,10,,2,4,,5/20/2022 15:06,,,,5,,,,,60,2.58,185.76,,,,,,,,,,,,
26833,10.0297024v2,10,,2,4,,5/20/2022 18:19,,,,5,,,,,60,2.58,185.76,,,,,,,,,,,,
26834,10.0290205v3,10,,2,1,,5/24/2022 20:53,,,,43,,,,,505,1.96,1034.88,,,,,,,,,,,,
26835,10.0296986v1,10,,2,1,,5/20/2022 17:18,,,,84,,,,,1000,1.79,1825.8,,,,,,,,,,,,
26836,10.0297078v1,10,,2,3,,5/20/2022 16:20,,,,13,,,,,150,2.41,404.88,,,,,,,,,,,,
26837,10.0293882v2,10,,2,3,,5/20/2022 19:01,,,,21,,,,,250,2.41,636.24,,,,,,,,,,,,
26838,14.0664724v3,14,,6,3,,5/25/2022 16:20,,,,17,,,,,200,1.45,313.2,,,,,,,,,,,,
26839,12.0295735v2,12,,4,3,,5/20/2022 21:39,,,,6,,,,,62,3.41,286.44,,,,,,,,,,,,
26840,10.0297045v2,10,,2,4,,5/20/2022 19:17,,,,34,,,,,400,2.41,1012.2,,,,,,,,,,,,
26842,40.0296039v1,40,,18,3,,5/20/2022 20:11,,,,5,,,,,60,3.74,269.28,,,,,,,,,,,,
26843,10.0293501v1,10,,2,3,,5/23/2022 21:27,,,,7,,,,,80,3.66,351.36,,,,,,,,,,,,
26844,10.029026v1,10,,2,1,,5/26/2022 20:54,,,,10,,,,,120,2.23,294.36,,,,,,,,,,,,
26845,12.0282866v2,12,,4,1,,5/25/2022 0:38,,,,5,,,,,60,2.1,151.2,,,,,,,,,,,,
26846,12.0239799v7,12,,4,1,,5/25/2022 20:18,,,,10,,,,,120,1.77,233.64,,,,,,,,,,,,
26846,10.0239798v8,10,,2,1,,5/25/2022 20:18,,,,10,,,,,120,2.23,294.36,,,,,,,,,,,,
26846,10.0239798v7,10,,2,1,,5/25/2022 20:18,,,,10,,,,,120,2.23,294.36,,,,,,,,,,,,
26846,10.0239798v9,10,,2,1,,5/25/2022 20:18,,,,10,,,,,120,2.23,294.36,,,,,,,,,,,,
26846,12.0239799v9,12,,4,1,,5/25/2022 20:18,,,,10,,,,,120,1.77,233.64,,,,,,,,,,,,
26847,55.0296807v3,55,,114,3,,5/23/2022 17:59,,,,10,,,,,120,2.66,351.12,,,,,,,,,,,,
26848,10.0296791v2,10,,2,3,,5/23/2022 14:01,,,,5,,,,,60,3.66,263.52,,,,,,,,,,,,
26849,10.0295814v1,10,,2,3,,5/23/2022 20:10,,,,5,,,,,60,3.66,263.52,,,,,,,,,,,,
26850,10.029297v1,10,,2,3,,5/24/2022 17:58,,,,5,,,,,60,3.66,263.52,,,,,,,,,,,,
26851,55.0297006v1,55,,114,3,,5/23/2022 16:56,,,,13,,,,,150,2.49,418.32,,,,,,,,,,,,
26852,10.0297107v1,10,,2,1,,5/24/2022 17:05,,,,32,,,,,380,1.96,776.16,,,,,,,,,,,,
26853,10.0297228v1,10,,2,3,,5/23/2022 13:34,,,,10,,,,,120,2.58,340.56,,,,,,,,,,,,
26854,10.0292687v1,10,,2,4,,5/21/2022 16:34,,,,7,,,,,74,2.58,247.68,,,,,,,,,,,,
26855,10.0297229v1,10,,2,3,,5/22/2022 23:50,,,,5,,,,,60,3.66,263.52,,,,,,,,,,,,
26856,10.0297159v1,10,,2,1,,5/23/2022 12:52,,,,26,,,,,305,1.96,635.04,,,,,,,,,,,,
26857,10.0296915v1,10,,2,3,,5/23/2022 18:09,,,,21,,,,,250,2.41,636.24,,,,,,,,,,,,
26859,10.0288376v2,10,,2,3,,5/24/2022 17:00,,,,21,,,,,250,2.41,636.24,,,,,,,,,,,,
26861,10.0297268v1,10,,2,4,,5/25/2022 14:32,,,,60,,,,,720,1.91,1398.12,,,,,,,,,,,,
26862,10.0294977v1,10,,2,1,,5/23/2022 19:32,,,,36,,,,,425,1.96,870.24,,,,,,,,,,,,
26863,10.0297216v1,10,,2,1,,5/23/2022 18:20,,,,5,,,,,60,2.56,184.32,,,,,,,,,,,,
26864,42.0296912v2,42,,20,1,,5/23/2022 19:16,,,,5,,,,,60,2.56,184.32,,,,,,,,,,,,
26864,42.0296911v2,42,,20,1,,5/23/2022 19:16,,,,5,,,,,60,2.56,184.32,,,,,,,,,,,,
26865,12.0293365v1,12,,4,4,,5/23/2022 20:25,,,,5,,,,,60,2.83,203.76,,,,,,,,,,,,
26866,10.0295778v8,10,,2,4,,5/23/2022 21:18,,,,5,,,,,60,2.58,185.76,,,,,,,,,,,,
26867,10.0296792v2,10,,2,3,,5/24/2022 13:27,,,,5,,,,,60,3.66,263.52,,,,,,,,,,,,
26867,10.0296792v1,10,,2,3,,5/24/2022 13:27,,,,5,,,,,60,3.66,263.52,,,,,,,,,,,,
26868,10.0253930v1,10,,2,3,,5/27/2022 16:21,,,,42,,,,,500,2.41,1243.56,,,,,,,,,,,,
26869,10.0256258v1,10,,2,1,,5/23/2022 20:04,,,,10,,,,,120,2.23,294.36,,,,,,,,,,,,
26870,40.0273948v1,40,,18,4,,5/24/2022 20:48,,,,84,,,,,1000,2.08,2121.6,,,,,,,,,,,,
26871,10.0288223v1,10,,2,4,,5/23/2022 22:01,,,,10,,,,,120,2.58,340.56,,,,,,,,,,,,
26872,10.0266923v1,10,,2,4,,5/23/2022 20:51,,,,5,,,,,60,2.58,185.76,,,,,,,,,,,,
26873,10.0244679v1,10,,2,3,,5/23/2022 21:44,,,,10,,,,,120,2.58,340.56,,,,,,,,,,,,
26874,17.0396458v2,17,,9,4,,5/23/2022 21:25,,,,9,,,,,100,2.58,309.6,,,,,,,,,,,,
26874,17.0396457v2,17,,9,4,,5/23/2022 21:25,,,,9,,,,,100,2.58,309.6,,,,,,,,,,,,
26874,17.0296456v2,17,,9,4,,5/23/2022 21:25,,,,34,,,,,400,2.41,1012.2,,,,,,,,,,,,
26874,17.0296455v2,17,,9,4,,5/23/2022 21:25,,,,34,,,,,400,2.41,1012.2,,,,,,,,,,,,
26875,10.0297296v1,10,,2,1,,5/23/2022 22:49,,,,5,,,,,60,2.56,184.32,,,,,,,,,,,,
26876,10.0274197v1,10,,2,1,,5/23/2022 23:21,,,,5,,,,,60,2.56,184.32,,,,,,,,,,,,
26877,10.0293935v1,10,,2,1,,5/23/2022 22:29,,,,10,,,,,120,2.23,294.36,,,,,,,,,,,,
26878,55.0296544v1,55,,114,1,,5/24/2022 20:49,,,,5,,,,,60,2.56,184.32,,,,,,,,,,,,
26879,10.0290507v1,10,,2,3,,5/24/2022 8:31,,,,20,,,,,240,2.41,607.32,,,,,,,,,,,,
26880,10.0296612v2,10,,2,4,,5/24/2022 6:14,,,,8,,,,,85,2.58,278.64,,,,,,,,,,,,
26880,10.0296613v1,10,,2,4,,5/24/2022 6:14,,,,6,,,,,70,2.58,216.72,,,,,,,,,,,,
26880,10.0296694v1,10,,2,4,,5/24/2022 6:14,,,,6,,,,,70,2.58,216.72,,,,,,,,,,,,
26880,10.0296615v2,10,,2,4,,5/24/2022 6:14,,,,8,,,,,90,2.58,278.64,,,,,,,,,,,,
26881,10.0297331v1,10,,2,3,,5/24/2022 13:53,,,,10,,,,,120,2.58,340.56,,,,,,,,,,,,
26882,10.0289358v2,10,,2,1,,5/24/2022 15:55,,,,7,,,,,75,2.56,245.76,,,,,,,,,,,,
26883,40.0284560v2,40,,18,3,,5/25/2022 15:02,,,,10,,,,,120,2.66,351.12,,,,,,,,,,,,
26883,10.0484407v2,10,,2,3,,5/25/2022 15:02,,,,10,,,,,120,2.58,340.56,,,,,,,,,,,,
26883,14.0684400v2,14,,6,3,,5/25/2022 15:02,,,,20,,,,,240,1.45,365.4,,,,,,,,,,,,
26884,10.0297260v1,10,,2,1,,5/24/2022 14:55,,,,6,,,,,65,2.56,215.04,,,,,,,,,,,,
26885,10.0245185v3,10,,2,1,,5/24/2022 18:25,,,,25,,,,,300,1.96,611.52,,,,,,,,,,,,
26885,10.0245184v3,10,,2,1,,5/24/2022 18:25,,,,25,,,,,300,1.96,611.52,,,,,,,,,,,,
26886,10.0296860v1,10,,2,3,,5/24/2022 16:11,,,,84,,,,,1000,1.91,1948.2,,,,,,,,,,,,
26886,10.0278070v1,10,,2,3,,5/24/2022 16:11,,,,84,,,,,1000,1.91,1948.2,,,,,,,,,,,,
26886,10.0278112v1,10,,2,3,,5/24/2022 16:11,,,,84,,,,,1000,1.91,1948.2,,,,,,,,,,,,
26886,10.0274593v1,10,,2,3,,5/24/2022 16:11,,,,84,,,,,1000,1.91,1948.2,,,,,,,,,,,,
26886,10.0297098v1,10,,2,3,,5/24/2022 16:11,,,,84,,,,,1000,1.91,1948.2,,,,,,,,,,,,
26887,10.0296947v1,10,,2,3,,5/26/2022 2:28,,,,17,,,,,200,2.41,520.56,,,,,,,,,,,,
26888,910295068v2,910,500,25,5,44736,5/24/2022 15:42,Distributor,existingbusiness,8856248909,42,0.76,90,482.16,470,,,,,,,,,,,,,,,
26889,10.0250269v1,10,,2,3,,5/25/2022 17:27,,,,60,,,,,720,1.91,1398.12,,,,,,,,,,,,
26890,10.0297367v1,10,,2,1,,5/24/2022 15:53,,,,6,,,,,65,2.56,215.04,,,,,,,,,,,,
26891,10.0268307v1,10,,2,1,,5/24/2022 15:49,,,,5,,,,,60,2.56,184.32,,,,,,,,,,,,
26892,10.0259340v1,10,,2,3,,5/24/2022 16:11,,,,10,,,,,120,2.58,340.56,,,,,,,,,,,,
26893,10.0281163v3,10,,2,3,,5/24/2022 16:48,,,,10,,,,,120,2.58,340.56,,,,,,,,,,,,
26894,10.0295688v1,10,,2,3,,5/24/2022 17:33,,,,5,,,,,60,3.66,263.52,,,,,,,,,,,,
26895,10.0297382v1,10,,2,1,,5/25/2022 15:59,,,,20,,,,,240,1.96,493.92,,,,,,,,,,,,
26896,10.0296865v1,10,,2,1,,5/24/2022 20:32,,,,20,,,,,240,1.96,493.92,,,,,,,,,,,,
26897,10.0287285v1,10,,2,1,,5/24/2022 18:08,,,,10,,,,,120,2.23,294.36,,,,,,,,,,,,
26898,10.0297406v2,10,,2,1,,5/24/2022 18:47,,,,7,,,,,74,2.56,245.76,,,,,,,,,,,,
26898,10.0297402v2,10,,2,1,,5/24/2022 18:47,,,,7,,,,,75,2.56,245.76,,,,,,,,,,,,
26899,10.0289230v2,10,,2,3,,5/25/2022 21:45,,,,10,,,,,120,2.58,340.56,,,,,,,,,,,,
26900,40.0295852v1,40,,18,3,,5/24/2022 23:05,,,,9,,,,,102,3.66,439.2,,,,,,,,,,,,
26901,10.0297274v3,10,,2,1,,5/24/2022 19:33,,,,10,,,,,120,2.23,294.36,,,,,,,,,,,,
26901,10.0297269v3,10,,2,1,,5/24/2022 19:33,,,,10,,,,,120,2.23,294.36,,,,,,,,,,,,
26903,55.0297512v4,55,,114,3,,5/26/2022 16:12,,,,15,,,,,177,2.49,478.08,,,,,,,,,,,,
26904,10.0297320v4,10,,2,1,,5/24/2022 21:13,,,,25,,,,,300,1.96,611.52,,,,,,,,,,,,
26905,17.0286716v3,17,,9,1,,5/24/2022 22:52,,,,209,,,,,2500,1.6,4032,,,,,,,,,,,,
26906,55.0297976v1,55,,114,1,,5/25/2022 21:10,,,,50,,,,,600,1.88,1150.56,,,,,,,,,,,,
26907,20.0294846v1,20,,11,3,,5/24/2022 22:08,,,,10,,,,,120,2.99,394.68,,,,,,,,,,,,
26907,20.0296952v1,20,,11,3,,5/24/2022 22:08,,,,10,,,,,120,2.99,394.68,,,,,,,,,,,,
26908,10.0295457v1,10,,2,1,,5/25/2022 17:07,,,,5,,,,,60,2.56,184.32,,,,,,,,,,,,
26908,10.0295456v1,10,,2,1,,5/25/2022 17:07,,,,5,,,,,60,2.56,184.32,,,,,,,,,,,,
26909,10.0296925v1,10,,2,1,,5/25/2022 16:00,,,,67,,,,,800,1.79,1460.64,,,,,,,,,,,,
26910,10.029928v1,10,,2,1,,5/24/2022 22:59,,,,42,,,,,500,1.96,1011.36,,,,,,,,,,,,
26911,10.0297540v1,10,,2,3,,5/24/2022 22:38,,,,10,,,,,120,2.58,340.56,,,,,,,,,,,,
26912,17.0286702v1,17,,9,1,,5/24/2022 22:52,,,,42,,,,,500,1.96,1011.36,,,,,,,,,,,,
26913,10.0229935v1,10,,2,3,,5/25/2022 15:29,,,,5,,,,,60,3.66,263.52,,,,,,,,,,,,
26914,10.0294196v5,10,,2,1,,5/25/2022 17:14,,,,9,,,,,100,2.56,307.2,,,,,,,,,,,,
26915,10.029932v1,10,,2,1,,5/25/2022 13:44,,,,42,,,,,500,1.96,1011.36,,,,,,,,,,,,
26916,10.0231293v1,10,,2,3,,5/25/2022 13:42,,,,21,,,,,250,2.41,636.24,,,,,,,,,,,,
26917,10.0250847v1,10,,2,1,,5/25/2022 13:44,,,,21,,,,,250,1.96,517.44,,,,,,,,,,,,
26918,10.029929v1,10,,2,1,,5/25/2022 13:44,,,,42,,,,,500,1.96,1011.36,,,,,,,,,,,,
26919,10.0297609v1,10,,2,1,,5/25/2022 13:44,,,,42,,,,,500,1.96,1011.36,,,,,,,,,,,,
26920,10.0295666v8,10,,2,1,,5/24/2022 23:56,,,,40,,,,,480,1.96,964.32,,,,,,,,,,,,
26922,10.0216506v2,10,,2,1,,5/25/2022 13:36,,,,30,,,,,360,1.96,729.12,,,,,,,,,,,,
26923,10.0228459v2,10,,2,1,,5/25/2022 14:06,,,,10,,,,,120,2.23,294.36,,,,,,,,,,,,
26923,10.0215096v3,10,,2,1,,5/25/2022 14:06,,,,10,,,,,120,2.23,294.36,,,,,,,,,,,,
26923,10.0215100v3,10,,2,1,,5/25/2022 14:06,,,,10,,,,,120,2.23,294.36,,,,,,,,,,,,
26923,10.0215101v4,10,,2,1,,5/25/2022 14:06,,,,10,,,,,120,2.23,294.36,,,,,,,,,,,,
26923,10.0215110v3,10,,2,1,,5/25/2022 14:06,,,,10,,,,,120,2.23,294.36,,,,,,,,,,,,
26924,12.0292073v1,12,,4,3,,5/25/2022 15:56,,,,5,,,,,60,3.41,245.52,,,,,,,,,,,,
26925,10.0278901v4,10,,2,1,,5/26/2022 17:20,,,,5,,,,,60,2.56,184.32,,,,,,,,,,,,
26926,10.0294196v5,10,,2,1,,5/25/2022 20:22,,,,84,,,,,1000,1.79,1825.8,,,,,,,,,,,,
26927,10.0297404v2,10,,2,3,,5/25/2022 15:46,,,,6,,,,,70,3.66,307.44,,,,,,,,,,,,
26928,55.0297457v1,55,,114,3,,5/25/2022 17:11,,,,10,,,,,120,2.66,351.12,,,,,,,,,,,,
26929,40.02100669v1,40,,18,1,,6/9/2022 4:54,,,,21,,,,,250,1.96,517.44,,,,,,,,,,,,
26930,40.0284152v1,40,,18,1,,5/27/2022 21:48,,,,30,,,,,360,1.96,729.12,,,,,,,,,,,,
26931,10.0257420v1,10,,2,1,,5/25/2022 15:51,,,,10,,,,,120,2.23,294.36,,,,,,,,,,,,
26932,10.0297620v1,10,,2,4,,5/25/2022 17:19,,,,38,,,,,450,2.41,1127.88,,,,,,,,,,,,
26933,10.0285597v1,10,,2,3,,5/25/2022 16:29,,,,5,,,,,60,3.66,263.52,,,,,,,,,,,,
26934,10.0291565v1,10,,2,3,,5/26/2022 19:45,,,,5,,,,,60,3.66,263.52,,,,,,,,,,,,
26935,10.0289226v1,10,,2,3,,5/25/2022 17:40,,,,10,,,,,120,2.58,340.56,,,,,,,,,,,,
26936,13.0533439v1,13,,5,3,,5/25/2022 18:30,,,,21,,,,,250,1.45,382.8,,,,,,,,,,,,
26937,10.0222410v2,10,,2,1,,5/25/2022 17:30,,,,17,,,,,200,1.96,423.36,,,,,,,,,,,,
26938,10.0224836v1,10,,2,3,,5/25/2022 17:52,,,,10,,,,,120,2.58,340.56,,,,,,,,,,,,
26939,10.0297411v1,10,,2,4,,5/25/2022 18:19,,,,5,,,,,60,2.58,185.76,,,,,,,,,,,,
26940,10.0294073v2,10,,2,4,,5/25/2022 19:41,,,,5,,,,,60,2.58,185.76,,,,,,,,,,,,
26941,10.0297728v1,10,,2,3,,5/25/2022 19:52,,,,17,,,,,200,2.41,520.56,,,,,,,,,,,,
26942,55.0297739v1,55,,114,1,,5/26/2022 16:51,,,,5,,,,,60,2.56,184.32,,,,,,,,,,,,
26943,10.0297553v1,10,,2,4,,5/25/2022 21:25,,,,42,,,,,500,2.41,1243.56,,,,,,,,,,,,
26944,10.0297555v1,10,,2,1,,5/26/2022 16:49,,,,5,,,,,60,2.56,184.32,,,,,,,,,,,,
26945,10.0294341v1,10,,2,3,,5/25/2022 22:35,,,,10,,,,,120,2.58,340.56,,,,,,,,,,,,
26946,10.0297586v2,10,,2,3,,5/25/2022 21:44,,,,20,,,,,240,2.41,607.32,,,,,,,,,,,,
26946,46.0297272v2,46,,113,3,,5/25/2022 21:44,,,,20,,,,,240,2.41,607.32,,,,,,,,,,,,
26948,10.0346079v1,10,,2,1,,5/25/2022 23:16,,,,11,,,,,125,2.23,321.12,,,,,,,,,,,,
26949,10.0220564v1,10,,2,1,,5/25/2022 22:18,,,,20,,,,,240,1.96,493.92,,,,,,,,,,,,
26950,10.0297618v1,10,,2,1,,5/26/2022 14:55,,,,13,,,,,150,1.96,329.28,,,,,,,,,,,,
26951,10.0262029v1,10,,2,4,,5/26/2022 15:57,,,,11,,,,,125,2.58,371.52,,,,,,,,,,,,
26951,12.0296237v1,12,,4,4,,5/26/2022 15:57,,,,13,,,,,150,2.54,426.72,,,,,,,,,,,,
26952,10.0267254v7,10,,2,3,,5/27/2022 18:32,,,,20,,,,,240,2.41,607.32,,,,,,,,,,,,
26954,10.0297096v2,10,,2,1,,5/25/2022 22:50,,,,13,,,,,150,1.96,329.28,,,,,,,,,,,,
26955,10.0296411v1,10,,2,4,,5/31/2022 20:26,,,,5,,,,,60,2.58,185.76,,,,,,,,,,,,
26956,55.0297919v1,55,,114,3,,5/26/2022 19:00,,,,9,,,,,100,3.66,439.2,,,,,,,,,,,,
26957,10.0219046v2,10,,2,3,,5/26/2022 2:22,,,,30,,,,,360,2.41,896.52,,,,,,,,,,,,
26958,10.0297994v1,10,,2,1,,5/27/2022 19:23,,,,13,,,,,150,1.96,329.28,,,,,,,,,,,,
26959,10.0274706v1,10,,2,3,,5/26/2022 15:31,,,,10,,,,,120,2.58,340.56,,,,,,,,,,,,
26960,10.0297434v8,10,,2,4,,5/31/2022 19:53,,,,7,,,,,76,2.58,247.68,,,,,,,,,,,,
26960,10.0297281v1,10,,2,4,,5/31/2022 19:53,,,,7,,,,,76,2.58,247.68,,,,,,,,,,,,
26961,40.0280019v2,40,,18,3,,5/26/2022 18:58,,,,20,,,,,240,2.49,627.48,,,,,,,,,,,,
26962,46.0289935v1,46,,113,3,,5/26/2022 16:29,,,,20,,,,,240,2.41,607.32,,,,,,,,,,,,
26963,10.0297481v1,10,,2,1,,5/26/2022 18:55,,,,20,,,,,240,1.96,493.92,,,,,,,,,,,,
26964,10.0295793v9,10,,2,3,,5/26/2022 17:01,,,,13,,,,,150,2.41,404.88,,,,,,,,,,,,
26965,10.0294878v1,10,,2,1,,5/26/2022 17:19,,,,34,,,,,400,1.96,823.2,,,,,,,,,,,,
26966,46.0295410v3,46,,113,1,,5/26/2022 18:40,,,,48,,,,,575,1.88,1105.44,,,,,,,,,,,,
26967,10.0297888v1,10,,2,3,,5/26/2022 18:13,,,,22,,,,,260,2.41,665.16,,,,,,,,,,,,
26968,10.0297663v1,10,,2,4,,5/26/2022 18:22,,,,7,,,,,80,2.58,247.68,,,,,,,,,,,,
26969,10.0227352v2,10,,2,3,,5/26/2022 18:39,,,,42,,,,,500,2.41,1243.56,,,,,,,,,,,,
26969,10.0295644v2,10,,2,3,,5/26/2022 18:39,,,,17,,,,,200,2.41,520.56,,,,,,,,,,,,
26970,10.0297138v1,10,,2,1,,5/26/2022 18:47,,,,30,,,,,360,1.96,729.12,,,,,,,,,,,,
26971,10.0237704v2,10,,2,1,,5/26/2022 18:48,,,,13,,,,,150,1.96,329.28,,,,,,,,,,,,
26972,10.0295767v2,10,,2,4,,5/26/2022 19:34,,,,34,,,,,400,2.41,1012.2,,,,,,,,,,,,
26973,10.0297149v1,10,,2,3,,5/26/2022 23:42,,,,25,,,,,300,2.41,751.92,,,,,,,,,,,,
26974,10.0242249v1,10,,2,1,,5/31/2022 19:26,,,,5,,,,,60,2.56,184.32,,,,,,,,,,,,
26976,10.0227916v2,10,,2,4,,5/26/2022 20:39,,,,12,,,,,144,2.41,375.96,,,,,,,,,,,,
26976,10.0227916v1,10,,2,4,,5/26/2022 20:39,,,,12,,,,,144,2.41,375.96,,,,,,,,,,,,
26977,40.0280255v1,40,,18,3,,5/27/2022 16:42,,,,30,,,,,360,2.49,926.28,,,,,,,,,,,,
26978,10.0295895v1,10,,2,3,,5/27/2022 11:47,,,,10,,,,,120,2.58,340.56,,,,,,,,,,,,
26979,10.0285954v4,10,,2,4,,5/27/2022 16:41,,,,5,,,,,60,2.58,185.76,,,,,,,,,,,,
26980,10.0232494v1,10,,2,3,,5/27/2022 14:58,,,,84,,,,,1000,1.91,1948.2,,,,,,,,,,,,
26981,10.0295442v1,10,,2,3,,5/27/2022 19:22,,,,21,,,,,250,2.41,636.24,,,,,,,,,,,,
26982,10.0298016v1,10,,2,3,,5/26/2022 23:30,,,,20,,,,,240,2.41,607.32,,,,,,,,,,,,
26983,10.029026v1,10,,2,1,,5/31/2022 16:37,,,,10,,,,,120,2.23,294.36,,,,,,,,,,,,
26984,55.0297931v1,55,,114,1,,5/27/2022 17:21,,,,10,,,,,120,2.23,294.36,,,,,,,,,,,,
26984,10.0297932v1,10,,2,1,,5/27/2022 17:21,,,,10,,,,,120,2.23,294.36,,,,,,,,,,,,
26985,10.0297930v1,10,,2,3,,5/27/2022 19:13,,,,10,,,,,120,2.58,340.56,,,,,,,,,,,,
26986,10.0230607v3,10,,2,4,,5/27/2022 16:15,,,,9,,,,,100,2.58,309.6,,,,,,,,,,,,
26987,10.0286932v1,10,,2,4,,5/27/2022 19:01,,,,5,,,,,60,2.58,185.76,,,,,,,,,,,,
26988,10.0289449v1,10,,2,1,,6/13/2022 14:21,,,,70,,,,,830,1.79,1525.08,,,,,,,,,,,,
26989,17.0297821v3,17,,9,3,,5/27/2022 16:32,,,,30,,,,,360,2.41,896.52,,,,,,,,,,,,
26990,10.0290952v2,10,,2,1,,5/27/2022 19:23,,,,5,,,,,60,2.56,184.32,,,,,,,,,,,,
26991,10.0274698v2,10,,2,1,,5/27/2022 20:42,,,,40,,,,,480,1.96,964.32,,,,,,,,,,,,
26992,10.0297208v2,10,,2,3,,5/27/2022 16:28,,,,20,,,,,240,2.41,607.32,,,,,,,,,,,,
26993,55.0297099v2,55,,114,3,,5/27/2022 16:41,,,,36,,,,,432,2.49,1105.56,,,,,,,,,,,,
26994,10.0297613v1,10,,2,3,,5/31/2022 20:26,,,,10,,,,,120,2.58,340.56,,,,,,,,,,,,
26995,10.0297271v2,10,,2,3,,5/27/2022 17:18,,,,20,,,,,240,2.41,607.32,,,,,,,,,,,,
26996,10.0288617v1,10,,2,1,,5/27/2022 17:46,,,,198,,,,,2370,1.71,4083.48,,,,,,,,,,,,
26997,10.0295160v1,10,,2,1,,5/27/2022 18:02,,,,5,,,,,60,2.56,184.32,,,,,,,,,,,,
26998,10.0297929v1,10,,2,1,,5/27/2022 22:04,,,,25,,,,,300,1.96,611.52,,,,,,,,,,,,
26999,10.0294841v2,10,,2,1,,5/27/2022 18:13,,,,42,,,,,500,1.96,1011.36,,,,,,,,,,,,
26999,10.0294842v2,10,,2,1,,5/27/2022 18:13,,,,42,,,,,500,1.96,1011.36,,,,,,,,,,,,
27000,10.0298044v1,10,,2,1,,5/27/2022 21:04,,,,5,,,,,60,2.56,184.32,,,,,,,,,,,,
27001,10.0237427v1,10,,2,1,,6/6/2022 19:05,,,,20,,,,,240,1.96,493.92,,,,,,,,,,,,
27002,10.0281503v3,10,,2,3,,6/1/2022 13:47,,,,87,,,,,1042,1.91,2016.96,,,,,,,,,,,,
27002,10.0281503v4,10,,2,3,,6/1/2022 13:47,,,,87,,,,,1042,1.91,2016.96,,,,,,,,,,,,
27002,10.0281499v4,10,,2,3,,6/1/2022 13:47,,,,87,,,,,1042,1.91,2016.96,,,,,,,,,,,,
27002,10.0281499v3,10,,2,3,,6/1/2022 13:47,,,,87,,,,,1042,1.91,2016.96,,,,,,,,,,,,
27003,10.0270287v11,10,,2,3,,5/27/2022 20:22,,,,13,,,,,150,2.41,404.88,,,,,,,,,,,,
27003,10.0270276v3,10,,2,3,,5/27/2022 20:22,,,,13,,,,,150,2.41,404.88,,,,,,,,,,,,
27003,10.0229648v8,10,,2,3,,5/27/2022 20:22,,,,13,,,,,150,2.41,404.88,,,,,,,,,,,,
27003,10.0270278v2,10,,2,3,,5/27/2022 20:22,,,,13,,,,,150,2.41,404.88,,,,,,,,,,,,
27003,10.0270277v3,10,,2,3,,5/27/2022 20:22,,,,13,,,,,150,2.41,404.88,,,,,,,,,,,,
27004,46.0286062v3,46,,113,3,,5/31/2022 13:06,,,,5,,,,,60,3.66,263.52,,,,,,,,,,,,
27004,46.0286062v2,46,,113,3,,5/31/2022 13:06,,,,5,,,,,60,3.66,263.52,,,,,,,,,,,,
27005,10.0297562v1,10,,2,1,,5/27/2022 19:13,,,,10,,,,,120,2.23,294.36,,,,,,,,,,,,
27006,10.0298057v1,10,,2,1,,5/27/2022 20:48,,,,5,,,,,60,2.56,184.32,,,,,,,,,,,,
27007,10.0295665v1,10,,2,3,,5/31/2022 15:33,,,,10,,,,,120,2.58,340.56,,,,,,,,,,,,
27007,10.0297539v2,10,,2,3,,5/31/2022 15:33,,,,10,,,,,120,2.58,340.56,,,,,,,,,,,,
27007,10.0295664v1,10,,2,3,,5/31/2022 15:33,,,,10,,,,,120,2.58,340.56,,,,,,,,,,,,
27007,10.0295662v2,10,,2,3,,5/31/2022 15:33,,,,10,,,,,120,2.58,340.56,,,,,,,,,,,,
27008,10.0251075v1,10,,2,3,,5/27/2022 19:49,,,,30,,,,,360,2.41,896.52,,,,,,,,,,,,
27009,55.0298055v1,55,,114,1,,5/27/2022 22:35,,,,7,,,,,80,2.56,245.76,,,,,,,,,,,,
27010,17.0296948v10,17,,9,3,,5/27/2022 22:03,,,,200,,,,,2400,1.62,3907.44,,,,,,,,,,,,
27011,10.0294611v2,10,,2,3,,5/27/2022 21:30,,,,42,,,,,500,2.41,1243.56,,,,,,,,,,,,
27012,10.0297947v2,10,,2,3,,5/31/2022 15:27,,,,21,,,,,250,2.41,636.24,,,,,,,,,,,,
27013,55.0297020v2,55,,114,1,,5/27/2022 22:05,,,,10,,,,,120,2.23,294.36,,,,,,,,,,,,
27014,10.0297501v1,10,,2,3,,6/1/2022 17:12,,,,10,,,,,120,2.58,340.56,,,,,,,,,,,,
27015,55.0298075v2,55,,114,1,,5/31/2022 16:51,,,,13,,,,,150,1.96,329.28,,,,,,,,,,,,
27016,10.0297702v2,10,,2,1,,5/31/2022 19:47,,,,7,,,,,80,2.56,245.76,,,,,,,,,,,,
27017,10.0235180v3,10,,2,1,,5/27/2022 23:01,,,,20,,,,,235,1.96,493.92,,,,,,,,,,,,
27018,10.0298133v1,10,,2,4,,5/28/2022 20:40,,,,9,,,,,105,2.58,309.6,,,,,,,,,,,,
27019,55.0294248v1,55,,114,3,,5/29/2022 20:43,,,,10,,,,,120,2.66,351.12,,,,,,,,,,,,
27020,10.0296604v1,10,,2,3,,5/31/2022 18:02,,,,13,,,,,150,2.41,404.88,,,,,,,,,,,,
27021,10.0297352v4,10,,2,4,,6/1/2022 21:36,,,,75,,,,,900,1.91,1741.92,,,,,,,,,,,,
27022,10.0293459v2,10,,2,4,,6/1/2022 21:02,,,,5,,,,,60,2.58,185.76,,,,,,,,,,,,
27023,10.0272178v4,10,,2,4,,6/2/2022 15:15,,,,6,,,,,65,2.58,216.72,,,,,,,,,,,,
27024,10.0245973v1,10,,2,4,,6/2/2022 19:23,,,,5,,,,,60,2.58,185.76,,,,,,,,,,,,
27025,40.0277851v2,40,,18,3,,6/2/2022 17:04,,,,10,,,,,120,2.66,351.12,,,,,,,,,,,,
27025,40.0277851v1,40,,18,3,,6/2/2022 17:04,,,,10,,,,,120,2.66,351.12,,,,,,,,,,,,
27025,40.0290866v2,40,,18,3,,6/2/2022 17:04,,,,10,,,,,120,2.66,351.12,,,,,,,,,,,,
27025,40.0290866v1,40,,18,3,,6/2/2022 17:04,,,,10,,,,,120,2.66,351.12,,,,,,,,,,,,
27026,10.0218490v1,10,,2,3,,6/1/2022 12:38,,,,10,,,,,120,2.58,340.56,,,,,,,,,,,,
27027,10.0297436v1,10,,2,3,,5/31/2022 16:48,,,,15,,,,,175,2.41,462.72,,,,,,,,,,,,
27027,12.0297439v2,12,,4,3,,5/31/2022 16:48,,,,10,,,,,120,2.33,307.56,,,,,,,,,,,,
27028,55.0298223v1,55,,114,1,,5/31/2022 16:53,,,,7,,,,,80,2.56,245.76,,,,,,,,,,,,
27029,10.0297456v1,10,,2,3,,5/31/2022 17:09,,,,10,,,,,120,2.58,340.56,,,,,,,,,,,,
27030,10.0296783v2,10,,2,3,,5/31/2022 17:21,,,,11,,,,,131,2.58,371.52,,,,,,,,,,,,
27031,10.0218233v1,10,,2,1,,5/31/2022 18:43,,,,20,,,,,240,1.96,493.92,,,,,,,,,,,,
27032,10.0297910v1,10,,2,3,,5/31/2022 19:25,,,,15,,,,,175,2.41,462.72,,,,,,,,,,,,
27032,10.0297909v1,10,,2,3,,5/31/2022 19:25,,,,15,,,,,175,2.41,462.72,,,,,,,,,,,,
27033,10.0298222v1,10,,2,3,,5/31/2022 19:32,,,,25,,,,,300,2.41,751.92,,,,,,,,,,,,
27034,10.0298083v2,10,,2,4,,5/31/2022 19:42,,,,5,,,,,60,2.58,185.76,,,,,,,,,,,,
27035,10.0298160v1,10,,2,4,,5/31/2022 19:48,,,,6,,,,,72,2.58,216.72,,,,,,,,,,,,
27036,10.0298347v1,10,,2,1,,6/1/2022 16:55,,,,51,,,,,610,1.88,1173.12,,,,,,,,,,,,
27037,10.0298262v1,10,,2,4,,5/31/2022 21:32,,,,5,,,,,60,2.58,185.76,,,,,,,,,,,,
27038,12.0296979v2,12,,4,3,,6/2/2022 14:52,,,,32,,,,,375,2.16,855.36,,,,,,,,,,,,
27039,10.0298066v1,10,,2,4,,6/1/2022 13:45,,,,5,,,,,60,2.58,185.76,,,,,,,,,,,,
27040,10.0297045v2,10,,2,4,,5/31/2022 22:18,,,,42,,,,,500,2.41,1243.56,,,,,,,,,,,,
27041,10.0288196v2,10,,2,3,,5/31/2022 22:06,,,,20,,,,,240,2.41,607.32,,,,,,,,,,,,
27041,10.0288191v1,10,,2,3,,5/31/2022 22:06,,,,20,,,,,240,2.41,607.32,,,,,,,,,,,,
27042,10.0270877v5,10,,2,1,,6/1/2022 15:35,,,,5,,,,,60,2.56,184.32,,,,,,,,,,,,
27043,10.0254447v1,10,,2,4,,6/1/2022 15:05,,,,10,,,,,120,2.58,340.56,,,,,,,,,,,,
27044,12.0298328v2,12,,4,3,,5/31/2022 22:58,,,,10,,,,,120,2.33,307.56,,,,,,,,,,,,
27045,44.0298082v2,44,,21,3,,6/1/2022 18:39,,,,42,,,,,500,2.49,1284.84,,,,,,,,,,,,
27046,10.0298109v3,10,,2,3,,5/31/2022 23:01,,,,250,,,,,3000,1.62,4879.44,,,,,,,,,,,,
27047,10.0292960v1,10,,2,3,,5/31/2022 23:35,,,,7,,,,,75,3.66,351.36,,,,,,,,,,,,
27048,10.0239926v1,10,,2,3,,6/1/2022 17:41,,,,42,,,,,500,2.41,1243.56,,,,,,,,,,,,
27049,10.0297688v1,10,,2,3,,6/1/2022 13:46,,,,63,,,,,750,1.91,1466.88,,,,,,,,,,,,
27050,10.0298447v1,10,,2,4,,6/1/2022 13:02,,,,7,,,,,75,2.58,247.68,,,,,,,,,,,,
27051,10.0296020v1,10,,2,3,,6/1/2022 15:22,,,,31,,,,,365,2.41,925.44,,,,,,,,,,,,
27051,10.0296008v1,10,,2,3,,6/1/2022 15:22,,,,31,,,,,365,2.41,925.44,,,,,,,,,,,,
27052,10.0258708v1,10,,2,3,,6/7/2022 18:06,,,,20,,,,,240,2.41,607.32,,,,,,,,,,,,
27053,10.0298058v1,10,,2,4,,6/1/2022 15:34,,,,5,,,,,60,2.58,185.76,,,,,,,,,,,,
27053,10.0298059v1,10,,2,4,,6/1/2022 15:34,,,,5,,,,,60,2.58,185.76,,,,,,,,,,,,
27054,12.0298457v1,12,,4,4,,6/1/2022 16:25,,,,7,,,,,80,2.83,271.68,,,,,,,,,,,,
27054,12.0298462v1,12,,4,4,,6/1/2022 16:25,,,,20,,,,,230,2.54,640.08,,,,,,,,,,,,
27055,10.0298489v3,10,,2,1,,6/3/2022 20:02,,,,100,,,,,1200,1.71,2072.52,,,,,,,,,,,,
27056,17.0296179v2,17,,9,3,,6/1/2022 17:03,,,,20,,,,,240,2.41,607.32,,,,,,,,,,,,
27057,10.0298499v1,10,,2,4,,6/1/2022 16:53,,,,9,,,,,105,2.58,309.6,,,,,,,,,,,,
27058,40.0295500v3,40,,18,1,,6/1/2022 17:25,,,,19,,,,,220,1.96,470.4,,,,,,,,,,,,
27058,40.0295643v2,40,,18,1,,6/1/2022 17:25,,,,19,,,,,220,1.96,470.4,,,,,,,,,,,,
27059,10.0298238v1,10,,2,3,,6/1/2022 19:46,,,,21,,,,,251,2.41,636.24,,,,,,,,,,,,
27059,10.0298239v1,10,,2,3,,6/1/2022 19:46,,,,21,,,,,251,2.41,636.24,,,,,,,,,,,,
27060,10.0298545v1,10,,2,4,,6/1/2022 18:03,,,,5,,,,,60,2.58,185.76,,,,,,,,,,,,
27061,10.0298406v1,10,,2,3,,6/1/2022 21:36,,,,20,,,,,240,2.41,607.32,,,,,,,,,,,,
27062,46.0296908v1,46,,113,3,,6/2/2022 14:09,,,,5,,,,,60,3.66,263.52,,,,,,,,,,,,
27062,40.0258881v2,40,,18,3,,6/2/2022 14:09,,,,5,,,,,60,3.74,269.28,,,,,,,,,,,,
27063,10.0298589v1,10,,2,3,,6/1/2022 22:55,,,,10,,,,,120,2.58,340.56,,,,,,,,,,,,
27064,55.0298150v1,55,,114,3,,6/1/2022 23:03,,,,5,,,,,60,3.74,269.28,,,,,,,,,,,,
27065,10.0245578v1,10,,2,4,,6/3/2022 21:57,,,,9,,,,,100,2.58,309.6,,,,,,,,,,,,
27066,10.0295567v6,10,,2,3,,6/7/2022 17:08,,,,9,,,,,100,3.58,429.6,,,,,,,,,,,,
27066,10.0295567v4,10,,2,3,,6/7/2022 17:08,,,,9,,,,,100,3.58,429.6,,,,,,,,,,,,
27067,10.0298106v1,10,,2,4,,6/2/2022 13:15,,,,5,,,,,60,2.58,185.76,,,,,,,,,,,,
27068,10.0297287v3,10,,2,1,,6/2/2022 15:28,,,,7,,,,,75,2.56,245.76,,,,,,,,,,,,
27069,10.0256930v1,10,,2,1,,6/2/2022 14:51,,,,5,,,,,60,2.56,184.32,,,,,,,,,,,,
27070,10.0298526v1,10,,2,4,,6/2/2022 15:57,,,,5,,,,,60,2.58,185.76,,,,,,,,,,,,
27071,10.0297891v3,10,,2,1,,6/2/2022 6:28,,,,6,,,,,70,2.56,215.04,,,,,,,,,,,,
27072,10.0298019v1,10,,2,3,,6/2/2022 14:50,,,,10,,,,,120,2.58,340.56,,,,,,,,,,,,
27074,44.0293832v4,44,,21,4,,6/2/2022 14:32,,,,6,,,,,72,2.75,231,,,,,,,,,,,,
27075,10.0241340v1,10,,2,4,,6/2/2022 19:16,,,,10,,,,,120,2.58,340.56,,,,,,,,,,,,
27076,10.0298509v2,10,,2,4,,6/2/2022 15:36,,,,5,,,,,60,2.58,185.76,,,,,,,,,,,,
27077,10.0296828v3,10,,2,4,,6/2/2022 15:43,,,,5,,,,,60,2.58,185.76,,,,,,,,,,,,
27078,10.0298466v1,10,,2,1,,6/2/2022 16:48,,,,13,,,,,150,1.96,329.28,,,,,,,,,,,,
27079,10.0298425v1,10,,2,4,,6/2/2022 18:35,,,,5,,,,,60,2.58,185.76,,,,,,,,,,,,
27080,10.0298558v1,10,,2,4,,6/3/2022 19:04,,,,46,,,,,550,2.16,1218.24,,,,,,,,,,,,
27081,10.0288080v1,10,,2,1,,6/3/2022 14:04,,,,10,,,,,120,2.23,294.36,,,,,,,,,,,,
27082,10.0274520v2,10,,2,1,,6/2/2022 19:51,,,,5,,,,,60,2.56,184.32,,,,,,,,,,,,
27084,10.0237847v1,10,,2,4,,6/2/2022 21:51,,,,20,,,,,240,2.41,607.32,,,,,,,,,,,,
27084,10.0237896v3,10,,2,4,,6/2/2022 21:51,,,,9,,,,,100,2.58,309.6,,,,,,,,,,,,
27084,10.0237851v1,10,,2,4,,6/2/2022 21:51,,,,5,,,,,60,2.58,185.76,,,,,,,,,,,,
27085,10.0298836v2,10,,2,4,,6/2/2022 21:14,,,,10,,,,,120,2.58,340.56,,,,,,,,,,,,
27085,10.0298829v1,10,,2,4,,6/2/2022 21:14,,,,10,,,,,120,2.58,340.56,,,,,,,,,,,,
27086,10.0298313v2,10,,2,4,,6/2/2022 21:39,,,,29,,,,,345,2.41,867.6,,,,,,,,,,,,
27087,10.0298759v1,10,,2,4,,6/2/2022 21:03,,,,7,,,,,80,2.58,247.68,,,,,,,,,,,,
27088,10.0297400v2,10,,2,3,,6/6/2022 21:26,,,,10,,,,,120,2.58,340.56,,,,,,,,,,,,
27088,10.0297401v2,10,,2,3,,6/6/2022 21:26,,,,10,,,,,120,2.58,340.56,,,,,,,,,,,,
27089,10.0298557v1,10,,2,1,,6/3/2022 9:28,,,,20,,,,,240,1.96,493.92,,,,,,,,,,,,
27090,10.0293934v2,10,,2,4,,6/2/2022 21:41,,,,5,,,,,60,2.58,185.76,,,,,,,,,,,,
27092,10.0298474v3,10,,2,4,,6/2/2022 21:39,,,,17,,,,,200,2.41,520.56,,,,,,,,,,,,
27093,10.0298819v1,10,,2,4,,6/2/2022 21:47,,,,5,,,,,60,2.58,185.76,,,,,,,,,,,,
27094,55.0298587v1,55,,114,3,,6/3/2022 16:53,,,,5,,,,,60,3.74,269.28,,,,,,,,,,,,
27095,40.0294031v4,40,,18,3,,6/2/2022 22:29,,,,42,,,,,500,2.49,1284.84,,,,,,,,,,,,
27096,10.0298245v1,10,,2,1,,6/2/2022 22:31,,,,30,,,,,350,1.96,729.12,,,,,,,,,,,,
27097,10.0231456v1,10,,2,4,,6/7/2022 18:49,,,,17,,,,,204,2.41,520.56,,,,,,,,,,,,
27098,10.029026v1,10,,2,1,,6/3/2022 16:13,,,,10,,,,,120,2.23,294.36,,,,,,,,,,,,
27099,10.0298941v1,10,,2,1,,6/3/2022 9:22,,,,9,,,,,100,2.56,307.2,,,,,,,,,,,,
27100,,70,,,1,44755,6/3/2022 9:27,,,,,,,,,,2.23,,27986,120,9427,21970,118,7315,132,52301,6/3/2022 9:26,7/13/2022,10,294.36
27100,,70,,,1,44755,6/3/2022 9:27,,,,,,,,,,2.23,,27985,120,9427,21968,118,7315,132,52301,6/3/2022 9:26,7/13/2022,10,294.36
27101,10.0297504v1,10,,2,4,,6/3/2022 15:37,,,,6,,,,,61,2.58,216.72,,,,,,,,,,,,
27102,10.0223793v4,10,,2,1,,6/16/2022 1:21,,,,10,,,,,120,2.23,294.36,,,,,,,,,,,,
27103,10.0399027v1,10,,2,1,,6/3/2022 19:03,,,,21,,,,,250,1.96,517.44,,,,,,,,,,,,
27105,10.0291313v1,10,,2,3,,6/8/2022 16:45,,,,11,,,,,121,2.58,371.52,,,,,,,,,,,,
27105,10.0298556v1,10,,2,3,,6/8/2022 16:45,,,,11,,,,,121,2.58,371.52,,,,,,,,,,,,
27106,10.0298444v2,10,,2,1,,6/3/2022 20:23,,,,10,,,,,120,2.23,294.36,,,,,,,,,,,,
27107,40.02100675v1,40,,18,1,,6/3/2022 16:15,,,,84,,,,,1000,1.79,1825.8,,,,,,,,,,,,
27108,10.0236988v1,10,,2,4,,6/3/2022 19:10,,,,10,,,,,120,2.58,340.56,,,,,,,,,,,,
27109,10.0223208v1,10,,2,3,,6/3/2022 16:29,,,,84,,,,,1000,1.91,1948.2,,,,,,,,,,,,
27110,13.0598164v2,13,,5,3,,6/3/2022 21:30,,,,17,,,,,200,1.45,313.2,,,,,,,,,,,,
27112,40.0289367v1,40,,18,3,,6/3/2022 17:20,,,,10,,,,,120,2.66,351.12,,,,,,,,,,,,
27113,10.0282852v5,10,,2,3,,6/3/2022 17:27,,,,3,,,,,30,3.66,175.68,,,,,,,,,,,,
27114,10.0298893v2,10,,2,1,,6/3/2022 17:38,,,,23,,,,,270,1.96,564.48,,,,,,,,,,,,
27115,46.0282257v1,46,,113,3,,6/3/2022 17:51,,,,42,,,,,500,2.41,1243.56,,,,,,,,,,,,
27115,12.0236650v1,12,,4,3,,6/3/2022 17:51,,,,21,,,,,250,2.16,570.24,,,,,,,,,,,,
27116,12.0298207v2,12,,4,1,,6/3/2022 21:48,,,,5,,,,,60,2.1,151.2,,,,,,,,,,,,
27117,10.0297728v1,10,,2,3,,6/3/2022 21:51,,,,10,,,,,120,2.58,340.56,,,,,,,,,,,,
27119,10.0215900v10,10,,2,1,,6/9/2022 18:13,,,,60,,,,,720,1.79,1310.28,,,,,,,,,,,,
27120,10.0298956v1,10,,2,1,,6/6/2022 17:54,,,,10,,,,,120,2.23,294.36,,,,,,,,,,,,
27121,10.0296863v1,10,,2,1,,6/3/2022 21:01,,,,23,,,,,270,1.96,564.48,,,,,,,,,,,,
27122,40.0284322v1,40,,18,1,,6/3/2022 21:58,,,,20,,,,,240,1.96,493.92,,,,,,,,,,,,
27123,10.0298798v1,10,,2,3,,6/3/2022 22:20,,,,5,,,,,60,3.66,263.52,,,,,,,,,,,,
27124,10.0299518v1,10,,2,4,,6/6/2022 12:58,,,,9,,,,,100,2.58,309.6,,,,,,,,,,,,
27125,10.0298000v2,10,,2,3,,6/14/2022 23:27,,,,5,,,,,60,3.66,263.52,,,,,,,,,,,,
27126,10.0298938v2,10,,2,4,,6/3/2022 21:50,,,,5,,,,,60,2.58,185.76,,,,,,,,,,,,
27127,10.0298886v1,10,,2,3,,6/6/2022 14:43,,,,5,,,,,60,3.66,263.52,,,,,,,,,,,,
27128,10.0240690v5,10,,2,1,,6/3/2022 22:15,,,,25,,,,,300,1.96,611.52,,,,,,,,,,,,
27129,10.0295723v1,10,,2,3,,6/6/2022 15:34,,,,42,,,,,500,2.41,1243.56,,,,,,,,,,,,
27130,10.0298914v1,10,,2,1,,6/6/2022 16:59,,,,10,,,,,120,2.23,294.36,,,,,,,,,,,,
27130,10.0298908v1,10,,2,1,,6/6/2022 16:59,,,,10,,,,,120,2.23,294.36,,,,,,,,,,,,
27130,10.0298914v2,10,,2,1,,6/6/2022 16:59,,,,10,,,,,120,2.23,294.36,,,,,,,,,,,,
27131,10.0298905v1,10,,2,4,,6/6/2022 12:58,,,,9,,,,,105,2.58,309.6,,,,,,,,,,,,
27132,55.0299055v1,55,,114,3,,6/6/2022 14:21,,,,10,,,,,120,2.66,351.12,,,,,,,,,,,,
27132,55.0299050v1,55,,114,3,,6/6/2022 14:21,,,,10,,,,,120,2.66,351.12,,,,,,,,,,,,
27133,10.0299187v1,10,,2,1,,6/4/2022 0:15,,,,13,,,,,150,1.96,329.28,,,,,,,,,,,,
27135,10.0298506v2,10,,2,3,,6/6/2022 16:09,,,,10,,,,,120,2.58,340.56,,,,,,,,,,,,
27136,10.0399302v1,10,,2,3,,6/6/2022 21:28,,,,25,,,,,300,2.41,751.92,,,,,,,,,,,,
27137,10.0299028v3,10,,2,1,,6/6/2022 17:56,,,,11,,,,,125,2.23,321.12,,,,,,,,,,,,
27138,10.0299023v1,10,,2,1,,6/6/2022 20:50,,,,21,,,,,250,1.96,517.44,,,,,,,,,,,,
27139,40.0283546v2,40,,18,3,,6/6/2022 16:24,,,,9,,,,,100,3.66,439.2,,,,,,,,,,,,
27141,17.0242644v2,17,,9,1,,6/10/2022 18:35,,,,35,,,,,420,1.96,846.72,,,,,,,,,,,,
27142,10.0299224v1,10,,2,3,,6/6/2022 16:57,,,,84,,,,,1000,1.91,1948.2,,,,,,,,,,,,
27143,10.0298868v2,10,,2,3,,6/9/2022 14:24,,,,10,,,,,120,2.58,340.56,,,,,,,,,,,,
27144,10.0297690v2,10,,2,4,,6/7/2022 18:18,,,,100,,,,,1200,1.91,2314.92,,,,,,,,,,,,
27145,10.0274145v1,10,,2,1,,6/6/2022 19:41,,,,10,,,,,120,2.23,294.36,,,,,,,,,,,,
27147,10.0269038v1,10,,2,3,,6/8/2022 0:01,,,,10,,,,,120,2.58,340.56,,,,,,,,,,,,
27148,10.0270329v2,10,,2,3,,6/6/2022 18:43,,,,20,,,,,240,2.41,607.32,,,,,,,,,,,,
27149,10.0299190v1,10,,2,1,,6/6/2022 18:48,,,,5,,,,,60,2.56,184.32,,,,,,,,,,,,
27150,10.0298017v1,10,,2,1,,6/6/2022 21:52,,,,10,,,,,120,2.23,294.36,,,,,,,,,,,,
27152,10.0298847v1,10,,2,1,,6/6/2022 20:10,,,,50,,,,,600,1.88,1150.56,,,,,,,,,,,,
27153,10.0298254v1,10,,2,1,,6/6/2022 19:24,,,,42,,,,,500,1.96,1011.36,,,,,,,,,,,,
27154,10.0236742v1,10,,2,3,,6/8/2022 22:37,,,,9,,,,,100,3.58,429.6,,,,,,,,,,,,
27155,55.0298215v2,55,,114,3,,6/8/2022 18:44,,,,7,,,,,75,3.74,359.04,,,,,,,,,,,,
27155,55.0298216v2,55,,114,3,,6/8/2022 18:44,,,,7,,,,,75,3.74,359.04,,,,,,,,,,,,
27156,10.0299347v1,10,,2,4,,6/6/2022 21:02,,,,9,,,,,105,2.58,309.6,,,,,,,,,,,,
27157,12.0292060v1,12,,4,3,,6/14/2022 17:34,,,,200,,,,,2400,1.37,3304.44,,,,,,,,,,,,
27158,10.0257276v1,10,,2,3,,6/6/2022 22:34,,,,5,,,,,60,3.66,263.52,,,,,,,,,,,,
27159,10.0229070v2,10,,2,4,,6/6/2022 23:35,,,,12,,,,,140,2.41,375.96,,,,,,,,,,,,
27160,10.0299309v1,10,,2,4,,6/6/2022 22:19,,,,5,,,,,60,2.58,185.76,,,,,,,,,,,,
27161,10.0292396v1,10,,2,4,,6/6/2022 22:58,,,,13,,,,,150,2.41,404.88,,,,,,,,,,,,
27162,10.0298165v3,10,,2,3,,6/6/2022 23:04,,,,26,,,,,312,2.41,780.84,,,,,,,,,,,,
27164,10.0299118v1,10,,2,4,,6/7/2022 5:28,,,,5,,,,,60,2.58,185.76,,,,,,,,,,,,
27165,10.0298612v2,10,,2,3,,6/7/2022 5:41,,,,10,,,,,120,2.58,340.56,,,,,,,,,,,,
27166,10.0292506v1,10,,2,3,,6/9/2022 0:47,,,,10,,,,,120,2.58,340.56,,,,,,,,,,,,
27167,10.0264207v1,10,,2,3,,6/7/2022 13:47,,,,5,,,,,60,3.66,263.52,,,,,,,,,,,,
27169,10.0299378v1,10,,2,3,,6/7/2022 15:53,,,,9,,,,,100,3.58,429.6,,,,,,,,,,,,
27170,10.0295659v4,10,,2,3,,6/7/2022 14:34,,,,5,,,,,60,3.66,263.52,,,,,,,,,,,,
27171,10.0217941v1,10,,2,3,,6/7/2022 15:08,,,,10,,,,,120,2.58,340.56,,,,,,,,,,,,
27172,10.0227208v2,10,,2,4,,6/7/2022 14:56,,,,10,,,,,120,2.58,340.56,,,,,,,,,,,,
27172,10.0227203v3,10,,2,4,,6/7/2022 14:56,,,,10,,,,,120,2.58,340.56,,,,,,,,,,,,
27173,10.0299462v1,10,,2,3,,6/7/2022 17:16,,,,10,,,,,120,2.58,340.56,,,,,,,,,,,,
27174,17.0298010v1,17,,9,3,,6/7/2022 19:52,,,,25,,,,,300,2.41,751.92,,,,,,,,,,,,
27176,10.0291032v1,10,,2,1,,6/7/2022 20:06,,,,846,,,,,10150,1.52,15449.28,,,,,,,,,,,,
27177,10.0299204v1,10,,2,1,,6/7/2022 16:28,,,,5,,,,,60,2.56,184.32,,,,,,,,,,,,
27179,10.0295167v1,10,,2,3,,6/8/2022 14:50,,,,7,,,,,76,3.66,351.36,,,,,,,,,,,,
27179,10.0295977v1,10,,2,3,,6/8/2022 14:50,,,,15,,,,,176,2.41,462.72,,,,,,,,,,,,
27180,10.0299131v1,10,,2,4,,6/7/2022 19:54,,,,9,,,,,100,2.58,309.6,,,,,,,,,,,,
27181,17.0298454v1,17,,9,4,,6/7/2022 22:49,,,,42,,,,,500,2.41,1243.56,,,,,,,,,,,,
27181,17.0292647v3,17,,9,4,,6/7/2022 22:49,,,,42,,,,,500,2.41,1243.56,,,,,,,,,,,,
27182,10.0298003v1,10,,2,3,,6/7/2022 18:15,,,,17,,,,,200,2.41,520.56,,,,,,,,,,,,
27183,10.0299251v2,10,,2,4,,6/7/2022 18:42,,,,9,,,,,105,2.58,309.6,,,,,,,,,,,,
27184,10.0299441v1,10,,2,3,,6/7/2022 19:09,,,,10,,,,,120,2.58,340.56,,,,,,,,,,,,
27185,40.0242403v1,40,,18,1,,6/22/2022 18:25,,,,9,,,,,100,2.56,307.2,,,,,,,,,,,,
27185,10.0243578v1,10,,2,1,,6/22/2022 18:25,,,,9,,,,,100,2.56,307.2,,,,,,,,,,,,
27185,10.0243612v1,10,,2,1,,6/22/2022 18:25,,,,9,,,,,100,2.56,307.2,,,,,,,,,,,,
27186,10.0237977v2,10,,2,4,,6/7/2022 22:51,,,,42,,,,,500,2.41,1243.56,,,,,,,,,,,,
27187,10.0399635v1,10,,2,3,,6/7/2022 20:59,,,,25,,,,,300,2.41,751.92,,,,,,,,,,,,
27188,55.0290832v2,55,,114,4,,6/7/2022 19:50,,,,5,,,,,60,2.75,198,,,,,,,,,,,,
27188,55.0290833v2,55,,114,4,,6/7/2022 19:50,,,,5,,,,,60,2.75,198,,,,,,,,,,,,
27188,10.0290837v1,10,,2,4,,6/7/2022 19:50,,,,5,,,,,60,2.58,185.76,,,,,,,,,,,,
27188,55.0290835v2,55,,114,4,,6/7/2022 19:50,,,,5,,,,,60,2.75,198,,,,,,,,,,,,
27189,10.0299506v1,10,,2,3,,6/7/2022 20:34,,,,5,,,,,60,3.66,263.52,,,,,,,,,,,,
27190,10.0299206v1,10,,2,4,,6/7/2022 20:18,,,,5,,,,,60,2.58,185.76,,,,,,,,,,,,
27191,10.0279520v3,10,,2,4,,6/8/2022 14:48,,,,5,,,,,60,2.58,185.76,,,,,,,,,,,,
27192,55.0299933v1,55,,114,3,,6/8/2022 16:44,,,,13,,,,,150,2.49,418.32,,,,,,,,,,,,
27193,17.0299265v2,17,,9,3,,6/7/2022 21:12,,,,63,,,,,750,1.91,1466.88,,,,,,,,,,,,
27194,10.0241477v2,10,,2,3,,6/7/2022 22:52,,,,20,,,,,240,2.41,607.32,,,,,,,,,,,,
27195,10.0260999v1,10,,2,4,,6/8/2022 18:58,,,,17,,,,,200,2.41,520.56,,,,,,,,,,,,
27196,10.0290314v2,10,,2,3,,6/9/2022 12:52,,,,10,,,,,120,2.58,340.56,,,,,,,,,,,,
27196,10.0293586v1,10,,2,3,,6/9/2022 12:52,,,,5,,,,,60,3.66,263.52,,,,,,,,,,,,
27196,10.0293586v2,10,,2,3,,6/9/2022 12:52,,,,5,,,,,60,3.66,263.52,,,,,,,,,,,,
27197,10.0298660v1,10,,2,3,,6/8/2022 0:17,,,,34,,,,,400,2.41,1012.2,,,,,,,,,,,,
27198,10.0299557v2,10,,2,3,,6/8/2022 14:05,,,,10,,,,,120,2.58,340.56,,,,,,,,,,,,
27200,10.0294469v2,10,,2,4,,6/7/2022 22:49,,,,5,,,,,60,2.58,185.76,,,,,,,,,,,,
27201,10.0291049v1,10,,2,4,,6/13/2022 21:24,,,,5,,,,,60,2.58,185.76,,,,,,,,,,,,
27202,10.0265192v1,10,,2,3,,6/9/2022 18:00,,,,42,,,,,500,2.41,1243.56,,,,,,,,,,,,
27203,10.0289086v1,10,,2,3,,6/8/2022 23:43,,,,10,,,,,120,2.58,340.56,,,,,,,,,,,,
27204,55.0298451v2,55,,114,3,,6/8/2022 15:10,,,,10,,,,,120,2.66,351.12,,,,,,,,,,,,
27205,10.0285954v4,10,,2,4,,6/8/2022 19:02,,,,17,,,,,202,2.41,520.56,,,,,,,,,,,,
27206,10.0298967v2,10,,2,3,,6/8/2022 18:12,,,,10,,,,,120,2.58,340.56,,,,,,,,,,,,
27207,13.0543493v1,13,,5,3,,6/9/2022 18:04,,,,17,,,,,200,1.45,313.2,,,,,,,,,,,,
27208,10.0298565v1,10,,2,3,,6/8/2022 18:19,,,,10,,,,,120,2.58,340.56,,,,,,,,,,,,
27209,10.0227037v1,10,,2,3,,6/8/2022 18:22,,,,13,,,,,150,2.41,404.88,,,,,,,,,,,,
27210,10.0292546v1,10,,2,4,,6/8/2022 17:34,,,,5,,,,,60,2.58,185.76,,,,,,,,,,,,
27211,10.0299035v1,10,,2,1,,6/9/2022 20:15,,,,5,,,,,60,2.56,184.32,,,,,,,,,,,,
27212,10.0299632v1,10,,2,4,,6/8/2022 19:13,,,,5,,,,,59,2.58,185.76,,,,,,,,,,,,
27213,46.0299587v1,46,,113,1,,6/8/2022 16:35,,,,6,,,,,65,2.56,215.04,,,,,,,,,,,,
27214,10.0279406v2,10,,2,1,,6/8/2022 16:34,,,,5,,,,,60,2.56,184.32,,,,,,,,,,,,
27215,10.0297587v3,10,,2,3,,6/8/2022 16:47,,,,10,,,,,120,2.58,340.56,,,,,,,,,,,,
27216,42.0296394v1,42,,20,1,,6/8/2022 16:40,,,,5,,,,,60,2.56,184.32,,,,,,,,,,,,
27217,10.0297542v1,10,,2,3,,6/10/2022 15:16,,,,5,,,,,60,3.66,263.52,,,,,,,,,,,,
27217,10.0297899v1,10,,2,3,,6/10/2022 15:16,,,,5,,,,,60,3.66,263.52,,,,,,,,,,,,
27218,10.0242100v3,10,,2,1,,6/8/2022 18:11,,,,10,,,,,120,2.23,294.36,,,,,,,,,,,,
27219,55.0299922v1,55,,114,1,,6/8/2022 21:10,,,,13,,,,,150,1.96,329.28,,,,,,,,,,,,
27220,10.0298779v1,10,,2,3,,6/8/2022 19:18,,,,13,,,,,150,2.41,404.88,,,,,,,,,,,,
27221,10.0297344v5,10,,2,1,,6/13/2022 14:44,,,,5,,,,,60,2.56,184.32,,,,,,,,,,,,
27222,10.0299663v2,10,,2,3,,6/8/2022 20:24,,,,10,,,,,120,2.58,340.56,,,,,,,,,,,,
27222,10.0299660v2,10,,2,3,,6/8/2022 20:24,,,,10,,,,,120,2.58,340.56,,,,,,,,,,,,
27223,10.0265335v1,10,,2,3,,6/9/2022 21:29,,,,34,,,,,400,2.41,1012.2,,,,,,,,,,,,
27224,10.0299660v2,10,,2,3,,6/8/2022 20:27,,,,10,,,,,120,2.58,340.56,,,,,,,,,,,,
27224,10.0299663v2,10,,2,3,,6/8/2022 20:27,,,,10,,,,,120,2.58,340.56,,,,,,,,,,,,
27225,10.0297845v1,10,,2,3,,6/8/2022 20:55,,,,10,,,,,120,2.58,340.56,,,,,,,,,,,,
27225,10.0297841v1,10,,2,3,,6/8/2022 20:55,,,,10,,,,,120,2.58,340.56,,,,,,,,,,,,
27226,20.0294791v3,20,,11,3,,6/8/2022 22:55,,,,84,,,,,1000,2.58,2631.6,,,,,,,,,,,,
27227,10.0299556v2,10,,2,4,,6/8/2022 22:03,,,,5,,,,,60,2.58,185.76,,,,,,,,,,,,
27228,40.02100674v1,40,,18,3,,6/8/2022 21:29,,,,15,,,,,180,2.49,478.08,,,,,,,,,,,,
27230,40.02100379v1,40,,18,4,,6/10/2022 17:43,,,,5,,,,,60,2.75,198,,,,,,,,,,,,
27231,12.0282866v2,12,,4,3,,6/9/2022 22:47,,,,10,,,,,120,2.33,307.56,,,,,,,,,,,,
27232,10.0299954v1,10,,2,3,,6/13/2022 20:51,,,,10,,,,,120,2.58,340.56,,,,,,,,,,,,
27233,10.0296110v1,10,,2,3,,6/10/2022 22:03,,,,10,,,,,120,2.58,340.56,,,,,,,,,,,,
27234,10.0288627v1,10,,2,3,,6/10/2022 22:22,,,,17,,,,,200,2.41,520.56,,,,,,,,,,,,
27235,10.0296981v1,10,,2,3,,6/8/2022 23:17,,,,10,,,,,120,2.58,340.56,,,,,,,,,,,,
27236,10.0298144v1,10,,2,3,,6/8/2022 23:16,,,,6,,,,,70,3.66,307.44,,,,,,,,,,,,
27236,10.0298088v1,10,,2,3,,6/8/2022 23:16,,,,6,,,,,70,3.66,307.44,,,,,,,,,,,,
27236,10.0298146v1,10,,2,3,,6/8/2022 23:16,,,,6,,,,,70,3.66,307.44,,,,,,,,,,,,
27236,10.0298145v1,10,,2,3,,6/8/2022 23:16,,,,6,,,,,70,3.66,307.44,,,,,,,,,,,,
27237,10.0291283v4,10,,2,3,,6/10/2022 17:11,,,,9,,,,,100,3.58,429.6,,,,,,,,,,,,
27237,10.0291284v4,10,,2,3,,6/10/2022 17:11,,,,9,,,,,100,3.58,429.6,,,,,,,,,,,,
27238,10.0222019v1,10,,2,3,,6/8/2022 23:29,,,,30,,,,,360,2.41,896.52,,,,,,,,,,,,
27239,10.0239418v2,10,,2,3,,6/9/2022 15:39,,,,21,,,,,250,2.41,636.24,,,,,,,,,,,,
27240,10.0299447v1,10,,2,3,,6/13/2022 1:31,,,,10,,,,,120,2.58,340.56,,,,,,,,,,,,
27241,10.0299622v1,10,,2,3,,6/9/2022 13:47,,,,10,,,,,120,2.58,340.56,,,,,,,,,,,,
27242,10.0298881v2,10,,2,3,,6/9/2022 13:59,,,,5,,,,,60,3.66,263.52,,,,,,,,,,,,
27243,40.0295637v1,40,,18,4,,6/9/2022 22:01,,,,6,,,,,62,2.75,231,,,,,,,,,,,,
27244,10.0298691v7,10,,2,3,,6/10/2022 18:20,,,,40,,,,,480,2.41,1185.72,,,,,,,,,,,,
27245,55.02100055v1,55,,114,4,,6/9/2022 19:03,,,,5,,,,,60,2.75,198,,,,,,,,,,,,
27246,10.0247377v1,10,,2,3,,6/9/2022 20:31,,,,23,,,,,275,2.41,694.08,,,,,,,,,,,,
27246,10.0247378v1,10,,2,3,,6/9/2022 20:31,,,,23,,,,,275,2.41,694.08,,,,,,,,,,,,
27248,10.0284429v1,10,,2,3,,6/9/2022 15:19,,,,13,,,,,150,2.41,404.88,,,,,,,,,,,,
27249,10.02137v2,10,,2,4,,6/9/2022 15:40,,,,5,,,,,60,2.58,185.76,,,,,,,,,,,,
27249,10.0267180v1,10,,2,4,,6/9/2022 15:40,,,,5,,,,,60,2.58,185.76,,,,,,,,,,,,
27251,10.0239204v8,10,,2,3,,6/9/2022 15:45,,,,20,,,,,240,2.41,607.32,,,,,,,,,,,,
27252,10.0299236v1,10,,2,3,,6/10/2022 14:08,,,,17,,,,,200,2.41,520.56,,,,,,,,,,,,
27253,10.0299725v2,10,,2,4,,6/9/2022 17:52,,,,15,,,,,175,2.41,462.72,,,,,,,,,,,,
27253,10.0299724v2,10,,2,4,,6/9/2022 17:52,,,,15,,,,,175,2.41,462.72,,,,,,,,,,,,
27254,10.0218490v1,10,,2,1,,6/9/2022 16:40,,,,13,,,,,150,1.96,329.28,,,,,,,,,,,,
27255,10.0299479v1,10,,2,4,,6/9/2022 16:41,,,,5,,,,,60,2.58,185.76,,,,,,,,,,,,
27256,10.0299296v2,10,,2,4,,6/9/2022 17:17,,,,42,,,,,500,2.41,1243.56,,,,,,,,,,,,
27257,42.0298544v1,42,,20,1,,6/9/2022 17:20,,,,20,,,,,240,1.96,493.92,,,,,,,,,,,,
27258,10.0228035v3,10,,2,3,,6/9/2022 17:40,,,,10,,,,,120,2.58,340.56,,,,,,,,,,,,
27259,10.02100002v1,10,,2,3,,6/9/2022 20:17,,,,5,,,,,60,3.66,263.52,,,,,,,,,,,,
27259,10.02100008v1,10,,2,3,,6/9/2022 20:17,,,,5,,,,,60,3.66,263.52,,,,,,,,,,,,
27259,10.02100007v1,10,,2,3,,6/9/2022 20:17,,,,11,,,,,125,2.58,371.52,,,,,,,,,,,,
27260,10.023788v1,10,,2,3,,6/10/2022 12:32,,,,5,,,,,60,3.66,263.52,,,,,,,,,,,,
27261,10.0260838v1,10,,2,4,,6/9/2022 18:59,,,,13,,,,,156,2.41,404.88,,,,,,,,,,,,
27262,10.021316v2,10,,2,3,,6/22/2022 15:47,,,,25,,,,,300,2.41,751.92,,,,,,,,,,,,
27263,10.0292694v1,10,,2,3,,6/9/2022 20:16,,,,5,,,,,60,3.66,263.52,,,,,,,,,,,,
27264,55.0299516v2,55,,114,4,,6/9/2022 19:43,,,,5,,,,,60,2.75,198,,,,,,,,,,,,
27265,10.0398090v1,10,,2,3,,6/9/2022 19:46,,,,10,,,,,120,2.58,340.56,,,,,,,,,,,,
27266,10.0294713v1,10,,2,3,,6/9/2022 20:35,,,,10,,,,,120,2.58,340.56,,,,,,,,,,,,
27267,10.0296592v2,10,,2,3,,6/10/2022 15:38,,,,67,,,,,800,1.91,1558.56,,,,,,,,,,,,
27267,10.0296590v1,10,,2,3,,6/10/2022 15:38,,,,67,,,,,800,1.91,1558.56,,,,,,,,,,,,
27267,10.0296593v1,10,,2,3,,6/10/2022 15:38,,,,67,,,,,800,1.91,1558.56,,,,,,,,,,,,
27267,10.0296589v2,10,,2,3,,6/10/2022 15:38,,,,67,,,,,800,1.91,1558.56,,,,,,,,,,,,
27267,10.0399848v1,10,,2,3,,6/10/2022 15:38,,,,17,,,,,200,2.41,520.56,,,,,,,,,,,,
27267,10.0296591v1,10,,2,3,,6/10/2022 15:38,,,,67,,,,,800,1.91,1558.56,,,,,,,,,,,,
27267,10.0399861v1,10,,2,3,,6/10/2022 15:38,,,,17,,,,,200,2.41,520.56,,,,,,,,,,,,
27267,10.0399860v1,10,,2,3,,6/10/2022 15:38,,,,17,,,,,200,2.41,520.56,,,,,,,,,,,,
27267,10.0399854v1,10,,2,3,,6/10/2022 15:38,,,,17,,,,,200,2.41,520.56,,,,,,,,,,,,
27267,10.0399846v1,10,,2,3,,6/10/2022 15:38,,,,17,,,,,200,2.41,520.56,,,,,,,,,,,,
27268,46.0290093v1,46,,113,3,,6/9/2022 22:30,,,,20,,,,,240,2.41,607.32,,,,,,,,,,,,
27269,55.0299940v1,55,,114,3,,6/10/2022 17:15,,,,21,,,,,250,2.49,657.36,,,,,,,,,,,,
27270,10.0299993v1,10,,2,3,,6/10/2022 15:53,,,,13,,,,,150,2.41,404.88,,,,,,,,,,,,
27271,10.0284821v1,10,,2,3,,6/14/2022 19:44,,,,5,,,,,60,3.66,263.52,,,,,,,,,,,,
27272,10.03100041v1,10,,2,1,,6/15/2022 14:53,,,,75,,,,,900,1.79,1632.48,,,,,,,,,,,,
27273,10.0299205v1,10,,2,4,,6/10/2022 15:22,,,,10,,,,,120,2.58,340.56,,,,,,,,,,,,
27274,10.0299727v1,10,,2,3,,6/13/2022 23:20,,,,188,,,,,2250,1.91,4331.88,,,,,,,,,,,,
27275,10.0285850v1,10,,2,4,,6/10/2022 16:25,,,,5,,,,,60,2.58,185.76,,,,,,,,,,,,
27277,10.0299722v1,10,,2,3,,6/10/2022 15:17,,,,21,,,,,250,2.41,636.24,,,,,,,,,,,,
27279,10.0292577v1,10,,2,3,,6/15/2022 17:13,,,,20,,,,,240,2.41,607.32,,,,,,,,,,,,
27280,10.0296901v1,10,,2,3,,6/10/2022 17:00,,,,13,,,,,155,2.41,404.88,,,,,,,,,,,,
27281,55.0299827v3,55,,114,4,,6/10/2022 16:49,,,,5,,,,,60,2.75,198,,,,,,,,,,,,
27282,10.0229990v1,10,,2,4,,6/10/2022 17:52,,,,10,,,,,120,2.58,340.56,,,,,,,,,,,,
27284,10.0291152v1,10,,2,4,,6/10/2022 18:25,,,,84,,,,,1000,1.91,1948.2,,,,,,,,,,,,
27284,10.0291167v1,10,,2,4,,6/10/2022 18:25,,,,84,,,,,1000,1.91,1948.2,,,,,,,,,,,,
27285,10.0294197v4,10,,2,1,,6/10/2022 18:59,,,,17,,,,,200,1.96,423.36,,,,,,,,,,,,
27286,10.02100188v1,10,,2,1,,6/10/2022 19:00,,,,10,,,,,120,2.23,294.36,,,,,,,,,,,,
27287,10.02100192v1,10,,2,3,,6/10/2022 19:06,,,,13,,,,,150,2.41,404.88,,,,,,,,,,,,
27288,10.0290347v2,10,,2,1,,6/13/2022 18:54,,,,27,,,,,320,1.96,658.56,,,,,,,,,,,,
27289,10.0298048v2,10,,2,1,,6/13/2022 16:40,,,,5,,,,,60,2.56,184.32,,,,,,,,,,,,
27290,10.0287390v1,10,,2,4,,6/13/2022 15:02,,,,5,,,,,60,2.58,185.76,,,,,,,,,,,,
27291,10.0233475v2,10,,2,1,,6/22/2022 20:34,,,,42,,,,,500,1.96,1011.36,,,,,,,,,,,,
27292,10.02100240v1,10,,2,3,,6/10/2022 20:15,,,,10,,,,,110,2.58,340.56,,,,,,,,,,,,
27293,10.0283737v1,10,,2,1,,6/16/2022 20:58,,,,50,,,,,594,1.88,1150.56,,,,,,,,,,,,
27294,10.0281141v5,10,,2,3,,6/14/2022 16:51,,,,13,,,,,150,2.41,404.88,,,,,,,,,,,,
27294,10.0281751v4,10,,2,3,,6/14/2022 16:51,,,,13,,,,,150,2.41,404.88,,,,,,,,,,,,
27295,10.02100176v1,10,,2,1,,6/10/2022 21:12,,,,5,,,,,60,2.56,184.32,,,,,,,,,,,,
27295,10.02100170v1,10,,2,1,,6/10/2022 21:12,,,,5,,,,,60,2.56,184.32,,,,,,,,,,,,
27298,10.0296848v1,10,,2,3,,6/10/2022 22:47,,,,11,,,,,128,2.58,371.52,,,,,,,,,,,,
27299,10.0256448v1,10,,2,4,,6/16/2022 21:51,,,,9,,,,,100,2.58,309.6,,,,,,,,,,,,
27301,10.0248786v1,10,,2,3,,6/10/2022 22:17,,,,25,,,,,300,2.41,751.92,,,,,,,,,,,,
27302,10.0395848v1,10,,2,3,,6/10/2022 22:13,,,,40,,,,,480,2.41,1185.72,,,,,,,,,,,,
27303,12.02100039v1,12,,4,1,,6/10/2022 22:22,,,,5,,,,,60,2.1,151.2,,,,,,,,,,,,
27304,10.02100177v1,10,,2,3,,6/10/2022 22:44,,,,13,,,,,150,2.41,404.88,,,,,,,,,,,,
27305,10.0298582v1,10,,2,3,,6/13/2022 16:47,,,,34,,,,,400,2.41,1012.2,,,,,,,,,,,,
27306,10.02100077v5,10,,2,3,,6/14/2022 15:06,,,,5,,,,,60,3.66,263.52,,,,,,,,,,,,
27307,10.02100320v3,10,,2,1,,6/11/2022 15:10,,,,5,,,,,60,2.56,184.32,,,,,,,,,,,,
27308,10.0299742v1,10,,2,3,,6/13/2022 15:34,,,,10,,,,,120,2.58,340.56,,,,,,,,,,,,
27308,12.0299958v1,12,,4,3,,6/13/2022 15:34,,,,10,,,,,120,2.33,307.56,,,,,,,,,,,,
27309,10.02100392v1,10,,2,3,,6/13/2022 17:01,,,,21,,,,,250,2.41,636.24,,,,,,,,,,,,
27310,10.0294838v5,10,,2,4,,6/13/2022 19:01,,,,5,,,,,60,2.58,185.76,,,,,,,,,,,,
27310,10.0294838v3,10,,2,4,,6/13/2022 19:01,,,,5,,,,,60,2.58,185.76,,,,,,,,,,,,
27311,10.0298288v2,10,,2,1,,6/13/2022 21:03,,,,5,,,,,60,2.56,184.32,,,,,,,,,,,,
27312,10.0297997v1,10,,2,4,,6/13/2022 15:36,,,,22,,,,,260,2.41,665.16,,,,,,,,,,,,
27313,10.0299502v1,10,,2,3,,6/14/2022 21:12,,,,10,,,,,120,2.58,340.56,,,,,,,,,,,,
27314,10.0296381v2,10,,2,3,,6/16/2022 22:52,,,,10,,,,,120,2.58,340.56,,,,,,,,,,,,
27315,10.02100449v1,10,,2,4,,6/13/2022 17:38,,,,5,,,,,60,2.58,185.76,,,,,,,,,,,,
27316,10.0263036v1,10,,2,4,,6/13/2022 17:41,,,,5,,,,,60,2.58,185.76,,,,,,,,,,,,
27317,10.02100463v1,10,,2,4,,6/13/2022 17:43,,,,5,,,,,60,2.58,185.76,,,,,,,,,,,,
27318,10.02100292v1,10,,2,4,,6/13/2022 18:15,,,,5,,,,,60,2.58,185.76,,,,,,,,,,,,
27319,10.02100042v1,10,,2,4,,6/13/2022 18:25,,,,9,,,,,105,2.58,309.6,,,,,,,,,,,,
27320,10.0279633v3,10,,2,1,,6/14/2022 18:19,,,,17,,,,,200,1.96,423.36,,,,,,,,,,,,
27321,55.02100399v1,55,,114,3,,6/14/2022 12:29,,,,134,,,,,1600,2.1,3402,,,,,,,,,,,,
27322,10.0299674v2,10,,2,3,,6/14/2022 16:51,,,,20,,,,,240,2.41,607.32,,,,,,,,,,,,
27323,55.02100198v1,55,,114,1,,6/13/2022 20:50,,,,10,,,,,120,2.23,294.36,,,,,,,,,,,,
27324,10.0298470v1,10,,2,3,,6/13/2022 22:55,,,,11,,,,,125,2.58,371.52,,,,,,,,,,,,
27325,10.02100477v1,10,,2,4,,6/13/2022 21:37,,,,5,,,,,60,2.58,185.76,,,,,,,,,,,,
27326,10.0282301v3,10,,2,1,,6/13/2022 23:18,,,,834,,,,,10000,1.52,15230.4,,,,,,,,,,,,
27327,10.0269589v1,10,,2,4,,6/13/2022 21:39,,,,17,,,,,200,2.41,520.56,,,,,,,,,,,,
27328,10.0217469v1,10,,2,4,,6/13/2022 23:00,,,,50,,,,,600,2.16,1321.92,,,,,,,,,,,,
27329,10.02100331v3,10,,2,3,,6/13/2022 22:23,,,,10,,,,,120,2.58,340.56,,,,,,,,,,,,
27330,10.0245031v2,10,,2,3,,6/15/2022 0:13,,,,10,,,,,120,2.58,340.56,,,,,,,,,,,,
27330,10.0371286v2,10,,2,3,,6/15/2022 0:13,,,,10,,,,,120,2.58,340.56,,,,,,,,,,,,
27332,10.0297386v1,10,,2,3,,6/14/2022 15:10,,,,20,,,,,240,2.41,607.32,,,,,,,,,,,,
27333,20.0299559v3,20,,11,3,,6/14/2022 17:58,,,,21,,,,,250,2.99,789.36,,,,,,,,,,,,
27334,17.0288224v7,17,,9,1,,6/14/2022 14:58,,,,10,,,,,120,2.23,294.36,,,,,,,,,,,,
27335,10.02100672v1,10,,2,3,,6/14/2022 15:10,,,,10,,,,,120,2.58,340.56,,,,,,,,,,,,
27336,17.0288224v7,17,,9,1,,6/14/2022 17:39,,,,10,,,,,120,2.23,294.36,,,,,,,,,,,,
27337,10.02433v2,10,,2,3,,6/14/2022 21:42,,,,20,,,,,240,2.41,607.32,,,,,,,,,,,,
27338,10.0241328v6,10,,2,3,,6/14/2022 16:49,,,,34,,,,,400,2.41,1012.2,,,,,,,,,,,,
27338,10.0398143v7,10,,2,3,,6/14/2022 16:49,,,,150,,,,,1800,1.91,3460.92,,,,,,,,,,,,
27339,10.0290496v2,10,,2,3,,6/14/2022 18:19,,,,13,,,,,150,2.41,404.88,,,,,,,,,,,,
27341,10.0396587v1,10,,2,1,,6/14/2022 19:23,,,,5,,,,,60,2.56,184.32,,,,,,,,,,,,
27341,10.03100603v1,10,,2,1,,6/14/2022 19:23,,,,5,,,,,60,2.56,184.32,,,,,,,,,,,,
27342,10.0279638v1,10,,2,3,,6/14/2022 17:56,,,,10,,,,,120,2.58,340.56,,,,,,,,,,,,
27342,10.0279637v1,10,,2,3,,6/14/2022 17:56,,,,10,,,,,120,2.58,340.56,,,,,,,,,,,,
27343,10.0299819v2,10,,2,3,,6/14/2022 19:28,,,,10,,,,,120,2.58,340.56,,,,,,,,,,,,
27344,11.02100735v1,11,,3,3,,6/14/2022 19:15,,,,5,,,,,60,3.02,217.44,,,,,,,,,,,,
27344,12.02100544v2,12,,4,3,,6/14/2022 19:15,,,,5,,,,,60,3.41,245.52,,,,,,,,,,,,
27345,40.0261693v1,40,,18,3,,6/14/2022 19:16,,,,17,,,,,200,2.49,537.84,,,,,,,,,,,,
27346,17.0286310v1,17,,9,1,,6/21/2022 18:12,,,,40,,,,,480,1.96,964.32,,,,,,,,,,,,
27346,17.0286296v1,17,,9,1,,6/21/2022 18:12,,,,40,,,,,480,1.96,964.32,,,,,,,,,,,,
27346,17.0286314v1,17,,9,1,,6/21/2022 18:12,,,,40,,,,,480,1.96,964.32,,,,,,,,,,,,
27347,10.0299563v1,10,,2,3,,6/14/2022 20:12,,,,13,,,,,150,2.41,404.88,,,,,,,,,,,,
27348,10.02100715v1,10,,2,3,,6/14/2022 21:55,,,,417,,,,,5000,1.62,8125.92,,,,,,,,,,,,
27349,10.0225605v1,10,,2,1,,6/14/2022 20:13,,,,20,,,,,240,1.96,493.92,,,,,,,,,,,,
27350,10.02100336v1,10,,2,4,,6/14/2022 21:12,,,,84,,,,,1000,1.91,1948.2,,,,,,,,,,,,
27350,10.02100374v1,10,,2,4,,6/14/2022 21:12,,,,84,,,,,1000,1.91,1948.2,,,,,,,,,,,,
27351,10.0214612v1,10,,2,3,,6/14/2022 21:37,,,,18,,,,,215,2.41,549.48,,,,,,,,,,,,
27352,17.0258534v8,17,,9,1,,6/14/2022 21:11,,,,105,,,,,1250,1.71,2175.12,,,,,,,,,,,,
27353,10.02100709v1,10,,2,3,,6/14/2022 21:26,,,,5,,,,,60,3.66,263.52,,,,,,,,,,,,
27354,10.0259059v1,10,,2,4,,6/15/2022 12:09,,,,6,,,,,64,2.58,216.72,,,,,,,,,,,,
27355,10.02100105v1,10,,2,1,,6/15/2022 14:32,,,,10,,,,,120,2.23,294.36,,,,,,,,,,,,
27356,10.02100560v1,10,,2,3,,6/14/2022 22:33,,,,10,,,,,120,2.58,340.56,,,,,,,,,,,,
27358,10.0283748v2,10,,2,3,,6/15/2022 14:33,,,,34,,,,,400,2.41,1012.2,,,,,,,,,,,,
27359,10.0298841v1,10,,2,4,,6/28/2022 22:00,,,,25,,,,,300,2.41,751.92,,,,,,,,,,,,
27360,10.02100788v2,10,,2,1,,6/15/2022 14:37,,,,17,,,,,200,1.96,423.36,,,,,,,,,,,,
27361,10.0299460v2,10,,2,3,,6/14/2022 23:17,,,,10,,,,,120,2.58,340.56,,,,,,,,,,,,
27362,10.02100890v1,10,,2,3,,6/15/2022 0:56,,,,9,,,,,105,3.58,429.6,,,,,,,,,,,,
27363,10.0296826v2,10,,2,1,,6/15/2022 12:13,,,,10,,,,,120,2.23,294.36,,,,,,,,,,,,
27363,10.0296827v2,10,,2,1,,6/15/2022 12:13,,,,5,,,,,60,2.56,184.32,,,,,,,,,,,,
27364,40.02100942v1,40,,18,1,,6/15/2022 12:19,,,,10,,,,,120,2.23,294.36,,,,,,,,,,,,
27365,10.02100904v1,10,,2,4,,6/15/2022 16:06,,,,67,,,,,800,1.91,1558.56,,,,,,,,,,,,
27366,10.0243490v1,10,,2,1,,6/15/2022 16:15,,,,10,,,,,120,2.23,294.36,,,,,,,,,,,,
27367,46.0299996v1,46,,113,1,,6/15/2022 20:15,,,,6,,,,,61,2.56,215.04,,,,,,,,,,,,
27368,10.0299235v2,10,,2,1,,6/15/2022 17:53,,,,5,,,,,60,2.56,184.32,,,,,,,,,,,,
27369,10.0287659v2,10,,2,3,,6/15/2022 20:28,,,,9,,,,,105,3.58,429.6,,,,,,,,,,,,
27370,10.0298238v1,10,,2,3,,6/15/2022 21:55,,,,21,,,,,250,2.41,636.24,,,,,,,,,,,,
27370,10.0298239v1,10,,2,3,,6/15/2022 21:55,,,,21,,,,,250,2.41,636.24,,,,,,,,,,,,
27371,10.0297038v1,10,,2,4,,6/15/2022 17:34,,,,5,,,,,60,2.58,185.76,,,,,,,,,,,,
27372,10.02100070v1,10,,2,4,,6/15/2022 19:02,,,,5,,,,,60,2.58,185.76,,,,,,,,,,,,
27373,10.02100663v1,10,,2,4,,6/15/2022 19:39,,,,84,,,,,1000,1.91,1948.2,,,,,,,,,,,,
27374,44.02100966v1,44,,21,1,,6/17/2022 17:33,,,,21,,,,,242,1.96,517.44,,,,,,,,,,,,
27375,10.0297813v3,10,,2,4,,6/15/2022 17:56,,,,5,,,,,60,2.58,185.76,,,,,,,,,,,,
27377,10.02101047v2,10,,2,1,,6/16/2022 14:21,,,,5,,,,,60,2.56,184.32,,,,,,,,,,,,
27378,10.02100333v1,10,,2,4,,6/15/2022 18:20,,,,84,,,,,1000,1.91,1948.2,,,,,,,,,,,,
27379,10.02100014v1,10,,2,1,,6/15/2022 20:51,,,,5,,,,,60,2.56,184.32,,,,,,,,,,,,
27380,10.0290972v3,10,,2,3,,6/15/2022 20:13,,,,20,,,,,240,2.41,607.32,,,,,,,,,,,,
27381,10.0282955v1,10,,2,1,,6/15/2022 20:36,,,,10,,,,,120,2.23,294.36,,,,,,,,,,,,
27382,10.0494239v3,10,,2,3,,6/24/2022 15:10,,,,21,,,,,250,2.41,636.24,,,,,,,,,,,,
27382,10.0494240v3,10,,2,3,,6/24/2022 15:10,,,,21,,,,,250,2.41,636.24,,,,,,,,,,,,
27382,14.0694241v2,14,,6,3,,6/24/2022 15:10,,,,21,,,,,250,1.45,382.8,,,,,,,,,,,,
27382,14.0694242v2,14,,6,3,,6/24/2022 15:10,,,,21,,,,,250,1.45,382.8,,,,,,,,,,,,
27383,10.0291729v1,10,,2,1,,6/15/2022 22:08,,,,5,,,,,60,2.56,184.32,,,,,,,,,,,,
27384,10.03100737v1,10,,2,3,,6/15/2022 22:19,,,,10,,,,,120,2.58,340.56,,,,,,,,,,,,
27384,10.0298815v1,10,,2,3,,6/15/2022 22:19,,,,10,,,,,120,2.58,340.56,,,,,,,,,,,,
27384,10.03100738v1,10,,2,3,,6/15/2022 22:19,,,,10,,,,,120,2.58,340.56,,,,,,,,,,,,
27384,10.0298604v1,10,,2,3,,6/15/2022 22:19,,,,10,,,,,120,2.58,340.56,,,,,,,,,,,,
27385,55.02101235v2,55,,114,1,,6/16/2022 15:32,,,,10,,,,,120,2.23,294.36,,,,,,,,,,,,
27386,10.02101192v1,10,,2,1,,6/15/2022 22:52,,,,9,,,,,105,2.56,307.2,,,,,,,,,,,,
27389,55.02102064v1,55,,114,1,,6/20/2022 22:27,,,,10,,,,,120,2.23,294.36,,,,,,,,,,,,
27390,55.02101048v1,55,,114,1,,6/15/2022 22:57,,,,5,,,,,60,2.56,184.32,,,,,,,,,,,,
27392,10.0223434v1,10,,2,4,,6/16/2022 20:53,,,,15,,,,,175,2.41,462.72,,,,,,,,,,,,
27393,44.0298082v2,44,,21,3,,6/16/2022 20:54,,,,42,,,,,500,2.49,1284.84,,,,,,,,,,,,
27394,10.0295992v1,10,,2,1,,6/16/2022 3:22,,,,5,,,,,60,2.56,184.32,,,,,,,,,,,,
27394,10.0296000v2,10,,2,1,,6/16/2022 3:22,,,,5,,,,,60,2.56,184.32,,,,,,,,,,,,
27395,10.0227513v5,10,,2,4,,6/16/2022 13:55,,,,5,,,,,60,2.58,185.76,,,,,,,,,,,,
27396,10.0298590v1,10,,2,1,,6/16/2022 18:45,,,,10,,,,,120,2.23,294.36,,,,,,,,,,,,
27397,10.02100789v1,10,,2,3,,6/15/2022 16:16,,,,20,,,,,240,2.41,607.32,,,,,,,,,,,,
27398,10.0297331v1,10,,2,3,,6/16/2022 14:29,,,,20,,,,,240,2.41,607.32,,,,,,,,,,,,
27399,10.0288654v1,10,,2,4,,6/16/2022 19:19,,,,10,,,,,120,2.58,340.56,,,,,,,,,,,,
27400,10.0299083v1,10,,2,1,,6/24/2022 20:15,,,,7,,,,,75,2.56,245.76,,,,,,,,,,,,
27401,10.02100517v1,10,,2,1,,6/16/2022 16:02,,,,15,,,,,180,1.96,376.32,,,,,,,,,,,,
27402,10.02100953v1,10,,2,1,,6/16/2022 16:28,,,,13,,,,,155,1.96,329.28,,,,,,,,,,,,
27403,10.02100575v1,10,,2,1,,6/16/2022 16:34,,,,13,,,,,155,1.96,329.28,,,,,,,,,,,,
27404,10.02101323v1,10,,2,1,,6/16/2022 17:00,,,,10,,,,,110,2.56,337.92,,,,,,,,,,,,
27405,12.0298870v1,12,,4,4,,6/16/2022 17:27,,,,5,,,,,60,2.83,203.76,,,,,,,,,,,,
27405,10.0297033v1,10,,2,4,,6/16/2022 17:27,,,,5,,,,,60,2.58,185.76,,,,,,,,,,,,
27406,10.0247465v4,10,,2,3,,6/16/2022 18:21,,,,11,,,,,125,2.58,371.52,,,,,,,,,,,,
27406,10.0247464v3,10,,2,3,,6/16/2022 18:21,,,,11,,,,,125,2.58,371.52,,,,,,,,,,,,
27407,10.02101176v2,10,,2,1,,6/21/2022 14:18,,,,5,,,,,60,2.56,184.32,,,,,,,,,,,,
27407,10.02101325v2,10,,2,1,,6/21/2022 14:18,,,,5,,,,,60,2.56,184.32,,,,,,,,,,,,
27408,10.0297399v1,10,,2,3,,6/16/2022 18:52,,,,64,,,,,757,1.91,1489.8,,,,,,,,,,,,
27410,10.0278858v2,10,,2,3,,6/21/2022 19:13,,,,42,,,,,500,2.41,1243.56,,,,,,,,,,,,
27411,10.0297914v3,10,,2,1,,6/16/2022 20:09,,,,34,,,,,400,1.96,823.2,,,,,,,,,,,,
27412,10.0356551v4,10,,2,3,,6/16/2022 20:54,,,,125,,,,,1500,1.91,2887.92,,,,,,,,,,,,
27413,10.0231293v1,10,,2,3,,6/16/2022 20:54,,,,9,,,,,100,3.58,429.6,,,,,,,,,,,,
27414,10.0279952v1,10,,2,4,,6/16/2022 20:47,,,,17,,,,,200,2.41,520.56,,,,,,,,,,,,
27415,17.0299621v4,17,,9,1,,6/16/2022 20:53,,,,20,,,,,240,1.96,493.92,,,,,,,,,,,,
27416,55.02100480v2,55,,114,1,,6/20/2022 15:25,,,,10,,,,,120,2.23,294.36,,,,,,,,,,,,
27417,10.0221252v1,10,,2,3,,6/16/2022 22:52,,,,40,,,,,480,2.41,1185.72,,,,,,,,,,,,
27418,10.0298064v1,10,,2,4,,6/17/2022 17:39,,,,5,,,,,60,2.58,185.76,,,,,,,,,,,,
27419,10.0247824v4,10,,2,4,,6/16/2022 21:28,,,,5,,,,,60,2.58,185.76,,,,,,,,,,,,
27419,10.0247825v4,10,,2,4,,6/16/2022 21:28,,,,5,,,,,60,2.58,185.76,,,,,,,,,,,,
27420,10.02101250v1,10,,2,1,,6/17/2022 20:13,,,,13,,,,,150,1.96,329.28,,,,,,,,,,,,
27420,10.02101249v1,10,,2,1,,6/17/2022 20:13,,,,13,,,,,150,1.96,329.28,,,,,,,,,,,,
27421,10.02101069v1,10,,2,1,,6/17/2022 15:14,,,,10,,,,,120,2.23,294.36,,,,,,,,,,,,
27422,10.0292953v1,10,,2,4,,6/17/2022 15:15,,,,5,,,,,60,2.58,185.76,,,,,,,,,,,,
27423,44.0287566v1,44,,21,1,,6/17/2022 15:00,,,,84,,,,,1000,1.79,1825.8,,,,,,,,,,,,
27424,10.0245243v1,10,,2,1,,6/17/2022 17:45,,,,10,,,,,120,2.23,294.36,,,,,,,,,,,,
27425,10.02101121v1,10,,2,1,,6/17/2022 17:43,,,,250,,,,,3000,1.6,4819.2,,,,,,,,,,,,
27426,10.0273818v3,10,,2,4,,6/17/2022 16:57,,,,10,,,,,120,2.58,340.56,,,,,,,,,,,,
27427,10.0292308v4,10,,2,3,,7/5/2022 17:12,,,,105,,,,,1250,1.91,2429.52,,,,,,,,,,,,
27428,10.0291284v4,10,,2,3,,6/17/2022 19:57,,,,17,,,,,200,2.41,520.56,,,,,,,,,,,,
27429,10.02101040v3,10,,2,4,,6/22/2022 17:41,,,,9,,,,,105,2.58,309.6,,,,,,,,,,,,
27430,12.02101536v1,12,,4,4,,6/17/2022 20:50,,,,6,,,,,69,2.83,237.72,,,,,,,,,,,,
27431,55.0299537v1,55,,114,1,,6/21/2022 14:57,,,,21,,,,,250,1.96,517.44,,,,,,,,,,,,
27432,10.02101199v2,10,,2,4,,6/17/2022 19:35,,,,5,,,,,60,2.58,185.76,,,,,,,,,,,,
27433,17.02101280v3,17,,9,3,,6/20/2022 13:29,,,,100,,,,,1200,1.91,2314.92,,,,,,,,,,,,
27434,10.0295843v1,10,,2,1,,6/20/2022 15:17,,,,17,,,,,200,1.96,423.36,,,,,,,,,,,,
27435,10.0294467v2,10,,2,4,,6/17/2022 21:23,,,,5,,,,,60,2.58,185.76,,,,,,,,,,,,
27436,10.02101240v3,10,,2,3,,6/17/2022 22:59,,,,42,,,,,500,2.41,1243.56,,,,,,,,,,,,
27437,10.0286831v1,10,,2,3,,6/19/2022 19:54,,,,10,,,,,111,2.58,340.56,,,,,,,,,,,,
27438,10.02101041v1,10,,2,1,,6/20/2022 14:00,,,,5,,,,,60,2.56,184.32,,,,,,,,,,,,
27439,10.0219813v1,10,,2,1,,6/20/2022 16:54,,,,13,,,,,150,1.96,329.28,,,,,,,,,,,,
27440,10.0276474v3,10,,2,3,,6/20/2022 15:05,,,,13,,,,,150,2.41,404.88,,,,,,,,,,,,
27441,10.02101108v4,10,,2,1,,6/20/2022 17:07,,,,19,,,,,220,1.96,470.4,,,,,,,,,,,,
27442,10.02101616v1,10,,2,4,,6/20/2022 15:43,,,,5,,,,,60,2.58,185.76,,,,,,,,,,,,
27442,10.02101613v1,10,,2,4,,6/20/2022 15:43,,,,5,,,,,60,2.58,185.76,,,,,,,,,,,,
27443,10.02100821v1,10,,2,3,,6/20/2022 17:47,,,,100,,,,,1200,1.91,2314.92,,,,,,,,,,,,
27444,10.0297281v1,10,,2,4,,6/21/2022 18:25,,,,7,,,,,75,2.58,247.68,,,,,,,,,,,,
27444,10.0297434v8,10,,2,4,,6/21/2022 18:25,,,,7,,,,,75,2.58,247.68,,,,,,,,,,,,
27445,44.0298082v3,44,,21,3,,6/20/2022 17:54,,,,21,,,,,250,2.49,657.36,,,,,,,,,,,,
27446,40.0221354v2,40,,18,1,,6/20/2022 18:44,,,,20,,,,,240,1.96,493.92,,,,,,,,,,,,
27448,10.02101221v2,10,,2,4,,6/20/2022 18:32,,,,7,,,,,80,2.58,247.68,,,,,,,,,,,,
27449,10.0269574v1,10,,2,1,,6/20/2022 20:09,,,,30,,,,,360,1.96,729.12,,,,,,,,,,,,
27450,55.02101717v1,55,,114,1,,6/20/2022 20:02,,,,9,,,,,105,2.56,307.2,,,,,,,,,,,,
27451,10.02100700v2,10,,2,1,,6/22/2022 16:44,,,,5,,,,,60,2.56,184.32,,,,,,,,,,,,
27452,10.02101518v1,10,,2,1,,6/20/2022 21:13,,,,5,,,,,60,2.56,184.32,,,,,,,,,,,,
27453,10.0298732v3,10,,2,1,,6/21/2022 19:41,,,,10,,,,,120,2.23,294.36,,,,,,,,,,,,
27454,10.0295619v1,10,,2,1,,6/21/2022 13:26,,,,5,,,,,60,2.56,184.32,,,,,,,,,,,,
27454,55.02101837v1,55,,114,1,,6/21/2022 13:26,,,,5,,,,,60,2.56,184.32,,,,,,,,,,,,
27454,46.0295612v1,46,,113,1,,6/21/2022 13:26,,,,5,,,,,60,2.56,184.32,,,,,,,,,,,,
27455,10.02101151v1,10,,2,4,,6/21/2022 21:35,,,,21,,,,,250,2.41,636.24,,,,,,,,,,,,
27455,10.02101148v1,10,,2,4,,6/21/2022 21:35,,,,21,,,,,250,2.41,636.24,,,,,,,,,,,,
27456,10.0285850v1,10,,2,4,,6/20/2022 22:55,,,,5,,,,,60,2.58,185.76,,,,,,,,,,,,
27457,10.02101114v2,10,,2,4,,6/21/2022 18:17,,,,5,,,,,60,2.58,185.76,,,,,,,,,,,,
27458,10.0286396v1,10,,2,1,,6/23/2022 17:15,,,,42,,,,,500,1.96,1011.36,,,,,,,,,,,,
27459,55.02102065v1,55,,114,4,,6/21/2022 15:29,,,,7,,,,,75,2.75,264,,,,,,,,,,,,
27461,10.0296355v2,10,,2,1,,6/21/2022 12:31,,,,5,,,,,60,2.56,184.32,,,,,,,,,,,,
27461,10.0296354v2,10,,2,1,,6/21/2022 12:31,,,,5,,,,,60,2.56,184.32,,,,,,,,,,,,
27462,10.02101692v4,10,,2,4,,6/21/2022 12:57,,,,9,,,,,100,2.58,309.6,,,,,,,,,,,,
27463,10.02100556v2,10,,2,4,,6/21/2022 14:27,,,,7,,,,,75,2.58,247.68,,,,,,,,,,,,
27463,10.02100557v3,10,,2,4,,6/21/2022 14:27,,,,5,,,,,60,2.58,185.76,,,,,,,,,,,,
27464,55.0298781v2,55,,114,1,,6/21/2022 18:11,,,,25,,,,,300,1.96,611.52,,,,,,,,,,,,
27465,10.0249326v1,10,,2,4,,6/24/2022 15:36,,,,5,,,,,60,2.58,185.76,,,,,,,,,,,,
27466,10.0276703v1,10,,2,3,,6/21/2022 18:08,,,,19,,,,,225,2.41,578.4,,,,,,,,,,,,
27467,10.02101535v4,10,,2,3,,6/22/2022 1:39,,,,10,,,,,110,2.58,340.56,,,,,,,,,,,,
27468,10.0295666v8,10,,2,1,,6/21/2022 19:30,,,,40,,,,,480,1.96,964.32,,,,,,,,,,,,
27469,10.0241447v1,10,,2,3,,6/21/2022 22:14,,,,17,,,,,200,2.41,520.56,,,,,,,,,,,,
27470,10.0297776v4,10,,2,3,,6/21/2022 20:23,,,,10,,,,,120,2.58,340.56,,,,,,,,,,,,
27470,10.0297788v1,10,,2,3,,6/21/2022 20:23,,,,10,,,,,120,2.58,340.56,,,,,,,,,,,,
27471,10.0214355v1,10,,2,4,,6/22/2022 23:18,,,,5,,,,,60,2.58,185.76,,,,,,,,,,,,
27472,46.02100727v3,46,,113,1,,6/22/2022 15:53,,,,10,,,,,120,2.23,294.36,,,,,,,,,,,,
27473,10.0294482v2,10,,2,3,,6/21/2022 22:18,,,,17,,,,,200,2.41,520.56,,,,,,,,,,,,
27474,55.02101534v1,55,,114,4,,6/21/2022 22:22,,,,11,,,,,126,2.75,396,,,,,,,,,,,,
27474,55.02101533v1,55,,114,4,,6/21/2022 22:22,,,,11,,,,,126,2.75,396,,,,,,,,,,,,
27475,10.0260746v1,10,,2,3,,6/21/2022 22:26,,,,10,,,,,120,2.58,340.56,,,,,,,,,,,,
27476,10.02101384v1,10,,2,3,,6/21/2022 22:40,,,,5,,,,,60,3.66,263.52,,,,,,,,,,,,
27477,10.0217388v2,10,,2,1,,6/24/2022 17:12,,,,10,,,,,120,2.23,294.36,,,,,,,,,,,,
27479,10.02101756v1,10,,2,4,,6/22/2022 14:36,,,,9,,,,,100,2.58,309.6,,,,,,,,,,,,
27480,10.0255491v1,10,,2,3,,7/6/2022 15:33,,,,9,,,,,100,3.58,429.6,,,,,,,,,,,,
27482,10.0231540v1,10,,2,4,,6/22/2022 13:21,,,,42,,,,,500,2.41,1243.56,,,,,,,,,,,,
27482,10.0231539v1,10,,2,4,,6/22/2022 13:21,,,,42,,,,,500,2.41,1243.56,,,,,,,,,,,,
27483,10.02100156v1,10,,2,3,,6/22/2022 16:43,,,,40,,,,,480,2.41,1185.72,,,,,,,,,,,,
27486,12.02101910v2,12,,4,3,,6/22/2022 20:35,,,,20,,,,,240,2.16,544.32,,,,,,,,,,,,
27486,10.02101422v1,10,,2,3,,6/22/2022 20:35,,,,20,,,,,240,2.41,607.32,,,,,,,,,,,,
27488,10.02101684v1,10,,2,4,,6/22/2022 17:55,,,,5,,,,,60,2.58,185.76,,,,,,,,,,,,
27489,10.02102069v1,10,,2,3,,6/22/2022 17:56,,,,34,,,,,400,2.41,1012.2,,,,,,,,,,,,
27490,55.02101574v2,55,,114,1,,6/22/2022 20:27,,,,5,,,,,60,2.56,184.32,,,,,,,,,,,,
27491,10.02101734v1,10,,2,1,,6/22/2022 18:14,,,,5,,,,,60,2.56,184.32,,,,,,,,,,,,
27492,10.0294713v1,10,,2,3,,6/22/2022 18:59,,,,20,,,,,240,2.41,607.32,,,,,,,,,,,,
27493,40.0295500v3,40,,18,1,,6/28/2022 15:11,,,,8,,,,,95,2.56,276.48,,,,,,,,,,,,
27493,40.0295643v2,40,,18,1,,6/28/2022 15:11,,,,8,,,,,95,2.56,276.48,,,,,,,,,,,,
27494,10.0298899v7,10,,2,1,,6/23/2022 14:52,,,,10,,,,,120,2.23,294.36,,,,,,,,,,,,
27495,10.0291998v1,10,,2,3,,6/22/2022 20:33,,,,34,,,,,400,2.41,1012.2,,,,,,,,,,,,
27496,55.02101605v1,55,,114,1,,6/22/2022 22:00,,,,20,,,,,240,1.96,493.92,,,,,,,,,,,,
27497,10.0295815v5,10,,2,4,,6/22/2022 22:55,,,,9,,,,,100,2.58,309.6,,,,,,,,,,,,
27498,10.0231687v1,10,,2,3,,6/22/2022 20:09,,,,24,,,,,288,2.41,723,,,,,,,,,,,,
27498,10.0253616v1,10,,2,3,,6/22/2022 20:09,,,,12,,,,,144,2.41,375.96,,,,,,,,,,,,
27498,10.022333v2,10,,2,3,,6/22/2022 20:09,,,,12,,,,,144,2.41,375.96,,,,,,,,,,,,
27499,10.02102152v1,10,,2,3,,6/22/2022 20:28,,,,21,,,,,250,2.41,636.24,,,,,,,,,,,,
27500,17.02102194v1,17,,9,4,,6/22/2022 22:56,,,,21,,,,,250,2.41,636.24,,,,,,,,,,,,
27501,10.0276860v2,10,,2,1,,6/22/2022 21:32,,,,10,,,,,120,2.23,294.36,,,,,,,,,,,,
27502,10.02101372v1,10,,2,1,,6/23/2022 14:31,,,,5,,,,,60,2.56,184.32,,,,,,,,,,,,
27505,40.0213316v1,40,,18,1,,6/23/2022 14:19,,,,5,,,,,60,2.56,184.32,,,,,,,,,,,,
27506,10.0239229v1,10,,2,1,,6/23/2022 14:42,,,,9,,,,,100,2.56,307.2,,,,,,,,,,,,
27507,10.02102197v1,10,,2,4,,6/23/2022 21:06,,,,5,,,,,60,2.58,185.76,,,,,,,,,,,,
27508,10.02100142v2,10,,2,1,,6/23/2022 19:33,,,,42,,,,,500,1.96,1011.36,,,,,,,,,,,,
27510,40.0223738v1,40,,18,3,,6/28/2022 16:20,,,,21,,,,,250,2.49,657.36,,,,,,,,,,,,
27511,46.0273932v1,46,,113,1,,6/24/2022 15:56,,,,30,,,,,360,1.96,729.12,,,,,,,,,,,,
27512,10.02101815v2,10,,2,4,,6/23/2022 21:29,,,,5,,,,,60,2.58,185.76,,,,,,,,,,,,
27514,10.02100891v1,10,,2,1,,7/1/2022 20:45,,,,30,,,,,350,1.96,729.12,,,,,,,,,,,,
27515,10.02101370v2,10,,2,4,,6/23/2022 21:22,,,,5,,,,,60,2.58,185.76,,,,,,,,,,,,
27515,10.02101130v2,10,,2,4,,6/23/2022 21:22,,,,5,,,,,60,2.58,185.76,,,,,,,,,,,,
27516,10.0297971v1,10,,2,4,,6/23/2022 20:43,,,,5,,,,,60,2.58,185.76,,,,,,,,,,,,
27517,10.02102265v1,10,,2,1,,6/23/2022 20:33,,,,21,,,,,250,1.96,517.44,,,,,,,,,,,,
27517,10.02102269v1,10,,2,1,,6/23/2022 20:33,,,,21,,,,,250,1.96,517.44,,,,,,,,,,,,
27517,10.02102276v1,10,,2,1,,6/23/2022 20:33,,,,21,,,,,250,1.96,517.44,,,,,,,,,,,,
27517,10.02102279v1,10,,2,1,,6/23/2022 20:33,,,,21,,,,,250,1.96,517.44,,,,,,,,,,,,
27518,10.02101973v1,10,,2,3,,6/23/2022 20:34,,,,10,,,,,120,2.58,340.56,,,,,,,,,,,,
27519,55.02100203v4,55,,114,3,,6/23/2022 20:42,,,,5,,,,,60,3.74,269.28,,,,,,,,,,,,
27520,10.0289360v1,10,,2,3,,6/23/2022 22:56,,,,42,,,,,500,2.41,1243.56,,,,,,,,,,,,
27521,10.0282942v1,10,,2,4,,6/24/2022 14:08,,,,5,,,,,60,2.58,185.76,,,,,,,,,,,,
27522,10.0210309v2,10,,2,3,,6/23/2022 21:50,,,,34,,,,,400,2.41,1012.2,,,,,,,,,,,,
27523,10.02102252v1,10,,2,1,,7/5/2022 22:38,,,,10,,,,,120,2.23,294.36,,,,,,,,,,,,
27524,10.02102253v1,10,,2,4,,6/23/2022 23:15,,,,5,,,,,60,2.58,185.76,,,,,,,,,,,,
27525,40.0273702v1,40,,18,1,,6/24/2022 13:48,,,,10,,,,,120,2.23,294.36,,,,,,,,,,,,
27526,10.02102354v1,10,,2,4,,6/24/2022 14:24,,,,5,,,,,60,2.58,185.76,,,,,,,,,,,,
27527,10.0261838v1,10,,2,3,,6/24/2022 15:34,,,,10,,,,,120,2.58,340.56,,,,,,,,,,,,
27528,10.0299576v1,10,,2,3,,6/24/2022 16:23,,,,10,,,,,120,2.58,340.56,,,,,,,,,,,,
27529,10.029026v1,10,,2,1,,6/24/2022 16:37,,,,13,,,,,150,1.96,329.28,,,,,,,,,,,,
27530,10.0232251v2,10,,2,4,,6/24/2022 15:42,,,,20,,,,,240,2.41,607.32,,,,,,,,,,,,
27531,55.02102244v2,55,,114,1,,6/24/2022 20:47,,,,13,,,,,155,1.96,329.28,,,,,,,,,,,,
27532,10.02102118v1,10,,2,1,,6/24/2022 16:53,,,,30,,,,,360,1.96,729.12,,,,,,,,,,,,
27535,10.0249996v4,10,,2,1,,6/24/2022 20:47,,,,5,,,,,60,2.56,184.32,,,,,,,,,,,,
27536,55.02101735v1,55,,114,1,,6/24/2022 18:26,,,,5,,,,,60,2.56,184.32,,,,,,,,,,,,
27537,10.0269912v1,10,,2,3,,6/24/2022 21:03,,,,11,,,,,125,2.58,371.52,,,,,,,,,,,,
27537,10.0269915v1,10,,2,3,,6/24/2022 21:03,,,,11,,,,,125,2.58,371.52,,,,,,,,,,,,
27537,10.0269913v1,10,,2,3,,6/24/2022 21:03,,,,11,,,,,125,2.58,371.52,,,,,,,,,,,,
27538,10.0288617v1,10,,2,1,,6/24/2022 18:51,,,,42,,,,,500,1.96,1011.36,,,,,,,,,,,,
27539,10.02102185v3,10,,2,3,,6/24/2022 20:49,,,,42,,,,,500,2.41,1243.56,,,,,,,,,,,,
27540,10.02102008v1,10,,2,1,,6/24/2022 20:45,,,,5,,,,,60,2.56,184.32,,,,,,,,,,,,
27540,55.02102016v1,55,,114,1,,6/24/2022 20:45,,,,5,,,,,60,2.56,184.32,,,,,,,,,,,,
27540,10.02102009v1,10,,2,1,,6/24/2022 20:45,,,,5,,,,,60,2.56,184.32,,,,,,,,,,,,
27541,10.0285954v4,10,,2,1,,6/27/2022 14:58,,,,5,,,,,60,2.56,184.32,,,,,,,,,,,,
27542,10.02102437v2,10,,2,3,,6/24/2022 20:59,,,,9,,,,,105,3.58,429.6,,,,,,,,,,,,
27543,44.02100115v1,44,,21,4,,6/25/2022 4:58,,,,84,,,,,1000,2.08,2121.6,,,,,,,,,,,,
27544,10.02100566v1,10,,2,1,,6/27/2022 14:56,,,,21,,,,,241,1.96,517.44,,,,,,,,,,,,
27545,10.02102443v1,10,,2,3,,6/24/2022 21:59,,,,10,,,,,120,2.58,340.56,,,,,,,,,,,,
27547,10.02101385v2,10,,2,1,,6/27/2022 17:47,,,,100,,,,,1200,1.71,2072.52,,,,,,,,,,,,
27548,10.0298896v6,10,,2,3,,6/25/2022 16:28,,,,10,,,,,120,2.58,340.56,,,,,,,,,,,,
27549,10.02102438v2,10,,2,3,,6/26/2022 1:09,,,,5,,,,,60,3.66,263.52,,,,,,,,,,,,
27550,10.0283087v4,10,,2,1,,6/27/2022 17:19,,,,15,,,,,175,1.96,376.32,,,,,,,,,,,,
27551,10.0299227v2,10,,2,1,,6/27/2022 19:25,,,,10,,,,,120,2.23,294.36,,,,,,,,,,,,
27552,10.0226732v1,10,,2,3,,6/27/2022 15:54,,,,10,,,,,120,2.58,340.56,,,,,,,,,,,,
27553,40.0270770v4,40,,18,1,,7/1/2022 15:03,,,,7,,,,,75,2.56,245.76,,,,,,,,,,,,
27553,40.0270770v3,40,,18,1,,7/1/2022 15:03,,,,7,,,,,75,2.56,245.76,,,,,,,,,,,,
27554,10.02101324v2,10,,2,1,,6/27/2022 17:44,,,,10,,,,,120,2.23,294.36,,,,,,,,,,,,
27554,10.02101324v1,10,,2,1,,6/27/2022 17:44,,,,10,,,,,120,2.23,294.36,,,,,,,,,,,,
27555,10.0259897v2,10,,2,1,,6/27/2022 17:49,,,,10,,,,,120,2.23,294.36,,,,,,,,,,,,
27556,10.0258092v3,10,,2,1,,6/27/2022 18:15,,,,10,,,,,120,2.23,294.36,,,,,,,,,,,,
27558,10.0299803v1,10,,2,1,,6/27/2022 19:26,,,,5,,,,,60,2.56,184.32,,,,,,,,,,,,
27559,10.02102281v5,10,,2,1,,6/27/2022 19:26,,,,21,,,,,250,1.96,517.44,,,,,,,,,,,,
27561,10.02102533v3,10,,2,1,,6/27/2022 20:43,,,,13,,,,,155,1.96,329.28,,,,,,,,,,,,
27562,10.02102597v1,10,,2,1,,6/27/2022 21:32,,,,5,,,,,60,2.56,184.32,,,,,,,,,,,,
27563,10.02102784v1,10,,2,4,,6/29/2022 16:22,,,,17,,,,,200,2.41,520.56,,,,,,,,,,,,
27564,10.02102475v1,10,,2,1,,6/27/2022 21:56,,,,5,,,,,60,2.56,184.32,,,,,,,,,,,,
27565,10.02102341v1,10,,2,1,,6/27/2022 21:57,,,,42,,,,,501,1.96,1011.36,,,,,,,,,,,,
27566,10.0298232v2,10,,2,4,,6/29/2022 14:33,,,,10,,,,,120,2.58,340.56,,,,,,,,,,,,
27567,10.0254134v1,10,,2,3,,6/27/2022 23:21,,,,60,,,,,720,1.91,1398.12,,,,,,,,,,,,
27568,10.0296832v2,10,,2,3,,7/7/2022 16:53,,,,11,,,,,123,2.58,371.52,,,,,,,,,,,,
27569,10.0297376v1,10,,2,3,,6/27/2022 23:18,,,,5,,,,,60,3.66,263.52,,,,,,,,,,,,
27570,10.0283748v2,10,,2,3,,6/28/2022 14:50,,,,9,,,,,100,3.58,429.6,,,,,,,,,,,,
27571,10.02102613v1,10,,2,1,,6/27/2022 23:04,,,,36,,,,,425,1.96,870.24,,,,,,,,,,,,
27572,10.0268769v2,10,,2,1,,6/29/2022 14:55,,,,10,,,,,120,2.23,294.36,,,,,,,,,,,,
27573,10.02100485v3,10,,2,1,,6/28/2022 15:52,,,,5,,,,,60,2.56,184.32,,,,,,,,,,,,
27574,55.02101466v2,55,,114,4,,6/29/2022 15:31,,,,13,,,,,150,2.58,433.44,,,,,,,,,,,,
27575,10.0242049v1,10,,2,1,,6/30/2022 16:13,,,,84,,,,,1000,1.79,1825.8,,,,,,,,,,,,
27575,10.0232494v1,10,,2,1,,6/30/2022 16:13,,,,84,,,,,1000,1.79,1825.8,,,,,,,,,,,,
27576,10.02102499v3,10,,2,4,,6/28/2022 17:21,,,,109,,,,,1305,1.91,2521.2,,,,,,,,,,,,
27577,10.0298893v2,10,,2,1,,6/28/2022 15:57,,,,12,,,,,135,1.96,305.76,,,,,,,,,,,,
27578,10.0214595v1,10,,2,1,,6/28/2022 15:56,,,,5,,,,,60,2.56,184.32,,,,,,,,,,,,
27579,40.0274587v2,40,,18,4,,6/28/2022 15:52,,,,15,,,,,175,2.58,495.36,,,,,,,,,,,,
27579,40.0274587v1,40,,18,4,,6/28/2022 15:52,,,,15,,,,,175,2.58,495.36,,,,,,,,,,,,
27580,10.0294358v4,10,,2,4,,6/28/2022 17:20,,,,5,,,,,60,2.58,185.76,,,,,,,,,,,,
27581,10.02103152v1,10,,2,4,,8/12/2022 18:27,,,,84,,,,,1000,1.91,1948.2,,,,,,,,,,,,
27582,10.0273564v5,10,,2,4,,6/28/2022 19:02,,,,20,,,,,240,2.41,607.32,,,,,,,,,,,,
27584,10.0299634v1,10,,2,4,,6/28/2022 19:17,,,,10,,,,,120,2.58,340.56,,,,,,,,,,,,
27585,44.0271137v1,44,,21,3,,6/28/2022 19:20,,,,50,,,,,600,2.24,1370.88,,,,,,,,,,,,
27586,10.0277624v1,10,,2,4,,6/28/2022 20:28,,,,63,,,,,750,1.91,1466.88,,,,,,,,,,,,
27587,10.0232279v3,10,,2,4,,6/28/2022 19:55,,,,42,,,,,500,2.41,1243.56,,,,,,,,,,,,
27588,46.02102108v1,46,,113,1,,7/1/2022 18:39,,,,8,,,,,90,2.56,276.48,,,,,,,,,,,,
27591,44.02100954v1,44,,21,3,,7/6/2022 22:30,,,,71,,,,,850,1.99,1719.36,,,,,,,,,,,,
27592,55.02102815v1,55,,114,3,,6/28/2022 22:39,,,,95,,,,,1140,2.1,2419.2,,,,,,,,,,,,
27593,12.02102521v1,12,,4,4,,6/29/2022 14:28,,,,17,,,,,200,2.54,548.64,,,,,,,,,,,,
27593,10.02101708v3,10,,2,4,,6/29/2022 14:28,,,,34,,,,,400,2.41,1012.2,,,,,,,,,,,,
27594,10.02102719v1,10,,2,1,,6/29/2022 22:20,,,,5,,,,,60,2.56,184.32,,,,,,,,,,,,
27595,10.02102306v1,10,,2,4,,6/28/2022 21:36,,,,13,,,,,150,2.41,404.88,,,,,,,,,,,,
27596,10.0266665v1,10,,2,1,,6/30/2022 18:30,,,,20,,,,,240,1.96,493.92,,,,,,,,,,,,
27597,10.02100043v3,10,,2,1,,7/5/2022 19:14,,,,34,,,,,400,1.96,823.2,,,,,,,,,,,,
27598,12.02102731v1,12,,4,4,,6/29/2022 12:41,,,,7,,,,,75,2.83,271.68,,,,,,,,,,,,
27599,10.02102780v1,10,,2,4,,6/28/2022 22:36,,,,5,,,,,60,2.58,185.76,,,,,,,,,,,,
27600,10.0283068v2,10,,2,4,,6/29/2022 18:48,,,,60,,,,,720,1.91,1398.12,,,,,,,,,,,,
27601,10.0257398v2,10,,2,3,,6/29/2022 15:04,,,,100,,,,,1200,1.91,2314.92,,,,,,,,,,,,
27602,55.02102484v1,55,,114,1,,6/28/2022 22:59,,,,9,,,,,100,2.56,307.2,,,,,,,,,,,,
27602,55.02102485v1,55,,114,1,,6/28/2022 22:59,,,,9,,,,,100,2.56,307.2,,,,,,,,,,,,
27603,10.029297v1,10,,2,3,,7/1/2022 14:42,,,,13,,,,,150,2.41,404.88,,,,,,,,,,,,
27604,17.02103458v2,17,,9,4,,7/12/2022 17:46,,,,34,,,,,400,2.41,1012.2,,,,,,,,,,,,
27605,10.02100873v1,10,,2,4,,6/28/2022 23:33,,,,20,,,,,240,2.41,607.32,,,,,,,,,,,,
27606,55.0298923v2,55,,114,4,,6/29/2022 14:27,,,,5,,,,,60,2.75,198,,,,,,,,,,,,
27607,10.0223650v1,10,,2,3,,6/29/2022 18:21,,,,25,,,,,300,2.41,751.92,,,,,,,,,,,,
27607,10.0223650v2,10,,2,3,,6/29/2022 18:21,,,,25,,,,,300,2.41,751.92,,,,,,,,,,,,
27608,10.02102377v1,10,,2,4,,6/29/2022 16:58,,,,42,,,,,500,2.41,1243.56,,,,,,,,,,,,
27609,10.02102819v2,10,,2,4,,6/29/2022 16:20,,,,5,,,,,60,2.58,185.76,,,,,,,,,,,,
27611,10.0293694v1,10,,2,3,,6/29/2022 18:45,,,,37,,,,,440,2.41,1098.96,,,,,,,,,,,,
27612,10.0292980v1,10,,2,4,,6/29/2022 15:29,,,,10,,,,,120,2.58,340.56,,,,,,,,,,,,
27612,10.0292981v1,10,,2,4,,6/29/2022 15:29,,,,10,,,,,120,2.58,340.56,,,,,,,,,,,,
27613,10.0298157v1,10,,2,1,,6/29/2022 16:25,,,,100,,,,,1200,1.71,2072.52,,,,,,,,,,,,
27614,10.0289433v1,10,,2,4,,6/29/2022 18:12,,,,5,,,,,60,2.58,185.76,,,,,,,,,,,,
27615,13.0593213v1,13,,5,3,,6/30/2022 16:50,,,,834,,,,,10000,1.2,12024,,,,,,,,,,,,
27616,10.0299419v2,10,,2,4,,6/29/2022 16:43,,,,13,,,,,150,2.41,404.88,,,,,,,,,,,,
27616,10.0299419v3,10,,2,4,,6/29/2022 16:43,,,,13,,,,,150,2.41,404.88,,,,,,,,,,,,
27617,10.02100137v3,10,,2,1,,7/5/2022 22:58,,,,6,,,,,65,2.56,215.04,,,,,,,,,,,,
27618,10.0299341v1,10,,2,1,,6/29/2022 19:05,,,,21,,,,,251,1.96,517.44,,,,,,,,,,,,
27619,,70,,,3,44757,6/29/2022 17:57,,,,,,,,,,2.41,,28013,320,9373,21946,64,7814,336,87676,6/29/2022 17:51,7/15/2022,27,809.76
27620,10.0249255v3,10,,2,3,,7/6/2022 22:44,,,,25,,,,,300,2.41,751.92,,,,,,,,,,,,
27620,10.0249255v2,10,,2,3,,7/6/2022 22:44,,,,25,,,,,300,2.41,751.92,,,,,,,,,,,,
27621,10.02102817v1,10,,2,4,,6/29/2022 18:21,,,,30,,,,,360,2.41,896.52,,,,,,,,,,,,
27624,,70,,,1,44755,6/29/2022 21:00,,,,,,,,,,2.56,,27947,60,9384,21867,107,7825,72,85957,6/29/2022 20:37,7/13/2022,5,184.32
27625,10.02102768v1,10,,2,3,,7/1/2022 22:31,,,,10,,,,,120,2.58,340.56,,,,,,,,,,,,
27626,12.0298045v2,12,,4,1,,6/29/2022 22:16,,,,30,,,,,356,1.55,576.6,,,,,,,,,,,,
27626,12.0298011v4,12,,4,1,,6/29/2022 22:16,,,,34,,,,,406,1.55,651,,,,,,,,,,,,
27627,55.02102347v1,55,,114,4,,6/29/2022 19:26,,,,9,,,,,105,2.75,330,,,,,,,,,,,,
27628,10.0261947v4,10,,2,1,,6/29/2022 11:50,,,,20,,,,,240,1.96,493.92,,,,,,,,,,,,
27629,17.0258534v8,17,,9,3,,6/29/2022 19:35,,,,10,,,,,120,2.58,340.56,,,,,,,,,,,,
27630,10.0293705v1,10,,2,4,,6/29/2022 20:45,,,,9,,,,,100,2.58,309.6,,,,,,,,,,,,
27630,10.0293705v2,10,,2,4,,6/29/2022 20:45,,,,9,,,,,100,2.58,309.6,,,,,,,,,,,,
27631,10.02101810v4,10,,2,1,,6/29/2022 21:35,,,,5,,,,,60,2.56,184.32,,,,,,,,,,,,
27632,10.0238154v8,10,,2,1,,6/29/2022 21:54,,,,20,,,,,240,1.96,493.92,,,,,,,,,,,,
27633,17.0298010v1,17,,9,3,,6/30/2022 20:42,,,,126,,,,,1501,1.91,2910.84,,,,,,,,,,,,
27634,55.02102350v2,55,,114,1,,6/30/2022 15:24,,,,5,,,,,60,2.56,184.32,,,,,,,,,,,,
27635,10.0226299v1,10,,2,4,,6/30/2022 21:42,,,,5,,,,,60,2.58,185.76,,,,,,,,,,,,
27635,10.0226298v1,10,,2,4,,6/30/2022 21:42,,,,5,,,,,60,2.58,185.76,,,,,,,,,,,,
27636,10.0268586v1,10,,2,1,,6/30/2022 3:43,,,,25,,,,,300,1.96,611.52,,,,,,,,,,,,
27638,10.0288519v3,10,,2,1,,6/30/2022 14:23,,,,100,,,,,1200,1.71,2072.52,,,,,,,,,,,,
27639,10.02102135v1,10,,2,3,,6/30/2022 16:16,,,,42,,,,,500,2.41,1243.56,,,,,,,,,,,,
27640,10.02102399v3,10,,2,1,,7/1/2022 21:22,,,,15,,,,,180,1.96,376.32,,,,,,,,,,,,
27641,10.0258604v1,10,,2,1,,6/30/2022 16:44,,,,10,,,,,120,2.23,294.36,,,,,,,,,,,,
27642,10.0215899v8,10,,2,3,,6/30/2022 20:42,,,,60,,,,,720,1.91,1398.12,,,,,,,,,,,,
27643,12.0282866v2,12,,4,1,,6/30/2022 16:33,,,,12,,,,,135,1.55,241.8,,,,,,,,,,,,
27644,10.0294337v1,10,,2,3,,7/1/2022 17:37,,,,10,,,,,120,2.58,340.56,,,,,,,,,,,,
27645,10.021342v1,10,,2,1,,6/30/2022 16:56,,,,21,,,,,250,1.96,517.44,,,,,,,,,,,,
27646,17.0239478v2,17,,9,3,,6/30/2022 17:03,,,,42,,,,,500,2.41,1243.56,,,,,,,,,,,,
27647,10.0299479v2,10,,2,1,,6/30/2022 16:30,,,,5,,,,,60,2.56,184.32,,,,,,,,,,,,
27648,10.0276753v3,10,,2,3,,6/30/2022 17:05,,,,10,,,,,120,2.58,340.56,,,,,,,,,,,,
27648,10.0276756v3,10,,2,3,,6/30/2022 17:05,,,,10,,,,,120,2.58,340.56,,,,,,,,,,,,
27649,55.0299458v1,55,,114,1,,7/5/2022 16:18,,,,36,,,,,425,1.96,870.24,,,,,,,,,,,,
27650,10.02102987v1,10,,2,3,,6/30/2022 19:20,,,,11,,,,,124,2.58,371.52,,,,,,,,,,,,
27651,10.02102826v1,10,,2,3,,6/30/2022 18:28,,,,10,,,,,120,2.58,340.56,,,,,,,,,,,,
27652,17.02102938v1,17,,9,3,,6/30/2022 18:31,,,,5,,,,,60,3.66,263.52,,,,,,,,,,,,
27652,17.02102937v1,17,,9,3,,6/30/2022 18:31,,,,5,,,,,60,3.66,263.52,,,,,,,,,,,,
27653,46.02103006v1,46,,113,1,,6/30/2022 18:45,,,,10,,,,,120,2.23,294.36,,,,,,,,,,,,
27654,10.02103687v1,10,,2,1,,6/30/2022 19:44,,,,60,,,,,720,1.79,1310.28,,,,,,,,,,,,
27655,10.021974v4,10,,2,3,,6/30/2022 19:44,,,,84,,,,,1000,1.91,1948.2,,,,,,,,,,,,
27656,10.02102363v1,10,,2,3,,6/30/2022 20:13,,,,9,,,,,100,3.58,429.6,,,,,,,,,,,,
27657,10.02103039v1,10,,2,3,,6/30/2022 21:40,,,,20,,,,,240,2.41,607.32,,,,,,,,,,,,
27658,10.02103045v1,10,,2,1,,6/30/2022 21:48,,,,43,,,,,508,1.96,1034.88,,,,,,,,,,,,
27659,10.0298155v1,10,,2,1,,7/7/2022 15:05,,,,5,,,,,60,2.56,184.32,,,,,,,,,,,,
27660,55.02101279v1,55,,114,1,,7/1/2022 17:53,,,,42,,,,,501,1.96,1011.36,,,,,,,,,,,,
27660,55.02101259v1,55,,114,1,,7/1/2022 17:53,,,,42,,,,,501,1.96,1011.36,,,,,,,,,,,,
27661,10.0278195v3,10,,2,4,,7/8/2022 17:57,,,,5,,,,,60,2.58,185.76,,,,,,,,,,,,
27662,10.02100807v1,10,,2,3,,7/1/2022 15:56,,,,10,,,,,120,2.58,340.56,,,,,,,,,,,,
27663,12.02102255v1,12,,4,3,,7/1/2022 14:49,,,,42,,,,,500,2.16,1114.56,,,,,,,,,,,,
27664,10.02103058v2,10,,2,3,,7/1/2022 17:08,,,,5,,,,,60,3.66,263.52,,,,,,,,,,,,
27665,10.02102237v2,10,,2,1,,7/1/2022 16:37,,,,42,,,,,500,1.96,1011.36,,,,,,,,,,,,
27666,55.02102165v1,55,,114,1,,7/1/2022 18:20,,,,13,,,,,150,1.96,329.28,,,,,,,,,,,,
27667,10.02101257v4,10,,2,3,,7/18/2022 12:08,,,,17,,,,,200,2.41,520.56,,,,,,,,,,,,
27667,10.02102342v3,10,,2,3,,7/18/2022 12:08,,,,17,,,,,200,2.41,520.56,,,,,,,,,,,,
27668,10.02102122v1,10,,2,3,,7/1/2022 18:51,,,,60,,,,,720,1.91,1398.12,,,,,,,,,,,,
27669,10.0299306v1,10,,2,3,,7/5/2022 23:39,,,,10,,,,,120,2.58,340.56,,,,,,,,,,,,
27669,10.0299298v1,10,,2,3,,7/5/2022 23:39,,,,5,,,,,60,3.66,263.52,,,,,,,,,,,,
27669,10.0299299v1,10,,2,3,,7/5/2022 23:39,,,,10,,,,,120,2.58,340.56,,,,,,,,,,,,
27670,44.0291846v2,44,,21,1,,7/5/2022 20:58,,,,10,,,,,120,2.23,294.36,,,,,,,,,,,,
27672,12.0278726v1,12,,4,3,,7/1/2022 22:17,,,,60,,,,,720,1.66,1215.12,,,,,,,,,,,,
27673,10.0219520v2,10,,2,1,,7/5/2022 21:50,,,,11,,,,,125,2.23,321.12,,,,,,,,,,,,
27674,10.02101095v2,10,,2,1,,7/1/2022 20:57,,,,23,,,,,275,1.96,564.48,,,,,,,,,,,,
27675,10.0269073v1,10,,2,3,,7/5/2022 16:05,,,,9,,,,,100,3.58,429.6,,,,,,,,,,,,
27676,10.0294806v1,10,,2,3,,7/5/2022 15:33,,,,250,,,,,3000,1.62,4879.44,,,,,,,,,,,,
27677,10.0237764v1,10,,2,1,,7/2/2022 17:06,,,,5,,,,,60,2.56,184.32,,,,,,,,,,,,
27677,10.0237749v1,10,,2,1,,7/2/2022 17:06,,,,5,,,,,60,2.56,184.32,,,,,,,,,,,,
27678,10.02103150v1,10,,2,1,,7/3/2022 14:16,,,,9,,,,,105,2.56,307.2,,,,,,,,,,,,
27679,10.02102282v1,10,,2,3,,7/4/2022 13:25,,,,5,,,,,60,3.66,263.52,,,,,,,,,,,,
27680,55.02103165v1,55,,114,1,,7/5/2022 16:07,,,,26,,,,,305,1.96,635.04,,,,,,,,,,,,
27681,10.02102773v2,10,,2,1,,7/5/2022 13:45,,,,19,,,,,220,1.96,470.4,,,,,,,,,,,,
27682,10.02102198v1,10,,2,3,,7/5/2022 16:06,,,,10,,,,,120,2.58,340.56,,,,,,,,,,,,
27683,,70,,,1,44764,7/6/2022 15:44,,,,,,,,,,2.23,,27920,120,9480,22078,107,7910,132,88319,7/6/2022 15:16,7/22/2022,10,294.36
27684,10.02102794v1,10,,2,1,,7/6/2022 15:06,,,,100,,,,,1200,1.71,2072.52,,,,,,,,,,,,
27686,10.0270149v1,10,,2,3,,7/5/2022 16:09,,,,20,,,,,240,2.41,607.32,,,,,,,,,,,,
27686,10.0270148v1,10,,2,3,,7/5/2022 16:09,,,,20,,,,,240,2.41,607.32,,,,,,,,,,,,
27687,13.0586487v1,13,,5,3,,7/5/2022 16:13,,,,17,,,,,200,1.45,313.2,,,,,,,,,,,,
27689,10.02101787v4,10,,2,1,,7/5/2022 17:15,,,,10,,,,,120,2.23,294.36,,,,,,,,,,,,
27690,10.0225001v1,10,,2,1,,7/6/2022 18:54,,,,42,,,,,500,1.96,1011.36,,,,,,,,,,,,
27691,10.0291284v4,10,,2,1,,7/5/2022 18:55,,,,5,,,,,50,2.56,184.32,,,,,,,,,,,,
27691,10.0291283v4,10,,2,1,,7/5/2022 18:55,,,,5,,,,,50,2.56,184.32,,,,,,,,,,,,
27692,10.0221901v2,10,,2,3,,7/5/2022 19:36,,,,10,,,,,120,2.58,340.56,,,,,,,,,,,,
27692,10.0246453v1,10,,2,3,,7/5/2022 19:36,,,,10,,,,,120,2.58,340.56,,,,,,,,,,,,
27693,10.0288431v1,10,,2,1,,7/5/2022 19:46,,,,5,,,,,60,2.56,184.32,,,,,,,,,,,,
27694,10.02100232v3,10,,2,1,,7/6/2022 14:36,,,,17,,,,,200,1.96,423.36,,,,,,,,,,,,
27695,10.02100058v1,10,,2,1,,7/5/2022 20:16,,,,12,,,,,140,1.96,305.76,,,,,,,,,,,,
27695,10.02100061v1,10,,2,1,,7/5/2022 20:16,,,,16,,,,,187,1.96,399.84,,,,,,,,,,,,
27695,10.02100062v1,10,,2,1,,7/5/2022 20:16,,,,6,,,,,65,2.56,215.04,,,,,,,,,,,,
27696,44.02103170v1,44,,21,1,,7/5/2022 20:24,,,,10,,,,,120,2.23,294.36,,,,,,,,,,,,
27697,10.0294713v1,10,,2,3,,7/5/2022 20:58,,,,67,,,,,800,1.91,1558.56,,,,,,,,,,,,
27698,10.0291922v2,10,,2,1,,7/5/2022 22:21,,,,10,,,,,120,2.23,294.36,,,,,,,,,,,,
27699,10.0235943v5,10,,2,1,,7/5/2022 22:22,,,,5,,,,,60,2.56,184.32,,,,,,,,,,,,
27700,10.02103097v1,10,,2,1,,7/5/2022 22:22,,,,12,,,,,137,1.96,305.76,,,,,,,,,,,,
27701,10.0293705v2,10,,2,3,,7/5/2022 22:40,,,,7,,,,,75,3.66,351.36,,,,,,,,,,,,
27701,10.0293705v1,10,,2,3,,7/5/2022 22:40,,,,7,,,,,75,3.66,351.36,,,,,,,,,,,,
27702,10.0299271v1,10,,2,3,,7/6/2022 21:04,,,,7,,,,,75,3.66,351.36,,,,,,,,,,,,
27702,10.0299269v1,10,,2,3,,7/6/2022 21:04,,,,7,,,,,75,3.66,351.36,,,,,,,,,,,,
27702,10.0299270v1,10,,2,3,,7/6/2022 21:04,,,,7,,,,,75,3.66,351.36,,,,,,,,,,,,
27703,10.02103134v2,10,,2,3,,7/5/2022 23:03,,,,7,,,,,75,3.66,351.36,,,,,,,,,,,,
27704,10.02103178v1,10,,2,4,,7/6/2022 16:22,,,,5,,,,,60,2.58,185.76,,,,,,,,,,,,
27705,10.0284067v1,10,,2,1,,7/6/2022 12:32,,,,6,,,,,65,2.56,215.04,,,,,,,,,,,,
27706,10.0232060v1,10,,2,1,,7/6/2022 15:53,,,,42,,,,,500,1.96,1011.36,,,,,,,,,,,,
27707,10.02103209v1,10,,2,3,,7/6/2022 15:39,,,,5,,,,,60,3.66,263.52,,,,,,,,,,,,
27708,10.02102985v2,10,,2,1,,7/7/2022 15:31,,,,13,,,,,150,1.96,329.28,,,,,,,,,,,,
27709,10.02103130v1,10,,2,4,,7/6/2022 15:51,,,,5,,,,,60,2.58,185.76,,,,,,,,,,,,
27710,10.02103299v1,10,,2,3,,7/6/2022 17:04,,,,13,,,,,150,2.41,404.88,,,,,,,,,,,,
27710,12.02103300v1,12,,4,3,,7/6/2022 17:04,,,,13,,,,,150,2.16,362.88,,,,,,,,,,,,
27711,10.02103314v1,10,,2,3,,7/6/2022 17:33,,,,6,,,,,70,3.66,307.44,,,,,,,,,,,,
27712,10.0236742v1,10,,2,3,,7/6/2022 21:22,,,,9,,,,,100,3.58,429.6,,,,,,,,,,,,
27713,10.0284729v1,10,,2,3,,7/6/2022 17:19,,,,20,,,,,240,2.41,607.32,,,,,,,,,,,,
27714,55.02102674v1,55,,114,1,,7/6/2022 18:16,,,,46,,,,,550,1.88,1060.32,,,,,,,,,,,,
27715,10.02102888v1,10,,2,3,,7/6/2022 19:09,,,,5,,,,,60,3.66,263.52,,,,,,,,,,,,
27715,10.02102887v1,10,,2,3,,7/6/2022 19:09,,,,5,,,,,60,3.66,263.52,,,,,,,,,,,,
27717,10.0247080v2,10,,2,3,,7/14/2022 17:37,,,,5,,,,,60,3.66,263.52,,,,,,,,,,,,
27718,10.02103132v2,10,,2,1,,7/6/2022 19:22,,,,17,,,,,200,1.96,423.36,,,,,,,,,,,,
27719,10.0213933v1,10,,2,4,,7/6/2022 19:59,,,,5,,,,,60,2.58,185.76,,,,,,,,,,,,
27720,55.02103349v2,55,,114,1,,7/6/2022 20:40,,,,17,,,,,200,1.96,423.36,,,,,,,,,,,,
27721,10.0291273v1,10,,2,1,,7/6/2022 20:38,,,,7,,,,,77,2.56,245.76,,,,,,,,,,,,
27722,10.0284998v1,10,,2,3,,7/6/2022 21:09,,,,38,,,,,450,2.41,1127.88,,,,,,,,,,,,
27723,10.02103394v1,10,,2,3,,7/6/2022 20:50,,,,9,,,,,107,3.58,429.6,,,,,,,,,,,,
27724,10.02103174v1,10,,2,3,,7/6/2022 20:59,,,,6,,,,,65,3.66,307.44,,,,,,,,,,,,
27725,10.0297883v1,10,,2,3,,7/7/2022 19:03,,,,40,,,,,480,2.41,1185.72,,,,,,,,,,,,
27726,10.02103376v2,10,,2,3,,7/7/2022 21:10,,,,675,,,,,8100,1.62,13141.44,,,,,,,,,,,,
27727,10.0227001v2,10,,2,3,,7/7/2022 15:30,,,,250,,,,,3000,1.62,4879.44,,,,,,,,,,,,
27728,10.0211866v2,10,,2,1,,7/6/2022 21:40,,,,10,,,,,120,2.23,294.36,,,,,,,,,,,,
27728,10.0211864v1,10,,2,1,,7/6/2022 21:40,,,,10,,,,,120,2.23,294.36,,,,,,,,,,,,
27730,10.0272265v3,10,,2,3,,7/8/2022 21:40,,,,11,,,,,124,2.58,371.52,,,,,,,,,,,,
27731,10.0286114v2,10,,2,1,,7/6/2022 23:38,,,,5,,,,,60,2.56,184.32,,,,,,,,,,,,
27732,10.02103395v1,10,,2,4,,7/7/2022 14:04,,,,5,,,,,60,2.58,185.76,,,,,,,,,,,,
27733,10.0280629v2,10,,2,3,,7/7/2022 18:39,,,,100,,,,,1200,1.91,2314.92,,,,,,,,,,,,
27734,10.0231559v2,10,,2,3,,7/7/2022 15:50,,,,21,,,,,250,2.41,636.24,,,,,,,,,,,,
27735,10.02103462v2,10,,2,3,,7/7/2022 16:04,,,,13,,,,,150,2.41,404.88,,,,,,,,,,,,
27736,10.0295710v1,10,,2,1,,7/7/2022 18:11,,,,5,,,,,60,2.56,184.32,,,,,,,,,,,,
27737,10.02103406v1,10,,2,4,,7/7/2022 18:05,,,,5,,,,,60,2.58,185.76,,,,,,,,,,,,
27738,10.0299306v4,10,,2,4,,7/7/2022 18:06,,,,5,,,,,60,2.58,185.76,,,,,,,,,,,,
27739,44.02103407v1,44,,21,1,,7/7/2022 18:47,,,,10,,,,,120,2.23,294.36,,,,,,,,,,,,
27740,10.0261778v1,10,,2,3,,7/7/2022 19:26,,,,5,,,,,60,3.66,263.52,,,,,,,,,,,,
27741,10.0270329v2,10,,2,3,,7/7/2022 20:27,,,,20,,,,,240,2.41,607.32,,,,,,,,,,,,
27742,10.0236821v1,10,,2,1,,7/7/2022 22:26,,,,17,,,,,200,1.96,423.36,,,,,,,,,,,,
27743,10.0271902v2,10,,2,4,,7/7/2022 21:12,,,,5,,,,,60,2.58,185.76,,,,,,,,,,,,
27745,10.029297v1,10,,2,1,,7/13/2022 22:57,,,,13,,,,,150,1.96,329.28,,,,,,,,,,,,
27746,10.0298111v2,10,,2,1,,7/18/2022 17:25,,,,34,,,,,400,1.96,823.2,,,,,,,,,,,,
27746,10.02101647v3,10,,2,1,,7/18/2022 17:25,,,,34,,,,,400,1.96,823.2,,,,,,,,,,,,
27748,10.02103011v1,10,,2,3,,7/8/2022 14:21,,,,10,,,,,120,2.58,340.56,,,,,,,,,,,,
27749,10.0290864v2,10,,2,1,,7/8/2022 20:04,,,,20,,,,,240,1.96,493.92,,,,,,,,,,,,
27750,10.0295710v1,10,,2,1,,7/11/2022 15:17,,,,13,,,,,150,1.96,329.28,,,,,,,,,,,,
27751,10.02103463v1,10,,2,1,,7/8/2022 6:45,,,,5,,,,,60,2.56,184.32,,,,,,,,,,,,
27752,10.02103526v1,10,,2,3,,7/8/2022 13:30,,,,5,,,,,60,3.66,263.52,,,,,,,,,,,,
27752,10.02103527v1,10,,2,3,,7/8/2022 13:30,,,,5,,,,,60,3.66,263.52,,,,,,,,,,,,
27753,10.02103523v1,10,,2,4,,7/8/2022 13:34,,,,5,,,,,60,2.58,185.76,,,,,,,,,,,,
27753,10.02103522v1,10,,2,4,,7/8/2022 13:34,,,,5,,,,,60,2.58,185.76,,,,,,,,,,,,
27754,10.02103518v1,10,,2,3,,7/8/2022 20:41,,,,17,,,,,200,2.41,520.56,,,,,,,,,,,,
27756,10.0290479v1,10,,2,3,,7/8/2022 22:58,,,,10,,,,,120,2.58,340.56,,,,,,,,,,,,
27757,10.0262467v4,10,,2,1,,7/11/2022 20:36,,,,20,,,,,240,1.96,493.92,,,,,,,,,,,,
27757,10.0262174v1,10,,2,1,,7/11/2022 20:36,,,,20,,,,,240,1.96,493.92,,,,,,,,,,,,
27758,10.02100018v1,10,,2,4,,7/11/2022 16:14,,,,18,,,,,210,2.41,549.48,,,,,,,,,,,,
27758,10.02100040v3,10,,2,4,,7/11/2022 16:14,,,,18,,,,,210,2.41,549.48,,,,,,,,,,,,
27759,10.0256980v1,10,,2,4,,7/8/2022 17:26,,,,30,,,,,360,2.41,896.52,,,,,,,,,,,,
27760,10.02102449v1,10,,2,4,,7/8/2022 21:24,,,,5,,,,,60,2.58,185.76,,,,,,,,,,,,
27761,10.02103519v1,10,,2,3,,7/8/2022 18:41,,,,20,,,,,240,2.41,607.32,,,,,,,,,,,,
27763,12.02102951v1,12,,4,1,,7/13/2022 16:43,,,,25,,,,,300,1.55,483.6,,,,,,,,,,,,
27763,12.02102952v1,12,,4,1,,7/13/2022 16:43,,,,25,,,,,300,1.55,483.6,,,,,,,,,,,,
27763,12.02102953v1,12,,4,1,,7/13/2022 16:43,,,,25,,,,,300,1.55,483.6,,,,,,,,,,,,
27763,10.02102949v1,10,,2,1,,7/13/2022 16:43,,,,25,,,,,300,1.96,611.52,,,,,,,,,,,,
27763,10.02102950v1,10,,2,1,,7/13/2022 16:43,,,,25,,,,,300,1.96,611.52,,,,,,,,,,,,
27763,10.02102947v1,10,,2,1,,7/13/2022 16:43,,,,25,,,,,300,1.96,611.52,,,,,,,,,,,,
27763,12.02102954v1,12,,4,1,,7/13/2022 16:43,,,,25,,,,,300,1.55,483.6,,,,,,,,,,,,
27763,10.02102948v1,10,,2,1,,7/13/2022 16:43,,,,25,,,,,300,1.96,611.52,,,,,,,,,,,,
27764,10.0297045v4,10,,2,1,,7/11/2022 16:39,,,,25,,,,,300,1.96,611.52,,,,,,,,,,,,
27765,55.02102809v3,55,,114,3,,7/8/2022 20:20,,,,11,,,,,125,2.66,383.04,,,,,,,,,,,,
27765,55.02102810v3,55,,114,3,,7/8/2022 20:20,,,,11,,,,,125,2.66,383.04,,,,,,,,,,,,
27767,10.02103585v1,10,,2,3,,7/8/2022 20:21,,,,10,,,,,120,2.58,340.56,,,,,,,,,,,,
27768,10.02103618v1,10,,2,1,,7/8/2022 20:36,,,,34,,,,,400,1.96,823.2,,,,,,,,,,,,
27770,10.02103374v1,10,,2,3,,7/8/2022 22:33,,,,10,,,,,120,2.58,340.56,,,,,,,,,,,,
27772,10.02103278v2,10,,2,3,,7/11/2022 22:35,,,,13,,,,,150,2.41,404.88,,,,,,,,,,,,
27773,10.02102146v1,10,,2,4,,7/11/2022 15:35,,,,48,,,,,576,2.16,1270.08,,,,,,,,,,,,
27775,10.02103035v1,10,,2,4,,7/11/2022 17:27,,,,5,,,,,60,2.58,185.76,,,,,,,,,,,,
27776,10.0296540v1,10,,2,3,,7/11/2022 12:11,,,,30,,,,,360,2.41,896.52,,,,,,,,,,,,
27777,10.0296579v1,10,,2,4,,7/14/2022 12:11,,,,26,,,,,309,2.41,780.84,,,,,,,,,,,,
27778,10.0298039v3,10,,2,3,,7/11/2022 12:13,,,,30,,,,,360,2.41,896.52,,,,,,,,,,,,
27779,10.0299296v2,10,,2,4,,7/10/2022 18:29,,,,20,,,,,240,2.41,607.32,,,,,,,,,,,,
27780,10.0215228v1,10,,2,3,,7/11/2022 14:58,,,,20,,,,,240,2.41,607.32,,,,,,,,,,,,
27781,10.02103504v1,10,,2,1,,7/11/2022 15:09,,,,5,,,,,60,2.56,184.32,,,,,,,,,,,,
27781,10.02103503v1,10,,2,1,,7/11/2022 15:09,,,,5,,,,,60,2.56,184.32,,,,,,,,,,,,
27783,10.02103622v1,10,,2,1,,7/11/2022 17:16,,,,17,,,,,200,1.96,423.36,,,,,,,,,,,,
27784,10.0225572v1,10,,2,3,,7/11/2022 16:44,,,,30,,,,,360,2.41,896.52,,,,,,,,,,,,
27785,10.0294005v1,10,,2,3,,7/11/2022 19:07,,,,9,,,,,100,3.58,429.6,,,,,,,,,,,,
27786,55.03103691v1,55,,114,4,,7/11/2022 19:55,,,,20,,,,,240,2.58,650.16,,,,,,,,,,,,
27786,55.03103699v1,55,,114,4,,7/11/2022 19:55,,,,20,,,,,240,2.58,650.16,,,,,,,,,,,,
27787,10.0258636v1,10,,2,3,,7/12/2022 13:32,,,,10,,,,,120,2.58,340.56,,,,,,,,,,,,
27788,12.02103728v1,12,,4,4,,7/11/2022 21:04,,,,5,,,,,60,2.83,203.76,,,,,,,,,,,,
27789,10.02103078v1,10,,2,3,,7/12/2022 19:48,,,,13,,,,,150,2.41,404.88,,,,,,,,,,,,
27790,10.02103853v1,10,,2,1,,7/13/2022 17:22,,,,5,,,,,60,2.56,184.32,,,,,,,,,,,,
27791,55.02102338v1,55,,114,1,,7/14/2022 21:10,,,,10,,,,,120,2.23,294.36,,,,,,,,,,,,
27792,10.0210346v1,10,,2,4,,7/12/2022 16:40,,,,9,,,,,100,2.58,309.6,,,,,,,,,,,,
27793,10.0272683v6,10,,2,1,,7/12/2022 14:57,,,,10,,,,,120,2.23,294.36,,,,,,,,,,,,
27793,10.0227782v7,10,,2,1,,7/12/2022 14:57,,,,10,,,,,120,2.23,294.36,,,,,,,,,,,,
27794,10.02103800v1,10,,2,3,,7/12/2022 0:08,,,,14,,,,,160,2.41,433.8,,,,,,,,,,,,
27794,10.02103798v1,10,,2,3,,7/12/2022 0:08,,,,14,,,,,160,2.41,433.8,,,,,,,,,,,,
27795,10.0299745v2,10,,2,1,,7/12/2022 14:25,,,,5,,,,,60,2.56,184.32,,,,,,,,,,,,
27796,55.0298944v1,55,,114,4,,7/12/2022 15:28,,,,5,,,,,60,2.75,198,,,,,,,,,,,,
27797,17.02103741v1,17,,9,4,,7/12/2022 16:10,,,,21,,,,,250,2.41,636.24,,,,,,,,,,,,
27798,,70,,,1,44761,7/12/2022 21:21,,,,,,,,,,2.56,,28033,60,9604,22381,73,8015,72,88630,7/12/2022 20:05,7/19/2022,5,184.32
27798,,70,,,1,44761,7/12/2022 21:21,,,,,,,,,,2.56,,28034,60,9604,22382,73,8015,72,88630,7/12/2022 20:05,7/19/2022,5,184.32
27798,,70,,,1,44761,7/12/2022 21:21,,,,,,,,,,2.56,,28035,60,9604,22380,73,8015,72,88630,7/12/2022 20:05,7/19/2022,5,184.32
27799,10.0250060v2,10,,2,3,,7/12/2022 15:56,,,,10,,,,,120,2.58,340.56,,,,,,,,,,,,
27800,10.02103769v2,10,,2,4,,7/12/2022 16:07,,,,5,,,,,60,2.58,185.76,,,,,,,,,,,,
27801,10.0284536v1,10,,2,4,,7/12/2022 16:38,,,,5,,,,,60,2.58,185.76,,,,,,,,,,,,
27801,10.0284535v1,10,,2,4,,7/12/2022 16:38,,,,5,,,,,60,2.58,185.76,,,,,,,,,,,,
27802,12.03103310v2,12,,4,3,,7/12/2022 16:50,,,,5,,,,,60,3.41,245.52,,,,,,,,,,,,
27802,10.03103306v1,10,,2,3,,7/12/2022 16:50,,,,5,,,,,60,3.66,263.52,,,,,,,,,,,,
27802,12.01103311v2,12,,4,3,,7/12/2022 16:50,,,,5,,,,,60,3.41,245.52,,,,,,,,,,,,
27802,12.02103309v2,12,,4,3,,7/12/2022 16:50,,,,6,,,,,65,3.41,286.44,,,,,,,,,,,,
27802,10.01103307v1,10,,2,3,,7/12/2022 16:50,,,,5,,,,,60,3.66,263.52,,,,,,,,,,,,
27802,10.02103303v1,10,,2,3,,7/12/2022 16:50,,,,5,,,,,60,3.66,263.52,,,,,,,,,,,,
27803,10.02102680v2,10,,2,1,,7/12/2022 17:15,,,,5,,,,,60,2.56,184.32,,,,,,,,,,,,
27804,10.02103304v1,10,,2,3,,7/12/2022 20:38,,,,13,,,,,150,2.41,404.88,,,,,,,,,,,,
27805,10.02103042v1,10,,2,1,,7/13/2022 14:11,,,,20,,,,,240,1.96,493.92,,,,,,,,,,,,
27806,10.02103716v1,10,,2,4,,7/13/2022 16:32,,,,542,,,,,6500,1.62,10555.92,,,,,,,,,,,,
27807,10.02103688v2,10,,2,4,,7/13/2022 18:40,,,,42,,,,,500,2.41,1243.56,,,,,,,,,,,,
27808,55.02103808v1,55,,9,1,,7/12/2022 19:52,,,,17,,,,,201,1.96,423.36,,,,,,,,,,,,
27809,55.02103553v1,55,,114,3,,7/12/2022 21:27,,,,8,,,,,85,3.66,395.28,,,,,,,,,,,,
27809,55.02103553v2,55,,114,3,,7/12/2022 21:27,,,,10,,,,,115,2.66,351.12,,,,,,,,,,,,
27809,55.02103553v3,55,,114,3,,7/12/2022 21:27,,,,50,,,,,600,2.24,1370.88,,,,,,,,,,,,
27810,10.02103693v1,10,,2,3,,7/12/2022 19:51,,,,21,,,,,250,2.41,636.24,,,,,,,,,,,,
27811,10.02103026v1,10,,2,1,,7/13/2022 15:49,,,,17,,,,,200,1.96,423.36,,,,,,,,,,,,
27812,55.02103051v6,55,,114,3,,7/12/2022 19:54,,,,10,,,,,120,2.66,351.12,,,,,,,,,,,,
27813,10.0295836v1,10,,2,1,,7/12/2022 19:55,,,,5,,,,,60,2.56,184.32,,,,,,,,,,,,
27814,10.02103753v1,10,,2,1,,7/12/2022 19:20,,,,5,,,,,60,2.56,184.32,,,,,,,,,,,,
27815,10.02103755v1,10,,2,3,,7/12/2022 19:27,,,,5,,,,,60,3.66,263.52,,,,,,,,,,,,
27816,10.02103641v1,10,,2,3,,7/12/2022 19:34,,,,20,,,,,240,2.41,607.32,,,,,,,,,,,,
27817,10.02100200v1,10,,2,1,,7/13/2022 15:39,,,,25,,,,,300,1.96,611.52,,,,,,,,,,,,
27818,10.02101291v1,10,,2,3,,7/12/2022 21:09,,,,5,,,,,60,3.66,263.52,,,,,,,,,,,,
27819,46.0283513v3,46,,113,1,,7/13/2022 17:23,,,,10,,,,,120,2.23,294.36,,,,,,,,,,,,
27820,10.02103754v1,10,,2,3,,7/12/2022 20:22,,,,5,,,,,50,3.66,263.52,,,,,,,,,,,,
27821,55.02102496v2,55,,114,3,,7/12/2022 21:26,,,,6,,,,,61,3.74,314.16,,,,,,,,,,,,
27822,10.02102960v1,10,,2,4,,7/12/2022 23:01,,,,10,,,,,120,2.58,340.56,,,,,,,,,,,,
27822,10.02102970v1,10,,2,4,,7/12/2022 23:01,,,,10,,,,,120,2.58,340.56,,,,,,,,,,,,
27822,10.02101740v2,10,,2,4,,7/12/2022 23:01,,,,10,,,,,120,2.58,340.56,,,,,,,,,,,,
27823,10.0268504v1,10,,2,1,,7/19/2022 23:20,,,,25,,,,,300,1.96,611.52,,,,,,,,,,,,
27825,10.0233283v1,10,,2,4,,7/12/2022 20:59,,,,20,,,,,240,2.41,607.32,,,,,,,,,,,,
27826,10.0238151v4,10,,2,1,,7/18/2022 14:38,,,,15,,,,,180,1.96,376.32,,,,,,,,,,,,
27826,10.0238151v5,10,,2,1,,7/18/2022 14:38,,,,15,,,,,180,1.96,376.32,,,,,,,,,,,,
27827,10.0230486v1,10,,2,4,,7/12/2022 21:03,,,,13,,,,,156,2.41,404.88,,,,,,,,,,,,
27828,10.0226520v1,10,,2,3,,7/12/2022 21:44,,,,15,,,,,170,2.41,462.72,,,,,,,,,,,,
27829,10.0269504v1,10,,2,4,,7/29/2022 1:45,,,,9,,,,,100,2.58,309.6,,,,,,,,,,,,
27830,10.02102168v1,10,,2,4,,7/12/2022 21:30,,,,42,,,,,500,2.41,1243.56,,,,,,,,,,,,
27832,10.02103858v1,10,,2,3,,7/15/2022 20:27,,,,75,,,,,900,1.91,1741.92,,,,,,,,,,,,
27833,10.02101852v1,10,,2,1,,7/12/2022 21:55,,,,13,,,,,150,1.96,329.28,,,,,,,,,,,,
27834,10.02103973v1,10,,2,1,,7/14/2022 17:26,,,,21,,,,,250,1.96,517.44,,,,,,,,,,,,
27835,10.0244586v1,10,,2,3,,7/13/2022 15:48,,,,100,,,,,1199,1.91,2314.92,,,,,,,,,,,,
27836,55.02102956v4,55,,114,1,,7/14/2022 23:19,,,,17,,,,,200,1.96,423.36,,,,,,,,,,,,
27837,10.0214356v1,10,,2,1,,7/13/2022 14:47,,,,20,,,,,240,1.96,493.92,,,,,,,,,,,,
27838,10.0269112v4,10,,2,4,,7/19/2022 22:51,,,,100,,,,,1200,1.91,2314.92,,,,,,,,,,,,
27839,10.02103933v2,10,,2,4,,7/14/2022 18:38,,,,5,,,,,60,2.58,185.76,,,,,,,,,,,,
27840,10.0251871v1,10,,2,3,,7/14/2022 12:24,,,,10,,,,,120,2.58,340.56,,,,,,,,,,,,
27841,10.02102817v1,10,,2,4,,7/13/2022 16:26,,,,30,,,,,360,2.41,896.52,,,,,,,,,,,,
27842,10.0322216v2,10,,2,1,,7/13/2022 16:12,,,,42,,,,,500,1.96,1011.36,,,,,,,,,,,,
27843,10.0230100v3,10,,2,4,,7/18/2022 15:46,,,,12,,,,,133,2.41,375.96,,,,,,,,,,,,
27843,10.0215164v4,10,,2,4,,7/18/2022 15:46,,,,10,,,,,120,2.58,340.56,,,,,,,,,,,,
27843,10.0215748v3,10,,2,4,,7/18/2022 15:46,,,,12,,,,,133,2.41,375.96,,,,,,,,,,,,
27845,10.02103945v1,10,,2,1,,7/13/2022 18:44,,,,7,,,,,75,2.56,245.76,,,,,,,,,,,,
27846,55.02103149v5,55,,114,1,,7/13/2022 18:02,,,,6,,,,,62,2.56,215.04,,,,,,,,,,,,
27846,12.0299947v2,12,,4,1,,7/13/2022 18:02,,,,6,,,,,62,2.1,176.4,,,,,,,,,,,,
27847,10.02103923v2,10,,2,1,,7/13/2022 18:32,,,,5,,,,,60,2.56,184.32,,,,,,,,,,,,
27849,10.0215895v8,10,,2,1,,7/13/2022 21:17,,,,60,,,,,720,1.79,1310.28,,,,,,,,,,,,
27850,12.0290303v1,12,,4,1,,7/13/2022 19:30,,,,7,,,,,75,2.1,201.6,,,,,,,,,,,,
27851,10.02103993v1,10,,2,3,,7/18/2022 15:02,,,,49,,,,,580,2.16,1296,,,,,,,,,,,,
27852,10.02102604v1,10,,2,1,,7/13/2022 21:13,,,,5,,,,,60,2.56,184.32,,,,,,,,,,,,
27853,46.0289935v1,46,,113,3,,7/14/2022 15:32,,,,25,,,,,300,2.41,751.92,,,,,,,,,,,,
27854,10.02103932v1,10,,2,3,,7/13/2022 21:21,,,,17,,,,,200,2.41,520.56,,,,,,,,,,,,
27855,10.0272538v1,10,,2,3,,7/13/2022 20:43,,,,46,,,,,550,2.16,1218.24,,,,,,,,,,,,
27856,12.02103616v2,12,,4,1,,7/14/2022 22:44,,,,5,,,,,60,2.1,151.2,,,,,,,,,,,,
27856,12.02103613v1,12,,4,1,,7/14/2022 22:44,,,,5,,,,,60,2.1,151.2,,,,,,,,,,,,
27856,12.02103614v1,12,,4,1,,7/14/2022 22:44,,,,5,,,,,60,2.1,151.2,,,,,,,,,,,,
27856,10.02103615v1,10,,2,1,,7/14/2022 22:44,,,,5,,,,,60,2.56,184.32,,,,,,,,,,,,
27856,,70,,,1,44770,7/14/2022 22:44,,,,,,,,,,2.56,,28030,60,9648,22527,118,8049,72,87209,7/13/2022 21:41,7/28/2022,5,184.32
27856,,70,,,1,44770,7/14/2022 22:44,,,,,,,,,,2.56,,28031,60,9647,22525,118,8049,72,87209,7/13/2022 21:41,7/28/2022,5,184.32
27857,10.0218490v1,10,,2,3,,7/13/2022 22:07,,,,30,,,,,360,2.41,896.52,,,,,,,,,,,,
27858,10.0218490v1,10,,2,3,,7/13/2022 22:08,,,,21,,,,,250,2.41,636.24,,,,,,,,,,,,
27859,10.02103992v2,10,,2,3,,7/21/2022 10:36,,,,25,,,,,300,2.41,751.92,,,,,,,,,,,,
27860,10.0260751v1,10,,2,1,,7/14/2022 18:28,,,,50,,,,,600,1.88,1150.56,,,,,,,,,,,,
27860,10.0282074v1,10,,2,1,,7/14/2022 18:28,,,,50,,,,,600,1.88,1150.56,,,,,,,,,,,,
27861,10.0273110v1,10,,2,3,,7/14/2022 13:24,,,,10,,,,,120,2.58,340.56,,,,,,,,,,,,
27861,10.0273111v1,10,,2,3,,7/14/2022 13:24,,,,10,,,,,120,2.58,340.56,,,,,,,,,,,,
27862,10.0281654v1,10,,2,4,,8/2/2022 22:49,,,,23,,,,,271,2.41,694.08,,,,,,,,,,,,
27862,10.0281653v1,10,,2,4,,8/2/2022 22:49,,,,23,,,,,271,2.41,694.08,,,,,,,,,,,,
27862,10.0281655v1,10,,2,4,,8/2/2022 22:49,,,,23,,,,,271,2.41,694.08,,,,,,,,,,,,
27863,40.0275945v1,40,,18,1,,7/14/2022 15:54,,,,17,,,,,200,1.96,423.36,,,,,,,,,,,,
27863,40.0275800v2,40,,18,1,,7/14/2022 15:54,,,,17,,,,,200,1.96,423.36,,,,,,,,,,,,
27864,10.0294494v1,10,,2,4,,7/14/2022 14:59,,,,5,,,,,60,2.58,185.76,,,,,,,,,,,,
27865,10.0293157v1,10,,2,1,,7/15/2022 19:48,,,,6,,,,,70,2.56,215.04,,,,,,,,,,,,
27866,10.02103563v3,10,,2,1,,7/14/2022 17:17,,,,6,,,,,64,2.56,215.04,,,,,,,,,,,,
27867,10.02103505v4,10,,2,4,,7/14/2022 20:12,,,,30,,,,,360,2.41,896.52,,,,,,,,,,,,
27868,10.02102813v1,10,,2,3,,7/14/2022 18:29,,,,61,,,,,730,1.91,1421.04,,,,,,,,,,,,
27869,10.0290754v2,10,,2,1,,7/15/2022 15:49,,,,50,,,,,600,1.88,1150.56,,,,,,,,,,,,
27870,10.02104073v1,10,,2,4,,7/14/2022 18:02,,,,20,,,,,240,2.41,607.32,,,,,,,,,,,,
27870,10.02104078v1,10,,2,4,,7/14/2022 18:02,,,,20,,,,,240,2.41,607.32,,,,,,,,,,,,
27871,10.0238760v1,10,,2,4,,7/15/2022 1:17,,,,20,,,,,240,2.41,607.32,,,,,,,,,,,,
27871,12.02101596v1,12,,4,4,,7/15/2022 1:17,,,,20,,,,,240,2.54,640.08,,,,,,,,,,,,
27872,10.02103572v2,10,,2,1,,7/14/2022 18:39,,,,25,,,,,300,1.96,611.52,,,,,,,,,,,,
27873,10.0297352v4,10,,2,4,,7/19/2022 14:07,,,,5,,,,,60,2.58,185.76,,,,,,,,,,,,
27874,10.0288491v2,10,,2,3,,7/15/2022 0:17,,,,20,,,,,240,2.41,607.32,,,,,,,,,,,,
27877,10.0270323v5,10,,2,3,,7/15/2022 15:00,,,,10,,,,,120,2.58,340.56,,,,,,,,,,,,
27877,10.0270323v4,10,,2,3,,7/15/2022 15:00,,,,20,,,,,240,2.41,607.32,,,,,,,,,,,,
27878,40.0287166v1,40,,18,1,,7/15/2022 13:18,,,,10,,,,,120,2.23,294.36,,,,,,,,,,,,
27879,10.0268081v2,10,,2,4,,7/15/2022 15:56,,,,13,,,,,150,2.41,404.88,,,,,,,,,,,,
27880,55.02102685v6,55,,114,1,,7/15/2022 14:08,,,,10,,,,,120,2.23,294.36,,,,,,,,,,,,
27881,10.0287096v1,10,,2,1,,7/15/2022 16:11,,,,17,,,,,200,1.96,423.36,,,,,,,,,,,,
27882,10.02103911v1,10,,2,4,,7/15/2022 19:49,,,,23,,,,,275,2.41,694.08,,,,,,,,,,,,
27883,10.02107165v2,10,,2,1,,8/10/2022 18:07,,,,10,,,,,120,2.23,294.36,,,,,,,,,,,,
27884,10.0238185v2,10,,2,3,,7/18/2022 14:39,,,,25,,,,,300,2.41,751.92,,,,,,,,,,,,
27885,10.02103826v1,10,,2,3,,7/18/2022 8:59,,,,25,,,,,300,2.41,751.92,,,,,,,,,,,,
27886,10.0236742v1,10,,2,3,,7/15/2022 18:27,,,,9,,,,,102,3.58,429.6,,,,,,,,,,,,
27887,10.02104370v1,10,,2,4,,7/15/2022 17:43,,,,5,,,,,60,2.58,185.76,,,,,,,,,,,,
27888,10.0286655v1,10,,2,3,,7/15/2022 18:21,,,,58,,,,,685,2.16,1529.28,,,,,,,,,,,,
27889,10.0286655v1,10,,2,3,,7/15/2022 18:26,,,,9,,,,,100,3.58,429.6,,,,,,,,,,,,
27890,10.0274794v2,10,,2,3,,7/18/2022 16:40,,,,11,,,,,132,2.41,347.04,,,,,,,,,,,,
27891,10.0240315v1,10,,2,1,,7/15/2022 21:06,,,,105,,,,,1250,1.71,2175.12,,,,,,,,,,,,
27892,55.02104172v1,55,,114,4,,7/15/2022 18:53,,,,17,,,,,202,2.58,557.28,,,,,,,,,,,,
27893,10.02103866v1,10,,2,1,,7/18/2022 13:18,,,,5,,,,,60,2.56,184.32,,,,,,,,,,,,
27893,55.02103864v1,55,,114,1,,7/18/2022 13:18,,,,5,,,,,60,2.56,184.32,,,,,,,,,,,,
27894,10.0215111v1,10,,2,4,,7/15/2022 19:11,,,,20,,,,,240,2.41,607.32,,,,,,,,,,,,
27895,10.0239188v1,10,,2,3,,7/15/2022 20:21,,,,30,,,,,360,2.41,896.52,,,,,,,,,,,,
27896,10.02104009v2,10,,2,3,,7/15/2022 20:06,,,,26,,,,,312,2.41,780.84,,,,,,,,,,,,
27897,10.0238518v2,10,,2,4,,7/18/2022 15:20,,,,10,,,,,120,2.58,340.56,,,,,,,,,,,,
27898,40.0241538v1,40,,18,1,,7/18/2022 15:05,,,,10,,,,,120,2.23,294.36,,,,,,,,,,,,
27899,10.029026v1,10,,2,1,,7/18/2022 14:38,,,,10,,,,,120,2.23,294.36,,,,,,,,,,,,
27901,10.0289774v2,10,,2,4,,7/15/2022 21:05,,,,17,,,,,200,2.41,520.56,,,,,,,,,,,,
27903,10.0288585v1,10,,2,3,,7/18/2022 16:48,,,,17,,,,,200,2.41,520.56,,,,,,,,,,,,
27903,10.0288580v1,10,,2,3,,7/18/2022 16:48,,,,17,,,,,200,2.41,520.56,,,,,,,,,,,,
27904,10.02104456v1,10,,2,1,,7/15/2022 22:59,,,,6,,,,,70,2.56,215.04,,,,,,,,,,,,
27904,10.02104458v2,10,,2,1,,7/15/2022 22:59,,,,6,,,,,70,2.56,215.04,,,,,,,,,,,,
27905,10.02104441v1,10,,2,4,,7/20/2022 16:16,,,,7,,,,,80,2.58,247.68,,,,,,,,,,,,
27907,10.0232290v2,10,,2,3,,7/18/2022 15:52,,,,13,,,,,150,2.41,404.88,,,,,,,,,,,,
27908,17.0242644v2,17,,9,1,,7/18/2022 13:32,,,,10,,,,,120,2.23,294.36,,,,,,,,,,,,
27909,10.0269536v1,10,,2,3,,7/18/2022 13:18,,,,21,,,,,250,2.41,636.24,,,,,,,,,,,,
27910,10.0290007v2,10,,2,3,,7/18/2022 15:47,,,,30,,,,,360,2.41,896.52,,,,,,,,,,,,
27911,10.0284007v1,10,,2,1,,7/16/2022 0:07,,,,17,,,,,200,1.96,423.36,,,,,,,,,,,,
27912,17.02103994v1,17,,9,4,,7/18/2022 13:36,,,,6,,,,,64,2.58,216.72,,,,,,,,,,,,
27913,10.02100007v1,10,,2,3,,7/18/2022 15:24,,,,42,,,,,500,2.41,1243.56,,,,,,,,,,,,
27914,10.02104445v1,10,,2,4,,7/18/2022 14:22,,,,5,,,,,60,2.58,185.76,,,,,,,,,,,,
27915,9202103661v1,920,720,26,5,44791,7/25/2022 20:51,Direct,newbusiness,9272388930,60,1.04,90,851.28,838.8,,,,,,,,,,,,,,,
27916,10.02104080v1,10,,2,3,,7/18/2022 14:42,,,,20,,,,,240,2.41,607.32,,,,,,,,,,,,
27917,10.0235301v1,10,,2,4,,7/18/2022 17:36,,,,5,,,,,60,2.58,185.76,,,,,,,,,,,,
27918,10.0278922v2,10,,2,3,,7/18/2022 15:49,,,,10,,,,,120,2.58,340.56,,,,,,,,,,,,
27920,10.02101046v2,10,,2,1,,7/19/2022 14:52,,,,5,,,,,60,2.56,184.32,,,,,,,,,,,,
27921,10.02103532v2,10,,2,1,,7/19/2022 15:32,,,,5,,,,,60,2.56,184.32,,,,,,,,,,,,
27921,10.02103531v2,10,,2,1,,7/19/2022 15:32,,,,5,,,,,60,2.56,184.32,,,,,,,,,,,,
27922,10.0297686v2,10,,2,3,,7/19/2022 15:18,,,,34,,,,,400,2.41,1012.2,,,,,,,,,,,,
27923,46.0274957v3,46,,113,1,,7/18/2022 17:36,,,,10,,,,,120,2.23,294.36,,,,,,,,,,,,
27923,10.0274955v6,10,,2,1,,7/18/2022 17:36,,,,10,,,,,120,2.23,294.36,,,,,,,,,,,,
27924,10.03103941v1,10,,2,1,,7/18/2022 20:58,,,,71,,,,,850,1.79,1546.56,,,,,,,,,,,,
27925,10.02104423v1,10,,2,1,,7/18/2022 19:26,,,,5,,,,,60,2.56,184.32,,,,,,,,,,,,
27926,10.02102936v1,10,,2,1,,7/18/2022 17:23,,,,25,,,,,300,1.96,611.52,,,,,,,,,,,,
27927,13.0598249v2,13,,5,3,,7/18/2022 19:35,,,,21,,,,,248,1.45,382.8,,,,,,,,,,,,
27928,55.02103942v1,55,,114,1,,7/18/2022 18:50,,,,15,,,,,180,1.96,376.32,,,,,,,,,,,,
27929,10.02103682v3,10,,2,1,,7/19/2022 22:41,,,,6,,,,,65,2.56,215.04,,,,,,,,,,,,
27930,55.02104515v1,55,,114,1,,7/20/2022 15:14,,,,13,,,,,150,1.96,329.28,,,,,,,,,,,,
27931,10.02104069v3,10,,2,3,,7/18/2022 19:03,,,,34,,,,,400,2.41,1012.2,,,,,,,,,,,,
27932,10.02104431v2,10,,2,3,,7/18/2022 20:55,,,,21,,,,,250,2.41,636.24,,,,,,,,,,,,
27933,10.0220425v1,10,,2,3,,7/20/2022 13:20,,,,100,,,,,1200,1.91,2314.92,,,,,,,,,,,,
27934,10.0287306v1,10,,2,3,,7/18/2022 21:53,,,,23,,,,,275,2.41,694.08,,,,,,,,,,,,
27935,11.02105508v1,11,,3,1,,7/27/2022 17:31,,,,17,,,,,200,2.73,589.68,,,,,,,,,,,,
27937,10.02100764v2,10,,2,3,,7/19/2022 20:10,,,,100,,,,,1200,1.91,2314.92,,,,,,,,,,,,
27938,10.02104345v1,10,,2,3,,7/18/2022 20:49,,,,10,,,,,120,2.58,340.56,,,,,,,,,,,,
27938,10.02104352v1,10,,2,3,,7/18/2022 20:49,,,,10,,,,,120,2.58,340.56,,,,,,,,,,,,
27940,10.02103509v1,10,,2,3,,7/18/2022 23:15,,,,17,,,,,200,2.41,520.56,,,,,,,,,,,,
27940,10.02103508v1,10,,2,3,,7/18/2022 23:15,,,,17,,,,,200,2.41,520.56,,,,,,,,,,,,
27941,11.02104597v2,11,,3,1,,7/18/2022 22:33,,,,9,,,,,100,3.33,399.6,,,,,,,,,,,,
27942,10.0220391v2,10,,2,1,,7/19/2022 15:19,,,,30,,,,,360,1.96,729.12,,,,,,,,,,,,
27943,10.02104447v1,10,,2,1,,7/19/2022 14:25,,,,25,,,,,300,1.96,611.52,,,,,,,,,,,,
27943,55.02104444v1,55,,114,1,,7/19/2022 14:25,,,,25,,,,,300,1.96,611.52,,,,,,,,,,,,
27944,40.0222921v3,40,,18,3,,7/19/2022 13:33,,,,9,,,,,100,3.66,439.2,,,,,,,,,,,,
27945,10.02104598v2,10,,2,3,,7/19/2022 17:25,,,,11,,,,,125,2.58,371.52,,,,,,,,,,,,
27945,10.02104605v1,10,,2,3,,7/19/2022 17:25,,,,11,,,,,125,2.58,371.52,,,,,,,,,,,,
27946,10.02104572v1,10,,2,3,,7/19/2022 1:02,,,,10,,,,,120,2.58,340.56,,,,,,,,,,,,
27947,10.02103844v2,10,,2,3,,7/19/2022 14:40,,,,5,,,,,60,3.66,263.52,,,,,,,,,,,,
27947,10.0298766v5,10,,2,3,,7/19/2022 14:40,,,,5,,,,,60,3.66,263.52,,,,,,,,,,,,
27948,55.0298449v2,55,,114,3,,7/25/2022 20:13,,,,5,,,,,60,3.74,269.28,,,,,,,,,,,,
27949,10.02104013v2,10,,2,1,,7/19/2022 12:31,,,,5,,,,,60,2.56,184.32,,,,,,,,,,,,
27950,10.02102426v1,10,,2,3,,7/19/2022 12:37,,,,21,,,,,250,2.41,636.24,,,,,,,,,,,,
27951,10.02103715v1,10,,2,3,,7/19/2022 14:11,,,,10,,,,,120,2.58,340.56,,,,,,,,,,,,
27951,10.02103712v1,10,,2,3,,7/19/2022 14:11,,,,10,,,,,120,2.58,340.56,,,,,,,,,,,,
27952,10.02104139v3,10,,2,1,,7/19/2022 14:16,,,,5,,,,,60,2.56,184.32,,,,,,,,,,,,
27953,10.02102198v2,10,,2,3,,7/19/2022 16:03,,,,10,,,,,120,2.58,340.56,,,,,,,,,,,,
27954,10.0295678v1,10,,2,1,,7/19/2022 17:09,,,,20,,,,,240,1.96,493.92,,,,,,,,,,,,
27955,17.02102916v1,17,,9,4,,7/19/2022 17:22,,,,10,,,,,120,2.58,340.56,,,,,,,,,,,,
27956,10.0268679v2,10,,2,3,,7/19/2022 17:25,,,,5,,,,,60,3.66,263.52,,,,,,,,,,,,
27957,10.0230456v2,10,,2,4,,7/19/2022 18:36,,,,25,,,,,300,2.41,751.92,,,,,,,,,,,,
27958,10.02104695v2,10,,2,1,,7/19/2022 22:07,,,,7,,,,,80,2.56,245.76,,,,,,,,,,,,
27960,10.0289086v1,10,,2,3,,7/20/2022 0:29,,,,5,,,,,60,3.66,263.52,,,,,,,,,,,,
27961,10.02104724v1,10,,2,1,,7/19/2022 20:06,,,,9,,,,,100,2.56,307.2,,,,,,,,,,,,
27962,10.02102710v2,10,,2,3,,7/20/2022 22:06,,,,14,,,,,160,2.41,433.8,,,,,,,,,,,,
27963,10.0231293v1,10,,2,3,,7/20/2022 16:20,,,,125,,,,,1500,1.91,2887.92,,,,,,,,,,,,
27964,10.0292687v1,10,,2,4,,7/19/2022 23:45,,,,5,,,,,60,2.58,185.76,,,,,,,,,,,,
27965,10.0228885v1,10,,2,3,,7/20/2022 13:54,,,,20,,,,,240,2.41,607.32,,,,,,,,,,,,
27965,10.0278982v1,10,,2,3,,7/20/2022 13:54,,,,20,,,,,240,2.41,607.32,,,,,,,,,,,,
27966,55.02105016v1,55,,114,1,,7/21/2022 16:00,,,,10,,,,,120,2.23,294.36,,,,,,,,,,,,
27967,10.02104862v1,10,,2,4,,7/20/2022 15:29,,,,5,,,,,60,2.58,185.76,,,,,,,,,,,,
27969,10.0266132v3,10,,2,1,,7/20/2022 15:55,,,,10,,,,,120,2.23,294.36,,,,,,,,,,,,
27970,10.02104482v1,10,,2,4,,7/20/2022 15:51,,,,5,,,,,60,2.58,185.76,,,,,,,,,,,,
27971,20.02104623v1,20,,11,3,,7/20/2022 17:41,,,,42,,,,,500,2.99,1542.84,,,,,,,,,,,,
27971,20.02104624v1,20,,11,3,,7/20/2022 17:41,,,,42,,,,,500,2.99,1542.84,,,,,,,,,,,,
27972,10.0290601v3,10,,2,3,,7/20/2022 17:05,,,,30,,,,,360,2.41,896.52,,,,,,,,,,,,
27973,10.02104476v4,10,,2,1,,7/20/2022 17:09,,,,20,,,,,240,1.96,493.92,,,,,,,,,,,,
27974,10.0267519v1,10,,2,1,,7/20/2022 17:54,,,,9,,,,,100,2.56,307.2,,,,,,,,,,,,
27975,10.0247191v1,10,,2,4,,7/20/2022 19:50,,,,10,,,,,120,2.58,340.56,,,,,,,,,,,,
27976,10.02104939v1,10,,2,1,,7/20/2022 22:07,,,,85,,,,,1020,1.79,1847.28,,,,,,,,,,,,
27977,10.0277585v2,10,,2,1,,7/20/2022 23:05,,,,10,,,,,120,2.23,294.36,,,,,,,,,,,,
27977,55.02105106v1,55,,114,1,,7/20/2022 23:05,,,,10,,,,,120,2.23,294.36,,,,,,,,,,,,
27977,12.02104952v1,12,,4,1,,7/20/2022 23:05,,,,5,,,,,60,2.1,151.2,,,,,,,,,,,,
27978,10.0259340v1,10,,2,3,,7/20/2022 18:05,,,,10,,,,,120,2.58,340.56,,,,,,,,,,,,
27979,55.0298075v2,55,,114,1,,7/20/2022 21:46,,,,30,,,,,360,1.96,729.12,,,,,,,,,,,,
27980,10.03105033v1,10,,2,1,,7/20/2022 19:54,,,,12,,,,,140,1.96,305.76,,,,,,,,,,,,
27980,10.02104589v2,10,,2,1,,7/20/2022 19:54,,,,17,,,,,200,1.96,423.36,,,,,,,,,,,,
27981,10.02104994v2,10,,2,1,,7/20/2022 20:41,,,,5,,,,,60,2.56,184.32,,,,,,,,,,,,
27982,55.02103515v1,55,,114,1,,7/20/2022 22:29,,,,5,,,,,60,2.56,184.32,,,,,,,,,,,,
27983,55.02100318v2,55,,114,1,,7/20/2022 20:39,,,,13,,,,,150,1.96,329.28,,,,,,,,,,,,
27984,10.0242105v7,10,,2,4,,7/21/2022 14:04,,,,5,,,,,60,2.58,185.76,,,,,,,,,,,,
27985,10.0268273v1,10,,2,1,,7/20/2022 21:05,,,,5,,,,,60,2.56,184.32,,,,,,,,,,,,
27986,10.02102566v1,10,,2,3,,7/20/2022 21:45,,,,17,,,,,200,2.41,520.56,,,,,,,,,,,,
27987,10.0291558v1,10,,2,3,,7/21/2022 16:03,,,,20,,,,,240,2.41,607.32,,,,,,,,,,,,
27988,10.02104599v1,10,,2,4,,7/20/2022 21:27,,,,5,,,,,60,2.58,185.76,,,,,,,,,,,,
27989,10.0223852v3,10,,2,4,,7/21/2022 14:03,,,,17,,,,,200,2.41,520.56,,,,,,,,,,,,
27990,10.0282179v2,10,,2,1,,10/26/2022 20:33,,,,125,,,,,1500,1.71,2585.52,,,,,,,,,,,,
27992,10.02104982v1,10,,2,4,,7/21/2022 18:22,,,,7,,,,,75,2.58,247.68,,,,,,,,,,,,
27992,10.0286639v3,10,,2,4,,7/21/2022 18:22,,,,7,,,,,75,2.58,247.68,,,,,,,,,,,,
27992,10.0299520v1,10,,2,4,,7/21/2022 18:22,,,,7,,,,,75,2.58,247.68,,,,,,,,,,,,
27992,10.02105061v1,10,,2,4,,7/21/2022 18:22,,,,7,,,,,75,2.58,247.68,,,,,,,,,,,,
27992,10.02105036v1,10,,2,4,,7/21/2022 18:22,,,,7,,,,,75,2.58,247.68,,,,,,,,,,,,
27992,10.02105060v1,10,,2,4,,7/21/2022 18:22,,,,7,,,,,75,2.58,247.68,,,,,,,,,,,,
27993,10.0279832v1,10,,2,3,,7/20/2022 22:00,,,,30,,,,,360,2.41,896.52,,,,,,,,,,,,
27994,10.02104937v1,10,,2,1,,7/21/2022 17:20,,,,30,,,,,360,1.96,729.12,,,,,,,,,,,,
27995,10.02106608v1,10,,2,1,,8/1/2022 16:56,,,,7,,,,,80,2.56,245.76,,,,,,,,,,,,
27996,10.0296186v1,10,,2,4,,7/21/2022 15:36,,,,5,,,,,60,2.58,185.76,,,,,,,,,,,,
27997,10.0257583v1,10,,2,4,,7/21/2022 14:07,,,,21,,,,,250,2.41,636.24,,,,,,,,,,,,
27997,10.0257584v1,10,,2,4,,7/21/2022 14:07,,,,21,,,,,250,2.41,636.24,,,,,,,,,,,,
27999,10.02104753v1,10,,2,1,,7/21/2022 14:39,,,,42,,,,,500,1.96,1011.36,,,,,,,,,,,,
28000,10.02100232v3,10,,2,1,,7/21/2022 14:57,,,,23,,,,,275,1.96,564.48,,,,,,,,,,,,
28001,40.0242311v4,40,,18,1,,7/21/2022 15:06,,,,13,,,,,150,1.96,329.28,,,,,,,,,,,,
28002,10.02101942v1,10,,2,3,,7/22/2022 17:06,,,,64,,,,,760,1.91,1489.8,,,,,,,,,,,,
28003,10.02104917v1,10,,2,4,,7/21/2022 16:41,,,,5,,,,,60,2.58,185.76,,,,,,,,,,,,
28004,10.02103516v3,10,,2,3,,7/25/2022 14:27,,,,11,,,,,125,2.58,371.52,,,,,,,,,,,,
28004,10.02103516v2,10,,2,3,,7/25/2022 14:27,,,,11,,,,,125,2.58,371.52,,,,,,,,,,,,
28007,10.0269743v1,10,,2,3,,7/21/2022 18:12,,,,20,,,,,240,2.41,607.32,,,,,,,,,,,,
28008,10.02105147v1,10,,2,4,,7/22/2022 15:40,,,,5,,,,,60,2.58,185.76,,,,,,,,,,,,
28008,10.02105143v2,10,,2,4,,7/22/2022 15:40,,,,5,,,,,60,2.58,185.76,,,,,,,,,,,,
28009,10.0296802v1,10,,2,1,,7/21/2022 19:14,,,,5,,,,,60,2.56,184.32,,,,,,,,,,,,
28010,55.02103924v1,55,,114,4,,7/22/2022 15:51,,,,5,,,,,60,2.75,198,,,,,,,,,,,,
28010,10.02103921v1,10,,2,4,,7/22/2022 15:51,,,,5,,,,,60,2.58,185.76,,,,,,,,,,,,
28011,10.0275961v2,10,,2,3,,7/21/2022 18:50,,,,5,,,,,60,3.66,263.52,,,,,,,,,,,,
28012,10.02105050v1,10,,2,3,,7/21/2022 18:53,,,,10,,,,,120,2.58,340.56,,,,,,,,,,,,
28013,10.02104808v1,10,,2,3,,7/21/2022 19:05,,,,20,,,,,240,2.41,607.32,,,,,,,,,,,,
28014,10.0240003v2,10,,2,3,,7/22/2022 13:45,,,,15,,,,,180,2.41,462.72,,,,,,,,,,,,
28015,10.02102993v2,10,,2,3,,7/21/2022 19:56,,,,10,,,,,120,2.58,340.56,,,,,,,,,,,,
28016,10.02102434v1,10,,2,1,,7/22/2022 1:09,,,,43,,,,,510,1.96,1034.88,,,,,,,,,,,,
28017,10.02105281v1,10,,2,3,,7/21/2022 20:19,,,,17,,,,,200,2.41,520.56,,,,,,,,,,,,
28018,10.0215900v10,10,,2,1,,7/26/2022 20:45,,,,60,,,,,720,1.79,1310.28,,,,,,,,,,,,
28019,20.0259266v1,20,,11,3,,7/22/2022 17:08,,,,30,,,,,360,2.99,1112.28,,,,,,,,,,,,
28020,46.02105256v1,46,,113,1,,7/22/2022 16:05,,,,84,,,,,1000,1.79,1825.8,,,,,,,,,,,,
28020,10.02105255v1,10,,2,1,,7/22/2022 16:05,,,,84,,,,,1000,1.79,1825.8,,,,,,,,,,,,
28021,10.02105296v1,10,,2,1,,7/22/2022 18:51,,,,34,,,,,400,1.96,823.2,,,,,,,,,,,,
28021,10.02105291v1,10,,2,1,,7/22/2022 18:51,,,,34,,,,,400,1.96,823.2,,,,,,,,,,,,
28021,10.02105302v1,10,,2,1,,7/22/2022 18:51,,,,34,,,,,400,1.96,823.2,,,,,,,,,,,,
28022,10.0294438v1,10,,2,3,,7/21/2022 22:37,,,,9,,,,,100,3.58,429.6,,,,,,,,,,,,
28023,10.0281915v1,10,,2,1,,7/22/2022 12:50,,,,100,,,,,1200,1.71,2072.52,,,,,,,,,,,,
28024,10.0218140v1,10,,2,3,,7/22/2022 15:54,,,,11,,,,,125,2.58,371.52,,,,,,,,,,,,
28027,10.02105046v1,10,,2,4,,7/22/2022 12:49,,,,11,,,,,130,2.58,371.52,,,,,,,,,,,,
28028,10.0290819v1,10,,2,4,,7/22/2022 21:39,,,,13,,,,,150,2.41,404.88,,,,,,,,,,,,
28029,10.0286639v3,10,,2,1,,7/22/2022 15:42,,,,42,,,,,500,1.96,1011.36,,,,,,,,,,,,
28030,10.0237525v1,10,,2,1,,7/22/2022 13:23,,,,10,,,,,120,2.23,294.36,,,,,,,,,,,,
28031,10.02105306v1,10,,2,4,,7/22/2022 13:42,,,,5,,,,,60,2.58,185.76,,,,,,,,,,,,
28032,10.02105098v1,10,,2,4,,7/22/2022 15:52,,,,10,,,,,120,2.58,340.56,,,,,,,,,,,,
28033,17.02104718v1,17,,9,1,,7/22/2022 16:47,,,,27,,,,,315,1.96,658.56,,,,,,,,,,,,
28034,10.0272384v1,10,,2,3,,7/25/2022 14:45,,,,14,,,,,158,2.41,433.8,,,,,,,,,,,,
28035,12.02103846v1,12,,4,4,,7/22/2022 15:45,,,,5,,,,,60,2.83,203.76,,,,,,,,,,,,
28035,10.02100725v1,10,,2,4,,7/22/2022 15:45,,,,5,,,,,60,2.58,185.76,,,,,,,,,,,,
28036,10.0272204v1,10,,2,3,,7/25/2022 14:09,,,,14,,,,,158,2.41,433.8,,,,,,,,,,,,
28037,10.0291206v2,10,,2,1,,7/22/2022 18:49,,,,42,,,,,500,1.96,1011.36,,,,,,,,,,,,
28037,20.02105158v1,20,,11,1,,7/22/2022 18:49,,,,42,,,,,500,2.96,1527.36,,,,,,,,,,,,
28038,10.0247848v1,10,,2,4,,7/25/2022 13:32,,,,13,,,,,150,2.41,404.88,,,,,,,,,,,,
28038,10.0247850v1,10,,2,4,,7/25/2022 13:32,,,,13,,,,,150,2.41,404.88,,,,,,,,,,,,
28039,10.02105559v2,10,,2,1,,7/27/2022 18:10,,,,5,,,,,60,2.56,184.32,,,,,,,,,,,,
28040,40.0268747v1,40,,18,1,,7/22/2022 18:57,,,,21,,,,,250,1.96,517.44,,,,,,,,,,,,
28040,40.0268317v6,40,,18,1,,7/22/2022 18:57,,,,21,,,,,250,1.96,517.44,,,,,,,,,,,,
28041,10.0267861v1,10,,2,1,,7/22/2022 22:41,,,,100,,,,,1200,1.71,2072.52,,,,,,,,,,,,
28042,12.0246480v1,12,,4,3,,7/22/2022 23:14,,,,25,,,,,300,2.16,673.92,,,,,,,,,,,,
28043,20.02105343v1,20,,11,3,,7/22/2022 20:46,,,,42,,,,,500,2.99,1542.84,,,,,,,,,,,,
28044,10.0248407v2,10,,2,3,,7/22/2022 20:57,,,,17,,,,,200,2.41,520.56,,,,,,,,,,,,
28045,46.02103435v2,46,,113,3,,7/27/2022 21:53,,,,10,,,,,120,2.58,340.56,,,,,,,,,,,,
28045,17.0331383v2,17,,9,3,,7/27/2022 21:53,,,,10,,,,,120,2.58,340.56,,,,,,,,,,,,
28047,17.02105426v3,17,,9,1,,7/23/2022 1:31,,,,5,,,,,60,2.56,184.32,,,,,,,,,,,,
28047,17.02105427v3,17,,9,1,,7/23/2022 1:31,,,,5,,,,,60,2.56,184.32,,,,,,,,,,,,
28048,46.02105324v1,46,,113,1,,7/24/2022 16:02,,,,15,,,,,175,1.96,376.32,,,,,,,,,,,,
28049,10.02105304v1,10,,2,3,,7/25/2022 14:36,,,,34,,,,,400,2.41,1012.2,,,,,,,,,,,,
28050,10.02101776v6,10,,2,1,,7/30/2022 1:22,,,,25,,,,,300,1.96,611.52,,,,,,,,,,,,
28051,10.02105360v2,10,,2,4,,7/25/2022 15:00,,,,7,,,,,75,2.58,247.68,,,,,,,,,,,,
28052,10.02103995v2,10,,2,4,,7/25/2022 20:12,,,,40,,,,,480,2.41,1185.72,,,,,,,,,,,,
28053,10.0268059v2,10,,2,3,,7/27/2022 21:12,,,,34,,,,,400,2.41,1012.2,,,,,,,,,,,,
28054,10.0221628v4,10,,2,1,,7/25/2022 15:59,,,,10,,,,,120,2.23,294.36,,,,,,,,,,,,
28055,10.0298601v7,10,,2,4,,7/25/2022 16:07,,,,50,,,,,600,2.16,1321.92,,,,,,,,,,,,
28055,10.0298602v8,10,,2,4,,7/25/2022 16:07,,,,40,,,,,480,2.41,1185.72,,,,,,,,,,,,
28056,10.02105366v1,10,,2,1,,7/25/2022 17:22,,,,6,,,,,65,2.56,215.04,,,,,,,,,,,,
28056,10.02105364v1,10,,2,1,,7/25/2022 17:22,,,,6,,,,,65,2.56,215.04,,,,,,,,,,,,
28057,10.02105127v2,10,,2,1,,7/25/2022 17:52,,,,5,,,,,60,2.56,184.32,,,,,,,,,,,,
28058,55.02103610v2,55,,114,1,,7/25/2022 19:30,,,,10,,,,,120,2.23,294.36,,,,,,,,,,,,
28058,55.02103610v3,55,,114,1,,7/25/2022 19:30,,,,10,,,,,120,2.23,294.36,,,,,,,,,,,,
28059,55.02101777v2,55,,114,1,,7/25/2022 17:50,,,,30,,,,,360,1.96,729.12,,,,,,,,,,,,
28059,10.02101778v1,10,,2,1,,7/25/2022 17:50,,,,20,,,,,240,1.96,493.92,,,,,,,,,,,,
28060,10.02103842v2,10,,2,3,,7/26/2022 13:20,,,,11,,,,,125,2.58,371.52,,,,,,,,,,,,
28060,10.02103843v2,10,,2,3,,7/26/2022 13:20,,,,11,,,,,125,2.58,371.52,,,,,,,,,,,,
28061,10.0286124v1,10,,2,3,,7/28/2022 20:39,,,,10,,,,,120,2.58,340.56,,,,,,,,,,,,
28062,55.02103044v1,55,,114,1,,7/25/2022 21:30,,,,10,,,,,120,2.23,294.36,,,,,,,,,,,,
28062,,70,,,1,44776,7/25/2022 21:30,,,,,,,,,,2.23,,28084,120,9938,23088,64,8301,132,87899,7/25/2022 21:12,8/3/2022,10,294.36
28063,10.02104669v1,10,,2,1,,7/25/2022 19:32,,,,10,,,,,120,2.23,294.36,,,,,,,,,,,,
28064,10.0219646v1,10,,2,4,,7/25/2022 18:14,,,,6,,,,,63,2.58,216.72,,,,,,,,,,,,
28065,10.02105509v1,10,,2,1,,7/25/2022 18:23,,,,21,,,,,250,1.96,517.44,,,,,,,,,,,,
28067,10.02105496v1,10,,2,1,,7/25/2022 19:48,,,,21,,,,,250,1.96,517.44,,,,,,,,,,,,
28068,10.02105436v1,10,,2,1,,7/25/2022 19:42,,,,20,,,,,240,1.96,493.92,,,,,,,,,,,,
28068,10.02105425v1,10,,2,1,,7/25/2022 19:42,,,,20,,,,,240,1.96,493.92,,,,,,,,,,,,
28068,10.02105434v1,10,,2,1,,7/25/2022 19:42,,,,20,,,,,240,1.96,493.92,,,,,,,,,,,,
28069,10.02105363v1,10,,2,1,,7/25/2022 19:15,,,,5,,,,,60,2.56,184.32,,,,,,,,,,,,
28070,10.0235256v1,10,,2,1,,7/25/2022 19:21,,,,5,,,,,60,2.56,184.32,,,,,,,,,,,,
28071,10.0271902v2,10,,2,3,,7/25/2022 19:58,,,,7,,,,,80,3.66,351.36,,,,,,,,,,,,
28072,40.0285524v2,40,,18,3,,7/25/2022 19:41,,,,42,,,,,500,2.49,1284.84,,,,,,,,,,,,
28072,40.0286197v2,40,,18,3,,7/25/2022 19:41,,,,42,,,,,500,2.49,1284.84,,,,,,,,,,,,
28073,10.02105133v1,10,,2,3,,7/25/2022 20:19,,,,5,,,,,60,3.66,263.52,,,,,,,,,,,,
28074,10.0234171v2,10,,2,3,,7/28/2022 22:02,,,,5,,,,,60,3.66,263.52,,,,,,,,,,,,
28076,10.02105078v1,10,,2,3,,7/26/2022 14:34,,,,5,,,,,60,3.66,263.52,,,,,,,,,,,,
28076,10.02105079v1,10,,2,3,,7/26/2022 14:34,,,,5,,,,,60,3.66,263.52,,,,,,,,,,,,
28078,10.02105525v1,10,,2,3,,7/26/2022 13:20,,,,67,,,,,804,1.91,1558.56,,,,,,,,,,,,
28079,10.02105357v3,10,,2,3,,7/25/2022 21:27,,,,42,,,,,502,2.41,1243.56,,,,,,,,,,,,
28080,10.0267342v1,10,,2,3,,7/25/2022 22:24,,,,10,,,,,120,2.58,340.56,,,,,,,,,,,,
28081,10.0224480v1,10,,2,3,,7/26/2022 14:38,,,,10,,,,,120,2.58,340.56,,,,,,,,,,,,
28082,10.0284729v1,10,,2,3,,7/25/2022 22:55,,,,9,,,,,100,3.58,429.6,,,,,,,,,,,,
28083,55.0294669v2,55,,114,3,,7/25/2022 22:35,,,,5,,,,,60,3.74,269.28,,,,,,,,,,,,
28083,55.0294665v2,55,,114,3,,7/25/2022 22:35,,,,5,,,,,60,3.74,269.28,,,,,,,,,,,,
28083,55.0294696v2,55,,114,3,,7/25/2022 22:35,,,,5,,,,,60,3.74,269.28,,,,,,,,,,,,
28084,10.02104420v1,10,,2,3,,7/28/2022 20:27,,,,250,,,,,3000,1.62,4879.44,,,,,,,,,,,,
28085,10.02102874v1,10,,2,1,,7/28/2022 14:35,,,,125,,,,,1500,1.71,2585.52,,,,,,,,,,,,
28086,10.02105553v1,10,,2,1,,7/26/2022 13:19,,,,5,,,,,60,2.56,184.32,,,,,,,,,,,,
28087,10.02104460v4,10,,2,3,,7/28/2022 15:24,,,,10,,,,,120,2.58,340.56,,,,,,,,,,,,
28088,10.02105561v1,10,,2,3,,7/26/2022 8:23,,,,10,,,,,120,2.58,340.56,,,,,,,,,,,,
28089,10.02104943v1,10,,2,3,,8/8/2022 20:56,,,,17,,,,,200,2.41,520.56,,,,,,,,,,,,
28090,10.02102693v4,10,,2,3,,7/26/2022 16:32,,,,21,,,,,250,2.41,636.24,,,,,,,,,,,,
28091,10.0299990v1,10,,2,1,,7/26/2022 15:39,,,,5,,,,,60,2.56,184.32,,,,,,,,,,,,
28091,10.0299981v1,10,,2,1,,7/26/2022 15:39,,,,5,,,,,60,2.56,184.32,,,,,,,,,,,,
28092,10.0286893v1,10,,2,1,,8/2/2022 19:32,,,,11,,,,,121,2.23,321.12,,,,,,,,,,,,
28093,10.02105548v2,10,,2,1,,7/27/2022 20:43,,,,13,,,,,150,1.96,329.28,,,,,,,,,,,,
28094,10.0215208v1,10,,2,1,,7/26/2022 15:33,,,,13,,,,,150,1.96,329.28,,,,,,,,,,,,
28096,10.02104817v1,10,,2,3,,7/26/2022 16:45,,,,10,,,,,120,2.58,340.56,,,,,,,,,,,,
28097,10.02105365v1,10,,2,1,,7/26/2022 16:31,,,,9,,,,,105,2.56,307.2,,,,,,,,,,,,
28098,10.02104279v2,10,,2,3,,7/26/2022 18:02,,,,10,,,,,120,2.58,340.56,,,,,,,,,,,,
28098,10.02104278v2,10,,2,3,,7/26/2022 18:02,,,,10,,,,,120,2.58,340.56,,,,,,,,,,,,
28099,10.02104733v3,10,,2,1,,7/26/2022 18:11,,,,21,,,,,250,1.96,517.44,,,,,,,,,,,,
28100,10.02105547v2,10,,2,3,,7/26/2022 17:30,,,,5,,,,,60,3.66,263.52,,,,,,,,,,,,
28101,10.0247736v2,10,,2,3,,7/26/2022 17:37,,,,10,,,,,120,2.58,340.56,,,,,,,,,,,,
28102,55.02105695v2,55,,114,3,,8/11/2022 20:06,,,,10,,,,,120,2.66,351.12,,,,,,,,,,,,
28103,40.0262515v1,40,,18,3,,7/28/2022 17:43,,,,25,,,,,300,2.49,776.88,,,,,,,,,,,,
28104,10.02104511v3,10,,2,1,,7/26/2022 22:51,,,,21,,,,,250,1.96,517.44,,,,,,,,,,,,
28105,10.02105742v2,10,,2,4,,7/26/2022 22:45,,,,5,,,,,60,2.58,185.76,,,,,,,,,,,,
28106,10.02105741v1,10,,2,4,,7/26/2022 22:53,,,,42,,,,,500,2.41,1243.56,,,,,,,,,,,,
28107,10.02105372v1,10,,2,1,,7/29/2022 17:28,,,,10,,,,,120,2.23,294.36,,,,,,,,,,,,
28107,10.02105374v1,10,,2,1,,7/29/2022 17:28,,,,10,,,,,120,2.23,294.36,,,,,,,,,,,,
28108,10.02105779v1,10,,2,1,,7/27/2022 23:28,,,,10,,,,,120,2.23,294.36,,,,,,,,,,,,
28109,10.0243872v4,10,,2,4,,7/26/2022 23:15,,,,7,,,,,76,2.58,247.68,,,,,,,,,,,,
28110,10.0291390v4,10,,2,3,,7/27/2022 2:16,,,,10,,,,,120,2.58,340.56,,,,,,,,,,,,
28111,10.0262062v2,10,,2,3,,7/27/2022 2:19,,,,10,,,,,120,2.58,340.56,,,,,,,,,,,,
28112,10.02103341v2,10,,2,1,,7/27/2022 13:53,,,,42,,,,,500,1.96,1011.36,,,,,,,,,,,,
28112,10.02103340v2,10,,2,1,,7/27/2022 13:53,,,,42,,,,,500,1.96,1011.36,,,,,,,,,,,,
28113,10.02103337v2,10,,2,1,,7/27/2022 13:52,,,,25,,,,,300,1.96,611.52,,,,,,,,,,,,
28113,10.02103339v2,10,,2,1,,7/27/2022 13:52,,,,25,,,,,300,1.96,611.52,,,,,,,,,,,,
28114,10.02104826v1,10,,2,1,,7/27/2022 18:02,,,,19,,,,,225,1.96,470.4,,,,,,,,,,,,
28115,,70,,,1,44777,7/27/2022 17:20,,,,,,,,,,1.96,,22908,300,9975,23183,64,8334,312,90189,7/27/2022 16:33,8/4/2022,25,611.52
28116,10.02105725v1,10,,2,4,,7/27/2022 15:39,,,,5,,,,,60,2.58,185.76,,,,,,,,,,,,
28117,10.0234006v3,10,,2,1,,7/27/2022 15:59,,,,13,,,,,150,1.96,329.28,,,,,,,,,,,,
28118,10.02100464v6,10,,2,3,,7/27/2022 17:23,,,,159,,,,,1900,1.91,3667.2,,,,,,,,,,,,
28119,10.0346079v1,10,,2,1,,7/28/2022 17:52,,,,10,,,,,120,2.23,294.36,,,,,,,,,,,,
28120,10.02105864v1,10,,2,1,,7/27/2022 17:47,,,,21,,,,,250,1.96,517.44,,,,,,,,,,,,
28121,10.02105381v1,10,,2,4,,7/27/2022 17:52,,,,5,,,,,60,2.58,185.76,,,,,,,,,,,,
28121,10.02105382v1,10,,2,4,,7/27/2022 17:52,,,,5,,,,,60,2.58,185.76,,,,,,,,,,,,
28121,10.02105383v1,10,,2,4,,7/27/2022 17:52,,,,5,,,,,60,2.58,185.76,,,,,,,,,,,,
28121,10.02105384v1,10,,2,4,,7/27/2022 17:52,,,,5,,,,,60,2.58,185.76,,,,,,,,,,,,
28121,10.02105385v1,10,,2,4,,7/27/2022 17:52,,,,5,,,,,60,2.58,185.76,,,,,,,,,,,,
28121,10.02105386v1,10,,2,4,,7/27/2022 17:52,,,,5,,,,,60,2.58,185.76,,,,,,,,,,,,
28121,10.02105378v1,10,,2,4,,7/27/2022 17:52,,,,5,,,,,60,2.58,185.76,,,,,,,,,,,,
28121,10.02105379v1,10,,2,4,,7/27/2022 17:52,,,,5,,,,,60,2.58,185.76,,,,,,,,,,,,
28122,10.02105738v1,10,,2,3,,7/28/2022 14:34,,,,100,,,,,1200,1.91,2314.92,,,,,,,,,,,,
28124,10.02105895v1,10,,2,1,,7/27/2022 19:25,,,,5,,,,,60,2.56,184.32,,,,,,,,,,,,
28125,10.0237389v1,10,,2,1,,7/27/2022 19:41,,,,17,,,,,200,1.96,423.36,,,,,,,,,,,,
28127,10.0299492v3,10,,2,3,,7/28/2022 22:11,,,,5,,,,,60,3.66,263.52,,,,,,,,,,,,
28127,10.0299491v3,10,,2,3,,7/28/2022 22:11,,,,5,,,,,60,3.66,263.52,,,,,,,,,,,,
28128,10.0298055v1,10,,2,1,,7/27/2022 21:52,,,,5,,,,,60,2.56,184.32,,,,,,,,,,,,
28129,10.0278410v1,10,,2,1,,7/27/2022 20:57,,,,10,,,,,120,2.23,294.36,,,,,,,,,,,,
28129,10.0278409v1,10,,2,1,,7/27/2022 20:57,,,,10,,,,,120,2.23,294.36,,,,,,,,,,,,
28130,10.02105931v1,10,,2,1,,8/4/2022 21:41,,,,20,,,,,240,1.96,493.92,,,,,,,,,,,,
28131,10.02103581v3,10,,2,1,,7/27/2022 21:15,,,,5,,,,,60,2.56,184.32,,,,,,,,,,,,
28131,10.02103590v2,10,,2,1,,7/27/2022 21:15,,,,5,,,,,60,2.56,184.32,,,,,,,,,,,,
28132,10.02105944v1,10,,2,3,,7/27/2022 21:34,,,,50,,,,,600,2.16,1321.92,,,,,,,,,,,,
28133,10.0294337v2,10,,2,3,,7/27/2022 22:02,,,,10,,,,,120,2.58,340.56,,,,,,,,,,,,
28134,10.02105856v1,10,,2,1,,7/27/2022 23:28,,,,20,,,,,240,1.96,493.92,,,,,,,,,,,,
28135,10.0218504v1,10,,2,3,,7/28/2022 0:04,,,,5,,,,,60,3.66,263.52,,,,,,,,,,,,
28136,10.0281514v2,10,,2,1,,7/28/2022 1:04,,,,10,,,,,120,2.23,294.36,,,,,,,,,,,,
28137,10.0453036v2,10,,2,1,,7/28/2022 1:16,,,,10,,,,,120,2.23,294.36,,,,,,,,,,,,
28137,10.0250363v5,10,,2,1,,7/28/2022 1:16,,,,7,,,,,80,2.56,245.76,,,,,,,,,,,,
28138,55.02101466v2,55,,114,1,,7/28/2022 8:57,,,,9,,,,,100,2.56,307.2,,,,,,,,,,,,
28139,55.02106155v1,55,,114,1,,7/28/2022 16:19,,,,5,,,,,60,2.56,184.32,,,,,,,,,,,,
28140,46.02105780v1,46,,113,1,,7/28/2022 15:34,,,,266,,,,,3182,1.6,5126.4,,,,,,,,,,,,
28141,55.02104055v2,55,,114,1,,7/28/2022 15:27,,,,5,,,,,60,2.56,184.32,,,,,,,,,,,,
28142,10.0284392v1,10,,2,1,,7/28/2022 15:54,,,,21,,,,,250,1.96,517.44,,,,,,,,,,,,
28143,12.02104554v1,12,,4,1,,8/2/2022 15:34,,,,5,,,,,60,2.1,151.2,,,,,,,,,,,,
28143,10.02104541v1,10,,2,1,,8/2/2022 15:34,,,,5,,,,,60,2.56,184.32,,,,,,,,,,,,
28144,55.02105924v1,55,,114,1,,7/29/2022 15:24,,,,5,,,,,60,2.56,184.32,,,,,,,,,,,,
28145,10.0274288v1,10,,2,1,,7/28/2022 22:55,,,,9,,,,,100,2.56,307.2,,,,,,,,,,,,
28146,10.02105681v1,10,,2,1,,7/28/2022 16:42,,,,9,,,,,100,2.56,307.2,,,,,,,,,,,,
28147,55.02103785v1,55,,114,3,,7/28/2022 16:47,,,,17,,,,,200,2.49,537.84,,,,,,,,,,,,
28148,10.02106198v1,10,,2,1,,8/1/2022 16:05,,,,20,,,,,240,1.96,493.92,,,,,,,,,,,,
28149,10.02105647v1,10,,2,3,,8/4/2022 23:30,,,,100,,,,,1200,1.91,2314.92,,,,,,,,,,,,
28150,10.0282074v1,10,,2,1,,7/22/2022 17:55,,,,9,,,,,100,2.56,307.2,,,,,,,,,,,,
28151,46.02105606v1,46,,113,1,,8/10/2022 14:50,,,,10,,,,,120,2.23,294.36,,,,,,,,,,,,
28152,10.0243575v1,10,,2,4,,7/28/2022 17:58,,,,5,,,,,60,2.58,185.76,,,,,,,,,,,,
28153,10.0284005v5,10,,2,3,,7/28/2022 18:12,,,,17,,,,,200,2.41,520.56,,,,,,,,,,,,
28154,10.0286755v3,10,,2,3,,8/29/2022 20:51,,,,21,,,,,250,2.41,636.24,,,,,,,,,,,,
28155,10.0273656v2,10,,2,3,,7/28/2022 19:26,,,,10,,,,,120,2.58,340.56,,,,,,,,,,,,
28156,10.02105304v1,10,,2,3,,7/29/2022 14:36,,,,60,,,,,720,1.91,1398.12,,,,,,,,,,,,
28157,10.02106168v1,10,,2,1,,7/28/2022 20:26,,,,5,,,,,60,2.56,184.32,,,,,,,,,,,,
28159,17.02105180v3,17,,9,3,,7/28/2022 21:17,,,,5,,,,,60,3.66,263.52,,,,,,,,,,,,
28160,10.02104633v1,10,,2,1,,7/29/2022 17:52,,,,5,,,,,60,2.56,184.32,,,,,,,,,,,,
28161,10.0238353v7,10,,2,1,,7/28/2022 22:35,,,,42,,,,,500,1.96,1011.36,,,,,,,,,,,,
28162,10.02104822v2,10,,2,3,,7/28/2022 21:59,,,,10,,,,,120,2.58,340.56,,,,,,,,,,,,
28163,10.0278532v1,10,,2,3,,8/2/2022 19:11,,,,7,,,,,79,3.66,351.36,,,,,,,,,,,,
28164,10.02104307v1,10,,2,3,,7/29/2022 17:48,,,,40,,,,,480,2.41,1185.72,,,,,,,,,,,,
28164,12.02104327v1,12,,4,3,,7/29/2022 17:48,,,,20,,,,,240,2.16,544.32,,,,,,,,,,,,
28165,10.02106178v1,10,,2,1,,7/28/2022 22:58,,,,6,,,,,62,2.56,215.04,,,,,,,,,,,,
28165,10.02106176v1,10,,2,1,,7/28/2022 22:58,,,,6,,,,,62,2.56,215.04,,,,,,,,,,,,
28166,10.02106288v2,10,,2,3,,7/29/2022 4:02,,,,10,,,,,120,2.58,340.56,,,,,,,,,,,,
28167,10.02105558v2,10,,2,3,,7/29/2022 14:39,,,,42,,,,,500,2.41,1243.56,,,,,,,,,,,,
28168,10.02105502v1,10,,2,3,,7/29/2022 14:48,,,,10,,,,,120,2.58,340.56,,,,,,,,,,,,
28169,10.02106280v1,10,,2,1,,7/29/2022 16:57,,,,11,,,,,121,2.23,321.12,,,,,,,,,,,,
28170,10.02106148v2,10,,2,4,,7/29/2022 15:31,,,,125,,,,,1500,1.91,2887.92,,,,,,,,,,,,
28171,10.02101414v2,10,,2,1,,8/3/2022 17:57,,,,10,,,,,120,2.23,294.36,,,,,,,,,,,,
28172,10.0220135v2,10,,2,3,,8/1/2022 13:53,,,,259,,,,,3100,1.62,5054.4,,,,,,,,,,,,
28173,55.0299669v1,55,,114,1,,9/6/2022 14:46,,,,5,,,,,60,2.56,184.32,,,,,,,,,,,,
28173,55.02100534v1,55,,114,1,,9/6/2022 14:46,,,,5,,,,,60,2.56,184.32,,,,,,,,,,,,
28174,10.0288651v1,10,,2,1,,7/29/2022 19:01,,,,10,,,,,120,2.23,294.36,,,,,,,,,,,,
28175,10.02106467v1,10,,2,1,,7/29/2022 19:06,,,,10,,,,,120,2.23,294.36,,,,,,,,,,,,
28176,10.0271749v1,10,,2,3,,8/2/2022 15:03,,,,10,,,,,120,2.58,340.56,,,,,,,,,,,,
28177,10.0236240v4,10,,2,1,,7/29/2022 20:14,,,,30,,,,,360,1.96,729.12,,,,,,,,,,,,
28178,10.0215035v1,10,,2,4,,7/29/2022 19:55,,,,17,,,,,200,2.41,520.56,,,,,,,,,,,,
28179,55.02105387v1,55,,114,1,,7/29/2022 20:12,,,,14,,,,,160,1.96,352.8,,,,,,,,,,,,
28180,10.0270111v1,10,,2,1,,7/29/2022 20:16,,,,50,,,,,600,1.88,1150.56,,,,,,,,,,,,
28181,10.0289307v1,10,,2,1,,7/29/2022 20:27,,,,10,,,,,120,2.23,294.36,,,,,,,,,,,,
28181,10.02106491v1,10,,2,1,,7/29/2022 20:27,,,,10,,,,,120,2.23,294.36,,,,,,,,,,,,
28182,55.02104678v3,55,,114,3,,8/1/2022 18:16,,,,21,,,,,250,2.49,657.36,,,,,,,,,,,,
28183,10.02106343v2,10,,2,4,,7/29/2022 22:29,,,,5,,,,,60,2.58,185.76,,,,,,,,,,,,
28184,10.02104534v2,10,,2,1,,7/29/2022 22:38,,,,10,,,,,120,2.23,294.36,,,,,,,,,,,,
28185,10.0298489v3,10,,2,1,,8/4/2022 18:48,,,,84,,,,,1000,1.79,1825.8,,,,,,,,,,,,
28186,10.02104576v5,10,,2,1,,8/1/2022 13:52,,,,17,,,,,200,1.96,423.36,,,,,,,,,,,,
28187,10.0245366v3,10,,2,1,,8/1/2022 15:54,,,,7,,,,,80,2.56,245.76,,,,,,,,,,,,
28188,10.0297189v4,10,,2,1,,8/1/2022 15:53,,,,5,,,,,60,2.56,184.32,,,,,,,,,,,,
28188,10.0297192v2,10,,2,1,,8/1/2022 15:53,,,,5,,,,,60,2.56,184.32,,,,,,,,,,,,
28189,10.02105510v2,10,,2,1,,7/29/2022 23:09,,,,49,,,,,580,1.88,1128,,,,,,,,,,,,
28190,12.0213258v2,12,,4,1,,7/29/2022 23:48,,,,10,,,,,120,1.77,233.64,,,,,,,,,,,,
28191,10.02105904v1,10,,2,3,,8/1/2022 16:26,,,,200,,,,,2400,1.62,3907.44,,,,,,,,,,,,
28192,10.03105844v1,10,,2,3,,8/2/2022 21:01,,,,10,,,,,120,2.58,340.56,,,,,,,,,,,,
28192,10.0361724v1,10,,2,3,,8/2/2022 21:01,,,,10,,,,,120,2.58,340.56,,,,,,,,,,,,
28192,10.03105846v1,10,,2,3,,8/2/2022 21:01,,,,5,,,,,60,3.66,263.52,,,,,,,,,,,,
28192,10.03105853v1,10,,2,3,,8/2/2022 21:01,,,,5,,,,,60,3.66,263.52,,,,,,,,,,,,
28192,10.03106522v1,10,,2,3,,8/2/2022 21:01,,,,5,,,,,60,3.66,263.52,,,,,,,,,,,,
28192,10.03105862v1,10,,2,3,,8/2/2022 21:01,,,,10,,,,,120,2.58,340.56,,,,,,,,,,,,
28193,10.0242335v2,10,,2,4,,8/5/2022 22:49,,,,20,,,,,240,2.41,607.32,,,,,,,,,,,,
28193,10.0242486v1,10,,2,4,,8/5/2022 22:49,,,,20,,,,,240,2.41,607.32,,,,,,,,,,,,
28194,10.02106508v6,10,,2,3,,8/1/2022 5:42,,,,10,,,,,120,2.58,340.56,,,,,,,,,,,,
28194,10.02106510v1,10,,2,3,,8/1/2022 5:42,,,,10,,,,,120,2.58,340.56,,,,,,,,,,,,
28194,10.02106507v5,10,,2,3,,8/1/2022 5:42,,,,10,,,,,120,2.58,340.56,,,,,,,,,,,,
28195,10.0269433v1,10,,2,1,,8/1/2022 14:08,,,,7,,,,,80,2.56,245.76,,,,,,,,,,,,
28196,10.0242049v1,10,,2,1,,8/2/2022 15:44,,,,60,,,,,720,1.79,1310.28,,,,,,,,,,,,
28197,10.02101137v1,10,,2,3,,8/1/2022 17:48,,,,100,,,,,1200,1.91,2314.92,,,,,,,,,,,,
28197,13.05101141v2,13,,5,3,,8/1/2022 17:48,,,,100,,,,,1200,1.45,1757.4,,,,,,,,,,,,
28199,55.02104771v1,55,,114,3,,8/1/2022 17:02,,,,30,,,,,360,2.49,926.28,,,,,,,,,,,,
28200,10.0299296v2,10,,2,4,,8/1/2022 17:17,,,,84,,,,,1000,1.91,1948.2,,,,,,,,,,,,
28202,10.02102159v2,10,,2,3,,8/1/2022 17:21,,,,20,,,,,240,2.41,607.32,,,,,,,,,,,,
28203,55.02100932v4,55,,114,3,,8/1/2022 20:01,,,,15,,,,,180,2.49,478.08,,,,,,,,,,,,
28203,55.02100930v4,55,,114,3,,8/1/2022 20:01,,,,15,,,,,180,2.49,478.08,,,,,,,,,,,,
28204,9202105373v1,920,500,26,5,44806,8/1/2022 17:55,Distributor,existingbusiness,9343681604,42,1.04,90,626.64,610,,,,,,,,,,,,,,,
28205,10.02106333v3,10,,2,3,,8/2/2022 15:44,,,,21,,,,,250,2.41,636.24,,,,,,,,,,,,
28206,10.022925v1,10,,2,4,,8/1/2022 20:21,,,,25,,,,,300,2.41,751.92,,,,,,,,,,,,
28207,10.02106437v2,10,,2,4,,8/1/2022 19:03,,,,7,,,,,75,2.58,247.68,,,,,,,,,,,,
28207,10.02106434v2,10,,2,4,,8/1/2022 19:03,,,,7,,,,,75,2.58,247.68,,,,,,,,,,,,
28207,10.02106438v3,10,,2,4,,8/1/2022 19:03,,,,7,,,,,75,2.58,247.68,,,,,,,,,,,,
28208,10.02105686v1,10,,2,1,,8/2/2022 19:58,,,,42,,,,,500,1.96,1011.36,,,,,,,,,,,,
28209,10.0275842v1,10,,2,4,,8/1/2022 20:42,,,,20,,,,,240,2.41,607.32,,,,,,,,,,,,
28210,17.0243619v1,17,,9,1,,8/1/2022 19:49,,,,5,,,,,60,2.56,184.32,,,,,,,,,,,,
28211,10.0298232v2,10,,2,4,,8/1/2022 19:11,,,,25,,,,,300,2.41,751.92,,,,,,,,,,,,
28212,10.02106637v1,10,,2,3,,8/1/2022 20:28,,,,10,,,,,120,2.58,340.56,,,,,,,,,,,,
28213,10.02106704v2,10,,2,3,,8/2/2022 16:27,,,,7,,,,,75,3.66,351.36,,,,,,,,,,,,
28213,10.02106704v1,10,,2,3,,8/2/2022 16:27,,,,7,,,,,75,3.66,351.36,,,,,,,,,,,,
28214,55.02105771v2,55,,114,3,,8/1/2022 20:08,,,,5,,,,,60,3.74,269.28,,,,,,,,,,,,
28214,55.02105770v2,55,,114,3,,8/1/2022 20:08,,,,5,,,,,60,3.74,269.28,,,,,,,,,,,,
28215,10.02106721v1,10,,2,3,,8/2/2022 6:34,,,,42,,,,,500,2.41,1243.56,,,,,,,,,,,,
28216,10.02106710v1,10,,2,3,,8/1/2022 22:36,,,,21,,,,,250,2.41,636.24,,,,,,,,,,,,
28217,10.02106542v1,10,,2,1,,8/2/2022 21:58,,,,6,,,,,70,2.56,215.04,,,,,,,,,,,,
28218,10.0356551v4,10,,2,3,,8/1/2022 21:44,,,,115,,,,,1375,1.91,2658.72,,,,,,,,,,,,
28219,10.0217889v1,10,,2,4,,8/2/2022 13:31,,,,12,,,,,144,2.41,375.96,,,,,,,,,,,,
28220,10.0257420v1,10,,2,1,,8/2/2022 14:24,,,,30,,,,,360,1.96,729.12,,,,,,,,,,,,
28221,10.0236954v1,10,,2,4,,8/2/2022 3:52,,,,10,,,,,120,2.58,340.56,,,,,,,,,,,,
28222,10.0235733v2,10,,2,3,,8/2/2022 12:54,,,,5,,,,,60,3.66,263.52,,,,,,,,,,,,
28224,10.0238985v2,10,,2,1,,8/2/2022 14:56,,,,5,,,,,60,2.56,184.32,,,,,,,,,,,,
28224,10.0240394v1,10,,2,1,,8/2/2022 14:56,,,,5,,,,,60,2.56,184.32,,,,,,,,,,,,
28225,10.0297618v1,10,,2,1,,8/2/2022 15:44,,,,17,,,,,200,1.96,423.36,,,,,,,,,,,,
28226,55.02105869v3,55,,114,3,,8/2/2022 18:23,,,,13,,,,,150,2.49,418.32,,,,,,,,,,,,
28227,12.0270827v1,12,,4,1,,8/2/2022 16:41,,,,5,,,,,60,2.1,151.2,,,,,,,,,,,,
28227,10.0257406v1,10,,2,1,,8/2/2022 16:41,,,,5,,,,,60,2.56,184.32,,,,,,,,,,,,
28227,10.0217043v6,10,,2,1,,8/2/2022 16:41,,,,5,,,,,60,2.56,184.32,,,,,,,,,,,,
28228,10.02105899v1,10,,2,1,,8/2/2022 19:24,,,,6,,,,,63,2.56,215.04,,,,,,,,,,,,
28229,12.02106379v2,12,,4,1,,8/2/2022 22:03,,,,84,,,,,1000,1.38,1407.6,,,,,,,,,,,,
28230,12.0282866v2,12,,4,3,,8/2/2022 19:43,,,,17,,,,,200,2.16,466.56,,,,,,,,,,,,
28231,10.02105645v4,10,,2,1,,8/2/2022 15:49,,,,20,,,,,240,1.96,493.92,,,,,,,,,,,,
28232,10.0296786v2,10,,2,3,,8/10/2022 21:58,,,,20,,,,,240,2.41,607.32,,,,,,,,,,,,
28233,55.02106188v1,55,,114,4,,8/5/2022 17:22,,,,42,,,,,500,2.58,1331.28,,,,,,,,,,,,
28234,40.0255954v3,40,,18,1,,8/3/2022 13:54,,,,10,,,,,120,2.23,294.36,,,,,,,,,,,,
28235,10.02102186v1,10,,2,4,,8/8/2022 14:32,,,,9,,,,,100,2.58,309.6,,,,,,,,,,,,
28236,17.02105956v3,17,,9,3,,8/2/2022 18:58,,,,22,,,,,253,2.41,665.16,,,,,,,,,,,,
28237,10.0234283v1,10,,2,4,,8/2/2022 17:23,,,,21,,,,,250,2.41,636.24,,,,,,,,,,,,
28238,10.02105589v2,10,,2,1,,8/3/2022 15:43,,,,10,,,,,120,2.23,294.36,,,,,,,,,,,,
28239,10.02106524v3,10,,2,1,,8/2/2022 18:16,,,,5,,,,,60,2.56,184.32,,,,,,,,,,,,
28240,10.02106942v2,10,,2,1,,8/2/2022 22:04,,,,167,,,,,2000,1.71,3447.36,,,,,,,,,,,,
28241,12.02106795v2,12,,4,1,,8/2/2022 20:38,,,,9,,,,,100,2.1,252,,,,,,,,,,,,
28241,12.02106796v2,12,,4,1,,8/2/2022 20:38,,,,9,,,,,100,2.1,252,,,,,,,,,,,,
28241,12.02106794v2,12,,4,1,,8/2/2022 20:38,,,,9,,,,,100,2.1,252,,,,,,,,,,,,
28242,55.02106686v2,55,,114,3,,8/2/2022 22:03,,,,25,,,,,300,2.49,776.88,,,,,,,,,,,,
28243,44.02105822v1,44,,21,3,,8/2/2022 20:47,,,,40,,,,,480,2.49,1225.08,,,,,,,,,,,,
28244,10.02104396v3,10,,2,4,,8/3/2022 15:15,,,,5,,,,,60,2.58,185.76,,,,,,,,,,,,
28245,10.02106977v2,10,,2,3,,8/2/2022 21:33,,,,10,,,,,120,2.58,340.56,,,,,,,,,,,,
28246,17.02104277v7,17,,9,3,,8/4/2022 23:30,,,,100,,,,,1200,1.91,2314.92,,,,,,,,,,,,
28246,17.02104277v6,17,,9,3,,8/4/2022 23:30,,,,100,,,,,1200,1.91,2314.92,,,,,,,,,,,,
28247,10.0278409v1,10,,2,1,,8/2/2022 21:09,,,,20,,,,,240,1.96,493.92,,,,,,,,,,,,
28247,10.0278410v1,10,,2,1,,8/2/2022 21:09,,,,20,,,,,240,1.96,493.92,,,,,,,,,,,,
28248,10.0257712v9,10,,2,1,,8/2/2022 21:16,,,,5,,,,,60,2.56,184.32,,,,,,,,,,,,
28248,10.0257712v8,10,,2,1,,8/2/2022 21:16,,,,5,,,,,60,2.56,184.32,,,,,,,,,,,,
28249,10.02106158v1,10,,2,4,,8/2/2022 23:22,,,,5,,,,,60,2.58,185.76,,,,,,,,,,,,
28250,10.0222603v1,10,,2,1,,8/3/2022 12:11,,,,5,,,,,60,2.56,184.32,,,,,,,,,,,,
28251,44.0290710v1,44,,21,1,,8/3/2022 16:37,,,,65,,,,,775,1.79,1417.68,,,,,,,,,,,,
28252,40.0260868v2,40,,18,1,,8/3/2022 15:20,,,,15,,,,,175,1.96,376.32,,,,,,,,,,,,
28254,55.02106982v1,55,,114,4,,8/5/2022 15:14,,,,5,,,,,60,2.75,198,,,,,,,,,,,,
28254,55.02106983v1,55,,114,4,,8/5/2022 15:14,,,,5,,,,,60,2.75,198,,,,,,,,,,,,
28255,10.02107092v1,10,,2,3,,8/3/2022 18:25,,,,230,,,,,2750,1.62,4490.64,,,,,,,,,,,,
28256,10.02107034v1,10,,2,3,,8/2/2022 23:22,,,,11,,,,,125,2.58,371.52,,,,,,,,,,,,
28257,12.02103830v1,12,,4,1,,8/3/2022 18:44,,,,9,,,,,100,2.1,252,,,,,,,,,,,,
28258,10.02102888v1,10,,2,3,,8/2/2022 23:51,,,,5,,,,,60,3.66,263.52,,,,,,,,,,,,
28258,10.02102887v1,10,,2,3,,8/2/2022 23:51,,,,5,,,,,60,3.66,263.52,,,,,,,,,,,,
28258,,70,,,1,44781,8/2/2022 23:51,,,,,,,,,,2.56,,28143,60,10132,23591,118,8474,0,91159,8/2/2022 23:51,8/5/2022,5,184.32
28260,10.02107026v1,10,,2,3,,8/3/2022 18:24,,,,200,,,,,2400,1.62,3907.44,,,,,,,,,,,,
28261,10.0273392v1,10,,2,4,,8/3/2022 20:31,,,,30,,,,,360,2.41,896.52,,,,,,,,,,,,
28262,10.02107052v1,10,,2,4,,8/3/2022 19:49,,,,5,,,,,60,2.58,185.76,,,,,,,,,,,,
28263,10.0228986v2,10,,2,4,,8/5/2022 15:42,,,,5,,,,,60,2.58,185.76,,,,,,,,,,,,
28264,10.0289217v2,10,,2,1,,8/5/2022 18:52,,,,17,,,,,200,1.96,423.36,,,,,,,,,,,,
28265,10.02105278v1,10,,2,4,,8/3/2022 18:13,,,,5,,,,,60,2.58,185.76,,,,,,,,,,,,
28265,10.04106943v1,10,,2,4,,8/3/2022 18:13,,,,5,,,,,60,2.58,185.76,,,,,,,,,,,,
28266,10.0260026v1,10,,2,4,,8/3/2022 17:59,,,,5,,,,,60,2.58,185.76,,,,,,,,,,,,
28267,10.02107138v1,10,,2,4,,8/3/2022 19:05,,,,7,,,,,80,2.58,247.68,,,,,,,,,,,,
28267,10.02107141v1,10,,2,4,,8/3/2022 19:05,,,,7,,,,,80,2.58,247.68,,,,,,,,,,,,
28268,10.02105925v1,10,,2,4,,8/3/2022 19:53,,,,7,,,,,75,2.58,247.68,,,,,,,,,,,,
28268,10.02105922v3,10,,2,4,,8/3/2022 19:53,,,,7,,,,,75,2.58,247.68,,,,,,,,,,,,
28269,10.0233597v1,10,,2,4,,8/3/2022 19:25,,,,5,,,,,60,2.58,185.76,,,,,,,,,,,,
28270,55.02107184v1,55,,114,3,,8/3/2022 20:15,,,,10,,,,,120,2.66,351.12,,,,,,,,,,,,
28272,10.02107172v1,10,,2,3,,8/3/2022 20:27,,,,9,,,,,100,3.58,429.6,,,,,,,,,,,,
28273,55.02107082v3,55,,114,1,,8/4/2022 16:58,,,,84,,,,,1000,1.79,1825.8,,,,,,,,,,,,
28274,10.02107196v2,10,,2,1,,8/8/2022 17:56,,,,42,,,,,500,1.96,1011.36,,,,,,,,,,,,
28275,55.02107296v1,55,,114,3,,8/3/2022 22:39,,,,10,,,,,120,2.66,351.12,,,,,,,,,,,,
28276,10.02101404v10,10,,2,3,,8/3/2022 21:21,,,,10,,,,,120,2.58,340.56,,,,,,,,,,,,
28277,10.0240881v2,10,,2,1,,8/4/2022 11:17,,,,10,,,,,120,2.23,294.36,,,,,,,,,,,,
28277,10.024991v2,10,,2,1,,8/4/2022 11:17,,,,10,,,,,120,2.23,294.36,,,,,,,,,,,,
28278,10.02107258v1,10,,2,3,,8/4/2022 15:26,,,,21,,,,,250,2.41,636.24,,,,,,,,,,,,
28279,10.0283748v2,10,,2,3,,8/4/2022 13:56,,,,17,,,,,200,2.41,520.56,,,,,,,,,,,,
28280,12.027930v2,12,,4,4,,8/10/2022 23:01,,,,100,,,,,1200,2.01,2436.12,,,,,,,,,,,,
28281,10.02107040v1,10,,2,4,,8/3/2022 23:09,,,,6,,,,,67,2.58,216.72,,,,,,,,,,,,
28282,10.02107304v1,10,,2,1,,8/4/2022 22:44,,,,5,,,,,60,2.56,184.32,,,,,,,,,,,,
28283,10.02107297v1,10,,2,3,,8/4/2022 15:58,,,,10,,,,,120,2.58,340.56,,,,,,,,,,,,
28284,10.0297293v1,10,,2,1,,8/4/2022 14:46,,,,17,,,,,200,1.96,423.36,,,,,,,,,,,,
28284,10.0297273v1,10,,2,1,,8/4/2022 14:46,,,,17,,,,,200,1.96,423.36,,,,,,,,,,,,
28285,10.02106938v1,10,,2,3,,8/4/2022 16:04,,,,13,,,,,150,2.41,404.88,,,,,,,,,,,,
28286,46.02105551v7,46,,113,1,,8/4/2022 16:04,,,,84,,,,,1000,1.79,1825.8,,,,,,,,,,,,
28287,10.02104193v9,10,,2,3,,8/4/2022 17:14,,,,292,,,,,3500,1.62,5695.92,,,,,,,,,,,,
28288,46.0289935v1,46,,113,3,,8/4/2022 15:51,,,,23,,,,,270,2.41,694.08,,,,,,,,,,,,
28289,40.0280019v2,40,,18,1,,8/4/2022 20:10,,,,9,,,,,100,2.56,307.2,,,,,,,,,,,,
28291,10.02103564v1,10,,2,3,,8/9/2022 13:05,,,,6,,,,,61,3.66,307.44,,,,,,,,,,,,
28291,10.02103562v1,10,,2,3,,8/9/2022 13:05,,,,6,,,,,61,3.66,307.44,,,,,,,,,,,,
28292,10.023044v1,10,,2,1,,8/4/2022 16:34,,,,5,,,,,60,2.56,184.32,,,,,,,,,,,,
28293,10.0292308v4,10,,2,3,,8/4/2022 21:13,,,,34,,,,,400,2.41,1012.2,,,,,,,,,,,,
28294,12.02107098v2,12,,4,3,,8/4/2022 18:01,,,,21,,,,,250,2.16,570.24,,,,,,,,,,,,
28295,10.029297v1,10,,2,3,,8/5/2022 15:01,,,,17,,,,,200,2.41,520.56,,,,,,,,,,,,
28296,10.0245184v3,10,,2,1,,8/5/2022 10:57,,,,5,,,,,60,2.56,184.32,,,,,,,,,,,,
28296,10.0245185v3,10,,2,1,,8/5/2022 10:57,,,,5,,,,,60,2.56,184.32,,,,,,,,,,,,
28297,10.02103174v1,10,,2,1,,8/4/2022 19:58,,,,5,,,,,60,2.56,184.32,,,,,,,,,,,,
28298,55.02104031v1,55,,114,4,,10/26/2022 22:11,,,,10,,,,,110,2.75,363,,,,,,,,,,,,
28299,10.02107411v1,10,,2,1,,8/5/2022 18:28,,,,13,,,,,150,1.96,329.28,,,,,,,,,,,,
28300,10.0282191v3,10,,2,3,,8/5/2022 15:11,,,,10,,,,,120,2.58,340.56,,,,,,,,,,,,
28301,10.02103869v2,10,,2,4,,8/5/2022 0:50,,,,5,,,,,60,2.58,185.76,,,,,,,,,,,,
28303,10.0291098v1,10,,2,3,,8/8/2022 14:05,,,,11,,,,,125,2.58,371.52,,,,,,,,,,,,
28304,10.02106832v1,10,,2,3,,8/5/2022 14:39,,,,20,,,,,240,2.41,607.32,,,,,,,,,,,,
28305,10.0297618v1,10,,2,1,,8/8/2022 15:38,,,,17,,,,,200,1.96,423.36,,,,,,,,,,,,
28307,18.02106173v1,18,,10,3,,8/5/2022 0:06,,,,10,,,,,120,2.66,351.12,,,,,,,,,,,,
28308,10.0291076v1,10,,2,3,,8/5/2022 17:09,,,,10,,,,,120,2.58,340.56,,,,,,,,,,,,
28309,10.02106784v1,10,,2,4,,8/5/2022 15:09,,,,20,,,,,240,2.41,607.32,,,,,,,,,,,,
28310,10.0283405v1,10,,2,1,,8/5/2022 15:14,,,,10,,,,,120,2.23,294.36,,,,,,,,,,,,
28311,10.02104987v1,10,,2,4,,8/5/2022 18:13,,,,6,,,,,70,2.58,216.72,,,,,,,,,,,,
28312,10.0296408v2,10,,2,4,,8/5/2022 17:43,,,,5,,,,,60,2.58,185.76,,,,,,,,,,,,
28313,10.02107063v1,10,,2,4,,8/5/2022 16:52,,,,6,,,,,70,2.58,216.72,,,,,,,,,,,,
28314,10.02107611v1,10,,2,1,,8/5/2022 17:40,,,,21,,,,,250,1.96,517.44,,,,,,,,,,,,
28315,10.02107862v3,10,,2,1,,8/10/2022 14:42,,,,21,,,,,250,1.96,517.44,,,,,,,,,,,,
28316,17.02107564v2,17,,9,1,,8/5/2022 18:15,,,,5,,,,,60,2.56,184.32,,,,,,,,,,,,
28317,10.02107580v1,10,,2,1,,8/5/2022 21:45,,,,59,,,,,700,1.88,1353.6,,,,,,,,,,,,
28318,10.0235856v1,10,,2,1,,8/5/2022 19:06,,,,10,,,,,120,2.23,294.36,,,,,,,,,,,,
28319,10.02107283v1,10,,2,4,,8/5/2022 20:48,,,,5,,,,,60,2.58,185.76,,,,,,,,,,,,
28320,10.02104632v5,10,,2,3,,8/9/2022 14:24,,,,46,,,,,546,2.16,1218.24,,,,,,,,,,,,
28321,10.02107148v1,10,,2,1,,8/5/2022 21:26,,,,5,,,,,60,2.56,184.32,,,,,,,,,,,,
28322,,70,,,1,44790,8/8/2022 17:10,,,,,,,,,,1.96,,28162,180,10226,23752,118,8559,192,90953,8/8/2022 16:47,8/16/2022,15,376.32
28322,,70,,,1,44790,8/8/2022 17:10,,,,,,,,,,1.96,,28163,180,10226,23754,118,8559,192,90953,8/8/2022 16:47,8/16/2022,15,376.32
28323,55.02105199v3,55,,114,1,,8/5/2022 20:32,,,,176,,,,,2105,1.71,3632.04,,,,,,,,,,,,
28324,10.02107340v1,10,,2,4,,8/5/2022 20:54,,,,5,,,,,60,2.58,185.76,,,,,,,,,,,,
28325,10.0283316v2,10,,2,3,,8/5/2022 20:41,,,,21,,,,,250,2.41,636.24,,,,,,,,,,,,
28325,10.0283317v2,10,,2,3,,8/5/2022 20:41,,,,21,,,,,250,2.41,636.24,,,,,,,,,,,,
28326,10.02106814v2,10,,2,3,,8/5/2022 21:13,,,,10,,,,,120,2.58,340.56,,,,,,,,,,,,
28327,10.0218490v1,10,,2,1,,8/8/2022 22:35,,,,19,,,,,220,1.96,470.4,,,,,,,,,,,,
28328,10.02107738v1,10,,2,3,,8/5/2022 22:25,,,,13,,,,,153,2.41,404.88,,,,,,,,,,,,
28329,10.02107774v1,10,,2,1,,8/6/2022 0:34,,,,30,,,,,360,1.96,729.12,,,,,,,,,,,,
28330,10.02107777v1,10,,2,3,,8/5/2022 22:44,,,,5,,,,,60,3.66,263.52,,,,,,,,,,,,
28331,,70,,,1,44785,8/9/2022 20:07,,,,,,,,,,2.56,,28164,60,10262,23844,107,8593,72,91389,8/9/2022 19:08,8/12/2022,5,184.32
28332,10.02107415v1,10,,2,3,,8/8/2022 13:12,,,,25,,,,,300,2.41,751.92,,,,,,,,,,,,
28333,10.02107630v1,10,,2,1,,8/8/2022 13:44,,,,6,,,,,65,2.56,215.04,,,,,,,,,,,,
28335,,70,,,1,44797,8/8/2022 17:43,,,,,,,,,,1.96,,28160,360,10227,23756,118,8560,372,88983,8/8/2022 17:29,8/24/2022,30,729.12
28336,10.02107873v1,10,,2,4,,8/8/2022 17:41,,,,67,,,,,800,1.91,1558.56,,,,,,,,,,,,
28337,10.02107792v1,10,,2,1,,8/8/2022 18:29,,,,10,,,,,120,2.23,294.36,,,,,,,,,,,,
28338,15.02107758v2,15,,7,3,,8/8/2022 19:15,,,,17,,,,,200,3.53,762.48,,,,,,,,,,,,
28339,10.02100007v1,10,,2,3,,8/8/2022 19:25,,,,9,,,,,100,3.58,429.6,,,,,,,,,,,,
28340,10.0285990v1,10,,2,1,,8/9/2022 0:21,,,,40,,,,,480,1.96,964.32,,,,,,,,,,,,
28341,,70,,,1,44791,8/10/2022 18:14,,,,,,,,,,2.23,,27713,130,10290,23912,64,8618,144,91323,8/10/2022 16:26,8/18/2022,11,321.12
28341,,70,,,1,44791,8/10/2022 18:14,,,,,,,,,,2.23,,27714,130,10290,23914,64,8618,144,91323,8/10/2022 16:26,8/18/2022,11,321.12
28342,10.0245931v2,10,,2,3,,8/8/2022 19:37,,,,5,,,,,60,3.66,263.52,,,,,,,,,,,,
28343,10.02107275v4,10,,2,1,,8/8/2022 22:11,,,,10,,,,,120,2.23,294.36,,,,,,,,,,,,
28343,10.02107277v3,10,,2,1,,8/8/2022 22:11,,,,10,,,,,120,2.23,294.36,,,,,,,,,,,,
28344,55.02107775v1,55,,114,3,,8/8/2022 20:23,,,,17,,,,,201,2.49,537.84,,,,,,,,,,,,
28345,10.02107106v1,10,,2,1,,8/8/2022 20:41,,,,34,,,,,400,1.96,823.2,,,,,,,,,,,,
28346,10.02108022v1,10,,2,1,,8/8/2022 20:18,,,,5,,,,,60,2.56,184.32,,,,,,,,,,,,
28347,10.02108081v1,10,,2,1,,8/8/2022 21:24,,,,21,,,,,250,1.96,517.44,,,,,,,,,,,,
28348,55.02107856v1,55,,114,3,,8/9/2022 15:06,,,,11,,,,,130,2.66,383.04,,,,,,,,,,,,
28349,10.02106878v3,10,,2,1,,8/8/2022 21:46,,,,50,,,,,600,1.88,1150.56,,,,,,,,,,,,
28350,55.02107584v1,55,,114,3,,8/8/2022 22:27,,,,34,,,,,400,2.49,1045.8,,,,,,,,,,,,
28351,10.02108018v1,10,,2,1,,8/8/2022 22:53,,,,5,,,,,60,2.56,184.32,,,,,,,,,,,,
28352,10.02105737v1,10,,2,3,,8/11/2022 19:08,,,,17,,,,,200,2.41,520.56,,,,,,,,,,,,
28353,,70,,,1,44791,8/9/2022 14:40,,,,,,,,,,2.56,,28159,60,10250,23802,118,8581,72,91353,8/9/2022 14:30,8/18/2022,5,184.32
28354,10.02108011v2,10,,2,4,,8/9/2022 14:22,,,,50,,,,,600,2.16,1321.92,,,,,,,,,,,,
28355,10.0255367v4,10,,2,3,,8/9/2022 22:39,,,,10,,,,,120,2.58,340.56,,,,,,,,,,,,
28357,10.02105971v2,10,,2,1,,8/10/2022 14:44,,,,5,,,,,60,2.56,184.32,,,,,,,,,,,,
28358,10.0274698v2,10,,2,1,,8/30/2022 21:20,,,,100,,,,,1200,1.71,2072.52,,,,,,,,,,,,
28359,10.02108289v1,10,,2,1,,8/9/2022 16:57,,,,9,,,,,105,2.56,307.2,,,,,,,,,,,,
28360,12.02105323v1,12,,4,3,,8/9/2022 18:13,,,,40,,,,,480,2.16,1062.72,,,,,,,,,,,,
28360,10.02106300v3,10,,2,3,,8/9/2022 18:13,,,,60,,,,,720,1.91,1398.12,,,,,,,,,,,,
28361,10.0245184v3,10,,2,1,,8/11/2022 8:56,,,,9,,,,,100,2.56,307.2,,,,,,,,,,,,
28361,10.0245185v3,10,,2,1,,8/11/2022 8:56,,,,9,,,,,100,2.56,307.2,,,,,,,,,,,,
28362,10.0295734v2,10,,2,4,,8/9/2022 18:04,,,,20,,,,,240,2.41,607.32,,,,,,,,,,,,
28362,10.0295732v1,10,,2,4,,8/9/2022 18:04,,,,10,,,,,120,2.58,340.56,,,,,,,,,,,,
28362,10.0244025v8,10,,2,4,,8/9/2022 18:04,,,,20,,,,,240,2.41,607.32,,,,,,,,,,,,
28362,10.0243024v12,10,,2,4,,8/9/2022 18:04,,,,10,,,,,120,2.58,340.56,,,,,,,,,,,,
28362,10.0244023v8,10,,2,4,,8/9/2022 18:04,,,,10,,,,,120,2.58,340.56,,,,,,,,,,,,
28363,10.0257148v4,10,,2,3,,8/9/2022 17:55,,,,12,,,,,144,2.41,375.96,,,,,,,,,,,,
28364,10.0256980v1,10,,2,3,,8/9/2022 17:57,,,,25,,,,,300,2.41,751.92,,,,,,,,,,,,
28365,10.02108304v1,10,,2,1,,8/9/2022 20:54,,,,33,,,,,390,1.96,799.68,,,,,,,,,,,,
28366,10.0294977v1,10,,2,1,,8/9/2022 18:44,,,,10,,,,,120,2.23,294.36,,,,,,,,,,,,
28368,10.0290012v3,10,,2,1,,8/10/2022 13:29,,,,10,,,,,120,2.23,294.36,,,,,,,,,,,,
28368,12.0288222v6,12,,4,1,,8/10/2022 13:29,,,,10,,,,,120,1.77,233.64,,,,,,,,,,,,
28369,10.029627v4,10,,2,3,,8/9/2022 18:45,,,,29,,,,,340,2.41,867.6,,,,,,,,,,,,
28370,17.02105494v1,17,,9,3,,8/9/2022 19:56,,,,11,,,,,122,2.58,371.52,,,,,,,,,,,,
28371,10.02108331v1,10,,2,1,,8/10/2022 13:13,,,,9,,,,,100,2.56,307.2,,,,,,,,,,,,
28372,10.02108340v1,10,,2,3,,8/9/2022 18:58,,,,10,,,,,120,2.58,340.56,,,,,,,,,,,,
28373,10.02107466v1,10,,2,3,,8/9/2022 19:04,,,,17,,,,,200,2.41,520.56,,,,,,,,,,,,
28374,10.02107583v2,10,,2,3,,8/9/2022 19:21,,,,69,,,,,820,1.91,1604.4,,,,,,,,,,,,
28375,10.02100798v2,10,,2,1,,8/9/2022 22:26,,,,21,,,,,252,1.96,517.44,,,,,,,,,,,,
28376,55.02107880v1,55,,114,3,,8/9/2022 20:13,,,,44,,,,,521,2.49,1344.6,,,,,,,,,,,,
28377,10.02107863v3,10,,2,3,,8/10/2022 17:42,,,,60,,,,,720,1.91,1398.12,,,,,,,,,,,,
28378,10.0223064v1,10,,2,3,,8/12/2022 20:09,,,,10,,,,,120,2.58,340.56,,,,,,,,,,,,
28380,10.02106932v2,10,,2,1,,8/9/2022 20:59,,,,10,,,,,120,2.23,294.36,,,,,,,,,,,,
28381,15.02108457v1,15,,7,3,,8/12/2022 16:09,,,,10,,,,,120,3.7,488.4,,,,,,,,,,,,
28382,55.02106486v2,55,,114,1,,8/11/2022 15:32,,,,16,,,,,190,1.96,399.84,,,,,,,,,,,,
28382,55.03108489v2,55,,114,1,,8/11/2022 15:32,,,,5,,,,,60,2.56,184.32,,,,,,,,,,,,
28383,10.0290909v1,10,,2,4,,8/10/2022 12:48,,,,40,,,,,480,2.41,1185.72,,,,,,,,,,,,
28384,10.0290473v1,10,,2,1,,8/9/2022 23:00,,,,26,,,,,306,1.96,635.04,,,,,,,,,,,,
28385,55.02108550v2,55,,114,3,,8/10/2022 14:00,,,,17,,,,,200,2.49,537.84,,,,,,,,,,,,
28386,10.02100532v13,10,,2,3,,8/10/2022 16:21,,,,5,,,,,60,3.66,263.52,,,,,,,,,,,,
28386,10.02100532v12,10,,2,3,,8/10/2022 16:21,,,,5,,,,,60,3.66,263.52,,,,,,,,,,,,
28386,10.02100532v14,10,,2,3,,8/10/2022 16:21,,,,5,,,,,60,3.66,263.52,,,,,,,,,,,,
28387,55.02107329v1,55,,114,3,,8/22/2022 12:18,,,,7,,,,,80,3.74,359.04,,,,,,,,,,,,
28389,12.02108567v1,12,,4,3,,8/10/2022 15:39,,,,10,,,,,120,2.33,307.56,,,,,,,,,,,,
28390,10.02108269v1,10,,2,1,,8/18/2022 5:38,,,,25,,,,,300,1.96,611.52,,,,,,,,,,,,
28391,10.02108562v2,10,,2,1,,8/10/2022 16:57,,,,5,,,,,60,2.56,184.32,,,,,,,,,,,,
28392,10.0289356v1,10,,2,3,,8/10/2022 0:50,,,,13,,,,,150,2.41,404.88,,,,,,,,,,,,
28393,10.0241791v1,10,,2,3,,8/10/2022 15:42,,,,10,,,,,120,2.58,340.56,,,,,,,,,,,,
28394,46.02107787v1,46,,113,3,,8/10/2022 15:27,,,,13,,,,,150,2.41,404.88,,,,,,,,,,,,
28394,10.02105024v1,10,,2,3,,8/10/2022 15:27,,,,13,,,,,150,2.41,404.88,,,,,,,,,,,,
28395,10.02108403v1,10,,2,1,,8/10/2022 15:20,,,,10,,,,,120,2.23,294.36,,,,,,,,,,,,
28396,10.02105221v2,10,,2,1,,8/10/2022 16:15,,,,5,,,,,60,2.56,184.32,,,,,,,,,,,,
28397,10.02108202v1,10,,2,1,,8/10/2022 15:58,,,,25,,,,,300,1.96,611.52,,,,,,,,,,,,
28398,10.02107821v2,10,,2,3,,8/10/2022 17:42,,,,75,,,,,900,1.91,1741.92,,,,,,,,,,,,
28399,10.02107840v2,10,,2,1,,8/10/2022 16:56,,,,11,,,,,126,2.23,321.12,,,,,,,,,,,,
28399,10.02107842v2,10,,2,1,,8/10/2022 16:56,,,,11,,,,,126,2.23,321.12,,,,,,,,,,,,
28400,55.02108601v1,55,,114,1,,8/10/2022 16:45,,,,10,,,,,120,2.23,294.36,,,,,,,,,,,,
28401,,70,,,1,44789,8/10/2022 18:58,,,,,,,,,,1.96,,28140,500,10298,23921,64,8624,516,91047,8/10/2022 17:31,8/16/2022,42,1011.36
28402,12.02108584v1,12,,4,1,,8/10/2022 18:08,,,,5,,,,,60,2.1,151.2,,,,,,,,,,,,
28402,10.02108593v1,10,,2,1,,8/10/2022 18:08,,,,5,,,,,60,2.56,184.32,,,,,,,,,,,,
28403,10.02108248v1,10,,2,1,,8/10/2022 18:26,,,,21,,,,,250,1.96,517.44,,,,,,,,,,,,
28404,55.0299786v2,55,,114,1,,8/10/2022 23:11,,,,12,,,,,136,1.96,305.76,,,,,,,,,,,,
28405,10.02107869v2,10,,2,1,,8/10/2022 18:53,,,,20,,,,,240,1.96,493.92,,,,,,,,,,,,
28406,10.0219046v2,10,,2,3,,8/10/2022 18:42,,,,10,,,,,120,2.58,340.56,,,,,,,,,,,,
28408,10.02107700v1,10,,2,4,,8/12/2022 19:04,,,,5,,,,,60,2.58,185.76,,,,,,,,,,,,
28409,18.0222733v5,18,,10,1,,8/16/2022 15:34,,,,30,,,,,360,1.96,729.12,,,,,,,,,,,,
28410,17.02108261v3,17,,9,1,,8/10/2022 20:06,,,,5,,,,,60,2.56,184.32,,,,,,,,,,,,
28411,44.0287566v1,44,,21,1,,8/11/2022 14:10,,,,105,,,,,1250,1.71,2175.12,,,,,,,,,,,,
28412,10.0247057v1,10,,2,1,,8/10/2022 20:29,,,,30,,,,,350,1.96,729.12,,,,,,,,,,,,
28413,10.0213785v1,10,,2,1,,8/10/2022 21:14,,,,17,,,,,200,1.96,423.36,,,,,,,,,,,,
28414,10.02108139v1,10,,2,1,,8/10/2022 21:14,,,,34,,,,,403,1.96,823.2,,,,,,,,,,,,
28415,10.02108712v1,10,,2,1,,8/10/2022 21:22,,,,9,,,,,101,2.56,307.2,,,,,,,,,,,,
28416,10.0283676v3,10,,2,1,,8/10/2022 21:22,,,,17,,,,,200,1.96,423.36,,,,,,,,,,,,
28417,10.02107707v2,10,,2,1,,8/10/2022 22:13,,,,21,,,,,242,1.96,517.44,,,,,,,,,,,,
28418,10.02108615v1,10,,2,1,,8/10/2022 22:11,,,,20,,,,,240,1.96,493.92,,,,,,,,,,,,
28418,10.03108782v1,10,,2,1,,8/10/2022 22:11,,,,5,,,,,60,2.56,184.32,,,,,,,,,,,,
28419,55.02107855v5,55,,114,3,,8/15/2022 14:55,,,,20,,,,,240,2.49,627.48,,,,,,,,,,,,
28420,10.02108454v2,10,,2,1,,8/10/2022 22:55,,,,5,,,,,60,2.56,184.32,,,,,,,,,,,,
28421,10.0282191v3,10,,2,3,,8/12/2022 15:22,,,,10,,,,,120,2.58,340.56,,,,,,,,,,,,
28421,12.0282866v2,12,,4,3,,8/12/2022 15:22,,,,30,,,,,360,2.16,803.52,,,,,,,,,,,,
28422,10.02106614v3,10,,2,1,,8/10/2022 23:04,,,,30,,,,,360,1.96,729.12,,,,,,,,,,,,
28423,10.0242627v2,10,,2,1,,8/11/2022 14:50,,,,32,,,,,377,1.96,776.16,,,,,,,,,,,,
28423,10.0242619v2,10,,2,1,,8/11/2022 14:50,,,,32,,,,,377,1.96,776.16,,,,,,,,,,,,
28424,10.0232494v1,10,,2,1,,8/11/2022 13:26,,,,42,,,,,500,1.96,1011.36,,,,,,,,,,,,
28425,10.0253012v1,10,,2,1,,8/10/2022 23:48,,,,25,,,,,300,1.96,611.52,,,,,,,,,,,,
28426,10.02103785v2,10,,2,1,,8/11/2022 1:18,,,,17,,,,,200,1.96,423.36,,,,,,,,,,,,
28427,10.02104403v2,10,,2,3,,8/11/2022 2:02,,,,10,,,,,120,2.58,340.56,,,,,,,,,,,,
28428,10.0294713v1,10,,2,3,,8/11/2022 13:15,,,,20,,,,,240,2.41,607.32,,,,,,,,,,,,
28429,10.02108710v2,10,,2,4,,8/11/2022 13:26,,,,6,,,,,63,2.58,216.72,,,,,,,,,,,,
28430,10.0273818v3,10,,2,4,,8/11/2022 13:42,,,,20,,,,,240,2.41,607.32,,,,,,,,,,,,
28431,10.02106934v4,10,,2,1,,8/11/2022 14:16,,,,5,,,,,60,2.56,184.32,,,,,,,,,,,,
28431,10.02106934v3,10,,2,1,,8/11/2022 14:16,,,,5,,,,,60,2.56,184.32,,,,,,,,,,,,
28432,14.0683263v3,14,,6,3,,8/12/2022 14:26,,,,67,,,,,800,1.45,1183.2,,,,,,,,,,,,
28432,13.0594198v1,13,,5,3,,8/12/2022 14:26,,,,67,,,,,800,1.45,1183.2,,,,,,,,,,,,
28433,10.0222909v1,10,,2,1,,8/11/2022 17:19,,,,42,,,,,500,1.96,1011.36,,,,,,,,,,,,
28434,10.02105304v1,10,,2,3,,8/11/2022 15:38,,,,13,,,,,150,2.41,404.88,,,,,,,,,,,,
28435,10.02108817v1,10,,2,1,,8/11/2022 15:55,,,,5,,,,,60,2.56,184.32,,,,,,,,,,,,
28436,10.02108883v1,10,,2,1,,8/11/2022 19:33,,,,8,,,,,86,2.56,276.48,,,,,,,,,,,,
28437,10.0287375v1,10,,2,3,,8/11/2022 17:40,,,,20,,,,,240,2.41,607.32,,,,,,,,,,,,
28438,10.02108029v1,10,,2,3,,8/11/2022 18:30,,,,42,,,,,500,2.41,1243.56,,,,,,,,,,,,
28439,10.02106612v2,10,,2,1,,8/19/2022 16:09,,,,21,,,,,250,1.96,517.44,,,,,,,,,,,,
28440,10.0245185v3,10,,2,1,,8/15/2022 23:29,,,,25,,,,,300,1.96,611.52,,,,,,,,,,,,
28440,10.0245184v3,10,,2,1,,8/15/2022 23:29,,,,25,,,,,300,1.96,611.52,,,,,,,,,,,,
28441,10.02109789v1,10,,2,3,,8/16/2022 18:31,,,,5,,,,,60,3.66,263.52,,,,,,,,,,,,
28442,46.02104247v1,46,,113,1,,8/12/2022 17:45,,,,30,,,,,350,1.96,729.12,,,,,,,,,,,,
28443,10.02108789v1,10,,2,3,,8/11/2022 19:32,,,,10,,,,,120,2.58,340.56,,,,,,,,,,,,
28444,10.02108264v3,10,,2,1,,8/11/2022 19:31,,,,5,,,,,60,2.56,184.32,,,,,,,,,,,,
28445,10.0220390v1,10,,2,1,,8/12/2022 16:05,,,,25,,,,,300,1.96,611.52,,,,,,,,,,,,
28446,10.02108201v2,10,,2,1,,8/11/2022 22:00,,,,17,,,,,200,1.96,423.36,,,,,,,,,,,,
28447,40.0280255v1,40,,18,3,,8/11/2022 22:34,,,,9,,,,,102,3.66,439.2,,,,,,,,,,,,
28448,55.02107316v2,55,,114,4,,8/12/2022 13:58,,,,5,,,,,60,2.75,198,,,,,,,,,,,,
28450,40.0258193v1,40,,18,3,,8/12/2022 13:59,,,,5,,,,,60,3.74,269.28,,,,,,,,,,,,
28451,10.0261778v1,10,,2,3,,8/12/2022 16:09,,,,17,,,,,200,2.41,520.56,,,,,,,,,,,,
28452,10.03100041v1,10,,2,1,,8/12/2022 14:22,,,,5,,,,,60,2.56,184.32,,,,,,,,,,,,
28453,10.02109122v1,10,,2,3,,8/12/2022 20:47,,,,9,,,,,100,3.58,429.6,,,,,,,,,,,,
28454,55.02107162v1,55,,114,1,,8/18/2022 21:13,,,,15,,,,,176,1.96,376.32,,,,,,,,,,,,
28455,12.0297421v1,12,,4,3,,9/15/2022 12:19,,,,10,,,,,120,2.33,307.56,,,,,,,,,,,,
28456,10.02108799v1,10,,2,1,,8/11/2022 23:58,,,,5,,,,,60,2.56,184.32,,,,,,,,,,,,
28457,10.0236821v1,10,,2,1,,8/12/2022 15:39,,,,9,,,,,100,2.56,307.2,,,,,,,,,,,,
28458,10.02108563v1,10,,2,1,,8/12/2022 18:49,,,,11,,,,,122,2.23,321.12,,,,,,,,,,,,
28458,10.02108182v4,10,,2,1,,8/12/2022 18:49,,,,11,,,,,122,2.23,321.12,,,,,,,,,,,,
28459,10.02108277v1,10,,2,3,,8/12/2022 23:21,,,,42,,,,,500,2.41,1243.56,,,,,,,,,,,,
28460,10.02107962v2,10,,2,1,,8/12/2022 16:02,,,,6,,,,,70,2.56,215.04,,,,,,,,,,,,
28461,10.0273818v3,10,,2,4,,8/12/2022 13:31,,,,42,,,,,500,2.41,1243.56,,,,,,,,,,,,
28462,10.02108736v1,10,,2,3,,8/19/2022 19:45,,,,10,,,,,120,2.58,340.56,,,,,,,,,,,,
28463,10.02108988v1,10,,2,1,,8/12/2022 15:29,,,,6,,,,,65,2.56,215.04,,,,,,,,,,,,
28464,10.02108475v3,10,,2,1,,8/12/2022 14:56,,,,10,,,,,120,2.23,294.36,,,,,,,,,,,,
28464,10.02108486v3,10,,2,1,,8/12/2022 14:56,,,,10,,,,,120,2.23,294.36,,,,,,,,,,,,
28465,,70,,,1,44796,8/12/2022 15:40,,,,,,,,,,1.96,,28157,420,10360,24125,118,8677,432,91322,8/12/2022 15:35,8/23/2022,35,846.72
28466,10.02108938v1,10,,2,3,,8/12/2022 15:49,,,,131,,,,,1571,1.91,3025.44,,,,,,,,,,,,
28467,10.0220062v1,10,,2,1,,8/15/2022 19:25,,,,6,,,,,69,2.56,215.04,,,,,,,,,,,,
28468,15.02109209v1,15,,7,3,,8/12/2022 17:24,,,,10,,,,,120,3.7,488.4,,,,,,,,,,,,
28469,55.02105016v1,55,,114,1,,8/12/2022 16:54,,,,5,,,,,60,2.56,184.32,,,,,,,,,,,,
28470,10.0285954v4,10,,2,4,,8/12/2022 18:34,,,,5,,,,,60,2.58,185.76,,,,,,,,,,,,
28471,10.02102593v1,10,,2,3,,8/22/2022 14:07,,,,59,,,,,700,2.16,1555.2,,,,,,,,,,,,
28473,13.05109242v1,13,,5,3,,8/16/2022 17:01,,,,20,,,,,240,1.45,365.4,,,,,,,,,,,,
28474,10.0295995v2,10,,2,1,,8/9/2022 21:28,,,,10,,,,,120,2.23,294.36,,,,,,,,,,,,
28475,10.02104736v4,10,,2,4,,8/12/2022 17:21,,,,5,,,,,60,2.58,185.76,,,,,,,,,,,,
28475,10.02106533v1,10,,2,4,,8/12/2022 17:21,,,,5,,,,,60,2.58,185.76,,,,,,,,,,,,
28476,10.02108806v1,10,,2,4,,8/12/2022 17:36,,,,5,,,,,60,2.58,185.76,,,,,,,,,,,,
28477,10.02109016v2,10,,2,1,,8/15/2022 16:15,,,,21,,,,,250,1.96,517.44,,,,,,,,,,,,
28478,17.02109148v1,17,,9,3,,8/12/2022 19:41,,,,10,,,,,120,2.58,340.56,,,,,,,,,,,,
28479,17.02107607v3,17,,9,3,,8/12/2022 18:32,,,,10,,,,,120,2.58,340.56,,,,,,,,,,,,
28479,10.02107606v2,10,,2,3,,8/12/2022 18:32,,,,10,,,,,120,2.58,340.56,,,,,,,,,,,,
28480,10.0227001v1,10,,2,3,,8/12/2022 19:03,,,,5,,,,,60,3.66,263.52,,,,,,,,,,,,
28481,10.02106588v1,10,,2,3,,8/12/2022 22:57,,,,5,,,,,60,3.66,263.52,,,,,,,,,,,,
28482,10.02107240v2,10,,2,3,,8/12/2022 19:35,,,,25,,,,,300,2.41,751.92,,,,,,,,,,,,
28483,10.02108930v1,10,,2,3,,8/12/2022 19:32,,,,42,,,,,500,2.41,1243.56,,,,,,,,,,,,
28484,10.0216687v2,10,,2,3,,8/12/2022 19:58,,,,42,,,,,500,2.41,1243.56,,,,,,,,,,,,
28486,10.0224743v2,10,,2,1,,8/12/2022 20:58,,,,12,,,,,135,1.96,305.76,,,,,,,,,,,,
28487,10.0282679v2,10,,2,1,,8/12/2022 20:47,,,,12,,,,,135,1.96,305.76,,,,,,,,,,,,
28488,10.02109133v1,10,,2,3,,8/12/2022 22:45,,,,5,,,,,60,3.66,263.52,,,,,,,,,,,,
28489,10.02109221v1,10,,2,3,,8/12/2022 21:07,,,,20,,,,,240,2.41,607.32,,,,,,,,,,,,
28490,10.0295729v1,10,,2,1,,8/12/2022 21:17,,,,20,,,,,240,1.96,493.92,,,,,,,,,,,,
28491,10.0290124v1,10,,2,3,,8/16/2022 20:02,,,,96,,,,,1150,1.91,2223.24,,,,,,,,,,,,
28492,44.02108573v3,44,,21,3,,8/12/2022 21:55,,,,10,,,,,120,2.66,351.12,,,,,,,,,,,,
28493,12.02107471v1,12,,4,3,,8/16/2022 16:46,,,,34,,,,,400,2.16,907.2,,,,,,,,,,,,
28494,10.0219046v2,10,,2,3,,8/12/2022 22:02,,,,20,,,,,240,2.41,607.32,,,,,,,,,,,,
28495,10.0219046v2,10,,2,3,,8/12/2022 22:04,,,,10,,,,,120,2.58,340.56,,,,,,,,,,,,
28496,15.0259195v1,15,,7,3,,8/17/2022 12:58,,,,10,,,,,120,3.7,488.4,,,,,,,,,,,,
28497,10.0219046v2,10,,2,3,,8/12/2022 22:07,,,,20,,,,,240,2.41,607.32,,,,,,,,,,,,
28498,10.0219046v2,10,,2,3,,8/12/2022 22:08,,,,20,,,,,240,2.41,607.32,,,,,,,,,,,,
28499,10.0219046v2,10,,2,3,,8/15/2022 14:36,,,,30,,,,,360,2.41,896.52,,,,,,,,,,,,
28500,10.0219046v2,10,,2,3,,8/12/2022 22:13,,,,20,,,,,240,2.41,607.32,,,,,,,,,,,,
28501,10.02108804v1,10,,2,3,,8/12/2022 22:19,,,,5,,,,,60,3.66,263.52,,,,,,,,,,,,
28502,12.0282866v2,12,,4,3,,8/15/2022 15:28,,,,5,,,,,60,3.41,245.52,,,,,,,,,,,,
28503,55.02108633v2,55,,114,3,,8/15/2022 16:48,,,,22,,,,,260,2.49,687.24,,,,,,,,,,,,
28504,10.02108492v3,10,,2,1,,8/15/2022 16:01,,,,21,,,,,250,1.96,517.44,,,,,,,,,,,,
28505,10.02108170v2,10,,2,1,,8/17/2022 21:10,,,,34,,,,,400,1.96,823.2,,,,,,,,,,,,
28506,10.02108673v1,10,,2,4,,8/15/2022 18:14,,,,5,,,,,60,2.58,185.76,,,,,,,,,,,,
28507,10.0294799v1,10,,2,3,,8/15/2022 17:00,,,,34,,,,,405,2.41,1012.2,,,,,,,,,,,,
28508,10.02107586v1,10,,2,1,,8/17/2022 14:55,,,,10,,,,,120,2.23,294.36,,,,,,,,,,,,
28509,10.02109496v1,10,,2,3,,8/16/2022 14:59,,,,6,,,,,65,3.66,307.44,,,,,,,,,,,,
28509,10.02109495v1,10,,2,3,,8/16/2022 14:59,,,,6,,,,,65,3.66,307.44,,,,,,,,,,,,
28510,10.02109845v2,10,,2,1,,8/17/2022 13:10,,,,5,,,,,60,2.56,184.32,,,,,,,,,,,,
28511,55.02108554v1,55,,114,4,,8/15/2022 18:03,,,,21,,,,,250,2.58,681.12,,,,,,,,,,,,
28513,10.02109183v2,10,,2,4,,8/15/2022 18:05,,,,10,,,,,120,2.58,340.56,,,,,,,,,,,,
28513,10.02109166v3,10,,2,4,,8/15/2022 18:05,,,,10,,,,,120,2.58,340.56,,,,,,,,,,,,
28514,10.0295548v1,10,,2,4,,8/15/2022 18:33,,,,5,,,,,60,2.58,185.76,,,,,,,,,,,,
28515,10.02108354v1,10,,2,4,,8/15/2022 23:16,,,,10,,,,,120,2.58,340.56,,,,,,,,,,,,
28516,10.02109664v1,10,,2,1,,8/18/2022 17:09,,,,17,,,,,200,1.96,423.36,,,,,,,,,,,,
28517,10.02108900v1,10,,2,4,,8/15/2022 19:40,,,,21,,,,,250,2.41,636.24,,,,,,,,,,,,
28518,10.0274836v1,10,,2,3,,8/15/2022 19:15,,,,17,,,,,200,2.41,520.56,,,,,,,,,,,,
28519,10.0246604v1,10,,2,3,,8/15/2022 19:18,,,,14,,,,,160,2.41,433.8,,,,,,,,,,,,
28520,17.02108564v1,17,,9,4,,8/15/2022 19:24,,,,5,,,,,60,2.58,185.76,,,,,,,,,,,,
28520,17.02108565v1,17,,9,4,,8/15/2022 19:24,,,,5,,,,,60,2.58,185.76,,,,,,,,,,,,
28520,17.02108566v1,17,,9,4,,8/15/2022 19:24,,,,5,,,,,60,2.58,185.76,,,,,,,,,,,,
28521,10.02109499v2,10,,2,4,,8/16/2022 15:41,,,,5,,,,,60,2.58,185.76,,,,,,,,,,,,
28522,10.02107130v1,10,,2,4,,8/15/2022 20:30,,,,5,,,,,60,2.58,185.76,,,,,,,,,,,,
28523,10.02109666v1,10,,2,4,,8/15/2022 19:55,,,,13,,,,,150,2.41,404.88,,,,,,,,,,,,
28524,10.0257148v4,10,,2,3,,8/15/2022 20:22,,,,10,,,,,120,2.58,340.56,,,,,,,,,,,,
28525,10.029026v1,10,,2,1,,8/16/2022 15:00,,,,10,,,,,120,2.23,294.36,,,,,,,,,,,,
28526,10.02104382v1,10,,2,1,,8/22/2022 18:36,,,,10,,,,,120,2.23,294.36,,,,,,,,,,,,
28527,15.0221353v2,15,,7,3,,8/15/2022 23:17,,,,20,,,,,240,3.53,889.56,,,,,,,,,,,,
28528,10.0214640v1,10,,2,3,,8/15/2022 21:14,,,,5,,,,,60,3.66,263.52,,,,,,,,,,,,
28530,55.02108621v1,55,,114,3,,8/15/2022 21:53,,,,13,,,,,150,2.49,418.32,,,,,,,,,,,,
28530,55.02108620v1,55,,114,3,,8/15/2022 21:53,,,,13,,,,,150,2.49,418.32,,,,,,,,,,,,
28531,10.02105693v1,10,,2,3,,8/15/2022 23:46,,,,13,,,,,150,2.41,404.88,,,,,,,,,,,,
28532,10.02109647v1,10,,2,3,,8/15/2022 22:30,,,,9,,,,,100,3.58,429.6,,,,,,,,,,,,
28533,17.02107607v3,17,,9,3,,8/15/2022 22:56,,,,21,,,,,250,2.41,636.24,,,,,,,,,,,,
28533,10.02107606v2,10,,2,3,,8/15/2022 22:56,,,,21,,,,,250,2.41,636.24,,,,,,,,,,,,
28534,10.0246032v1,10,,2,4,,8/15/2022 23:28,,,,30,,,,,360,2.41,896.52,,,,,,,,,,,,
28534,10.0253671v1,10,,2,4,,8/15/2022 23:28,,,,30,,,,,360,2.41,896.52,,,,,,,,,,,,
28534,10.0253670v1,10,,2,4,,8/15/2022 23:28,,,,60,,,,,720,1.91,1398.12,,,,,,,,,,,,
28535,10.02108410v1,10,,2,3,,8/16/2022 15:40,,,,10,,,,,120,2.58,340.56,,,,,,,,,,,,
28536,10.02109250v3,10,,2,1,,8/16/2022 2:04,,,,13,,,,,153,1.96,329.28,,,,,,,,,,,,
28537,10.0227311v1,10,,2,3,,8/16/2022 14:42,,,,10,,,,,120,2.58,340.56,,,,,,,,,,,,
28538,10.02108251v2,10,,2,3,,8/16/2022 15:22,,,,10,,,,,120,2.58,340.56,,,,,,,,,,,,
28539,55.02109223v1,55,,114,3,,8/16/2022 14:21,,,,15,,,,,170,2.49,478.08,,,,,,,,,,,,
28540,12.0283565v1,12,,4,1,,8/17/2022 16:51,,,,5,,,,,60,2.1,151.2,,,,,,,,,,,,
28540,10.03106978v1,10,,2,1,,8/17/2022 16:51,,,,9,,,,,100,2.56,307.2,,,,,,,,,,,,
28540,10.03106973v1,10,,2,1,,8/17/2022 16:51,,,,9,,,,,100,2.56,307.2,,,,,,,,,,,,
28540,10.03106972v1,10,,2,1,,8/17/2022 16:51,,,,17,,,,,200,1.96,423.36,,,,,,,,,,,,
28540,10.03106971v1,10,,2,1,,8/17/2022 16:51,,,,9,,,,,100,2.56,307.2,,,,,,,,,,,,
28540,10.03106979v1,10,,2,1,,8/17/2022 16:51,,,,9,,,,,100,2.56,307.2,,,,,,,,,,,,
28540,10.0260380v1,10,,2,1,,8/17/2022 16:51,,,,5,,,,,60,2.56,184.32,,,,,,,,,,,,
28540,10.0260389v1,10,,2,1,,8/17/2022 16:51,,,,5,,,,,60,2.56,184.32,,,,,,,,,,,,
28540,12.0283562v1,12,,4,1,,8/17/2022 16:51,,,,5,,,,,60,2.1,151.2,,,,,,,,,,,,
28540,12.0283563v1,12,,4,1,,8/17/2022 16:51,,,,5,,,,,60,2.1,151.2,,,,,,,,,,,,
28540,10.03106974v1,10,,2,1,,8/17/2022 16:51,,,,9,,,,,100,2.56,307.2,,,,,,,,,,,,
28540,10.0260390v1,10,,2,1,,8/17/2022 16:51,,,,5,,,,,60,2.56,184.32,,,,,,,,,,,,
28540,10.0260955v1,10,,2,1,,8/17/2022 16:51,,,,5,,,,,60,2.56,184.32,,,,,,,,,,,,
28540,12.03108906v1,12,,4,1,,8/17/2022 16:51,,,,5,,,,,60,2.1,151.2,,,,,,,,,,,,
28540,12.03108907v1,12,,4,1,,8/17/2022 16:51,,,,5,,,,,60,2.1,151.2,,,,,,,,,,,,
28540,10.0260953v1,10,,2,1,,8/17/2022 16:51,,,,5,,,,,60,2.56,184.32,,,,,,,,,,,,
28541,10.02104602v4,10,,2,1,,8/16/2022 19:55,,,,20,,,,,240,1.96,493.92,,,,,,,,,,,,
28541,10.02108376v1,10,,2,1,,8/16/2022 19:55,,,,26,,,,,310,1.96,635.04,,,,,,,,,,,,
28542,10.02107182v2,10,,2,3,,8/16/2022 15:52,,,,7,,,,,80,3.66,351.36,,,,,,,,,,,,
28543,10.0248035v2,10,,2,4,,8/16/2022 16:11,,,,20,,,,,240,2.41,607.32,,,,,,,,,,,,
28544,10.02107422v2,10,,2,3,,8/16/2022 17:01,,,,10,,,,,120,2.58,340.56,,,,,,,,,,,,
28545,10.02108840v3,10,,2,3,,8/16/2022 16:49,,,,10,,,,,120,2.58,340.56,,,,,,,,,,,,
28545,10.02108840v4,10,,2,3,,8/16/2022 16:49,,,,10,,,,,120,2.58,340.56,,,,,,,,,,,,
28546,46.02101941v1,46,,113,1,,8/16/2022 16:42,,,,42,,,,,500,1.96,1011.36,,,,,,,,,,,,
28547,10.02109044v1,10,,2,3,,8/16/2022 17:24,,,,21,,,,,250,2.41,636.24,,,,,,,,,,,,
28548,55.02109796v1,55,,114,3,,8/16/2022 20:06,,,,9,,,,,101,3.66,439.2,,,,,,,,,,,,
28550,10.0251631v1,10,,2,4,,8/16/2022 17:05,,,,9,,,,,100,2.58,309.6,,,,,,,,,,,,
28551,10.0229062v1,10,,2,1,,8/16/2022 17:33,,,,5,,,,,60,2.56,184.32,,,,,,,,,,,,
28552,55.02109552v2,55,,114,3,,8/16/2022 17:15,,,,5,,,,,60,3.74,269.28,,,,,,,,,,,,
28553,17.02109162v4,17,,9,1,,8/16/2022 17:20,,,,5,,,,,60,2.56,184.32,,,,,,,,,,,,
28554,10.0229324v1,10,,2,1,,8/16/2022 17:38,,,,5,,,,,60,2.56,184.32,,,,,,,,,,,,
28555,10.02106909v1,10,,2,1,,8/16/2022 18:03,,,,125,,,,,1500,1.71,2585.52,,,,,,,,,,,,
28556,55.02107495v1,55,,114,3,,8/17/2022 20:07,,,,5,,,,,60,3.74,269.28,,,,,,,,,,,,
28557,10.0276464v1,10,,2,4,,8/16/2022 20:25,,,,5,,,,,60,2.58,185.76,,,,,,,,,,,,
28558,10.02106397v1,10,,2,3,,8/16/2022 18:24,,,,10,,,,,120,2.58,340.56,,,,,,,,,,,,
28559,10.02109848v1,10,,2,1,,8/16/2022 18:29,,,,17,,,,,200,1.96,423.36,,,,,,,,,,,,
28560,10.02105304v1,10,,2,3,,8/17/2022 12:26,,,,5,,,,,60,3.66,263.52,,,,,,,,,,,,
28562,10.02108370v2,10,,2,3,,8/16/2022 22:25,,,,10,,,,,120,2.58,340.56,,,,,,,,,,,,
28563,10.0287659v2,10,,2,4,,8/16/2022 20:46,,,,7,,,,,75,2.58,247.68,,,,,,,,,,,,
28564,10.0211449v1,10,,2,3,,8/16/2022 22:06,,,,21,,,,,250,2.41,636.24,,,,,,,,,,,,
28565,10.02109856v1,10,,2,1,,8/16/2022 21:24,,,,17,,,,,200,1.96,423.36,,,,,,,,,,,,
28566,10.02107716v2,10,,2,1,,8/17/2022 14:56,,,,75,,,,,900,1.79,1632.48,,,,,,,,,,,,
28567,10.02109710v4,10,,2,1,,8/16/2022 21:37,,,,40,,,,,480,1.96,964.32,,,,,,,,,,,,
28568,10.02106540v3,10,,2,3,,8/16/2022 21:42,,,,25,,,,,300,2.41,751.92,,,,,,,,,,,,
28569,55.02111024v1,55,,114,3,,8/18/2022 15:38,,,,5,,,,,60,3.74,269.28,,,,,,,,,,,,
28572,55.02111560v1,55,,114,1,,8/17/2022 13:46,,,,142,,,,,1701,1.71,2934.36,,,,,,,,,,,,
28573,10.02109164v1,10,,2,1,,8/17/2022 17:09,,,,21,,,,,250,1.96,517.44,,,,,,,,,,,,
28573,10.02109159v1,10,,2,1,,8/17/2022 17:09,,,,21,,,,,250,1.96,517.44,,,,,,,,,,,,
28574,10.0219978v1,10,,2,3,,8/17/2022 14:45,,,,20,,,,,240,2.41,607.32,,,,,,,,,,,,
28575,55.02109490v1,55,,114,1,,8/17/2022 16:48,,,,5,,,,,60,2.56,184.32,,,,,,,,,,,,
28575,55.02109486v1,55,,114,1,,8/17/2022 16:48,,,,5,,,,,60,2.56,184.32,,,,,,,,,,,,
28577,55.02109954v1,55,,114,3,,8/17/2022 16:02,,,,42,,,,,500,2.49,1284.84,,,,,,,,,,,,
28578,10.02109330v1,10,,2,1,,8/17/2022 16:33,,,,7,,,,,75,2.56,245.76,,,,,,,,,,,,
28578,10.0258850v1,10,,2,1,,8/17/2022 16:33,,,,7,,,,,75,2.56,245.76,,,,,,,,,,,,
28579,10.02107196v2,10,,2,1,,8/18/2022 14:49,,,,17,,,,,200,1.96,423.36,,,,,,,,,,,,
28580,10.02109918v2,10,,2,4,,8/17/2022 18:46,,,,5,,,,,60,2.58,185.76,,,,,,,,,,,,
28581,10.02109667v1,10,,2,1,,8/17/2022 16:52,,,,20,,,,,240,1.96,493.92,,,,,,,,,,,,
28584,10.02108335v2,10,,2,3,,8/17/2022 18:38,,,,10,,,,,120,2.58,340.56,,,,,,,,,,,,
28585,10.0296605v1,10,,2,1,,8/17/2022 18:11,,,,25,,,,,300,1.96,611.52,,,,,,,,,,,,
28586,10.0269845v3,10,,2,3,,8/17/2022 18:36,,,,25,,,,,300,2.41,751.92,,,,,,,,,,,,
28587,10.02104388v2,10,,2,1,,8/17/2022 18:39,,,,50,,,,,600,1.88,1150.56,,,,,,,,,,,,
28588,10.02110205v1,10,,2,1,,8/17/2022 18:28,,,,84,,,,,1000,1.79,1825.8,,,,,,,,,,,,
28589,10.02108942v5,10,,2,3,,8/17/2022 18:31,,,,11,,,,,125,2.58,371.52,,,,,,,,,,,,
28591,10.02110229v1,10,,2,3,,8/18/2022 14:14,,,,25,,,,,300,2.41,751.92,,,,,,,,,,,,
28592,10.02109651v1,10,,2,1,,8/17/2022 19:11,,,,6,,,,,62,2.56,215.04,,,,,,,,,,,,
28593,10.0257970v1,10,,2,1,,8/17/2022 19:15,,,,10,,,,,120,2.23,294.36,,,,,,,,,,,,
28594,10.0265487v1,10,,2,1,,8/18/2022 14:17,,,,9,,,,,100,2.56,307.2,,,,,,,,,,,,
28595,44.02108038v1,44,,21,3,,8/17/2022 20:59,,,,134,,,,,1600,1.99,3223.8,,,,,,,,,,,,
28597,10.02110230v1,10,,2,3,,8/18/2022 14:14,,,,25,,,,,300,2.41,751.92,,,,,,,,,,,,
28598,10.02110228v1,10,,2,3,,8/18/2022 14:14,,,,25,,,,,300,2.41,751.92,,,,,,,,,,,,
28599,10.0255653v1,10,,2,1,,10/7/2022 13:50,,,,18,,,,,206,1.96,446.88,,,,,,,,,,,,
28600,55.02108946v2,55,,114,3,,8/17/2022 20:49,,,,9,,,,,100,3.66,439.2,,,,,,,,,,,,
28601,10.02106523v2,10,,2,4,,8/18/2022 21:14,,,,101,,,,,1201,1.91,2337.84,,,,,,,,,,,,
28602,10.0248463v1,10,,2,3,,8/17/2022 21:29,,,,5,,,,,60,3.66,263.52,,,,,,,,,,,,
28603,18.02106173v1,18,,10,3,,8/17/2022 21:44,,,,10,,,,,120,2.66,351.12,,,,,,,,,,,,
28604,10.02105895v1,10,,2,1,,8/18/2022 15:37,,,,10,,,,,120,2.23,294.36,,,,,,,,,,,,
28605,10.02110013v2,10,,2,4,,8/24/2022 13:44,,,,14,,,,,160,2.41,433.8,,,,,,,,,,,,
28605,10.02110013v3,10,,2,4,,8/24/2022 13:44,,,,5,,,,,60,2.58,185.76,,,,,,,,,,,,
28606,10.03110329v1,10,,2,3,,8/24/2022 16:47,,,,5,,,,,60,3.66,263.52,,,,,,,,,,,,
28607,10.0298433v1,10,,2,1,,8/18/2022 14:16,,,,5,,,,,60,2.56,184.32,,,,,,,,,,,,
28608,10.02109893v1,10,,2,4,,8/18/2022 16:21,,,,5,,,,,60,2.58,185.76,,,,,,,,,,,,
28609,10.0246386v5,10,,2,1,,8/18/2022 14:18,,,,34,,,,,400,1.96,823.2,,,,,,,,,,,,
28611,10.02110280v1,10,,2,4,,8/18/2022 16:33,,,,5,,,,,60,2.58,185.76,,,,,,,,,,,,
28612,10.02110049v1,10,,2,4,,8/18/2022 14:50,,,,5,,,,,60,2.58,185.76,,,,,,,,,,,,
28613,10.0245527v3,10,,2,3,,8/18/2022 15:54,,,,20,,,,,240,2.41,607.32,,,,,,,,,,,,
28613,10.0245647v1,10,,2,3,,8/18/2022 15:54,,,,20,,,,,240,2.41,607.32,,,,,,,,,,,,
28614,10.02106122v2,10,,2,4,,8/18/2022 14:23,,,,5,,,,,60,2.58,185.76,,,,,,,,,,,,
28615,10.02109394v1,10,,2,4,,8/18/2022 14:42,,,,50,,,,,600,2.16,1321.92,,,,,,,,,,,,
28616,10.02109586v1,10,,2,4,,8/18/2022 21:14,,,,117,,,,,1400,1.91,2704.56,,,,,,,,,,,,
28617,10.02109998v1,10,,2,4,,8/18/2022 17:35,,,,21,,,,,250,2.41,636.24,,,,,,,,,,,,
28618,10.02100130v3,10,,2,4,,8/18/2022 15:08,,,,5,,,,,60,2.58,185.76,,,,,,,,,,,,
28619,10.02106914v1,10,,2,3,,8/23/2022 21:33,,,,20,,,,,240,2.41,607.32,,,,,,,,,,,,
28621,10.02110200v2,10,,2,4,,8/18/2022 16:51,,,,13,,,,,153,2.41,404.88,,,,,,,,,,,,
28622,10.02107704v2,10,,2,4,,8/18/2022 16:15,,,,7,,,,,75,2.58,247.68,,,,,,,,,,,,
28623,10.02110327v1,10,,2,4,,8/18/2022 16:27,,,,11,,,,,125,2.58,371.52,,,,,,,,,,,,
28624,10.0230467v2,10,,2,3,,8/18/2022 17:20,,,,42,,,,,500,2.41,1243.56,,,,,,,,,,,,
28625,10.02108835v1,10,,2,4,,8/18/2022 17:28,,,,10,,,,,120,2.58,340.56,,,,,,,,,,,,
28625,10.02109876v1,10,,2,4,,8/18/2022 17:28,,,,10,,,,,120,2.58,340.56,,,,,,,,,,,,
28625,10.02109869v1,10,,2,4,,8/18/2022 17:28,,,,10,,,,,120,2.58,340.56,,,,,,,,,,,,
28625,10.02109875v1,10,,2,4,,8/18/2022 17:28,,,,10,,,,,120,2.58,340.56,,,,,,,,,,,,
28625,10.02109877v1,10,,2,4,,8/18/2022 17:28,,,,10,,,,,120,2.58,340.56,,,,,,,,,,,,
28626,10.02105031v1,10,,2,1,,8/18/2022 21:10,,,,20,,,,,240,1.96,493.92,,,,,,,,,,,,
28627,46.02106797v2,46,,113,1,,8/18/2022 21:08,,,,10,,,,,120,2.23,294.36,,,,,,,,,,,,
28628,10.0243612v1,10,,2,1,,8/22/2022 16:56,,,,27,,,,,320,1.96,658.56,,,,,,,,,,,,
28629,10.0265981v1,10,,2,4,,8/18/2022 18:18,,,,13,,,,,150,2.41,404.88,,,,,,,,,,,,
28630,55.02106370v3,55,,114,3,,8/18/2022 21:06,,,,35,,,,,420,2.49,1075.68,,,,,,,,,,,,
28631,10.02110272v1,10,,2,1,,8/18/2022 19:16,,,,6,,,,,65,2.56,215.04,,,,,,,,,,,,
28632,10.02106859v1,10,,2,4,,8/18/2022 19:23,,,,7,,,,,75,2.58,247.68,,,,,,,,,,,,
28633,55.02108898v2,55,,114,1,,8/18/2022 20:00,,,,6,,,,,70,2.56,215.04,,,,,,,,,,,,
28634,55.02110349v3,55,,114,3,,8/18/2022 19:57,,,,8,,,,,92,3.66,395.28,,,,,,,,,,,,
28635,10.02107466v1,10,,2,3,,8/18/2022 20:41,,,,17,,,,,200,2.41,520.56,,,,,,,,,,,,
28636,10.0240315v1,10,,2,1,,8/22/2022 17:03,,,,46,,,,,550,1.88,1060.32,,,,,,,,,,,,
28637,10.02110513v2,10,,2,4,,8/19/2022 23:29,,,,63,,,,,755,1.91,1466.88,,,,,,,,,,,,
28638,10.0275615v1,10,,2,3,,8/18/2022 20:59,,,,10,,,,,120,2.58,340.56,,,,,,,,,,,,
28639,10.0263259v1,10,,2,4,,8/18/2022 21:50,,,,45,,,,,535,2.41,1330.32,,,,,,,,,,,,
28640,55.02102484v1,55,,114,1,,8/18/2022 21:09,,,,28,,,,,330,1.96,682.08,,,,,,,,,,,,
28640,55.02102485v1,55,,114,1,,8/18/2022 21:09,,,,28,,,,,330,1.96,682.08,,,,,,,,,,,,
28641,17.02103808v1,17,,9,1,,8/18/2022 21:09,,,,55,,,,,660,1.88,1263.36,,,,,,,,,,,,
28642,10.0218490v1,10,,2,3,,8/19/2022 13:25,,,,30,,,,,350,2.41,896.52,,,,,,,,,,,,
28643,10.02110412v1,10,,2,3,,8/19/2022 16:14,,,,6,,,,,70,3.66,307.44,,,,,,,,,,,,
28643,10.02110418v1,10,,2,3,,8/19/2022 16:14,,,,6,,,,,70,3.66,307.44,,,,,,,,,,,,
28643,10.02110411v1,10,,2,3,,8/19/2022 16:14,,,,5,,,,,60,3.66,263.52,,,,,,,,,,,,
28644,10.02102522v3,10,,2,3,,8/18/2022 22:04,,,,10,,,,,120,2.58,340.56,,,,,,,,,,,,
28645,13.0533439v1,13,,5,3,,8/22/2022 16:54,,,,21,,,,,250,1.45,382.8,,,,,,,,,,,,
28646,55.02108008v2,55,,114,3,,8/19/2022 13:14,,,,5,,,,,60,3.74,269.28,,,,,,,,,,,,
28646,,70,,,3,44805,8/19/2022 13:14,,,,,,,,,,3.66,,28196,60,10574,24479,73,8859,60,90883,8/18/2022 23:36,8/30/2022,5,263.52
28647,55.02110532v1,55,,114,3,,8/18/2022 23:49,,,,12,,,,,144,2.49,388.44,,,,,,,,,,,,
28648,10.02110384v2,10,,2,1,,8/19/2022 13:52,,,,23,,,,,275,1.96,564.48,,,,,,,,,,,,
28649,10.02110548v2,10,,2,1,,8/19/2022 18:51,,,,42,,,,,500,1.96,1011.36,,,,,,,,,,,,
28650,55.02110381v1,55,,114,3,,8/19/2022 23:11,,,,21,,,,,250,2.49,657.36,,,,,,,,,,,,
28651,55.02110268v2,55,,114,1,,8/19/2022 16:38,,,,10,,,,,120,2.23,294.36,,,,,,,,,,,,
28653,10.02108437v3,10,,2,1,,8/19/2022 15:16,,,,10,,,,,120,2.23,294.36,,,,,,,,,,,,
28654,10.02106504v1,10,,2,1,,8/19/2022 15:41,,,,21,,,,,250,1.96,517.44,,,,,,,,,,,,
28654,10.02106503v3,10,,2,1,,8/19/2022 15:41,,,,21,,,,,250,1.96,517.44,,,,,,,,,,,,
28655,10.02110190v2,10,,2,1,,8/19/2022 17:27,,,,10,,,,,120,2.23,294.36,,,,,,,,,,,,
28656,55.02110708v1,55,,114,3,,8/22/2022 15:04,,,,19,,,,,225,2.49,597.6,,,,,,,,,,,,
28658,10.026667v8,10,,2,3,,8/19/2022 16:37,,,,20,,,,,240,2.41,607.32,,,,,,,,,,,,
28659,12.02110633v1,12,,4,3,,8/19/2022 19:16,,,,42,,,,,500,2.16,1114.56,,,,,,,,,,,,
28660,55.02110620v1,55,,114,1,,8/19/2022 18:23,,,,5,,,,,60,2.56,184.32,,,,,,,,,,,,
28660,55.02110619v1,55,,114,1,,8/19/2022 18:23,,,,5,,,,,60,2.56,184.32,,,,,,,,,,,,
28661,10.02110591v1,10,,2,3,,8/19/2022 18:20,,,,34,,,,,400,2.41,1012.2,,,,,,,,,,,,
28661,10.02110379v1,10,,2,3,,8/19/2022 18:20,,,,34,,,,,400,2.41,1012.2,,,,,,,,,,,,
28662,10.02110053v2,10,,2,3,,8/19/2022 22:10,,,,5,,,,,60,3.66,263.52,,,,,,,,,,,,
28663,10.02109752v3,10,,2,1,,8/19/2022 19:31,,,,44,,,,,520,1.96,1058.4,,,,,,,,,,,,
28665,55.02105549v2,55,,114,1,,8/19/2022 18:35,,,,9,,,,,100,2.56,307.2,,,,,,,,,,,,
28667,10.02107118v1,10,,2,3,,8/19/2022 19:30,,,,11,,,,,130,2.58,371.52,,,,,,,,,,,,
28668,55.02107379v3,55,,114,1,,8/20/2022 15:28,,,,5,,,,,60,2.56,184.32,,,,,,,,,,,,
28668,55.02106692v3,55,,114,1,,8/20/2022 15:28,,,,5,,,,,60,2.56,184.32,,,,,,,,,,,,
28669,55.02110541v1,55,,114,3,,8/19/2022 19:31,,,,10,,,,,120,2.66,351.12,,,,,,,,,,,,
28670,20.02109882v3,20,,11,3,,8/30/2022 15:30,,,,13,,,,,150,2.99,502.32,,,,,,,,,,,,
28671,10.0296976v1,10,,2,3,,8/19/2022 22:43,,,,11,,,,,121,2.58,371.52,,,,,,,,,,,,
28672,10.02108581v4,10,,2,3,,8/19/2022 23:49,,,,60,,,,,720,1.91,1398.12,,,,,,,,,,,,
28673,55.02110695v1,55,,114,3,,8/19/2022 21:05,,,,126,,,,,1505,2.1,3200.4,,,,,,,,,,,,
28674,10.02110476v1,10,,2,1,,8/23/2022 20:33,,,,21,,,,,250,1.96,517.44,,,,,,,,,,,,
28675,10.0290479v1,10,,2,3,,8/19/2022 23:52,,,,40,,,,,480,2.41,1185.72,,,,,,,,,,,,
28676,55.02110277v1,55,,114,3,,8/22/2022 14:51,,,,10,,,,,120,2.66,351.12,,,,,,,,,,,,
28677,55.02110545v1,55,,114,3,,8/19/2022 22:09,,,,5,,,,,60,3.74,269.28,,,,,,,,,,,,
28678,10.02110168v2,10,,2,1,,8/22/2022 17:24,,,,250,,,,,2990,1.6,4819.2,,,,,,,,,,,,
28679,10.0283742v1,10,,2,4,,8/19/2022 23:49,,,,5,,,,,60,2.58,185.76,,,,,,,,,,,,
28680,12.0298045v2,12,,4,1,,8/23/2022 18:22,,,,13,,,,,150,1.55,260.4,,,,,,,,,,,,
28680,12.0298011v4,12,,4,1,,8/23/2022 18:22,,,,10,,,,,120,1.77,233.64,,,,,,,,,,,,
28681,10.0274969v1,10,,2,1,,8/23/2022 15:26,,,,84,,,,,1000,1.79,1825.8,,,,,,,,,,,,
28681,10.0274717v1,10,,2,1,,8/23/2022 15:26,,,,84,,,,,1000,1.79,1825.8,,,,,,,,,,,,
28682,44.02110753v1,44,,21,3,,8/19/2022 23:31,,,,296,,,,,3551,1.7,6058.8,,,,,,,,,,,,
28683,10.0293896v6,10,,2,1,,8/22/2022 14:27,,,,325,,,,,3900,1.6,6259.2,,,,,,,,,,,,
28684,10.02105759v1,10,,2,1,,8/22/2022 15:55,,,,8,,,,,95,2.56,276.48,,,,,,,,,,,,
28685,15.02110606v2,15,,7,3,,8/22/2022 14:07,,,,18,,,,,206,3.53,804.84,,,,,,,,,,,,
28686,10.02110661v1,10,,2,4,,8/22/2022 14:44,,,,9,,,,,100,2.58,309.6,,,,,,,,,,,,
28687,10.02110643v1,10,,2,4,,8/20/2022 2:30,,,,5,,,,,60,2.58,185.76,,,,,,,,,,,,
28688,12.02107263v1,12,,4,3,,8/20/2022 13:07,,,,10,,,,,120,2.33,307.56,,,,,,,,,,,,
28689,10.02109843v5,10,,2,1,,8/22/2022 14:34,,,,7,,,,,75,2.56,245.76,,,,,,,,,,,,
28690,10.02110622v1,10,,2,3,,8/22/2022 13:48,,,,26,,,,,302,2.41,780.84,,,,,,,,,,,,
28691,10.02100018v1,10,,2,4,,8/24/2022 18:21,,,,10,,,,,120,2.58,340.56,,,,,,,,,,,,
28691,10.02100040v3,10,,2,4,,8/24/2022 18:21,,,,10,,,,,120,2.58,340.56,,,,,,,,,,,,
28692,10.0287827v2,10,,2,3,,8/23/2022 22:16,,,,155,,,,,1854,1.91,3575.52,,,,,,,,,,,,
28693,10.02110396v1,10,,2,1,,8/22/2022 16:51,,,,5,,,,,60,2.56,184.32,,,,,,,,,,,,
28694,10.03103306v1,10,,2,3,,8/22/2022 16:06,,,,5,,,,,60,3.66,263.52,,,,,,,,,,,,
28695,10.02105510v2,10,,2,1,,8/23/2022 0:07,,,,20,,,,,240,1.96,493.92,,,,,,,,,,,,
28696,10.02110631v1,10,,2,1,,8/22/2022 19:48,,,,5,,,,,60,2.56,184.32,,,,,,,,,,,,
28697,10.0282121v4,10,,2,3,,8/22/2022 22:52,,,,13,,,,,150,2.41,404.88,,,,,,,,,,,,
28697,10.0282121v6,10,,2,3,,8/22/2022 22:52,,,,13,,,,,150,2.41,404.88,,,,,,,,,,,,
28697,10.0284374v5,10,,2,3,,8/22/2022 22:52,,,,13,,,,,150,2.41,404.88,,,,,,,,,,,,
28697,10.0284374v6,10,,2,3,,8/22/2022 22:52,,,,13,,,,,150,2.41,404.88,,,,,,,,,,,,
28698,10.02108751v1,10,,2,3,,9/13/2022 20:44,,,,80,,,,,950,1.91,1856.52,,,,,,,,,,,,
28699,10.0257502v1,10,,2,3,,9/9/2022 21:52,,,,17,,,,,200,2.41,520.56,,,,,,,,,,,,
28699,10.029297v1,10,,2,3,,9/9/2022 21:52,,,,10,,,,,120,2.58,340.56,,,,,,,,,,,,
28701,10.02110843v1,10,,2,1,,8/25/2022 17:52,,,,60,,,,,720,1.79,1310.28,,,,,,,,,,,,
28705,10.0293573v1,10,,2,3,,8/22/2022 21:34,,,,21,,,,,250,2.41,636.24,,,,,,,,,,,,
28706,10.02110840v1,10,,2,1,,8/22/2022 21:23,,,,9,,,,,102,2.56,307.2,,,,,,,,,,,,
28707,10.02105221v2,10,,2,1,,8/22/2022 21:56,,,,5,,,,,60,2.56,184.32,,,,,,,,,,,,
28708,10.02110235v1,10,,2,3,,8/23/2022 18:39,,,,6,,,,,63,3.66,307.44,,,,,,,,,,,,
28709,10.02108811v1,10,,2,1,,8/23/2022 12:52,,,,13,,,,,150,1.96,329.28,,,,,,,,,,,,
28709,10.02108812v1,10,,2,1,,8/23/2022 12:52,,,,13,,,,,150,1.96,329.28,,,,,,,,,,,,
28710,10.0238836v1,10,,2,4,,8/23/2022 2:25,,,,42,,,,,500,2.41,1243.56,,,,,,,,,,,,
28711,10.02110295v1,10,,2,3,,8/23/2022 14:49,,,,5,,,,,60,3.66,263.52,,,,,,,,,,,,
28712,10.02108536v2,10,,2,1,,8/23/2022 15:22,,,,5,,,,,60,2.56,184.32,,,,,,,,,,,,
28713,10.02107171v5,10,,2,1,,8/23/2022 14:35,,,,5,,,,,60,2.56,184.32,,,,,,,,,,,,
28714,10.0296925v1,10,,2,1,,8/24/2022 13:42,,,,24,,,,,283,1.96,588,,,,,,,,,,,,
28715,10.0210309v2,10,,2,3,,8/23/2022 23:29,,,,7,,,,,80,3.66,351.36,,,,,,,,,,,,
28716,10.02101367v3,10,,2,1,,8/23/2022 18:29,,,,7,,,,,74,2.56,245.76,,,,,,,,,,,,
28717,10.0297553v1,10,,2,4,,8/23/2022 16:32,,,,14,,,,,160,2.41,433.8,,,,,,,,,,,,
28718,46.0280979v2,46,,113,1,,8/24/2022 18:20,,,,9,,,,,100,2.56,307.2,,,,,,,,,,,,
28719,10.0247377v1,10,,2,1,,8/23/2022 16:01,,,,13,,,,,150,1.96,329.28,,,,,,,,,,,,
28719,10.0247378v1,10,,2,1,,8/23/2022 16:01,,,,13,,,,,150,1.96,329.28,,,,,,,,,,,,
28720,10.02109168v2,10,,2,4,,8/29/2022 17:42,,,,6,,,,,63,2.58,216.72,,,,,,,,,,,,
28721,10.02110864v1,10,,2,1,,8/23/2022 16:40,,,,21,,,,,252,1.96,517.44,,,,,,,,,,,,
28721,10.02110888v1,10,,2,1,,8/23/2022 16:40,,,,21,,,,,252,1.96,517.44,,,,,,,,,,,,
28722,12.02107568v3,12,,4,3,,8/23/2022 17:03,,,,13,,,,,150,2.16,362.88,,,,,,,,,,,,
28723,10.02111027v1,10,,2,3,,8/23/2022 17:22,,,,13,,,,,150,2.41,404.88,,,,,,,,,,,,
28724,10.02109746v1,10,,2,3,,8/23/2022 19:04,,,,17,,,,,200,2.41,520.56,,,,,,,,,,,,
28726,10.02109855v2,10,,2,3,,8/23/2022 18:46,,,,42,,,,,501,2.41,1243.56,,,,,,,,,,,,
28727,10.02109414v1,10,,2,3,,8/23/2022 18:47,,,,10,,,,,120,2.58,340.56,,,,,,,,,,,,
28728,10.0239418v2,10,,2,3,,8/23/2022 19:07,,,,34,,,,,400,2.41,1012.2,,,,,,,,,,,,
28729,10.02110829v1,10,,2,3,,8/23/2022 20:00,,,,19,,,,,227,2.41,578.4,,,,,,,,,,,,
28730,10.0246477v6,10,,2,3,,8/31/2022 15:11,,,,40,,,,,480,2.41,1185.72,,,,,,,,,,,,
28731,10.0282423v1,10,,2,1,,8/23/2022 20:14,,,,21,,,,,250,1.96,517.44,,,,,,,,,,,,
28732,55.02106777v1,55,,114,3,,8/23/2022 22:03,,,,50,,,,,600,2.24,1370.88,,,,,,,,,,,,
28733,55.02111146v1,55,,114,1,,8/23/2022 22:31,,,,42,,,,,500,1.96,1011.36,,,,,,,,,,,,
28734,10.0296594v2,10,,2,4,,8/23/2022 21:39,,,,25,,,,,300,2.41,751.92,,,,,,,,,,,,
28734,10.0291305v4,10,,2,4,,8/23/2022 21:39,,,,25,,,,,300,2.41,751.92,,,,,,,,,,,,
28735,10.0242619v2,10,,2,1,,8/23/2022 21:39,,,,42,,,,,500,1.96,1011.36,,,,,,,,,,,,
28735,10.0242627v2,10,,2,1,,8/23/2022 21:39,,,,42,,,,,500,1.96,1011.36,,,,,,,,,,,,
28736,10.0298474v3,10,,2,4,,8/23/2022 21:48,,,,17,,,,,200,2.41,520.56,,,,,,,,,,,,
28738,10.02102111v3,10,,2,1,,8/24/2022 15:17,,,,13,,,,,155,1.96,329.28,,,,,,,,,,,,
28738,10.02102112v1,10,,2,1,,8/24/2022 15:17,,,,13,,,,,155,1.96,329.28,,,,,,,,,,,,
28738,10.02102102v3,10,,2,1,,8/24/2022 15:17,,,,13,,,,,155,1.96,329.28,,,,,,,,,,,,
28738,10.02102106v1,10,,2,1,,8/24/2022 15:17,,,,13,,,,,155,1.96,329.28,,,,,,,,,,,,
28739,10.0290458v5,10,,2,3,,8/24/2022 13:43,,,,18,,,,,208,2.41,549.48,,,,,,,,,,,,
28740,10.02108632v2,10,,2,3,,8/24/2022 13:43,,,,42,,,,,500,2.41,1243.56,,,,,,,,,,,,
28741,10.02111108v1,10,,2,1,,8/23/2022 22:49,,,,31,,,,,367,1.96,752.64,,,,,,,,,,,,
28741,10.02111109v1,10,,2,1,,8/23/2022 22:49,,,,31,,,,,367,1.96,752.64,,,,,,,,,,,,
28742,10.02110915v1,10,,2,3,,8/23/2022 22:45,,,,11,,,,,124,2.58,371.52,,,,,,,,,,,,
28742,10.02110914v1,10,,2,3,,8/23/2022 22:45,,,,11,,,,,124,2.58,371.52,,,,,,,,,,,,
28742,10.02110916v1,10,,2,3,,8/23/2022 22:45,,,,11,,,,,124,2.58,371.52,,,,,,,,,,,,
28743,10.0238851v1,10,,2,3,,8/23/2022 23:31,,,,17,,,,,200,2.41,520.56,,,,,,,,,,,,
28744,10.02102854v1,10,,2,3,,8/25/2022 15:08,,,,10,,,,,120,2.58,340.56,,,,,,,,,,,,
28746,55.0297124v1,55,,114,3,,8/24/2022 0:52,,,,26,,,,,310,2.49,806.76,,,,,,,,,,,,
28747,10.02108962v5,10,,2,3,,8/25/2022 15:24,,,,40,,,,,480,2.41,1185.72,,,,,,,,,,,,
28748,10.0242901v5,10,,2,3,,8/24/2022 2:10,,,,30,,,,,360,2.41,896.52,,,,,,,,,,,,
28749,10.02108476v2,10,,2,3,,8/24/2022 14:48,,,,10,,,,,120,2.58,340.56,,,,,,,,,,,,
28750,10.02109526v1,10,,2,3,,8/24/2022 22:25,,,,34,,,,,400,2.41,1012.2,,,,,,,,,,,,
28750,10.02109535v1,10,,2,3,,8/24/2022 22:25,,,,34,,,,,400,2.41,1012.2,,,,,,,,,,,,
28751,55.02110971v1,55,,114,3,,8/24/2022 15:57,,,,5,,,,,60,3.74,269.28,,,,,,,,,,,,
28752,10.02108195v1,10,,2,3,,8/24/2022 15:15,,,,30,,,,,360,2.41,896.52,,,,,,,,,,,,
28753,10.02107794v1,10,,2,3,,8/24/2022 22:20,,,,5,,,,,60,3.66,263.52,,,,,,,,,,,,
28754,10.0292305v1,10,,2,3,,8/24/2022 15:58,,,,42,,,,,500,2.41,1243.56,,,,,,,,,,,,
28755,55.02102674v1,55,,114,1,,8/24/2022 17:18,,,,46,,,,,550,1.88,1060.32,,,,,,,,,,,,
28756,10.02110974v1,10,,2,3,,8/24/2022 16:41,,,,5,,,,,60,3.66,263.52,,,,,,,,,,,,
28757,10.02111277v1,10,,2,3,,8/24/2022 20:06,,,,25,,,,,300,2.41,751.92,,,,,,,,,,,,
28758,46.02110351v1,46,,113,1,,8/25/2022 18:28,,,,22,,,,,255,1.96,540.96,,,,,,,,,,,,
28758,55.02110350v1,55,,114,1,,8/25/2022 18:28,,,,22,,,,,255,1.96,540.96,,,,,,,,,,,,
28759,10.02107420v5,10,,2,3,,8/24/2022 17:29,,,,10,,,,,120,2.58,340.56,,,,,,,,,,,,
28760,10.02104666v5,10,,2,4,,9/6/2022 19:21,,,,10,,,,,120,2.58,340.56,,,,,,,,,,,,
28761,46.0292083v1,46,,113,1,,8/24/2022 17:31,,,,21,,,,,250,1.96,517.44,,,,,,,,,,,,
28763,10.02109994v1,10,,2,3,,8/24/2022 18:07,,,,17,,,,,200,2.41,520.56,,,,,,,,,,,,
28764,10.02110551v2,10,,2,3,,8/24/2022 18:13,,,,5,,,,,60,3.66,263.52,,,,,,,,,,,,
28765,55.02111366v1,55,,114,3,,8/24/2022 18:49,,,,118,,,,,1406,2.1,2998.8,,,,,,,,,,,,
28766,10.02106742v2,10,,2,3,,8/24/2022 22:28,,,,10,,,,,120,2.58,340.56,,,,,,,,,,,,
28766,55.02106747v1,55,,114,3,,8/24/2022 22:28,,,,5,,,,,60,3.74,269.28,,,,,,,,,,,,
28766,55.02106750v3,55,,114,3,,8/24/2022 22:28,,,,5,,,,,60,3.74,269.28,,,,,,,,,,,,
28767,10.02106846v3,10,,2,1,,8/25/2022 13:30,,,,20,,,,,240,1.96,493.92,,,,,,,,,,,,
28767,46.02111367v3,46,,113,1,,8/25/2022 13:30,,,,20,,,,,240,1.96,493.92,,,,,,,,,,,,
28768,46.02111025v1,46,,113,1,,8/24/2022 20:38,,,,10,,,,,120,2.23,294.36,,,,,,,,,,,,
28769,10.0286957v1,10,,2,4,,8/24/2022 21:10,,,,5,,,,,60,2.58,185.76,,,,,,,,,,,,
28770,10.0227001v1,10,,2,3,,8/24/2022 20:51,,,,30,,,,,350,2.41,896.52,,,,,,,,,,,,
28771,10.02105198v1,10,,2,1,,8/24/2022 22:19,,,,32,,,,,375,1.96,776.16,,,,,,,,,,,,
28772,55.02111292v1,55,,114,1,,8/24/2022 21:48,,,,30,,,,,360,1.96,729.12,,,,,,,,,,,,
28773,10.02111374v1,10,,2,3,,8/25/2022 13:32,,,,23,,,,,275,2.41,694.08,,,,,,,,,,,,
28774,12.02110474v1,12,,4,3,,8/24/2022 22:07,,,,5,,,,,60,3.41,245.52,,,,,,,,,,,,
28774,10.02110473v1,10,,2,3,,8/24/2022 22:07,,,,9,,,,,100,3.58,429.6,,,,,,,,,,,,
28775,10.02109593v1,10,,2,3,,8/25/2022 23:56,,,,5,,,,,60,3.66,263.52,,,,,,,,,,,,
28776,10.02111074v2,10,,2,1,,8/24/2022 22:25,,,,34,,,,,400,1.96,823.2,,,,,,,,,,,,
28777,10.02110932v2,10,,2,3,,8/24/2022 22:07,,,,10,,,,,120,2.58,340.56,,,,,,,,,,,,
28778,10.02109654v2,10,,2,3,,8/24/2022 23:02,,,,5,,,,,60,3.66,263.52,,,,,,,,,,,,
28779,10.02106412v2,10,,2,3,,8/24/2022 22:37,,,,10,,,,,120,2.58,340.56,,,,,,,,,,,,
28779,10.0259041v1,10,,2,3,,8/24/2022 22:37,,,,5,,,,,60,3.66,263.52,,,,,,,,,,,,
28780,55.02109438v2,55,,114,3,,8/24/2022 23:02,,,,10,,,,,120,2.66,351.12,,,,,,,,,,,,
28781,10.02111322v1,10,,2,3,,8/25/2022 14:48,,,,21,,,,,250,2.41,636.24,,,,,,,,,,,,
28782,10.0261941v1,10,,2,3,,8/25/2022 13:33,,,,40,,,,,480,2.41,1185.72,,,,,,,,,,,,
28783,10.02110568v4,10,,2,3,,8/25/2022 13:34,,,,10,,,,,120,2.58,340.56,,,,,,,,,,,,
28784,10.0243578v1,10,,2,1,,8/25/2022 18:29,,,,20,,,,,230,1.96,493.92,,,,,,,,,,,,
28785,12.0278138v1,12,,4,3,,8/25/2022 15:42,,,,24,,,,,287,2.16,648,,,,,,,,,,,,
28786,10.0278137v1,10,,2,1,,9/12/2022 15:35,,,,5,,,,,60,2.56,184.32,,,,,,,,,,,,
28787,20.02110571v1,20,,11,1,,8/25/2022 17:51,,,,114,,,,,1360,2.71,3739.8,,,,,,,,,,,,
28789,17.0290600v1,17,,9,3,,8/25/2022 17:51,,,,6,,,,,64,3.66,307.44,,,,,,,,,,,,
28790,10.02107786v1,10,,2,3,,8/25/2022 19:38,,,,10,,,,,120,2.58,340.56,,,,,,,,,,,,
28791,10.0243598v2,10,,2,1,,8/25/2022 16:56,,,,109,,,,,1300,1.71,2257.2,,,,,,,,,,,,
28792,55.02106526v3,55,,114,3,,8/25/2022 17:20,,,,17,,,,,200,2.49,537.84,,,,,,,,,,,,
28793,10.02111508v1,10,,2,3,,8/25/2022 21:09,,,,5,,,,,60,3.66,263.52,,,,,,,,,,,,
28794,55.02111445v1,55,,114,3,,8/30/2022 16:04,,,,5,,,,,60,3.74,269.28,,,,,,,,,,,,
28794,55.02111445v2,55,,114,3,,8/30/2022 16:04,,,,5,,,,,60,3.74,269.28,,,,,,,,,,,,
28794,55.02111437v1,55,,114,3,,8/30/2022 16:04,,,,5,,,,,60,3.74,269.28,,,,,,,,,,,,
28794,55.02111437v2,55,,114,3,,8/30/2022 16:04,,,,5,,,,,60,3.74,269.28,,,,,,,,,,,,
28795,10.02109980v3,10,,2,3,,8/29/2022 23:32,,,,5,,,,,60,3.66,263.52,,,,,,,,,,,,
28796,10.02107454v4,10,,2,3,,8/25/2022 23:18,,,,21,,,,,241,2.41,636.24,,,,,,,,,,,,
28798,10.0242992v1,10,,2,3,,8/29/2022 23:12,,,,10,,,,,120,2.58,340.56,,,,,,,,,,,,
28799,10.02111055v3,10,,2,3,,8/25/2022 17:55,,,,9,,,,,100,3.58,429.6,,,,,,,,,,,,
28800,10.02104632v6,10,,2,3,,8/25/2022 19:04,,,,46,,,,,546,2.16,1218.24,,,,,,,,,,,,
28801,,70,,,1,44811,8/25/2022 21:37,,,,,,,,,,1.96,,28208,295,10758,24873,107,9013,312,93257,8/25/2022 20:55,9/7/2022,25,611.52
28802,10.02105219v7,10,,2,3,,8/26/2022 15:42,,,,30,,,,,360,2.41,896.52,,,,,,,,,,,,
28803,10.02111584v1,10,,2,3,,8/25/2022 20:20,,,,59,,,,,700,2.16,1555.2,,,,,,,,,,,,
28804,10.02104156v1,10,,2,4,,10/10/2022 13:53,,,,6,,,,,72,2.58,216.72,,,,,,,,,,,,
28804,10.02117149v1,10,,2,4,,10/10/2022 13:53,,,,6,,,,,72,2.58,216.72,,,,,,,,,,,,
28805,10.02111141v3,10,,2,3,,8/25/2022 19:37,,,,9,,,,,100,3.58,429.6,,,,,,,,,,,,
28806,10.02109533v1,10,,2,3,,8/26/2022 0:20,,,,7,,,,,75,3.66,351.36,,,,,,,,,,,,
28807,10.02110409v2,10,,2,3,,8/25/2022 19:52,,,,41,,,,,490,2.41,1214.64,,,,,,,,,,,,
28808,10.0251310v1,10,,2,1,,8/29/2022 16:03,,,,20,,,,,240,1.96,493.92,,,,,,,,,,,,
28809,10.0286658v1,10,,2,1,,8/25/2022 20:20,,,,5,,,,,60,2.56,184.32,,,,,,,,,,,,
28810,10.02105486v3,10,,2,3,,8/25/2022 21:56,,,,30,,,,,360,2.41,896.52,,,,,,,,,,,,
28811,10.0251723v1,10,,2,3,,8/25/2022 20:37,,,,21,,,,,250,2.41,636.24,,,,,,,,,,,,
28812,10.02111005v2,10,,2,3,,8/26/2022 13:22,,,,25,,,,,300,2.41,751.92,,,,,,,,,,,,
28814,10.02110440v1,10,,2,3,,8/25/2022 21:23,,,,38,,,,,450,2.41,1127.88,,,,,,,,,,,,
28815,10.02111714v1,10,,2,4,,8/25/2022 21:36,,,,5,,,,,60,2.58,185.76,,,,,,,,,,,,
28816,10.0216102v1,10,,2,4,,8/26/2022 12:49,,,,15,,,,,180,2.41,462.72,,,,,,,,,,,,
28816,10.0216095v1,10,,2,4,,8/26/2022 12:49,,,,10,,,,,120,2.58,340.56,,,,,,,,,,,,
28816,10.0216100v1,10,,2,4,,8/26/2022 12:49,,,,15,,,,,180,2.41,462.72,,,,,,,,,,,,
28816,10.0216094v1,10,,2,4,,8/26/2022 12:49,,,,10,,,,,120,2.58,340.56,,,,,,,,,,,,
28817,10.0232400v2,10,,2,3,,8/26/2022 0:28,,,,17,,,,,200,2.41,520.56,,,,,,,,,,,,
28818,10.0229027v1,10,,2,1,,8/26/2022 0:31,,,,10,,,,,120,2.23,294.36,,,,,,,,,,,,
28819,10.02111494v2,10,,2,1,,8/26/2022 16:21,,,,10,,,,,120,2.23,294.36,,,,,,,,,,,,
28819,10.02111480v2,10,,2,1,,8/26/2022 16:21,,,,10,,,,,120,2.23,294.36,,,,,,,,,,,,
28820,10.0288654v1,10,,2,4,,8/29/2022 15:36,,,,10,,,,,120,2.58,340.56,,,,,,,,,,,,
28821,10.02111387v1,10,,2,3,,8/26/2022 16:06,,,,5,,,,,60,3.66,263.52,,,,,,,,,,,,
28822,10.0270329v2,10,,2,3,,8/26/2022 15:18,,,,21,,,,,250,2.41,636.24,,,,,,,,,,,,
28823,10.02107848v3,10,,2,3,,8/26/2022 16:17,,,,5,,,,,60,3.66,263.52,,,,,,,,,,,,
28824,10.0269916v1,10,,2,1,,8/26/2022 19:32,,,,42,,,,,500,1.96,1011.36,,,,,,,,,,,,
28825,10.02111733v1,10,,2,3,,8/26/2022 16:12,,,,5,,,,,60,3.66,263.52,,,,,,,,,,,,
28826,10.0284005v5,10,,2,3,,8/26/2022 18:54,,,,67,,,,,800,1.91,1558.56,,,,,,,,,,,,
28827,10.03111373v1,10,,2,3,,8/26/2022 17:04,,,,67,,,,,800,1.91,1558.56,,,,,,,,,,,,
28828,10.02111196v1,10,,2,4,,8/29/2022 23:51,,,,5,,,,,60,2.58,185.76,,,,,,,,,,,,
28829,10.0218490v1,10,,2,3,,8/31/2022 14:05,,,,17,,,,,200,2.41,520.56,,,,,,,,,,,,
28830,10.0294977v1,10,,2,1,,8/26/2022 17:28,,,,5,,,,,60,2.56,184.32,,,,,,,,,,,,
28831,10.02111505v1,10,,2,4,,8/29/2022 23:08,,,,5,,,,,60,2.58,185.76,,,,,,,,,,,,
28831,10.02111507v1,10,,2,4,,8/29/2022 23:08,,,,5,,,,,60,2.58,185.76,,,,,,,,,,,,
28832,55.02111825v1,55,,114,3,,8/26/2022 21:36,,,,13,,,,,150,2.49,418.32,,,,,,,,,,,,
28833,10.02102135v1,10,,2,3,,8/26/2022 18:25,,,,12,,,,,140,2.41,375.96,,,,,,,,,,,,
28835,10.0227077v2,10,,2,4,,8/26/2022 18:20,,,,5,,,,,60,2.58,185.76,,,,,,,,,,,,
28835,10.0227077v1,10,,2,4,,8/26/2022 18:20,,,,5,,,,,60,2.58,185.76,,,,,,,,,,,,
28836,10.0218504v1,10,,2,3,,8/26/2022 18:22,,,,11,,,,,125,2.58,371.52,,,,,,,,,,,,
28838,10.02111710v1,10,,2,1,,8/26/2022 21:25,,,,84,,,,,1000,1.79,1825.8,,,,,,,,,,,,
28840,10.0218426v4,10,,2,1,,8/26/2022 19:32,,,,10,,,,,120,2.23,294.36,,,,,,,,,,,,
28841,10.0299296v2,10,,2,4,,8/26/2022 19:23,,,,20,,,,,240,2.41,607.32,,,,,,,,,,,,
28842,10.02111761v1,10,,2,1,,8/26/2022 19:45,,,,10,,,,,120,2.23,294.36,,,,,,,,,,,,
28843,55.02103631v3,55,,114,1,,8/26/2022 19:45,,,,11,,,,,125,2.23,321.12,,,,,,,,,,,,
28843,55.02103631v2,55,,114,1,,8/26/2022 19:45,,,,11,,,,,125,2.23,321.12,,,,,,,,,,,,
28844,10.02111659v1,10,,2,1,,8/26/2022 22:45,,,,10,,,,,120,2.23,294.36,,,,,,,,,,,,
28844,10.02107779v3,10,,2,1,,8/26/2022 22:45,,,,10,,,,,120,2.23,294.36,,,,,,,,,,,,
28844,10.02107780v5,10,,2,1,,8/26/2022 22:45,,,,10,,,,,120,2.23,294.36,,,,,,,,,,,,
28844,10.02111693v1,10,,2,1,,8/26/2022 22:45,,,,10,,,,,120,2.23,294.36,,,,,,,,,,,,
28844,10.02111691v1,10,,2,1,,8/26/2022 22:45,,,,10,,,,,120,2.23,294.36,,,,,,,,,,,,
28844,10.02107778v4,10,,2,1,,8/26/2022 22:45,,,,10,,,,,120,2.23,294.36,,,,,,,,,,,,
28846,10.02111350v1,10,,2,1,,8/26/2022 21:23,,,,67,,,,,800,1.79,1460.64,,,,,,,,,,,,
28847,44.02111824v1,44,,21,1,,8/26/2022 21:15,,,,5,,,,,60,2.56,184.32,,,,,,,,,,,,
28848,17.02110271v3,17,,9,4,,8/26/2022 23:08,,,,9,,,,,100,2.58,309.6,,,,,,,,,,,,
28849,10.04111794v2,10,,2,1,,8/26/2022 23:28,,,,10,,,,,120,2.23,294.36,,,,,,,,,,,,
28849,10.04111793v1,10,,2,1,,8/26/2022 23:28,,,,10,,,,,120,2.23,294.36,,,,,,,,,,,,
28850,10.0248395v1,10,,2,4,,8/29/2022 13:02,,,,17,,,,,200,2.41,520.56,,,,,,,,,,,,
28851,10.02109493v2,10,,2,3,,8/30/2022 20:55,,,,84,,,,,1000,1.91,1948.2,,,,,,,,,,,,
28852,55.02110558v5,55,,114,1,,8/30/2022 14:12,,,,5,,,,,60,2.56,184.32,,,,,,,,,,,,
28852,,70,,,1,44811,8/30/2022 14:12,,,,,,,,,,2.56,,28236,60,10833,25049,64,9078,72,92296,8/29/2022 23:07,9/6/2022,5,184.32
28853,10.02111064v1,10,,2,1,,8/29/2022 15:18,,,,10,,,,,120,2.23,294.36,,,,,,,,,,,,
28854,10.0214594v4,10,,2,4,,8/29/2022 14:19,,,,5,,,,,60,2.58,185.76,,,,,,,,,,,,
28856,10.02111554v2,10,,2,1,,8/29/2022 16:59,,,,10,,,,,120,2.23,294.36,,,,,,,,,,,,
28857,10.02111154v1,10,,2,1,,8/29/2022 17:03,,,,13,,,,,150,1.96,329.28,,,,,,,,,,,,
28858,55.02111253v4,55,,114,4,,8/29/2022 17:30,,,,5,,,,,60,2.75,198,,,,,,,,,,,,
28859,10.02111352v1,10,,2,4,,8/29/2022 15:56,,,,5,,,,,60,2.58,185.76,,,,,,,,,,,,
28860,10.0294197v4,10,,2,1,,8/29/2022 16:37,,,,84,,,,,1000,1.79,1825.8,,,,,,,,,,,,
28861,17.0271461v2,17,,9,3,,8/29/2022 17:08,,,,109,,,,,1300,1.91,2521.2,,,,,,,,,,,,
28862,10.02111853v1,10,,2,3,,8/29/2022 17:28,,,,34,,,,,400,2.41,1012.2,,,,,,,,,,,,
28863,10.0285990v1,10,,2,1,,8/29/2022 17:25,,,,30,,,,,360,1.96,729.12,,,,,,,,,,,,
28864,10.02110225v1,10,,2,4,,8/29/2022 17:56,,,,10,,,,,120,2.58,340.56,,,,,,,,,,,,
28865,10.02105658v1,10,,2,4,,8/30/2022 3:47,,,,25,,,,,300,2.41,751.92,,,,,,,,,,,,
28866,10.02111045v1,10,,2,4,,8/29/2022 21:54,,,,40,,,,,480,2.41,1185.72,,,,,,,,,,,,
28867,46.02112257v1,46,,113,1,,8/30/2022 23:55,,,,5,,,,,60,2.56,184.32,,,,,,,,,,,,
28868,10.0238665v1,10,,2,3,,8/29/2022 20:16,,,,42,,,,,500,2.41,1243.56,,,,,,,,,,,,
28869,46.02105605v3,46,,113,3,,9/6/2022 20:11,,,,5,,,,,60,3.66,263.52,,,,,,,,,,,,
28869,10.02105602v2,10,,2,3,,9/6/2022 20:11,,,,5,,,,,60,3.66,263.52,,,,,,,,,,,,
28870,55.02111436v1,55,,114,4,,8/29/2022 19:56,,,,13,,,,,150,2.58,433.44,,,,,,,,,,,,
28871,10.0233247v1,10,,2,1,,8/31/2022 17:27,,,,50,,,,,600,1.88,1150.56,,,,,,,,,,,,
28872,10.02110431v4,10,,2,4,,8/29/2022 20:33,,,,10,,,,,120,2.58,340.56,,,,,,,,,,,,
28872,10.02110431v3,10,,2,4,,8/29/2022 20:33,,,,10,,,,,120,2.58,340.56,,,,,,,,,,,,
28873,10.02108577v1,10,,2,4,,8/30/2022 23:29,,,,6,,,,,62,2.58,216.72,,,,,,,,,,,,
28874,40.0261314v1,40,,18,3,,8/30/2022 16:25,,,,21,,,,,250,2.49,657.36,,,,,,,,,,,,
28875,55.02106686v2,55,,114,3,,8/29/2022 21:07,,,,25,,,,,300,2.49,776.88,,,,,,,,,,,,
28876,44.02111774v2,44,,21,1,,8/30/2022 16:49,,,,28,,,,,325,1.96,682.08,,,,,,,,,,,,
28876,44.02111775v2,44,,21,1,,8/30/2022 16:49,,,,28,,,,,325,1.96,682.08,,,,,,,,,,,,
28877,10.02110659v1,10,,2,4,,8/30/2022 18:50,,,,13,,,,,150,2.41,404.88,,,,,,,,,,,,
28877,10.02110660v1,10,,2,4,,8/30/2022 18:50,,,,13,,,,,150,2.41,404.88,,,,,,,,,,,,
28878,46.02108763v1,46,,113,1,,8/30/2022 18:50,,,,9,,,,,100,2.56,307.2,,,,,,,,,,,,
28879,10.02109397v1,10,,2,4,,9/2/2022 20:03,,,,42,,,,,500,2.41,1243.56,,,,,,,,,,,,
28879,10.02109396v1,10,,2,4,,9/2/2022 20:03,,,,42,,,,,500,2.41,1243.56,,,,,,,,,,,,
28880,10.0235095v3,10,,2,1,,8/29/2022 21:51,,,,10,,,,,120,2.23,294.36,,,,,,,,,,,,
28881,10.02110252v1,10,,2,4,,9/2/2022 15:34,,,,8,,,,,85,2.58,278.64,,,,,,,,,,,,
28881,10.02110253v1,10,,2,4,,9/2/2022 15:34,,,,5,,,,,60,2.58,185.76,,,,,,,,,,,,
28882,9102109614v1,910,2,25,5,44813,8/30/2022 19:29,Distributor,newbusiness,9797343517,1,0.76,90,108.24,91.52,,,,,,,,,,,,,,,
28883,10.0214733v3,10,,2,1,,8/29/2022 21:57,,,,6,,,,,70,2.56,215.04,,,,,,,,,,,,
28884,10.02109752v2,10,,2,4,,8/30/2022 13:35,,,,50,,,,,600,2.16,1321.92,,,,,,,,,,,,
28885,10.0282191v3,10,,2,3,,8/30/2022 14:09,,,,10,,,,,120,2.58,340.56,,,,,,,,,,,,
28886,10.02111458v1,10,,2,4,,8/30/2022 15:13,,,,5,,,,,60,2.58,185.76,,,,,,,,,,,,
28887,10.02111759v2,10,,2,4,,8/30/2022 13:04,,,,17,,,,,200,2.41,520.56,,,,,,,,,,,,
28888,10.0265668v2,10,,2,1,,9/19/2022 16:11,,,,10,,,,,120,2.23,294.36,,,,,,,,,,,,
28890,55.02112001v1,55,,114,4,,8/30/2022 0:47,,,,5,,,,,60,2.75,198,,,,,,,,,,,,
28891,10.0245184v3,10,,2,1,,8/30/2022 15:46,,,,19,,,,,225,1.96,470.4,,,,,,,,,,,,
28891,10.0245185v3,10,,2,1,,8/30/2022 15:46,,,,19,,,,,225,1.96,470.4,,,,,,,,,,,,
28892,10.0221935v6,10,,2,4,,8/30/2022 12:52,,,,10,,,,,120,2.58,340.56,,,,,,,,,,,,
28893,9202111237v1,920,500,26,5,44834,8/31/2022 19:03,Direct,existingbusiness,9909401409,42,1.04,90,626.64,610,,,,,,,,,,,,,,,
28894,10.0293905v2,10,,2,3,,8/30/2022 14:33,,,,10,,,,,120,2.58,340.56,,,,,,,,,,,,
28895,10.02112022v1,10,,2,4,,8/30/2022 14:34,,,,5,,,,,60,2.58,185.76,,,,,,,,,,,,
28896,44.02106818v1,44,,21,1,,8/30/2022 14:36,,,,10,,,,,120,2.23,294.36,,,,,,,,,,,,
28897,10.02108766v1,10,,2,1,,9/1/2022 20:36,,,,10,,,,,120,2.23,294.36,,,,,,,,,,,,
28898,10.0245860v1,10,,2,4,,8/30/2022 18:06,,,,7,,,,,75,2.58,247.68,,,,,,,,,,,,
28899,10.02111886v2,10,,2,3,,8/30/2022 15:54,,,,11,,,,,130,2.58,371.52,,,,,,,,,,,,
28900,10.0245185v3,10,,2,1,,8/31/2022 10:35,,,,5,,,,,60,2.56,184.32,,,,,,,,,,,,
28900,10.0245184v3,10,,2,1,,8/31/2022 10:35,,,,5,,,,,60,2.56,184.32,,,,,,,,,,,,
28902,10.02110598v1,10,,2,4,,8/30/2022 17:36,,,,5,,,,,60,2.58,185.76,,,,,,,,,,,,
28903,10.0285021v1,10,,2,3,,8/30/2022 17:15,,,,19,,,,,225,2.41,578.4,,,,,,,,,,,,
28905,10.0231293v1,10,,2,3,,8/30/2022 17:05,,,,30,,,,,360,2.41,896.52,,,,,,,,,,,,
28906,55.02111904v1,55,,114,1,,8/30/2022 17:50,,,,10,,,,,120,2.23,294.36,,,,,,,,,,,,
28907,10.02111811v1,10,,2,1,,8/30/2022 19:10,,,,5,,,,,60,2.56,184.32,,,,,,,,,,,,
28908,10.02111066v4,10,,2,1,,8/30/2022 19:46,,,,10,,,,,120,2.23,294.36,,,,,,,,,,,,
28909,10.03112063v1,10,,2,3,,8/30/2022 18:51,,,,217,,,,,2603,1.62,4237.92,,,,,,,,,,,,
28910,10.02110616v2,10,,2,1,,8/30/2022 18:17,,,,30,,,,,360,1.96,729.12,,,,,,,,,,,,
28911,10.02111131v1,10,,2,3,,8/30/2022 20:44,,,,50,,,,,600,2.16,1321.92,,,,,,,,,,,,
28912,10.02111738v1,10,,2,1,,8/30/2022 19:04,,,,34,,,,,400,1.96,823.2,,,,,,,,,,,,
28913,10.02112147v1,10,,2,1,,8/31/2022 21:32,,,,42,,,,,500,1.96,1011.36,,,,,,,,,,,,
28914,10.02110554v1,10,,2,1,,8/30/2022 19:40,,,,5,,,,,60,2.56,184.32,,,,,,,,,,,,
28915,10.02111927v3,10,,2,4,,8/30/2022 20:12,,,,63,,,,,750,1.91,1466.88,,,,,,,,,,,,
28916,10.02110917v3,10,,2,1,,8/31/2022 17:40,,,,100,,,,,1200,1.71,2072.52,,,,,,,,,,,,
28917,10.02107419v2,10,,2,3,,8/31/2022 15:44,,,,10,,,,,120,2.58,340.56,,,,,,,,,,,,
28918,10.02111694v1,10,,2,3,,8/30/2022 20:28,,,,10,,,,,110,2.58,340.56,,,,,,,,,,,,
28920,10.02111028v1,10,,2,3,,8/30/2022 21:01,,,,13,,,,,150,2.41,404.88,,,,,,,,,,,,
28921,11.02107730v6,11,,3,1,,8/30/2022 22:37,,,,6,,,,,63,3.33,279.72,,,,,,,,,,,,
28923,10.02111764v2,10,,2,3,,8/30/2022 23:12,,,,17,,,,,200,2.41,520.56,,,,,,,,,,,,
28924,10.02112287v1,10,,2,3,,8/30/2022 23:17,,,,17,,,,,200,2.41,520.56,,,,,,,,,,,,
28924,10.02112286v1,10,,2,3,,8/30/2022 23:17,,,,17,,,,,200,2.41,520.56,,,,,,,,,,,,
28925,10.02111972v1,10,,2,1,,8/30/2022 23:31,,,,5,,,,,60,2.56,184.32,,,,,,,,,,,,
28926,10.02112078v1,10,,2,3,,8/31/2022 15:56,,,,10,,,,,120,2.58,340.56,,,,,,,,,,,,
28927,10.0281321v1,10,,2,3,,9/7/2022 16:31,,,,11,,,,,121,2.58,371.52,,,,,,,,,,,,
28928,10.02109987v2,10,,2,3,,8/31/2022 16:34,,,,13,,,,,150,2.41,404.88,,,,,,,,,,,,
28929,55.02112889v1,55,,114,4,,9/2/2022 21:13,,,,10,,,,,120,2.75,363,,,,,,,,,,,,
28930,10.02111964v1,10,,2,4,,9/2/2022 15:07,,,,67,,,,,800,1.91,1558.56,,,,,,,,,,,,
28931,12.02112313v1,12,,4,1,,8/31/2022 15:36,,,,5,,,,,60,2.1,151.2,,,,,,,,,,,,
28933,10.02110784v2,10,,2,3,,8/31/2022 22:00,,,,25,,,,,300,2.41,751.92,,,,,,,,,,,,
28933,10.02112279v1,10,,2,3,,8/31/2022 22:00,,,,38,,,,,450,2.41,1127.88,,,,,,,,,,,,
28934,10.02112266v1,10,,2,4,,8/31/2022 20:58,,,,5,,,,,60,2.58,185.76,,,,,,,,,,,,
28934,10.02112269v1,10,,2,4,,8/31/2022 20:58,,,,5,,,,,60,2.58,185.76,,,,,,,,,,,,
28935,15.02112185v2,15,,7,3,,8/31/2022 16:32,,,,84,,,,,1000,3.03,3090.6,,,,,,,,,,,,
28936,10.02112175v1,10,,2,3,,8/31/2022 17:19,,,,19,,,,,225,2.41,578.4,,,,,,,,,,,,
28937,55.0288477v2,55,,114,1,,8/31/2022 21:35,,,,11,,,,,126,2.23,321.12,,,,,,,,,,,,
28938,55.02112460v1,55,,114,1,,8/31/2022 22:29,,,,21,,,,,250,1.96,517.44,,,,,,,,,,,,
28939,10.02110452v1,10,,2,3,,8/31/2022 17:25,,,,21,,,,,250,2.41,636.24,,,,,,,,,,,,
28941,55.02112284v1,55,,114,1,,8/31/2022 18:52,,,,13,,,,,150,1.96,329.28,,,,,,,,,,,,
28941,55.02112513v1,55,,114,1,,8/31/2022 18:52,,,,13,,,,,150,1.96,329.28,,,,,,,,,,,,
28942,10.0227697v2,10,,2,1,,8/31/2022 18:51,,,,6,,,,,61,2.56,215.04,,,,,,,,,,,,
28943,10.02110391v2,10,,2,3,,8/31/2022 19:05,,,,11,,,,,125,2.58,371.52,,,,,,,,,,,,
28944,10.026247v1,10,,2,3,,8/31/2022 23:24,,,,20,,,,,240,2.41,607.32,,,,,,,,,,,,
28945,10.02104365v2,10,,2,4,,8/31/2022 21:36,,,,9,,,,,100,2.58,309.6,,,,,,,,,,,,
28946,10.02112247v1,10,,2,1,,9/1/2022 14:06,,,,12,,,,,140,1.96,305.76,,,,,,,,,,,,
28947,10.0296270v1,10,,2,3,,8/31/2022 21:34,,,,13,,,,,150,2.41,404.88,,,,,,,,,,,,
28948,10.02112072v2,10,,2,4,,8/31/2022 21:21,,,,6,,,,,67,2.58,216.72,,,,,,,,,,,,
28949,10.0278314v1,10,,2,4,,8/31/2022 20:59,,,,5,,,,,60,2.58,185.76,,,,,,,,,,,,
28949,10.0278315v1,10,,2,4,,8/31/2022 20:59,,,,5,,,,,60,2.58,185.76,,,,,,,,,,,,
28951,10.02106965v1,10,,2,1,,9/6/2022 18:20,,,,442,,,,,5300,1.56,8292.96,,,,,,,,,,,,
28952,55.02112341v2,55,,114,1,,8/31/2022 21:52,,,,9,,,,,100,2.56,307.2,,,,,,,,,,,,
28953,10.0287659v2,10,,2,1,,8/31/2022 21:59,,,,15,,,,,170,1.96,376.32,,,,,,,,,,,,
28954,55.02112472v2,55,,114,1,,9/1/2022 14:50,,,,10,,,,,120,2.23,294.36,,,,,,,,,,,,
28955,10.02112395v2,10,,2,3,,8/31/2022 22:24,,,,17,,,,,200,2.41,520.56,,,,,,,,,,,,
28956,10.0220391v2,10,,2,1,,9/1/2022 17:15,,,,42,,,,,500,1.96,1011.36,,,,,,,,,,,,
28957,10.02112395v2,10,,2,3,,8/31/2022 23:33,,,,38,,,,,450,2.41,1127.88,,,,,,,,,,,,
28958,10.02112395v2,10,,2,4,,8/31/2022 23:35,,,,9,,,,,100,2.58,309.6,,,,,,,,,,,,
28959,10.02111918v1,10,,2,3,,9/1/2022 23:48,,,,10,,,,,120,2.58,340.56,,,,,,,,,,,,
28959,10.02111919v1,10,,2,3,,9/1/2022 23:48,,,,10,,,,,120,2.58,340.56,,,,,,,,,,,,
28960,10.0273694v1,10,,2,3,,9/1/2022 15:21,,,,5,,,,,60,3.66,263.52,,,,,,,,,,,,
28961,10.02112505v1,10,,2,3,,9/1/2022 15:44,,,,5,,,,,60,3.66,263.52,,,,,,,,,,,,
28962,10.02109907v1,10,,2,4,,9/1/2022 20:11,,,,10,,,,,120,2.58,340.56,,,,,,,,,,,,
28963,10.02112157v1,10,,2,1,,9/1/2022 16:26,,,,12,,,,,144,1.96,305.76,,,,,,,,,,,,
28964,46.02106829v4,46,,113,1,,9/1/2022 19:36,,,,25,,,,,300,1.96,611.52,,,,,,,,,,,,
28966,10.02107425v3,10,,2,1,,9/2/2022 15:25,,,,17,,,,,200,1.96,423.36,,,,,,,,,,,,
28967,10.02108262v1,10,,2,1,,9/1/2022 18:25,,,,20,,,,,240,1.96,493.92,,,,,,,,,,,,
28967,10.02109042v1,10,,2,1,,9/1/2022 18:25,,,,20,,,,,240,1.96,493.92,,,,,,,,,,,,
28968,10.02112491v1,10,,2,1,,9/1/2022 17:34,,,,25,,,,,300,1.96,611.52,,,,,,,,,,,,
28969,10.0279637v1,10,,2,3,,9/1/2022 17:08,,,,10,,,,,120,2.58,340.56,,,,,,,,,,,,
28969,10.0279638v1,10,,2,3,,9/1/2022 17:08,,,,10,,,,,120,2.58,340.56,,,,,,,,,,,,
28970,10.0291379v1,10,,2,1,,9/1/2022 18:24,,,,10,,,,,120,2.23,294.36,,,,,,,,,,,,
28971,10.0290519v1,10,,2,3,,9/1/2022 18:12,,,,10,,,,,120,2.58,340.56,,,,,,,,,,,,
28971,10.0290516v1,10,,2,3,,9/1/2022 18:12,,,,10,,,,,120,2.58,340.56,,,,,,,,,,,,
28972,10.0273740v1,10,,2,3,,9/1/2022 18:15,,,,30,,,,,360,2.41,896.52,,,,,,,,,,,,
28974,10.0295793v9,10,,2,3,,9/1/2022 19:06,,,,15,,,,,175,2.41,462.72,,,,,,,,,,,,
28975,10.0270149v1,10,,2,3,,9/1/2022 19:22,,,,5,,,,,60,3.66,263.52,,,,,,,,,,,,
28976,10.0262575v1,10,,2,3,,9/2/2022 2:53,,,,200,,,,,2400,1.62,3907.44,,,,,,,,,,,,
28977,10.0250434v2,10,,2,1,,9/2/2022 7:41,,,,10,,,,,120,2.23,294.36,,,,,,,,,,,,
28978,10.02112340v1,10,,2,3,,9/2/2022 14:58,,,,10,,,,,120,2.58,340.56,,,,,,,,,,,,
28978,10.02112340v9,10,,2,3,,9/2/2022 14:58,,,,10,,,,,120,2.58,340.56,,,,,,,,,,,,
28978,10.02112787v1,10,,2,3,,9/2/2022 14:58,,,,10,,,,,120,2.58,340.56,,,,,,,,,,,,
28979,10.02111995v1,10,,2,3,,9/6/2022 19:44,,,,10,,,,,120,2.58,340.56,,,,,,,,,,,,
28980,10.02104431v2,10,,2,3,,9/1/2022 21:03,,,,20,,,,,240,2.41,607.32,,,,,,,,,,,,
28981,10.02102883v1,10,,2,4,,9/1/2022 21:28,,,,10,,,,,120,2.58,340.56,,,,,,,,,,,,
28982,10.02111475v2,10,,2,4,,9/1/2022 21:01,,,,13,,,,,150,2.41,404.88,,,,,,,,,,,,
28983,10.02109848v1,10,,2,1,,9/1/2022 21:11,,,,17,,,,,200,1.96,423.36,,,,,,,,,,,,
28984,10.02100947v1,10,,2,1,,9/6/2022 16:49,,,,26,,,,,308,1.96,635.04,,,,,,,,,,,,
28984,10.02100951v1,10,,2,1,,9/6/2022 16:49,,,,12,,,,,144,1.96,305.76,,,,,,,,,,,,
28985,10.0271825v2,10,,2,3,,9/6/2022 21:23,,,,40,,,,,480,2.41,1185.72,,,,,,,,,,,,
28985,10.0271824v2,10,,2,3,,9/6/2022 21:23,,,,40,,,,,480,2.41,1185.72,,,,,,,,,,,,
28985,10.0271823v2,10,,2,3,,9/6/2022 21:23,,,,40,,,,,480,2.41,1185.72,,,,,,,,,,,,
28986,10.02112744v1,10,,2,4,,9/1/2022 23:11,,,,9,,,,,100,2.58,309.6,,,,,,,,,,,,
28987,55.02112511v1,55,,114,4,,9/2/2022 13:29,,,,11,,,,,130,2.75,396,,,,,,,,,,,,
28988,10.02112694v1,10,,2,4,,9/2/2022 20:32,,,,5,,,,,60,2.58,185.76,,,,,,,,,,,,
28989,10.02111496v1,10,,2,4,,9/2/2022 19:33,,,,5,,,,,60,2.58,185.76,,,,,,,,,,,,
28989,10.02111496v2,10,,2,4,,9/2/2022 19:33,,,,5,,,,,60,2.58,185.76,,,,,,,,,,,,
28990,10.0290208v2,10,,2,3,,9/2/2022 0:02,,,,30,,,,,360,2.41,896.52,,,,,,,,,,,,
28991,10.02111065v1,10,,2,3,,9/9/2022 20:22,,,,20,,,,,240,2.41,607.32,,,,,,,,,,,,
28993,10.0229935v3,10,,2,4,,9/2/2022 13:28,,,,5,,,,,60,2.58,185.76,,,,,,,,,,,,
28994,10.02112394v1,10,,2,4,,9/2/2022 14:06,,,,20,,,,,240,2.41,607.32,,,,,,,,,,,,
28995,10.02107612v2,10,,2,4,,9/2/2022 14:49,,,,28,,,,,330,2.41,838.68,,,,,,,,,,,,
28996,10.02112528v1,10,,2,4,,9/2/2022 18:05,,,,25,,,,,300,2.41,751.92,,,,,,,,,,,,
28997,10.0217319v1,10,,2,3,,9/2/2022 15:29,,,,10,,,,,120,2.58,340.56,,,,,,,,,,,,
28998,10.02110822v1,10,,2,4,,9/9/2022 20:33,,,,14,,,,,168,2.41,433.8,,,,,,,,,,,,
29000,10.02112740v1,10,,2,4,,9/2/2022 16:08,,,,53,,,,,630,2.16,1399.68,,,,,,,,,,,,
29001,10.02105372v1,10,,2,1,,9/2/2022 22:30,,,,13,,,,,150,1.96,329.28,,,,,,,,,,,,
29002,10.02107669v2,10,,2,3,,9/7/2022 12:58,,,,28,,,,,330,2.41,838.68,,,,,,,,,,,,
29003,55.02102165v1,55,,114,1,,9/2/2022 20:42,,,,17,,,,,200,1.96,423.36,,,,,,,,,,,,
29004,,70,,,1,44817,9/6/2022 20:14,,,,,,,,,,2.56,,28265,60,11011,25472,73,9233,72,93706,9/6/2022 17:18,9/13/2022,5,184.32
29005,55.02112647v1,55,,114,1,,9/6/2022 16:42,,,,20,,,,,240,1.96,493.92,,,,,,,,,,,,
29005,,70,,,1,44824,9/6/2022 16:42,,,,,,,,,,1.96,,27962,240,11004,26054,73,9227,252,93803,9/6/2022 16:35,9/20/2022,20,493.92
29006,10.02112259v1,10,,2,3,,9/2/2022 20:31,,,,5,,,,,60,3.66,263.52,,,,,,,,,,,,
29007,10.02105741v1,10,,2,4,,9/2/2022 18:20,,,,30,,,,,360,2.41,896.52,,,,,,,,,,,,
29008,10.02105031v1,10,,2,1,,9/6/2022 19:57,,,,21,,,,,250,1.96,517.44,,,,,,,,,,,,
29010,12.0293538v1,12,,4,3,,9/7/2022 16:45,,,,42,,,,,500,2.16,1114.56,,,,,,,,,,,,
29011,10.02112190v1,10,,2,4,,9/2/2022 21:05,,,,30,,,,,360,2.41,896.52,,,,,,,,,,,,
29012,10.02107583v2,10,,2,3,,9/2/2022 21:13,,,,5,,,,,60,3.66,263.52,,,,,,,,,,,,
29013,10.0317446v1,10,,2,3,,9/5/2022 17:23,,,,10,,,,,120,2.58,340.56,,,,,,,,,,,,
29014,55.02111735v2,55,,114,4,,9/2/2022 20:28,,,,209,,,,,2500,1.79,4510.8,,,,,,,,,,,,
29015,10.02112006v1,10,,2,4,,9/2/2022 20:46,,,,34,,,,,400,2.41,1012.2,,,,,,,,,,,,
29016,10.02112751v1,10,,2,3,,9/2/2022 20:47,,,,10,,,,,120,2.58,340.56,,,,,,,,,,,,
29017,10.02112714v2,10,,2,3,,9/2/2022 21:14,,,,809,,,,,9700,1.62,15746.4,,,,,,,,,,,,
29018,10.0257295v1,10,,2,4,,9/2/2022 23:02,,,,84,,,,,1000,1.91,1948.2,,,,,,,,,,,,
29019,10.02107672v1,10,,2,1,,9/2/2022 22:15,,,,20,,,,,240,1.96,493.92,,,,,,,,,,,,
29019,10.02107667v1,10,,2,1,,9/2/2022 22:15,,,,20,,,,,240,1.96,493.92,,,,,,,,,,,,
29020,10.02111439v1,10,,2,1,,9/6/2022 22:25,,,,34,,,,,400,1.96,823.2,,,,,,,,,,,,
29021,10.02112791v1,10,,2,3,,9/7/2022 15:56,,,,5,,,,,60,3.66,263.52,,,,,,,,,,,,
29022,10.02112911v1,10,,2,1,,9/2/2022 23:00,,,,16,,,,,183,1.96,399.84,,,,,,,,,,,,
29022,10.02112912v1,10,,2,1,,9/2/2022 23:00,,,,16,,,,,183,1.96,399.84,,,,,,,,,,,,
29023,55.02112924v1,55,,114,1,,9/7/2022 17:55,,,,5,,,,,60,2.56,184.32,,,,,,,,,,,,
29025,10.02112707v1,10,,2,1,,9/6/2022 15:26,,,,5,,,,,60,2.56,184.32,,,,,,,,,,,,
29026,10.0284330v1,10,,2,1,,9/6/2022 13:35,,,,5,,,,,60,2.56,184.32,,,,,,,,,,,,
29026,55.02112441v1,55,,114,1,,9/6/2022 13:35,,,,5,,,,,60,2.56,184.32,,,,,,,,,,,,
29027,10.0222068v3,10,,2,1,,9/6/2022 16:40,,,,100,,,,,1200,1.71,2072.52,,,,,,,,,,,,
29028,,70,,,1,44827,9/8/2022 19:06,,,,,,,,,,1.96,,28212,144,11113,25639,118,9319,156,91063,9/8/2022 18:14,9/23/2022,12,305.76
29029,10.02111364v1,10,,2,1,,9/6/2022 16:41,,,,13,,,,,150,1.96,329.28,,,,,,,,,,,,
29029,10.02111364v2,10,,2,1,,9/6/2022 16:41,,,,9,,,,,100,2.56,307.2,,,,,,,,,,,,
29030,10.0248461v1,10,,2,1,,9/6/2022 15:07,,,,21,,,,,250,1.96,517.44,,,,,,,,,,,,
29031,10.02107788v1,10,,2,4,,9/6/2022 15:29,,,,5,,,,,60,2.58,185.76,,,,,,,,,,,,
29032,9102112810v1,910,248,25,5,44841,9/6/2022 21:10,Distributor,existingbusiness,9860605745,21,0.76,90,290.64,278.48,,,,,,,,,,,,,,,
29033,10.02111190v1,10,,2,4,,9/7/2022 1:19,,,,5,,,,,60,2.58,185.76,,,,,,,,,,,,
29033,10.02111188v1,10,,2,4,,9/7/2022 1:19,,,,5,,,,,60,2.58,185.76,,,,,,,,,,,,
29033,10.02111186v1,10,,2,4,,9/7/2022 1:19,,,,5,,,,,60,2.58,185.76,,,,,,,,,,,,
29033,10.02111185v1,10,,2,4,,9/7/2022 1:19,,,,5,,,,,60,2.58,185.76,,,,,,,,,,,,
29034,10.0259463v1,10,,2,3,,9/6/2022 16:30,,,,10,,,,,120,2.58,340.56,,,,,,,,,,,,
29035,10.02112985v1,10,,2,1,,9/7/2022 18:14,,,,20,,,,,240,1.96,493.92,,,,,,,,,,,,
29036,10.0235364v4,10,,2,1,,9/8/2022 21:30,,,,17,,,,,200,1.96,423.36,,,,,,,,,,,,
29037,10.0275048v1,10,,2,3,,9/7/2022 16:11,,,,5,,,,,60,3.66,263.52,,,,,,,,,,,,
29038,10.0218842v1,10,,2,3,,9/8/2022 18:39,,,,20,,,,,240,2.41,607.32,,,,,,,,,,,,
29039,,70,,,1,44820,9/6/2022 17:00,,,,,,,,,,2.23,,28285,120,11008,25430,64,9230,132,86827,9/6/2022 16:56,9/16/2022,10,294.36
29039,,70,,,1,44820,9/6/2022 17:00,,,,,,,,,,2.23,,28284,120,11008,25429,64,9230,132,86827,9/6/2022 16:56,9/16/2022,10,294.36
29039,,70,,,1,44820,9/6/2022 17:00,,,,,,,,,,2.23,,28286,120,11008,25427,64,9230,132,86827,9/6/2022 16:56,9/16/2022,10,294.36
29039,,70,,,1,44820,9/6/2022 17:00,,,,,,,,,,2.23,,28287,120,11008,25428,64,9230,132,86827,9/6/2022 16:56,9/16/2022,10,294.36
29040,10.02111938v1,10,,2,4,,9/6/2022 17:32,,,,5,,,,,60,2.58,185.76,,,,,,,,,,,,
29041,10.02111594v1,10,,2,4,,9/6/2022 18:56,,,,10,,,,,120,2.58,340.56,,,,,,,,,,,,
29042,10.0291067v1,10,,2,4,,9/6/2022 17:15,,,,11,,,,,125,2.58,371.52,,,,,,,,,,,,
29043,46.02112907v1,46,,113,1,,9/6/2022 19:02,,,,5,,,,,60,2.56,184.32,,,,,,,,,,,,
29044,10.02112822v1,10,,2,3,,9/6/2022 20:53,,,,5,,,,,60,3.66,263.52,,,,,,,,,,,,
29044,10.02112876v1,10,,2,3,,9/6/2022 20:53,,,,5,,,,,60,3.66,263.52,,,,,,,,,,,,
29045,55.02112361v1,55,,114,3,,9/7/2022 0:45,,,,5,,,,,60,3.74,269.28,,,,,,,,,,,,
29046,10.02107892v1,10,,2,3,,9/6/2022 19:38,,,,20,,,,,240,2.41,607.32,,,,,,,,,,,,
29047,10.02113034v1,10,,2,3,,9/6/2022 18:29,,,,10,,,,,120,2.58,340.56,,,,,,,,,,,,
29048,10.0249117v3,10,,2,1,,9/6/2022 18:43,,,,12,,,,,144,1.96,305.76,,,,,,,,,,,,
29049,10.02113041v1,10,,2,3,,9/6/2022 18:56,,,,10,,,,,120,2.58,340.56,,,,,,,,,,,,
29050,10.02112338v1,10,,2,3,,9/6/2022 21:20,,,,10,,,,,120,2.58,340.56,,,,,,,,,,,,
29051,10.0273776v5,10,,2,3,,9/12/2022 18:14,,,,20,,,,,240,2.41,607.32,,,,,,,,,,,,
29053,10.02112961v4,10,,2,4,,9/6/2022 19:41,,,,5,,,,,60,2.58,185.76,,,,,,,,,,,,
29054,10.02111763v1,10,,2,3,,9/6/2022 19:36,,,,13,,,,,150,2.41,404.88,,,,,,,,,,,,
29054,10.02111767v1,10,,2,3,,9/6/2022 19:36,,,,13,,,,,150,2.41,404.88,,,,,,,,,,,,
29055,10.0498477v1,10,,2,3,,9/12/2022 20:15,,,,10,,,,,120,2.58,340.56,,,,,,,,,,,,
29055,10.0298398v1,10,,2,3,,9/12/2022 20:15,,,,10,,,,,120,2.58,340.56,,,,,,,,,,,,
29056,10.02100028v2,10,,2,4,,9/12/2022 14:12,,,,5,,,,,60,2.58,185.76,,,,,,,,,,,,
29057,55.02112993v1,55,,114,3,,9/6/2022 20:02,,,,5,,,,,60,3.74,269.28,,,,,,,,,,,,
29058,10.02107718v1,10,,2,1,,9/8/2022 14:08,,,,10,,,,,120,2.23,294.36,,,,,,,,,,,,
29060,55.02112721v3,55,,114,1,,9/7/2022 20:01,,,,5,,,,,60,2.56,184.32,,,,,,,,,,,,
29061,10.02113026v1,10,,2,4,,9/6/2022 21:39,,,,5,,,,,60,2.58,185.76,,,,,,,,,,,,
29062,10.0260927v2,10,,2,1,,9/13/2022 16:51,,,,20,,,,,240,1.96,493.92,,,,,,,,,,,,
29062,10.0260932v1,10,,2,1,,9/13/2022 16:51,,,,22,,,,,260,1.96,540.96,,,,,,,,,,,,
29063,10.02113013v1,10,,2,3,,9/6/2022 20:47,,,,10,,,,,120,2.58,340.56,,,,,,,,,,,,
29064,10.0273777v5,10,,2,3,,9/15/2022 15:39,,,,20,,,,,240,2.41,607.32,,,,,,,,,,,,
29065,10.02112909v2,10,,2,3,,9/6/2022 21:37,,,,42,,,,,500,2.41,1243.56,,,,,,,,,,,,
29066,10.02113126v1,10,,2,4,,9/6/2022 22:33,,,,9,,,,,101,2.58,309.6,,,,,,,,,,,,
29067,10.02113117v1,10,,2,3,,9/9/2022 15:50,,,,10,,,,,120,2.58,340.56,,,,,,,,,,,,
29067,10.02113108v1,10,,2,3,,9/9/2022 15:50,,,,10,,,,,120,2.58,340.56,,,,,,,,,,,,
29068,10.02112926v1,10,,2,4,,9/6/2022 21:43,,,,5,,,,,60,2.58,185.76,,,,,,,,,,,,
29069,10.02113109v1,10,,2,3,,9/6/2022 22:04,,,,17,,,,,200,2.41,520.56,,,,,,,,,,,,
29070,10.0288146v1,10,,2,1,,9/7/2022 17:12,,,,17,,,,,200,1.96,423.36,,,,,,,,,,,,
29071,10.02113159v1,10,,2,3,,9/6/2022 22:23,,,,10,,,,,120,2.58,340.56,,,,,,,,,,,,
29073,10.02112476v1,10,,2,3,,9/7/2022 2:58,,,,25,,,,,300,2.41,751.92,,,,,,,,,,,,
29074,10.02113149v1,10,,2,3,,9/6/2022 22:59,,,,5,,,,,60,3.66,263.52,,,,,,,,,,,,
29075,10.02109254v1,10,,2,1,,9/6/2022 23:30,,,,25,,,,,300,1.96,611.52,,,,,,,,,,,,
29076,10.0226520v1,10,,2,3,,9/7/2022 3:00,,,,25,,,,,300,2.41,751.92,,,,,,,,,,,,
29077,932112666v1,93,120,120,10,44841,9/7/2022 2:36,Distributor,existingbusiness,10021537547,10,1.8,0,237.6,216,,,,,,,,,,,,,,,
29078,10.02107691v1,10,,2,1,,9/7/2022 14:25,,,,28,,,,,330,1.96,682.08,,,,,,,,,,,,
29079,10.02103281v1,10,,2,1,,9/19/2022 21:37,,,,5,,,,,60,2.56,184.32,,,,,,,,,,,,
29079,10.02103280v1,10,,2,1,,9/19/2022 21:37,,,,5,,,,,60,2.56,184.32,,,,,,,,,,,,
29080,10.02111922v3,10,,2,1,,9/8/2022 14:52,,,,20,,,,,240,1.96,493.92,,,,,,,,,,,,
29081,10.02112188v2,10,,2,3,,9/7/2022 14:49,,,,10,,,,,120,2.58,340.56,,,,,,,,,,,,
29082,10.0286396v1,10,,2,1,,9/7/2022 20:51,,,,42,,,,,500,1.96,1011.36,,,,,,,,,,,,
29083,10.0285102v2,10,,2,3,,9/7/2022 15:22,,,,17,,,,,200,2.41,520.56,,,,,,,,,,,,
29084,10.02113241v2,10,,2,3,,9/15/2022 14:04,,,,17,,,,,200,2.41,520.56,,,,,,,,,,,,
29084,10.02113242v2,10,,2,3,,9/15/2022 14:04,,,,17,,,,,200,2.41,520.56,,,,,,,,,,,,
29085,10.0242508v1,10,,2,1,,9/23/2022 15:45,,,,60,,,,,720,1.79,1310.28,,,,,,,,,,,,
29086,10.02105558v2,10,,2,3,,9/7/2022 17:57,,,,20,,,,,240,2.41,607.32,,,,,,,,,,,,
29087,10.0282301v4,10,,2,1,,10/13/2022 22:59,,,,834,,,,,10000,1.52,15230.4,,,,,,,,,,,,
29088,10.0242507v1,10,,2,1,,9/9/2022 18:44,,,,60,,,,,720,1.79,1310.28,,,,,,,,,,,,
29089,10.02112368v1,10,,2,3,,9/7/2022 19:03,,,,13,,,,,150,2.41,404.88,,,,,,,,,,,,
29090,12.02110062v4,12,,4,3,,9/9/2022 17:54,,,,10,,,,,120,2.33,307.56,,,,,,,,,,,,
29091,10.0245578v1,10,,2,4,,9/8/2022 20:15,,,,10,,,,,110,2.58,340.56,,,,,,,,,,,,
29092,10.02104394v1,10,,2,1,,9/26/2022 19:04,,,,9,,,,,100,2.56,307.2,,,,,,,,,,,,
29093,10.0278346v1,10,,2,4,,9/8/2022 12:37,,,,10,,,,,120,2.58,340.56,,,,,,,,,,,,
29094,10.02110744v1,10,,2,3,,9/8/2022 16:41,,,,10,,,,,120,2.58,340.56,,,,,,,,,,,,
29095,10.02112452v3,10,,2,1,,9/7/2022 18:10,,,,7,,,,,75,2.56,245.76,,,,,,,,,,,,
29095,10.02112450v1,10,,2,1,,9/7/2022 18:10,,,,7,,,,,75,2.56,245.76,,,,,,,,,,,,
29096,55.02112174v4,55,,114,1,,9/7/2022 20:14,,,,13,,,,,151,1.96,329.28,,,,,,,,,,,,
29097,10.0232714v1,10,,2,1,,9/8/2022 13:49,,,,12,,,,,144,1.96,305.76,,,,,,,,,,,,
29098,10.02111470v2,10,,2,3,,9/7/2022 19:26,,,,42,,,,,500,2.41,1243.56,,,,,,,,,,,,
29099,10.02112469v4,10,,2,4,,9/7/2022 19:28,,,,5,,,,,60,2.58,185.76,,,,,,,,,,,,
29100,10.02113099v1,10,,2,1,,9/7/2022 19:44,,,,16,,,,,185,1.96,399.84,,,,,,,,,,,,
29101,10.02104261v1,10,,2,3,,9/7/2022 19:48,,,,10,,,,,120,2.58,340.56,,,,,,,,,,,,
29102,10.02111130v4,10,,2,3,,9/7/2022 20:12,,,,25,,,,,300,2.41,751.92,,,,,,,,,,,,
29103,10.02100389v1,10,,2,3,,9/13/2022 20:35,,,,13,,,,,150,2.41,404.88,,,,,,,,,,,,
29105,10.0211110v2,10,,2,3,,9/8/2022 13:51,,,,30,,,,,360,2.41,896.52,,,,,,,,,,,,
29106,46.02112489v1,46,,113,1,,9/7/2022 22:04,,,,17,,,,,200,1.96,423.36,,,,,,,,,,,,
29107,10.02113044v1,10,,2,3,,9/7/2022 21:51,,,,5,,,,,60,3.66,263.52,,,,,,,,,,,,
29108,10.0264612v1,10,,2,1,,9/8/2022 15:22,,,,42,,,,,500,1.96,1011.36,,,,,,,,,,,,
29109,10.02113351v1,10,,2,3,,9/7/2022 22:49,,,,5,,,,,60,3.66,263.52,,,,,,,,,,,,
29110,10.02103836v1,10,,2,1,,9/9/2022 14:16,,,,37,,,,,440,1.96,893.76,,,,,,,,,,,,
29110,10.03113401v1,10,,2,1,,9/9/2022 14:16,,,,5,,,,,60,2.56,184.32,,,,,,,,,,,,
29111,44.0251559v2,44,,21,3,,9/8/2022 2:12,,,,292,,,,,3500,1.7,5977.2,,,,,,,,,,,,
29112,10.02113074v2,10,,2,3,,9/7/2022 23:17,,,,21,,,,,250,2.41,636.24,,,,,,,,,,,,
29113,10.0289721v1,10,,2,3,,9/8/2022 14:35,,,,17,,,,,200,2.41,520.56,,,,,,,,,,,,
29113,10.0289726v1,10,,2,3,,9/8/2022 14:35,,,,17,,,,,200,2.41,520.56,,,,,,,,,,,,
29113,10.0289718v1,10,,2,3,,9/8/2022 14:35,,,,17,,,,,200,2.41,520.56,,,,,,,,,,,,
29114,10.02113362v1,10,,2,1,,9/8/2022 13:50,,,,17,,,,,200,1.96,423.36,,,,,,,,,,,,
29115,10.02113335v1,10,,2,4,,9/8/2022 13:56,,,,5,,,,,60,2.58,185.76,,,,,,,,,,,,
29116,10.0282659v4,10,,2,1,,9/7/2022 22:51,,,,5,,,,,60,2.56,184.32,,,,,,,,,,,,
29117,15.02112837v2,15,,7,3,,9/12/2022 20:51,,,,21,,,,,252,3.53,931.92,,,,,,,,,,,,
29119,10.02112142v3,10,,2,3,,9/8/2022 14:08,,,,38,,,,,450,2.41,1127.88,,,,,,,,,,,,
29120,10.0295167v1,10,,2,3,,9/7/2022 23:52,,,,5,,,,,60,3.66,263.52,,,,,,,,,,,,
29121,10.02111875v1,10,,2,4,,9/9/2022 18:24,,,,30,,,,,360,2.41,896.52,,,,,,,,,,,,
29123,10.02109427v3,10,,2,3,,9/8/2022 14:14,,,,42,,,,,500,2.41,1243.56,,,,,,,,,,,,
29124,10.02112539v2,10,,2,4,,9/8/2022 15:03,,,,5,,,,,60,2.58,185.76,,,,,,,,,,,,
29125,10.02112676v1,10,,2,3,,9/9/2022 20:09,,,,20,,,,,240,2.41,607.32,,,,,,,,,,,,
29126,10.0287306v1,10,,2,3,,9/8/2022 15:33,,,,30,,,,,350,2.41,896.52,,,,,,,,,,,,
29127,10.02112124v1,10,,2,1,,9/9/2022 20:26,,,,20,,,,,240,1.96,493.92,,,,,,,,,,,,
29128,10.0257420v1,10,,2,1,,9/8/2022 16:03,,,,59,,,,,700,1.88,1353.6,,,,,,,,,,,,
29129,10.0295804v1,10,,2,1,,9/8/2022 16:28,,,,11,,,,,130,2.23,321.12,,,,,,,,,,,,
29130,10.02106710v1,10,,2,3,,9/8/2022 16:52,,,,11,,,,,130,2.58,371.52,,,,,,,,,,,,
29131,10.02110422v1,10,,2,3,,9/8/2022 16:47,,,,10,,,,,120,2.58,340.56,,,,,,,,,,,,
29132,10.0294977v1,10,,2,1,,9/8/2022 17:45,,,,20,,,,,240,1.96,493.92,,,,,,,,,,,,
29133,10.0228900v4,10,,2,4,,9/8/2022 17:54,,,,42,,,,,500,2.41,1243.56,,,,,,,,,,,,
29134,10.02110849v1,10,,2,4,,9/8/2022 18:22,,,,5,,,,,60,2.58,185.76,,,,,,,,,,,,
29134,10.02110845v1,10,,2,4,,9/8/2022 18:22,,,,5,,,,,60,2.58,185.76,,,,,,,,,,,,
29135,10.02113342v2,10,,2,3,,9/8/2022 19:02,,,,17,,,,,200,2.41,520.56,,,,,,,,,,,,
29136,10.02111729v1,10,,2,1,,9/9/2022 17:46,,,,30,,,,,350,1.96,729.12,,,,,,,,,,,,
29137,10.0258298v2,10,,2,4,,9/8/2022 20:24,,,,5,,,,,60,2.58,185.76,,,,,,,,,,,,
29138,10.02111696v1,10,,2,3,,9/8/2022 20:56,,,,10,,,,,120,2.58,340.56,,,,,,,,,,,,
29139,10.0223208v1,10,,2,3,,9/8/2022 20:52,,,,84,,,,,1000,1.91,1948.2,,,,,,,,,,,,
29140,44.0255598v1,44,,21,1,,9/8/2022 20:54,,,,84,,,,,1000,1.79,1825.8,,,,,,,,,,,,
29142,10.0291152v1,10,,2,4,,9/8/2022 20:59,,,,84,,,,,1000,1.91,1948.2,,,,,,,,,,,,
29143,55.02111035v3,55,,114,1,,9/8/2022 23:00,,,,9,,,,,100,2.56,307.2,,,,,,,,,,,,
29144,10.02100336v1,10,,2,4,,9/8/2022 21:02,,,,84,,,,,1000,1.91,1948.2,,,,,,,,,,,,
29145,10.02113561v2,10,,2,3,,9/8/2022 21:06,,,,84,,,,,1000,1.91,1948.2,,,,,,,,,,,,
29146,10.0273187v1,10,,2,1,,9/8/2022 22:39,,,,50,,,,,600,1.88,1150.56,,,,,,,,,,,,
29146,10.0293896v6,10,,2,1,,9/8/2022 22:39,,,,100,,,,,1200,1.71,2072.52,,,,,,,,,,,,
29146,10.0273185v1,10,,2,1,,9/8/2022 22:39,,,,50,,,,,600,1.88,1150.56,,,,,,,,,,,,
29146,10.0265996v1,10,,2,1,,9/8/2022 22:39,,,,100,,,,,1200,1.71,2072.52,,,,,,,,,,,,
29147,10.02105187v1,10,,2,4,,9/9/2022 15:51,,,,7,,,,,75,2.58,247.68,,,,,,,,,,,,
29147,10.02105181v1,10,,2,4,,9/9/2022 15:51,,,,7,,,,,75,2.58,247.68,,,,,,,,,,,,
29148,17.02112871v1,17,,9,3,,9/9/2022 13:16,,,,20,,,,,240,2.41,607.32,,,,,,,,,,,,
29149,10.02113540v1,10,,2,4,,9/8/2022 22:28,,,,7,,,,,75,2.58,247.68,,,,,,,,,,,,
29149,10.02113539v1,10,,2,4,,9/8/2022 22:28,,,,7,,,,,75,2.58,247.68,,,,,,,,,,,,
29150,10.0213785v1,10,,2,4,,9/9/2022 15:13,,,,13,,,,,150,2.41,404.88,,,,,,,,,,,,
29151,10.0277197v1,10,,2,1,,9/12/2022 14:53,,,,5,,,,,60,2.56,184.32,,,,,,,,,,,,
29152,10.02113065v1,10,,2,3,,9/13/2022 19:36,,,,25,,,,,300,2.41,751.92,,,,,,,,,,,,
29153,10.0268769v2,10,,2,1,,9/16/2022 15:06,,,,14,,,,,160,1.96,352.8,,,,,,,,,,,,
29154,10.02113644v2,10,,2,4,,9/8/2022 23:21,,,,5,,,,,60,2.58,185.76,,,,,,,,,,,,
29157,10.02112735v1,10,,2,1,,9/12/2022 15:49,,,,26,,,,,310,1.96,635.04,,,,,,,,,,,,
29157,10.0283448v1,10,,2,1,,9/12/2022 15:49,,,,26,,,,,310,1.96,635.04,,,,,,,,,,,,
29158,10.0282191v3,10,,2,4,,9/9/2022 15:20,,,,20,,,,,240,2.41,607.32,,,,,,,,,,,,
29159,10.02113662v1,10,,2,1,,9/9/2022 4:50,,,,5,,,,,60,2.56,184.32,,,,,,,,,,,,
29160,12.02113586v1,12,,4,3,,9/9/2022 18:16,,,,10,,,,,120,2.33,307.56,,,,,,,,,,,,
29162,12.02112326v1,12,,4,1,,9/9/2022 17:28,,,,21,,,,,250,1.55,409.2,,,,,,,,,,,,
29163,10.02107606v2,10,,2,4,,9/9/2022 14:14,,,,58,,,,,690,2.16,1529.28,,,,,,,,,,,,
29164,10.02113617v2,10,,2,1,,9/9/2022 14:37,,,,5,,,,,60,2.56,184.32,,,,,,,,,,,,
29165,10.02105641v5,10,,2,1,,9/9/2022 16:03,,,,9,,,,,100,2.56,307.2,,,,,,,,,,,,
29166,12.02112544v1,12,,4,1,,9/9/2022 14:58,,,,13,,,,,150,1.55,260.4,,,,,,,,,,,,
29166,10.02112543v1,10,,2,1,,9/9/2022 14:58,,,,13,,,,,150,1.96,329.28,,,,,,,,,,,,
29167,10.03113634v1,10,,2,1,,9/9/2022 19:18,,,,25,,,,,300,1.96,611.52,,,,,,,,,,,,
29167,10.01113635v1,10,,2,1,,9/9/2022 19:18,,,,25,,,,,300,1.96,611.52,,,,,,,,,,,,
29168,10.0270060v1,10,,2,3,,9/9/2022 18:24,,,,17,,,,,200,2.41,520.56,,,,,,,,,,,,
29168,10.0270058v1,10,,2,3,,9/9/2022 18:24,,,,17,,,,,200,2.41,520.56,,,,,,,,,,,,
29169,10.02113505v1,10,,2,4,,9/9/2022 17:50,,,,125,,,,,1500,1.91,2887.92,,,,,,,,,,,,
29170,10.0269873v3,10,,2,1,,9/9/2022 18:17,,,,34,,,,,400,1.96,823.2,,,,,,,,,,,,
29172,10.02113565v1,10,,2,1,,9/9/2022 18:40,,,,11,,,,,125,2.23,321.12,,,,,,,,,,,,
29173,10.02113605v2,10,,2,1,,9/9/2022 16:25,,,,5,,,,,60,2.56,184.32,,,,,,,,,,,,
29174,10.0248827v1,10,,2,4,,9/9/2022 16:32,,,,8,,,,,96,2.58,278.64,,,,,,,,,,,,
29176,10.0291152v1,10,,2,4,,9/9/2022 21:01,,,,84,,,,,1000,1.91,1948.2,,,,,,,,,,,,
29176,44.0255598v1,44,,21,4,,9/9/2022 21:01,,,,84,,,,,1000,2.08,2121.6,,,,,,,,,,,,
29176,10.02100336v1,10,,2,4,,9/9/2022 21:01,,,,84,,,,,1000,1.91,1948.2,,,,,,,,,,,,
29178,10.02112359v1,10,,2,4,,9/9/2022 17:01,,,,40,,,,,480,2.41,1185.72,,,,,,,,,,,,
29179,10.0243490v1,10,,2,4,,9/9/2022 17:07,,,,10,,,,,120,2.58,340.56,,,,,,,,,,,,
29180,55.02112885v3,55,,114,1,,9/9/2022 19:59,,,,5,,,,,60,2.56,184.32,,,,,,,,,,,,
29181,10.0222603v1,10,,2,1,,9/9/2022 18:22,,,,5,,,,,60,2.56,184.32,,,,,,,,,,,,
29182,10.02109798v1,10,,2,1,,9/9/2022 22:43,,,,11,,,,,132,1.96,282.24,,,,,,,,,,,,
29183,10.0217258v4,10,,2,1,,9/9/2022 21:42,,,,10,,,,,120,2.23,294.36,,,,,,,,,,,,
29184,10.0284729v1,10,,2,1,,9/9/2022 18:34,,,,21,,,,,250,1.96,517.44,,,,,,,,,,,,
29185,10.02112719v2,10,,2,3,,9/13/2022 14:10,,,,19,,,,,225,2.41,578.4,,,,,,,,,,,,
29186,10.0240345v1,10,,2,1,,9/9/2022 19:55,,,,7,,,,,76,2.56,245.76,,,,,,,,,,,,
29187,10.02112942v2,10,,2,3,,9/9/2022 20:09,,,,42,,,,,500,2.41,1243.56,,,,,,,,,,,,
29188,21.02113616v1,21,,12,1,,9/9/2022 21:28,,,,21,,,,,250,2.71,715.44,,,,,,,,,,,,
29189,55.02110376v3,55,,114,3,,9/9/2022 20:48,,,,7,,,,,75,3.74,359.04,,,,,,,,,,,,
29190,10.02114972v1,10,,2,3,,9/22/2022 0:01,,,,50,,,,,600,2.16,1321.92,,,,,,,,,,,,
29191,17.0292025v2,17,,9,4,,9/9/2022 20:30,,,,5,,,,,60,2.58,185.76,,,,,,,,,,,,
29192,10.02110485v3,10,,2,3,,9/9/2022 21:00,,,,20,,,,,240,2.41,607.32,,,,,,,,,,,,
29193,40.0250435v5,40,,18,1,,9/12/2022 16:27,,,,117,,,,,1400,1.71,2421.36,,,,,,,,,,,,
29194,10.02113608v1,10,,2,3,,9/9/2022 21:00,,,,9,,,,,100,3.58,429.6,,,,,,,,,,,,
29195,10.0295718v1,10,,2,1,,9/15/2022 14:24,,,,42,,,,,500,1.96,1011.36,,,,,,,,,,,,
29196,10.04110582v1,10,,2,3,,9/20/2022 21:15,,,,5,,,,,60,3.66,263.52,,,,,,,,,,,,
29197,10.02112566v1,10,,2,1,,9/12/2022 14:23,,,,30,,,,,360,1.96,729.12,,,,,,,,,,,,
29198,10.0214706v1,10,,2,3,,9/9/2022 21:48,,,,20,,,,,240,2.41,607.32,,,,,,,,,,,,
29199,,70,,,1,44824,9/12/2022 15:28,,,,,,,,,,2.56,,28303,100,11191,25809,118,9396,120,94327,9/12/2022 14:55,9/20/2022,9,307.2
29200,10.0213785v1,10,,2,1,,9/9/2022 22:26,,,,34,,,,,400,1.96,823.2,,,,,,,,,,,,
29201,10.02113825v1,10,,2,3,,9/9/2022 23:51,,,,21,,,,,250,2.41,636.24,,,,,,,,,,,,
29202,10.0225572v1,10,,2,3,,9/11/2022 20:32,,,,20,,,,,240,2.41,607.32,,,,,,,,,,,,
29203,55.02112477v3,55,,114,3,,9/12/2022 23:22,,,,5,,,,,60,3.74,269.28,,,,,,,,,,,,
29203,55.02110738v2,55,,114,3,,9/12/2022 23:22,,,,5,,,,,60,3.74,269.28,,,,,,,,,,,,
29204,12.02113219v3,12,,4,3,,9/9/2022 23:41,,,,13,,,,,150,2.16,362.88,,,,,,,,,,,,
29205,10.02111785v1,10,,2,3,,9/12/2022 14:56,,,,5,,,,,60,3.66,263.52,,,,,,,,,,,,
29206,10.02113091v3,10,,2,3,,9/10/2022 12:35,,,,5,,,,,60,3.66,263.52,,,,,,,,,,,,
29207,46.02112122v1,46,,113,1,,9/12/2022 14:22,,,,5,,,,,60,2.56,184.32,,,,,,,,,,,,
29209,17.02108255v1,17,,9,3,,9/12/2022 14:57,,,,7,,,,,79,3.66,351.36,,,,,,,,,,,,
29210,10.03113860v1,10,,2,3,,9/12/2022 13:30,,,,10,,,,,120,2.58,340.56,,,,,,,,,,,,
29211,10.02113060v1,10,,2,1,,9/12/2022 16:40,,,,10,,,,,120,2.23,294.36,,,,,,,,,,,,
29211,10.02113059v1,10,,2,1,,9/12/2022 16:40,,,,10,,,,,120,2.23,294.36,,,,,,,,,,,,
29211,10.02113061v1,10,,2,1,,9/12/2022 16:40,,,,10,,,,,120,2.23,294.36,,,,,,,,,,,,
29211,10.02111050v1,10,,2,1,,9/12/2022 16:40,,,,10,,,,,120,2.23,294.36,,,,,,,,,,,,
29212,15.02112906v1,15,,7,3,,9/12/2022 14:12,,,,34,,,,,400,3.53,1482.6,,,,,,,,,,,,
29213,55.02101367v2,55,,114,3,,9/13/2022 16:25,,,,30,,,,,360,2.49,926.28,,,,,,,,,,,,
29214,10.0291998v1,10,,2,3,,9/12/2022 16:27,,,,20,,,,,240,2.41,607.32,,,,,,,,,,,,
29215,55.02113518v1,55,,114,1,,9/12/2022 15:28,,,,5,,,,,60,2.56,184.32,,,,,,,,,,,,
29217,10.02113927v1,10,,2,3,,9/12/2022 15:53,,,,5,,,,,60,3.66,263.52,,,,,,,,,,,,
29218,10.03113853v1,10,,2,1,,9/12/2022 19:47,,,,5,,,,,60,2.56,184.32,,,,,,,,,,,,
29218,10.04113552v1,10,,2,1,,9/12/2022 19:47,,,,7,,,,,80,2.56,245.76,,,,,,,,,,,,
29218,10.02113551v1,10,,2,1,,9/12/2022 19:47,,,,15,,,,,170,1.96,376.32,,,,,,,,,,,,
29219,10.02113643v2,10,,2,3,,9/12/2022 16:59,,,,47,,,,,558,2.16,1244.16,,,,,,,,,,,,
29220,17.02113941v1,17,,9,3,,9/12/2022 16:59,,,,21,,,,,250,2.41,636.24,,,,,,,,,,,,
29220,17.02114325v1,17,,9,3,,9/12/2022 16:59,,,,21,,,,,250,2.41,636.24,,,,,,,,,,,,
29221,55.02112872v2,55,,114,3,,9/12/2022 17:50,,,,30,,,,,360,2.49,926.28,,,,,,,,,,,,
29222,46.0292083v1,46,,113,1,,9/13/2022 3:12,,,,667,,,,,8000,1.56,12504.96,,,,,,,,,,,,
29223,10.02113356v1,10,,2,3,,9/12/2022 20:25,,,,50,,,,,600,2.16,1321.92,,,,,,,,,,,,
29224,10.0274706v1,10,,2,3,,9/12/2022 19:54,,,,10,,,,,120,2.58,340.56,,,,,,,,,,,,
29225,10.0291167v1,10,,2,4,,9/12/2022 18:21,,,,84,,,,,1000,1.91,1948.2,,,,,,,,,,,,
29226,10.02113984v2,10,,2,3,,9/12/2022 18:44,,,,20,,,,,240,2.41,607.32,,,,,,,,,,,,
29227,10.02113758v1,10,,2,3,,9/12/2022 20:16,,,,6,,,,,61,3.66,307.44,,,,,,,,,,,,
29229,10.0295723v1,10,,2,3,,9/12/2022 20:16,,,,10,,,,,120,2.58,340.56,,,,,,,,,,,,
29230,10.02113673v2,10,,2,3,,9/12/2022 20:23,,,,42,,,,,500,2.41,1243.56,,,,,,,,,,,,
29231,10.0218490v1,10,,2,3,,9/14/2022 18:53,,,,25,,,,,300,2.41,751.92,,,,,,,,,,,,
29233,10.02110231v2,10,,2,1,,9/13/2022 14:23,,,,25,,,,,300,1.96,611.52,,,,,,,,,,,,
29235,10.0239188v1,10,,2,3,,9/13/2022 13:21,,,,30,,,,,360,2.41,896.52,,,,,,,,,,,,
29236,55.02113677v1,55,,114,3,,9/16/2022 14:56,,,,13,,,,,155,2.49,418.32,,,,,,,,,,,,
29237,10.0255549v2,10,,2,1,,9/14/2022 14:09,,,,42,,,,,500,1.96,1011.36,,,,,,,,,,,,
29238,10.0297192v2,10,,2,1,,9/12/2022 22:15,,,,10,,,,,120,2.23,294.36,,,,,,,,,,,,
29238,10.0297189v4,10,,2,1,,9/12/2022 22:15,,,,10,,,,,120,2.23,294.36,,,,,,,,,,,,
29239,10.02106271v1,10,,2,3,,9/13/2022 1:03,,,,10,,,,,120,2.58,340.56,,,,,,,,,,,,
29240,,70,,,1,44826,9/13/2022 13:54,,,,,,,,,,2.56,,28343,70,11236,26435,73,9428,84,87405,9/13/2022 1:10,9/22/2022,6,215.04
29240,,70,,,1,44826,9/13/2022 13:54,,,,,,,,,,2.23,,28346,130,11236,26436,107,9428,144,87405,9/13/2022 1:10,9/22/2022,11,321.12
29241,18.02111043v2,18,,10,1,,9/13/2022 14:40,,,,5,,,,,60,2.56,184.32,,,,,,,,,,,,
29241,18.02111044v4,18,,10,1,,9/13/2022 14:40,,,,5,,,,,60,2.56,184.32,,,,,,,,,,,,
29242,17.02113639v1,17,,9,3,,9/13/2022 1:14,,,,11,,,,,125,2.58,371.52,,,,,,,,,,,,
29242,17.02113641v1,17,,9,3,,9/13/2022 1:14,,,,11,,,,,125,2.58,371.52,,,,,,,,,,,,
29243,10.02113782v1,10,,2,3,,9/13/2022 16:09,,,,5,,,,,60,3.66,263.52,,,,,,,,,,,,
29243,10.02113781v1,10,,2,3,,9/13/2022 16:09,,,,5,,,,,60,3.66,263.52,,,,,,,,,,,,
29244,10.0242627v2,10,,2,1,,9/13/2022 13:35,,,,30,,,,,360,1.96,729.12,,,,,,,,,,,,
29244,10.0242619v2,10,,2,1,,9/13/2022 13:35,,,,30,,,,,360,1.96,729.12,,,,,,,,,,,,
29245,10.02111834v3,10,,2,3,,9/13/2022 15:55,,,,10,,,,,120,2.58,340.56,,,,,,,,,,,,
29245,10.02112317v1,10,,2,3,,9/13/2022 15:55,,,,10,,,,,120,2.58,340.56,,,,,,,,,,,,
29246,10.02112931v5,10,,2,3,,9/13/2022 14:30,,,,13,,,,,150,2.41,404.88,,,,,,,,,,,,
29247,10.02113675v1,10,,2,3,,9/13/2022 17:16,,,,5,,,,,60,3.66,263.52,,,,,,,,,,,,
29248,10.02114063v1,10,,2,3,,9/13/2022 16:57,,,,5,,,,,60,3.66,263.52,,,,,,,,,,,,
29249,10.0282074v1,10,,2,1,,9/13/2022 15:13,,,,21,,,,,250,1.96,517.44,,,,,,,,,,,,
29250,12.02113824v2,12,,4,3,,9/13/2022 18:00,,,,69,,,,,825,1.66,1394.4,,,,,,,,,,,,
29251,10.0260751v1,10,,2,1,,9/13/2022 15:33,,,,34,,,,,400,1.96,823.2,,,,,,,,,,,,
29252,10.02111136v1,10,,2,1,,9/14/2022 4:35,,,,5,,,,,60,2.56,184.32,,,,,,,,,,,,
29252,,70,,,1,44823,9/14/2022 4:35,,,,,,,,,,2.56,,28228,60,11279,26026,118,9464,72,92338,9/13/2022 22:53,9/19/2022,5,184.32
29252,,70,,,1,44823,9/14/2022 4:35,,,,,,,,,,2.56,,28227,60,11279,26025,118,9464,72,92338,9/13/2022 22:53,9/19/2022,5,184.32
29253,10.0220135v2,10,,2,3,,9/14/2022 18:40,,,,42,,,,,500,2.41,1243.56,,,,,,,,,,,,
29254,10.0282074v1,10,,2,1,,9/13/2022 15:27,,,,25,,,,,300,1.96,611.52,,,,,,,,,,,,
29255,55.02114892v1,55,,114,1,,9/16/2022 17:02,,,,5,,,,,60,2.56,184.32,,,,,,,,,,,,
29255,44.0281297v1,44,,21,1,,9/16/2022 17:02,,,,5,,,,,60,2.56,184.32,,,,,,,,,,,,
29256,,70,,,1,44827,9/13/2022 20:00,,,,,,,,,,2.56,,28262,60,11263,25984,118,9453,72,93689,9/13/2022 19:46,9/23/2022,5,184.32
29256,,70,,,1,44827,9/13/2022 20:00,,,,,,,,,,2.56,,28307,60,11263,25982,118,9453,72,93689,9/13/2022 19:46,9/23/2022,5,184.32
29257,10.04111509v2,10,,2,1,,9/13/2022 17:45,,,,10,,,,,120,2.23,294.36,,,,,,,,,,,,
29257,10.02110966v3,10,,2,1,,9/13/2022 17:45,,,,10,,,,,120,2.23,294.36,,,,,,,,,,,,
29258,10.0298466v1,10,,2,1,,9/19/2022 19:59,,,,17,,,,,200,1.96,423.36,,,,,,,,,,,,
29259,10.02114126v1,10,,2,3,,9/13/2022 17:36,,,,5,,,,,60,3.66,263.52,,,,,,,,,,,,
29260,10.03114049v1,10,,2,4,,9/14/2022 21:09,,,,8,,,,,95,2.58,278.64,,,,,,,,,,,,
29260,10.03114050v1,10,,2,4,,9/14/2022 21:09,,,,111,,,,,1321,1.91,2567.04,,,,,,,,,,,,
29261,10.02113755v2,10,,2,3,,9/14/2022 21:08,,,,20,,,,,240,2.41,607.32,,,,,,,,,,,,
29262,10.02113324v1,10,,2,4,,9/15/2022 18:37,,,,10,,,,,120,2.58,340.56,,,,,,,,,,,,
29262,10.02113323v1,10,,2,4,,9/15/2022 18:37,,,,10,,,,,120,2.58,340.56,,,,,,,,,,,,
29263,10.02113619v1,10,,2,3,,9/14/2022 4:33,,,,7,,,,,80,3.66,351.36,,,,,,,,,,,,
29265,46.02114599v1,46,,113,3,,9/15/2022 17:31,,,,7,,,,,80,3.66,351.36,,,,,,,,,,,,
29265,46.02114600v1,46,,113,3,,9/15/2022 17:31,,,,7,,,,,80,3.66,351.36,,,,,,,,,,,,
29266,10.02107610v1,10,,2,3,,9/13/2022 20:07,,,,5,,,,,60,3.66,263.52,,,,,,,,,,,,
29267,55.02112769v2,55,,114,3,,9/13/2022 20:16,,,,5,,,,,60,3.74,269.28,,,,,,,,,,,,
29267,55.02112782v2,55,,114,3,,9/13/2022 20:16,,,,5,,,,,60,3.74,269.28,,,,,,,,,,,,
29268,,70,,,1,44820,9/13/2022 20:38,,,,,,,,,,2.56,,28236,60,11266,26034,64,9456,72,94652,9/13/2022 20:20,9/16/2022,5,184.32
29269,10.02114246v1,10,,2,3,,9/13/2022 20:29,,,,13,,,,,150,2.41,404.88,,,,,,,,,,,,
29270,10.026700v1,10,,2,3,,9/14/2022 18:04,,,,5,,,,,60,3.66,263.52,,,,,,,,,,,,
29270,10.026701v1,10,,2,3,,9/14/2022 18:04,,,,5,,,,,60,3.66,263.52,,,,,,,,,,,,
29270,10.026009v1,10,,2,3,,9/14/2022 18:04,,,,5,,,,,60,3.66,263.52,,,,,,,,,,,,
29271,10.0220564v1,10,,2,3,,9/13/2022 20:58,,,,81,,,,,970,1.91,1879.44,,,,,,,,,,,,
29272,10.02113904v1,10,,2,3,,9/13/2022 21:33,,,,6,,,,,65,3.66,307.44,,,,,,,,,,,,
29273,10.02114271v1,10,,2,4,,9/14/2022 15:31,,,,5,,,,,60,2.58,185.76,,,,,,,,,,,,
29273,10.02114262v1,10,,2,4,,9/14/2022 15:31,,,,5,,,,,60,2.58,185.76,,,,,,,,,,,,
29274,10.02113289v2,10,,2,4,,9/22/2022 19:26,,,,11,,,,,125,2.58,371.52,,,,,,,,,,,,
29274,10.02113293v2,10,,2,4,,9/22/2022 19:26,,,,11,,,,,125,2.58,371.52,,,,,,,,,,,,
29274,10.03115871v1,10,,2,4,,9/22/2022 19:26,,,,5,,,,,60,2.58,185.76,,,,,,,,,,,,
29275,10.0257138v1,10,,2,1,,9/15/2022 12:39,,,,5,,,,,60,2.56,184.32,,,,,,,,,,,,
29275,55.02114579v1,55,,114,1,,9/15/2022 12:39,,,,5,,,,,60,2.56,184.32,,,,,,,,,,,,
29276,12.02112824v1,12,,4,3,,9/13/2022 21:45,,,,90,,,,,1070,1.66,1812.72,,,,,,,,,,,,
29277,10.0276752v1,10,,2,1,,9/13/2022 22:26,,,,30,,,,,360,1.96,729.12,,,,,,,,,,,,
29278,12.0273472v1,12,,4,3,,9/15/2022 12:44,,,,5,,,,,60,3.41,245.52,,,,,,,,,,,,
29278,10.0271726v2,10,,2,3,,9/15/2022 12:44,,,,5,,,,,60,3.66,263.52,,,,,,,,,,,,
29279,10.0210634v2,10,,2,4,,9/14/2022 15:30,,,,5,,,,,60,2.58,185.76,,,,,,,,,,,,
29279,10.0213943v2,10,,2,4,,9/14/2022 15:30,,,,5,,,,,60,2.58,185.76,,,,,,,,,,,,
29280,10.02105265v1,10,,2,4,,9/14/2022 13:21,,,,5,,,,,60,2.58,185.76,,,,,,,,,,,,
29281,10.02114283v1,10,,2,3,,9/13/2022 23:06,,,,5,,,,,60,3.66,263.52,,,,,,,,,,,,
29282,20.02114041v1,20,,11,3,,9/14/2022 14:42,,,,30,,,,,360,2.99,1112.28,,,,,,,,,,,,
29283,10.0287306v2,10,,2,3,,9/13/2022 23:53,,,,5,,,,,60,3.66,263.52,,,,,,,,,,,,
29284,10.02114207v1,10,,2,4,,9/13/2022 23:55,,,,5,,,,,60,2.58,185.76,,,,,,,,,,,,
29285,10.02114598v1,10,,2,3,,9/14/2022 16:09,,,,10,,,,,120,2.58,340.56,,,,,,,,,,,,
29286,10.02106977v2,10,,2,3,,9/14/2022 13:45,,,,10,,,,,120,2.58,340.56,,,,,,,,,,,,
29287,10.02114391v1,10,,2,4,,9/14/2022 15:37,,,,6,,,,,65,2.58,216.72,,,,,,,,,,,,
29288,10.02114392v1,10,,2,4,,9/14/2022 15:39,,,,6,,,,,70,2.58,216.72,,,,,,,,,,,,
29289,10.0396959v2,10,,2,3,,9/14/2022 15:25,,,,13,,,,,150,2.41,404.88,,,,,,,,,,,,
29290,10.02115347v2,10,,2,1,,9/28/2022 15:35,,,,5,,,,,60,2.56,184.32,,,,,,,,,,,,
29290,,70,,,1,44837,9/28/2022 15:35,,,,,,,,,,2.56,,28318,60,11735,27010,118,9870,72,94800,9/28/2022 14:47,10/3/2022,5,184.32
29291,10.0290503v1,10,,2,3,,9/14/2022 18:27,,,,69,,,,,825,1.91,1604.4,,,,,,,,,,,,
29292,10.0231293v1,10,,2,3,,9/14/2022 17:11,,,,6,,,,,65,3.66,307.44,,,,,,,,,,,,
29293,10.02104677v1,10,,2,3,,9/21/2022 17:04,,,,10,,,,,120,2.58,340.56,,,,,,,,,,,,
29293,10.02104677v2,10,,2,3,,9/21/2022 17:04,,,,10,,,,,120,2.58,340.56,,,,,,,,,,,,
29293,10.02104679v3,10,,2,3,,9/21/2022 17:04,,,,20,,,,,240,2.41,607.32,,,,,,,,,,,,
29293,10.02104676v1,10,,2,3,,9/21/2022 17:04,,,,20,,,,,240,2.41,607.32,,,,,,,,,,,,
29294,10.02114206v1,10,,2,3,,9/14/2022 18:27,,,,13,,,,,150,2.41,404.88,,,,,,,,,,,,
29295,10.02112997v2,10,,2,4,,9/16/2022 4:02,,,,5,,,,,60,2.58,185.76,,,,,,,,,,,,
29296,10.02113563v2,10,,2,3,,9/14/2022 19:56,,,,20,,,,,240,2.41,607.32,,,,,,,,,,,,
29297,17.02113436v8,17,,9,3,,9/14/2022 21:59,,,,28,,,,,325,2.41,838.68,,,,,,,,,,,,
29298,12.02113281v1,12,,4,3,,9/15/2022 14:45,,,,10,,,,,120,2.33,307.56,,,,,,,,,,,,
29299,10.02112749v1,10,,2,4,,9/14/2022 20:02,,,,71,,,,,850,1.91,1650.24,,,,,,,,,,,,
29301,10.0239011v5,10,,2,3,,9/14/2022 20:12,,,,5,,,,,60,3.66,263.52,,,,,,,,,,,,
29302,10.0290909v1,10,,2,4,,9/14/2022 23:35,,,,21,,,,,250,2.41,636.24,,,,,,,,,,,,
29303,10.0220391v2,10,,2,1,,9/14/2022 22:02,,,,125,,,,,1500,1.71,2585.52,,,,,,,,,,,,
29304,10.02108700v1,10,,2,3,,9/14/2022 21:16,,,,12,,,,,144,2.41,375.96,,,,,,,,,,,,
29305,10.02110357v2,10,,2,3,,9/15/2022 16:07,,,,10,,,,,120,2.58,340.56,,,,,,,,,,,,
29307,10.02114140v1,10,,2,3,,9/15/2022 14:48,,,,13,,,,,150,2.41,404.88,,,,,,,,,,,,
29308,10.02114130v1,10,,2,3,,9/14/2022 21:43,,,,17,,,,,200,2.41,520.56,,,,,,,,,,,,
29309,10.0259158v2,10,,2,3,,9/15/2022 14:03,,,,21,,,,,250,2.41,636.24,,,,,,,,,,,,
29310,10.0216674v1,10,,2,3,,9/15/2022 17:37,,,,30,,,,,360,2.41,896.52,,,,,,,,,,,,
29311,10.0299993v1,10,,2,3,,9/14/2022 22:08,,,,10,,,,,120,2.58,340.56,,,,,,,,,,,,
29312,10.02113459v2,10,,2,4,,9/15/2022 17:43,,,,7,,,,,75,2.58,247.68,,,,,,,,,,,,
29312,10.02113460v2,10,,2,4,,9/15/2022 17:43,,,,7,,,,,75,2.58,247.68,,,,,,,,,,,,
29313,10.0268236v1,10,,2,1,,9/19/2022 15:24,,,,5,,,,,60,2.56,184.32,,,,,,,,,,,,
29314,10.0218490v2,10,,2,3,,9/16/2022 4:15,,,,106,,,,,1265,1.91,2452.44,,,,,,,,,,,,
29315,10.0296577v3,10,,2,1,,9/14/2022 23:07,,,,5,,,,,60,2.56,184.32,,,,,,,,,,,,
29316,10.02113380v1,10,,2,3,,9/15/2022 16:18,,,,13,,,,,152,2.41,404.88,,,,,,,,,,,,
29316,10.02113381v1,10,,2,3,,9/15/2022 16:18,,,,13,,,,,152,2.41,404.88,,,,,,,,,,,,
29317,55.02114201v1,55,,114,3,,9/15/2022 2:02,,,,11,,,,,130,2.66,383.04,,,,,,,,,,,,
29318,55.02114220v2,55,,114,3,,9/15/2022 12:40,,,,12,,,,,135,2.49,388.44,,,,,,,,,,,,
29319,10.02110778v2,10,,2,3,,9/15/2022 14:23,,,,11,,,,,125,2.58,371.52,,,,,,,,,,,,
29320,10.0246604v1,10,,2,3,,9/15/2022 14:34,,,,10,,,,,120,2.58,340.56,,,,,,,,,,,,
29321,10.02114472v1,10,,2,3,,9/15/2022 15:29,,,,40,,,,,480,2.41,1185.72,,,,,,,,,,,,
29321,10.0299660v2,10,,2,3,,9/15/2022 15:29,,,,40,,,,,480,2.41,1185.72,,,,,,,,,,,,
29322,932114558v1,93,240,120,10,44848,9/15/2022 19:53,distributor,existingbusiness,10186545171,20,1.42,0,357.84,340.8,,,,,,,,,,,,,,,
29322,932114559v2,93,240,120,10,44848,9/15/2022 19:53,distributor,existingbusiness,10186545171,20,1.42,0,357.84,340.8,,,,,,,,,,,,,,,
29323,55.02114314v1,55,,114,3,,9/15/2022 19:30,,,,5,,,,,60,3.74,269.28,,,,,,,,,,,,
29324,40.0249369v1,40,,18,1,,9/15/2022 20:45,,,,5,,,,,60,2.56,184.32,,,,,,,,,,,,
29326,10.02113877v2,10,,2,3,,9/15/2022 16:43,,,,10,,,,,120,2.58,340.56,,,,,,,,,,,,
29327,10.0259142v2,10,,2,3,,9/16/2022 15:55,,,,22,,,,,260,2.41,665.16,,,,,,,,,,,,
29328,10.02111896v1,10,,2,3,,9/15/2022 18:51,,,,10,,,,,120,2.58,340.56,,,,,,,,,,,,
29329,46.02111903v1,46,,113,3,,9/15/2022 19:36,,,,10,,,,,120,2.58,340.56,,,,,,,,,,,,
29330,12.02114616v1,12,,4,3,,9/15/2022 16:59,,,,11,,,,,123,2.33,335.52,,,,,,,,,,,,
29331,10.0293905v2,10,,2,3,,9/15/2022 16:29,,,,5,,,,,60,3.66,263.52,,,,,,,,,,,,
29332,10.02114455v1,10,,2,3,,9/15/2022 16:45,,,,10,,,,,120,2.58,340.56,,,,,,,,,,,,
29332,10.02114454v2,10,,2,3,,9/15/2022 16:45,,,,10,,,,,120,2.58,340.56,,,,,,,,,,,,
29333,10.0299296v2,10,,2,4,,9/15/2022 16:52,,,,209,,,,,2500,1.62,4082.4,,,,,,,,,,,,
29334,55.02114921v1,55,,114,1,,9/16/2022 22:57,,,,5,,,,,60,2.56,184.32,,,,,,,,,,,,
29335,10.02112657v1,10,,2,4,,9/15/2022 16:54,,,,5,,,,,60,2.58,185.76,,,,,,,,,,,,
29337,10.0213933v1,10,,2,3,,9/19/2022 20:20,,,,13,,,,,150,2.41,404.88,,,,,,,,,,,,
29338,10.0240570v1,10,,2,3,,9/15/2022 17:17,,,,10,,,,,120,2.58,340.56,,,,,,,,,,,,
29339,12.02114548v1,12,,4,3,,9/15/2022 17:34,,,,59,,,,,700,1.91,1375.2,,,,,,,,,,,,
29340,10.0241393v1,10,,2,3,,9/15/2022 18:31,,,,21,,,,,250,2.41,636.24,,,,,,,,,,,,
29341,10.02114278v2,10,,2,4,,9/15/2022 17:42,,,,5,,,,,60,2.58,185.76,,,,,,,,,,,,
29342,10.0281289v1,10,,2,3,,9/15/2022 19:15,,,,10,,,,,120,2.58,340.56,,,,,,,,,,,,
29343,10.02102094v1,10,,2,3,,9/16/2022 17:33,,,,10,,,,,120,2.58,340.56,,,,,,,,,,,,
29343,10.02102095v1,10,,2,3,,9/16/2022 17:33,,,,10,,,,,120,2.58,340.56,,,,,,,,,,,,
29344,10.02114687v1,10,,2,3,,9/15/2022 18:34,,,,13,,,,,150,2.41,404.88,,,,,,,,,,,,
29345,10.0266709v1,10,,2,3,,9/15/2022 18:42,,,,6,,,,,66,3.66,307.44,,,,,,,,,,,,
29346,10.0237900v3,10,,2,1,,9/15/2022 18:42,,,,10,,,,,120,2.23,294.36,,,,,,,,,,,,
29347,10.02114568v1,10,,2,1,,9/16/2022 19:08,,,,5,,,,,60,2.56,184.32,,,,,,,,,,,,
29348,11.0283116v5,11,,3,4,,9/15/2022 19:29,,,,5,,,,,60,2.83,203.76,,,,,,,,,,,,
29348,10.0246779v1,10,,2,4,,9/15/2022 19:29,,,,5,,,,,60,2.58,185.76,,,,,,,,,,,,
29349,10.02111566v1,10,,2,4,,1/19/2023 18:32,,,,63,,,,,750,2.01,1543.68,,,,,,,,,,,,
29350,55.02114479v1,55,,114,3,,9/15/2022 19:54,,,,5,,,,,60,3.74,269.28,,,,,,,,,,,,
29352,10.02114255v1,10,,2,4,,9/15/2022 21:42,,,,6,,,,,61,2.58,216.72,,,,,,,,,,,,
29352,10.02114256v1,10,,2,4,,9/15/2022 21:42,,,,6,,,,,61,2.58,216.72,,,,,,,,,,,,
29353,55.02114419v1,55,,114,3,,9/23/2022 16:58,,,,10,,,,,120,2.66,351.12,,,,,,,,,,,,
29354,55.02114261v2,55,,114,3,,9/16/2022 15:56,,,,25,,,,,300,2.49,776.88,,,,,,,,,,,,
29355,12.02101687v2,12,,4,3,,9/16/2022 14:36,,,,10,,,,,120,2.33,307.56,,,,,,,,,,,,
29356,10.02100672v1,10,,2,3,,9/15/2022 23:14,,,,10,,,,,120,2.58,340.56,,,,,,,,,,,,
29357,,70,,,1,44838,9/16/2022 15:41,,,,,,,,,,2.56,,28263,60,11375,26232,118,9552,72,95128,9/16/2022 15:09,10/4/2022,5,184.32
29358,10.0266132v3,10,,2,3,,9/16/2022 10:57,,,,17,,,,,200,2.41,520.56,,,,,,,,,,,,
29358,10.0266131v1,10,,2,3,,9/16/2022 10:57,,,,15,,,,,178,2.41,462.72,,,,,,,,,,,,
29359,10.02109305v2,10,,2,1,,9/16/2022 11:53,,,,5,,,,,60,2.56,184.32,,,,,,,,,,,,
29359,10.02110183v2,10,,2,1,,9/16/2022 11:53,,,,5,,,,,60,2.56,184.32,,,,,,,,,,,,
29360,10.02114757v3,10,,2,1,,9/16/2022 15:53,,,,5,,,,,60,2.56,184.32,,,,,,,,,,,,
29361,10.02110850v1,10,,2,4,,9/15/2022 21:47,,,,5,,,,,60,2.58,185.76,,,,,,,,,,,,
29362,55.02112360v1,55,,114,1,,9/16/2022 16:39,,,,10,,,,,120,2.23,294.36,,,,,,,,,,,,
29362,10.0237207v2,10,,2,1,,9/16/2022 16:39,,,,10,,,,,120,2.23,294.36,,,,,,,,,,,,
29362,55.02112356v2,55,,114,1,,9/16/2022 16:39,,,,5,,,,,60,2.56,184.32,,,,,,,,,,,,
29363,10.0276105v1,10,,2,1,,9/16/2022 16:02,,,,5,,,,,60,2.56,184.32,,,,,,,,,,,,
29363,10.0274543v1,10,,2,1,,9/16/2022 16:02,,,,5,,,,,60,2.56,184.32,,,,,,,,,,,,
29364,10.02114765v1,10,,2,3,,9/16/2022 16:54,,,,23,,,,,275,2.41,694.08,,,,,,,,,,,,
29365,10.02112420v3,10,,2,1,,9/16/2022 23:38,,,,63,,,,,750,1.79,1374.72,,,,,,,,,,,,
29366,10.0217782v1,10,,2,3,,9/16/2022 17:14,,,,20,,,,,240,2.41,607.32,,,,,,,,,,,,
29368,10.0284007v1,10,,2,4,,9/16/2022 16:34,,,,20,,,,,240,2.41,607.32,,,,,,,,,,,,
29369,10.02114822v1,10,,2,3,,9/16/2022 19:10,,,,10,,,,,120,2.58,340.56,,,,,,,,,,,,
29370,10.0261280v1,10,,2,4,,9/16/2022 16:45,,,,5,,,,,60,2.58,185.76,,,,,,,,,,,,
29370,10.0261272v1,10,,2,4,,9/16/2022 16:45,,,,5,,,,,60,2.58,185.76,,,,,,,,,,,,
29371,10.02111690v1,10,,2,1,,9/16/2022 17:45,,,,7,,,,,75,2.56,245.76,,,,,,,,,,,,
29371,10.02111692v1,10,,2,1,,9/16/2022 17:45,,,,7,,,,,75,2.56,245.76,,,,,,,,,,,,
29372,10.02114804v1,10,,2,1,,9/20/2022 13:49,,,,42,,,,,500,1.96,1011.36,,,,,,,,,,,,
29373,10.02109166v3,10,,2,4,,9/16/2022 17:57,,,,10,,,,,120,2.58,340.56,,,,,,,,,,,,
29373,10.02109183v2,10,,2,4,,9/16/2022 17:57,,,,10,,,,,120,2.58,340.56,,,,,,,,,,,,
29374,10.02110820v1,10,,2,3,,9/29/2022 20:14,,,,10,,,,,120,2.58,340.56,,,,,,,,,,,,
29375,10.02114601v1,10,,2,1,,9/16/2022 20:16,,,,5,,,,,60,2.56,184.32,,,,,,,,,,,,
29376,10.02114480v1,10,,2,3,,9/16/2022 19:59,,,,10,,,,,120,2.58,340.56,,,,,,,,,,,,
29376,12.02114482v1,12,,4,3,,9/16/2022 19:59,,,,10,,,,,120,2.33,307.56,,,,,,,,,,,,
29377,10.04111993v1,10,,2,1,,9/16/2022 19:33,,,,5,,,,,60,2.56,184.32,,,,,,,,,,,,
29378,10.0280792v1,10,,2,3,,9/16/2022 19:00,,,,13,,,,,150,2.41,404.88,,,,,,,,,,,,
29379,10.0285439v1,10,,2,3,,9/16/2022 20:06,,,,42,,,,,500,2.41,1243.56,,,,,,,,,,,,
29380,10.02113162v1,10,,2,3,,9/16/2022 20:40,,,,10,,,,,120,2.58,340.56,,,,,,,,,,,,
29381,10.02110957v1,10,,2,3,,9/16/2022 21:05,,,,5,,,,,60,3.66,263.52,,,,,,,,,,,,
29381,55.02110847v1,55,,114,3,,9/16/2022 21:05,,,,5,,,,,60,3.74,269.28,,,,,,,,,,,,
29382,55.02116077v1,55,,114,3,,9/26/2022 15:33,,,,5,,,,,60,3.74,269.28,,,,,,,,,,,,
29383,10.02114524v1,10,,2,3,,9/16/2022 21:14,,,,13,,,,,150,2.41,404.88,,,,,,,,,,,,
29385,10.0296364v4,10,,2,1,,9/27/2022 19:05,,,,42,,,,,500,1.96,1011.36,,,,,,,,,,,,
29386,10.02107583v2,10,,2,3,,9/16/2022 21:43,,,,63,,,,,750,1.91,1466.88,,,,,,,,,,,,
29388,10.0218490v1,10,,2,1,,9/20/2022 20:34,,,,17,,,,,200,1.96,423.36,,,,,,,,,,,,
29389,10.02110192v2,10,,2,1,,9/21/2022 18:14,,,,7,,,,,75,2.56,245.76,,,,,,,,,,,,
29390,10.02114848v1,10,,2,3,,9/16/2022 23:23,,,,5,,,,,60,3.66,263.52,,,,,,,,,,,,
29390,10.02114849v1,10,,2,3,,9/16/2022 23:23,,,,5,,,,,60,3.66,263.52,,,,,,,,,,,,
29391,,70,,,1,44832,9/16/2022 22:43,,,,,,,,,,2.23,,28307,120,11409,26308,118,9578,132,95212,9/16/2022 22:31,9/27/2022,10,294.36
29392,10.02114018v2,10,,2,1,,9/19/2022 23:08,,,,84,,,,,1000,1.79,1825.8,,,,,,,,,,,,
29393,55.02115047v1,55,,114,4,,9/19/2022 16:23,,,,42,,,,,500,2.58,1331.28,,,,,,,,,,,,
29394,10.0252538v4,10,,2,1,,9/26/2022 6:01,,,,17,,,,,200,1.96,423.36,,,,,,,,,,,,
29395,10.0290257v3,10,,2,4,,9/17/2022 0:19,,,,8,,,,,90,2.58,278.64,,,,,,,,,,,,
29395,10.0290256v3,10,,2,4,,9/17/2022 0:19,,,,8,,,,,90,2.58,278.64,,,,,,,,,,,,
29396,10.02114310v1,10,,2,3,,9/19/2022 16:54,,,,13,,,,,150,2.41,404.88,,,,,,,,,,,,
29397,10.02114942v1,10,,2,1,,9/19/2022 16:32,,,,55,,,,,650,1.88,1263.36,,,,,,,,,,,,
29398,10.02112300v1,10,,2,3,,9/21/2022 20:28,,,,9,,,,,100,3.58,429.6,,,,,,,,,,,,
29398,10.02112305v1,10,,2,3,,9/21/2022 20:28,,,,9,,,,,100,3.58,429.6,,,,,,,,,,,,
29398,46.02112572v1,46,,113,3,,9/21/2022 20:28,,,,17,,,,,200,2.41,520.56,,,,,,,,,,,,
29399,10.02112463v1,10,,2,1,,9/19/2022 15:13,,,,5,,,,,60,2.56,184.32,,,,,,,,,,,,
29400,10.02114048v1,10,,2,3,,9/28/2022 14:49,,,,21,,,,,250,2.41,636.24,,,,,,,,,,,,
29401,10.02114039v2,10,,2,1,,9/23/2022 16:54,,,,10,,,,,120,2.23,294.36,,,,,,,,,,,,
29402,10.02112808v1,10,,2,3,,9/28/2022 19:42,,,,40,,,,,480,2.41,1185.72,,,,,,,,,,,,
29403,10.0238353v7,10,,2,1,,9/19/2022 19:40,,,,60,,,,,720,1.79,1310.28,,,,,,,,,,,,
29404,10.0221626v5,10,,2,1,,9/19/2022 17:29,,,,10,,,,,120,2.23,294.36,,,,,,,,,,,,
29405,10.0293515v2,10,,2,1,,9/22/2022 2:32,,,,38,,,,,450,1.96,917.28,,,,,,,,,,,,
29405,12.0293538v2,12,,4,1,,9/22/2022 2:32,,,,38,,,,,450,1.55,725.4,,,,,,,,,,,,
29406,10.02103064v1,10,,2,3,,9/19/2022 18:35,,,,10,,,,,120,2.58,340.56,,,,,,,,,,,,
29408,10.02114933v1,10,,2,1,,9/19/2022 18:08,,,,21,,,,,250,1.96,517.44,,,,,,,,,,,,
29409,44.02114424v1,44,,21,1,,9/19/2022 18:29,,,,12,,,,,144,1.96,305.76,,,,,,,,,,,,
29410,10.0242688v1,10,,2,4,,9/20/2022 22:59,,,,5,,,,,60,2.58,185.76,,,,,,,,,,,,
29411,10.02114582v1,10,,2,3,,9/19/2022 22:56,,,,21,,,,,250,2.41,636.24,,,,,,,,,,,,
29411,10.02114769v1,10,,2,3,,9/19/2022 22:56,,,,21,,,,,250,2.41,636.24,,,,,,,,,,,,
29412,10.02112811v4,10,,2,3,,9/29/2022 20:44,,,,40,,,,,480,2.41,1185.72,,,,,,,,,,,,
29414,10.02109504v11,10,,2,3,,9/19/2022 20:18,,,,6,,,,,64,3.66,307.44,,,,,,,,,,,,
29415,10.02112442v5,10,,2,4,,9/23/2022 18:30,,,,100,,,,,1200,1.91,2314.92,,,,,,,,,,,,
29416,10.02114257v2,10,,2,3,,9/19/2022 22:10,,,,5,,,,,60,3.66,263.52,,,,,,,,,,,,
29417,10.02104036v1,10,,2,3,,9/19/2022 20:36,,,,10,,,,,120,2.58,340.56,,,,,,,,,,,,
29418,10.02114543v1,10,,2,3,,9/19/2022 23:48,,,,10,,,,,120,2.58,340.56,,,,,,,,,,,,
29419,10.0248566v2,10,,2,3,,9/19/2022 20:44,,,,20,,,,,240,2.41,607.32,,,,,,,,,,,,
29420,55.02115115v1,55,,114,3,,9/19/2022 20:54,,,,10,,,,,120,2.66,351.12,,,,,,,,,,,,
29421,12.02112180v1,12,,4,3,,9/20/2022 22:05,,,,10,,,,,120,2.33,307.56,,,,,,,,,,,,
29421,10.02115282v1,10,,2,3,,9/20/2022 22:05,,,,10,,,,,120,2.58,340.56,,,,,,,,,,,,
29422,10.02109773v2,10,,2,3,,9/20/2022 14:20,,,,17,,,,,200,2.41,520.56,,,,,,,,,,,,
29423,10.02105221v2,10,,2,1,,9/19/2022 21:17,,,,5,,,,,60,2.56,184.32,,,,,,,,,,,,
29424,10.0269038v1,10,,2,3,,9/20/2022 22:22,,,,40,,,,,480,2.41,1185.72,,,,,,,,,,,,
29425,10.0284999v2,10,,2,3,,9/20/2022 22:04,,,,17,,,,,200,2.41,520.56,,,,,,,,,,,,
29425,10.0284998v2,10,,2,3,,9/20/2022 22:04,,,,17,,,,,200,2.41,520.56,,,,,,,,,,,,
29426,10.0298254v1,10,,2,1,,9/21/2022 16:20,,,,17,,,,,200,1.96,423.36,,,,,,,,,,,,
29427,10.02114326v1,10,,2,3,,9/19/2022 21:45,,,,6,,,,,65,3.66,307.44,,,,,,,,,,,,
29428,10.0273889v1,10,,2,3,,9/19/2022 22:39,,,,9,,,,,100,3.58,429.6,,,,,,,,,,,,
29429,10.02114586v1,10,,2,3,,9/19/2022 22:37,,,,5,,,,,60,3.66,263.52,,,,,,,,,,,,
29430,10.02109464v2,10,,2,3,,9/19/2022 22:12,,,,5,,,,,60,3.66,263.52,,,,,,,,,,,,
29430,10.02109464v3,10,,2,3,,9/19/2022 22:12,,,,5,,,,,60,3.66,263.52,,,,,,,,,,,,
29430,10.02109464v1,10,,2,3,,9/19/2022 22:12,,,,5,,,,,60,3.66,263.52,,,,,,,,,,,,
29430,10.02109462v3,10,,2,3,,9/19/2022 22:12,,,,5,,,,,60,3.66,263.52,,,,,,,,,,,,
29430,10.02109462v2,10,,2,3,,9/19/2022 22:12,,,,5,,,,,60,3.66,263.52,,,,,,,,,,,,
29430,10.02109462v1,10,,2,3,,9/19/2022 22:12,,,,5,,,,,60,3.66,263.52,,,,,,,,,,,,
29431,10.02111706v2,10,,2,3,,9/20/2022 4:36,,,,10,,,,,120,2.58,340.56,,,,,,,,,,,,
29432,10.02115286v3,10,,2,1,,9/20/2022 20:50,,,,21,,,,,250,1.96,517.44,,,,,,,,,,,,
29433,10.02115287v3,10,,2,3,,9/29/2022 15:15,,,,109,,,,,1300,1.91,2521.2,,,,,,,,,,,,
29434,10.02114934v1,10,,2,3,,9/19/2022 23:03,,,,17,,,,,200,2.41,520.56,,,,,,,,,,,,
29435,10.0266694v2,10,,2,3,,9/20/2022 15:19,,,,10,,,,,120,2.58,340.56,,,,,,,,,,,,
29436,10.02110903v1,10,,2,3,,9/20/2022 14:35,,,,10,,,,,120,2.58,340.56,,,,,,,,,,,,
29437,10.02113207v1,10,,2,1,,9/20/2022 16:56,,,,10,,,,,120,2.23,294.36,,,,,,,,,,,,
29438,17.02110244v2,17,,9,1,,9/20/2022 15:42,,,,34,,,,,400,1.96,823.2,,,,,,,,,,,,
29439,10.0228113v3,10,,2,4,,9/20/2022 15:19,,,,10,,,,,120,2.58,340.56,,,,,,,,,,,,
29441,10.0215094v3,10,,2,1,,9/20/2022 16:34,,,,10,,,,,120,2.23,294.36,,,,,,,,,,,,
29442,10.0294792v2,10,,2,1,,9/27/2022 16:46,,,,17,,,,,200,1.96,423.36,,,,,,,,,,,,
29443,10.02106733v2,10,,2,1,,9/20/2022 17:09,,,,17,,,,,200,1.96,423.36,,,,,,,,,,,,
29444,10.02107415v1,10,,2,3,,9/20/2022 23:14,,,,42,,,,,500,2.41,1243.56,,,,,,,,,,,,
29445,55.02115762v1,55,,114,1,,9/21/2022 21:57,,,,11,,,,,130,2.23,321.12,,,,,,,,,,,,
29445,10.0264895v7,10,,2,1,,9/21/2022 21:57,,,,9,,,,,105,2.56,307.2,,,,,,,,,,,,
29445,55.02115552v1,55,,114,1,,9/21/2022 21:57,,,,18,,,,,205,1.96,446.88,,,,,,,,,,,,
29445,10.0264894v2,10,,2,1,,9/21/2022 21:57,,,,5,,,,,60,2.56,184.32,,,,,,,,,,,,
29446,10.0256980v2,10,,2,4,,9/20/2022 22:18,,,,10,,,,,120,2.58,340.56,,,,,,,,,,,,
29447,10.02115250v2,10,,2,1,,9/20/2022 18:42,,,,5,,,,,60,2.56,184.32,,,,,,,,,,,,
29448,10.02114763v2,10,,2,1,,9/21/2022 19:54,,,,13,,,,,150,1.96,329.28,,,,,,,,,,,,
29449,10.02114481v1,10,,2,4,,9/22/2022 19:25,,,,6,,,,,62,2.58,216.72,,,,,,,,,,,,
29450,46.02114764v2,46,,113,1,,9/20/2022 19:36,,,,5,,,,,60,2.56,184.32,,,,,,,,,,,,
29451,10.0299993v1,10,,2,3,,9/20/2022 19:52,,,,5,,,,,60,3.66,263.52,,,,,,,,,,,,
29452,12.02113047v1,12,,4,1,,9/20/2022 21:57,,,,9,,,,,100,2.1,252,,,,,,,,,,,,
29453,10.02114817v1,10,,2,1,,9/20/2022 19:42,,,,5,,,,,60,2.56,184.32,,,,,,,,,,,,
29454,55.02114982v2,55,,114,3,,9/20/2022 13:16,,,,21,,,,,250,2.49,657.36,,,,,,,,,,,,
29454,55.02114982v3,55,,114,3,,9/20/2022 13:16,,,,21,,,,,250,2.49,657.36,,,,,,,,,,,,
29455,10.02114766v1,10,,2,1,,9/20/2022 20:25,,,,10,,,,,120,2.23,294.36,,,,,,,,,,,,
29456,10.02114525v5,10,,2,4,,9/20/2022 19:47,,,,7,,,,,82,2.58,247.68,,,,,,,,,,,,
29457,10.02107416v2,10,,2,3,,9/21/2022 14:31,,,,5,,,,,60,3.66,263.52,,,,,,,,,,,,
29458,10.0294713v1,10,,2,3,,9/20/2022 19:58,,,,20,,,,,240,2.41,607.32,,,,,,,,,,,,
29459,10.02114536v2,10,,2,1,,9/20/2022 21:36,,,,14,,,,,158,1.96,352.8,,,,,,,,,,,,
29460,10.02115257v1,10,,2,1,,9/20/2022 20:40,,,,7,,,,,80,2.56,245.76,,,,,,,,,,,,
29461,55.02115521v1,55,,114,3,,9/20/2022 22:04,,,,11,,,,,121,2.66,383.04,,,,,,,,,,,,
29462,10.0264894v2,10,,2,1,,9/20/2022 20:47,,,,5,,,,,60,2.56,184.32,,,,,,,,,,,,
29463,46.02114807v1,46,,113,3,,9/20/2022 21:31,,,,10,,,,,120,2.58,340.56,,,,,,,,,,,,
29464,10.02114962v4,10,,2,3,,9/20/2022 22:45,,,,10,,,,,120,2.58,340.56,,,,,,,,,,,,
29465,10.02115492v1,10,,2,4,,9/22/2022 13:30,,,,5,,,,,60,2.58,185.76,,,,,,,,,,,,
29466,46.02114707v2,46,,113,1,,9/21/2022 14:19,,,,21,,,,,250,1.96,517.44,,,,,,,,,,,,
29467,10.02114800v1,10,,2,1,,9/21/2022 15:10,,,,6,,,,,63,2.56,215.04,,,,,,,,,,,,
29468,55.02115157v1,55,,114,3,,9/21/2022 13:29,,,,10,,,,,120,2.66,351.12,,,,,,,,,,,,
29469,10.02111612v3,10,,2,1,,9/21/2022 20:14,,,,25,,,,,300,1.96,611.52,,,,,,,,,,,,
29470,10.029177v1,10,,2,3,,9/20/2022 22:49,,,,21,,,,,250,2.41,636.24,,,,,,,,,,,,
29471,10.03115518v1,10,,2,1,,9/20/2022 22:59,,,,17,,,,,200,1.96,423.36,,,,,,,,,,,,
29472,10.02115274v1,10,,2,1,,9/20/2022 23:13,,,,8,,,,,85,2.56,276.48,,,,,,,,,,,,
29473,10.0279637v1,10,,2,3,,9/20/2022 23:55,,,,10,,,,,120,2.58,340.56,,,,,,,,,,,,
29473,10.0279638v1,10,,2,3,,9/20/2022 23:55,,,,10,,,,,120,2.58,340.56,,,,,,,,,,,,
29474,10.02114084v4,10,,2,3,,9/21/2022 2:47,,,,10,,,,,120,2.58,340.56,,,,,,,,,,,,
29475,44.02114550v1,44,,21,3,,9/24/2022 16:44,,,,5,,,,,60,3.74,269.28,,,,,,,,,,,,
29476,55.02114573v2,55,,114,3,,9/21/2022 15:53,,,,10,,,,,120,2.66,351.12,,,,,,,,,,,,
29479,10.0259463v1,10,,2,3,,9/21/2022 15:03,,,,10,,,,,120,2.58,340.56,,,,,,,,,,,,
29480,10.0237248v1,10,,2,1,,9/21/2022 15:45,,,,17,,,,,200,1.96,423.36,,,,,,,,,,,,
29481,10.02112442v5,10,,2,1,,9/21/2022 18:07,,,,13,,,,,150,1.96,329.28,,,,,,,,,,,,
29483,12.0278138v1,12,,4,3,,9/22/2022 20:49,,,,59,,,,,700,1.91,1375.2,,,,,,,,,,,,
29484,10.0243578v1,10,,2,1,,9/22/2022 20:56,,,,17,,,,,200,1.96,423.36,,,,,,,,,,,,
29485,10.02115292v1,10,,2,1,,9/21/2022 18:38,,,,12,,,,,142,1.96,305.76,,,,,,,,,,,,
29486,9102109614v1,910,650,25,5,44858,9/21/2022 22:27,Distributor,existingbusiness,10265967985,55,0.76,90,600.72,584,,,,,,,,,,,,,,,
29487,10.0259884v2,10,,2,1,,9/21/2022 19:16,,,,5,,,,,60,2.56,184.32,,,,,,,,,,,,
29490,10.0225638v2,10,,2,3,,9/21/2022 18:51,,,,30,,,,,360,2.41,896.52,,,,,,,,,,,,
29491,10.02114985v1,10,,2,3,,9/21/2022 19:25,,,,5,,,,,60,3.66,263.52,,,,,,,,,,,,
29492,10.02114079v1,10,,2,4,,9/22/2022 14:03,,,,10,,,,,120,2.58,340.56,,,,,,,,,,,,
29492,10.02114468v2,10,,2,4,,9/22/2022 14:03,,,,10,,,,,120,2.58,340.56,,,,,,,,,,,,
29493,10.02114965v2,10,,2,3,,9/21/2022 20:43,,,,5,,,,,60,3.66,263.52,,,,,,,,,,,,
29494,10.02115592v1,10,,2,1,,9/21/2022 20:38,,,,30,,,,,350,1.96,729.12,,,,,,,,,,,,
29495,10.02110785v2,10,,2,3,,9/22/2022 15:34,,,,10,,,,,120,2.58,340.56,,,,,,,,,,,,
29496,10.0289360v1,10,,2,3,,9/22/2022 21:12,,,,84,,,,,1000,1.91,1948.2,,,,,,,,,,,,
29497,10.02108011v2,10,,2,4,,9/21/2022 20:30,,,,42,,,,,500,2.41,1243.56,,,,,,,,,,,,
29498,10.02112485v2,10,,2,3,,9/30/2022 17:40,,,,5,,,,,60,3.66,263.52,,,,,,,,,,,,
29498,10.02112483v2,10,,2,3,,9/30/2022 17:40,,,,5,,,,,60,3.66,263.52,,,,,,,,,,,,
29499,10.02113505v1,10,,2,3,,9/21/2022 22:33,,,,17,,,,,200,2.41,520.56,,,,,,,,,,,,
29500,10.0240182v1,10,,2,3,,9/21/2022 22:43,,,,17,,,,,200,2.41,520.56,,,,,,,,,,,,
29500,10.0219051v1,10,,2,3,,9/21/2022 22:43,,,,13,,,,,150,2.41,404.88,,,,,,,,,,,,
29501,10.02115497v1,10,,2,3,,9/22/2022 20:07,,,,21,,,,,250,2.41,636.24,,,,,,,,,,,,
29502,55.02115784v1,55,,114,3,,9/22/2022 1:22,,,,5,,,,,60,3.74,269.28,,,,,,,,,,,,
29502,55.02115782v1,55,,114,3,,9/22/2022 1:22,,,,5,,,,,60,3.74,269.28,,,,,,,,,,,,
29503,10.02113594v7,10,,2,1,,9/22/2022 0:08,,,,10,,,,,120,2.23,294.36,,,,,,,,,,,,
29504,,70,,,1,44837,9/21/2022 22:51,,,,,,,,,,1.96,,28360,165,11520,26577,118,9680,180,95336,9/21/2022 22:47,10/3/2022,14,352.8
29505,55.02115773v2,55,,114,1,,9/26/2022 18:41,,,,5,,,,,60,2.56,184.32,,,,,,,,,,,,
29506,10.0237989v1,10,,2,1,,9/22/2022 13:12,,,,30,,,,,360,1.96,729.12,,,,,,,,,,,,
29507,10.0294977v1,10,,2,1,,9/22/2022 14:42,,,,9,,,,,100,2.56,307.2,,,,,,,,,,,,
29508,17.02115515v2,17,,9,4,,9/22/2022 15:38,,,,5,,,,,60,2.58,185.76,,,,,,,,,,,,
29509,10.0218490v1,10,,2,4,,9/22/2022 15:50,,,,59,,,,,700,2.16,1555.2,,,,,,,,,,,,
29511,10.02115639v1,10,,2,3,,9/23/2022 13:02,,,,25,,,,,300,2.41,751.92,,,,,,,,,,,,
29513,10.02114996v1,10,,2,1,,9/22/2022 17:25,,,,26,,,,,310,1.96,635.04,,,,,,,,,,,,
29514,10.02114399v3,10,,2,3,,9/23/2022 22:55,,,,50,,,,,600,2.16,1321.92,,,,,,,,,,,,
29515,10.0210376v1,10,,2,1,,9/28/2022 15:09,,,,5,,,,,60,2.56,184.32,,,,,,,,,,,,
29516,10.0290971v1,10,,2,3,,9/22/2022 17:11,,,,10,,,,,120,2.58,340.56,,,,,,,,,,,,
29519,10.02115380v1,10,,2,4,,9/22/2022 18:27,,,,20,,,,,240,2.41,607.32,,,,,,,,,,,,
29520,10.024451v2,10,,2,1,,9/22/2022 18:32,,,,9,,,,,100,2.56,307.2,,,,,,,,,,,,
29521,12.02112586v1,12,,4,3,,9/23/2022 20:12,,,,60,,,,,720,1.66,1215.12,,,,,,,,,,,,
29522,10.0284527v1,10,,2,3,,9/22/2022 20:05,,,,5,,,,,60,3.66,263.52,,,,,,,,,,,,
29523,10.02115929v1,10,,2,3,,9/22/2022 19:31,,,,5,,,,,60,3.66,263.52,,,,,,,,,,,,
29523,10.02115910v1,10,,2,3,,9/22/2022 19:31,,,,5,,,,,60,3.66,263.52,,,,,,,,,,,,
29523,10.02115909v1,10,,2,3,,9/22/2022 19:31,,,,5,,,,,60,3.66,263.52,,,,,,,,,,,,
29524,10.02115645v1,10,,2,3,,9/22/2022 20:44,,,,5,,,,,60,3.66,263.52,,,,,,,,,,,,
29525,10.02114857v1,10,,2,4,,9/27/2022 20:25,,,,5,,,,,60,2.58,185.76,,,,,,,,,,,,
29526,10.02115525v1,10,,2,3,,9/22/2022 19:50,,,,5,,,,,60,3.66,263.52,,,,,,,,,,,,
29527,17.0247394v1,17,,9,3,,9/23/2022 14:54,,,,13,,,,,150,2.41,404.88,,,,,,,,,,,,
29528,10.02113006v1,10,,2,3,,9/22/2022 20:49,,,,17,,,,,200,2.41,520.56,,,,,,,,,,,,
29529,55.02101367v2,55,,2,3,,9/22/2022 20:28,,,,17,,,,,203,2.49,537.84,,,,,,,,,,,,
29530,10.02111950v3,10,,2,4,,9/23/2022 16:29,,,,5,,,,,60,2.58,185.76,,,,,,,,,,,,
29530,10.02111956v1,10,,2,4,,9/23/2022 16:29,,,,5,,,,,60,2.58,185.76,,,,,,,,,,,,
29530,10.02111955v1,10,,2,4,,9/23/2022 16:29,,,,5,,,,,60,2.58,185.76,,,,,,,,,,,,
29531,10.0274520v2,10,,2,1,,9/23/2022 15:09,,,,5,,,,,60,2.56,184.32,,,,,,,,,,,,
29532,10.0263320v1,10,,2,3,,9/26/2022 22:48,,,,60,,,,,720,1.91,1398.12,,,,,,,,,,,,
29533,10.0235126v1,10,,2,3,,10/6/2022 16:57,,,,10,,,,,120,2.58,340.56,,,,,,,,,,,,
29534,10.02114507v1,10,,2,4,,9/23/2022 20:26,,,,200,,,,,2400,1.62,3907.44,,,,,,,,,,,,
29535,10.02114044v2,10,,2,3,,9/22/2022 22:49,,,,5,,,,,60,3.66,263.52,,,,,,,,,,,,
29536,17.0281025v2,17,,9,1,,9/22/2022 21:18,,,,10,,,,,120,2.23,294.36,,,,,,,,,,,,
29536,10.0280995v1,10,,2,1,,9/22/2022 21:18,,,,10,,,,,120,2.23,294.36,,,,,,,,,,,,
29537,10.0247327v1,10,,2,3,,9/27/2022 22:10,,,,10,,,,,120,2.58,340.56,,,,,,,,,,,,
29538,55.02113543v1,55,,114,1,,9/27/2022 17:06,,,,330,,,,,3950,1.6,6355.2,,,,,,,,,,,,
29539,10.0254938v1,10,,2,3,,9/22/2022 21:50,,,,10,,,,,120,2.58,340.56,,,,,,,,,,,,
29542,55.02112511v1,55,,114,4,,9/23/2022 13:03,,,,18,,,,,210,2.58,588.24,,,,,,,,,,,,
29543,10.02115976v1,10,,2,4,,9/23/2022 14:20,,,,5,,,,,60,2.58,185.76,,,,,,,,,,,,
29543,10.02115976v2,10,,2,4,,9/23/2022 14:20,,,,5,,,,,60,2.58,185.76,,,,,,,,,,,,
29544,10.02102152v1,10,,2,4,,9/23/2022 13:07,,,,21,,,,,250,2.41,636.24,,,,,,,,,,,,
29545,12.02114981v5,12,,4,3,,9/23/2022 21:35,,,,21,,,,,250,2.16,570.24,,,,,,,,,,,,
29546,10.02114835v1,10,,2,1,,9/23/2022 20:23,,,,5,,,,,60,2.56,184.32,,,,,,,,,,,,
29547,10.02116143v1,10,,2,1,,9/26/2022 20:58,,,,5,,,,,60,2.56,184.32,,,,,,,,,,,,
29548,10.0233247v1,10,,2,1,,9/26/2022 15:00,,,,67,,,,,800,1.79,1460.64,,,,,,,,,,,,
29549,10.02115893v2,10,,2,4,,9/23/2022 19:03,,,,6,,,,,70,2.58,216.72,,,,,,,,,,,,
29550,10.02113774v1,10,,2,1,,9/23/2022 18:31,,,,31,,,,,362,1.96,752.64,,,,,,,,,,,,
29551,10.02115575v1,10,,2,3,,9/27/2022 15:05,,,,25,,,,,300,2.41,751.92,,,,,,,,,,,,
29552,10.02115430v1,10,,2,4,,9/23/2022 22:51,,,,9,,,,,100,2.58,309.6,,,,,,,,,,,,
29553,10.02114507v1,10,,2,3,,9/23/2022 16:01,,,,17,,,,,200,2.41,520.56,,,,,,,,,,,,
29554,10.0297352v4,10,,2,4,,9/23/2022 16:50,,,,10,,,,,120,2.58,340.56,,,,,,,,,,,,
29555,10.02109211v2,10,,2,3,,9/26/2022 17:47,,,,55,,,,,650,2.16,1451.52,,,,,,,,,,,,
29555,10.02109976v1,10,,2,3,,9/26/2022 17:47,,,,9,,,,,100,3.58,429.6,,,,,,,,,,,,
29555,10.02109975v1,10,,2,3,,9/26/2022 17:47,,,,55,,,,,650,2.16,1451.52,,,,,,,,,,,,
29557,10.0268960v1,10,,2,1,,9/27/2022 18:23,,,,13,,,,,150,1.96,329.28,,,,,,,,,,,,
29558,12.02115680v1,12,,4,1,,9/23/2022 20:35,,,,20,,,,,240,1.55,390.6,,,,,,,,,,,,
29558,10.02114412v3,10,,2,1,,9/23/2022 20:35,,,,35,,,,,410,1.96,846.72,,,,,,,,,,,,
29560,10.02115477v1,10,,2,3,,9/23/2022 19:38,,,,10,,,,,120,2.58,340.56,,,,,,,,,,,,
29560,10.02115095v1,10,,2,3,,9/23/2022 19:38,,,,10,,,,,120,2.58,340.56,,,,,,,,,,,,
29560,10.02115351v1,10,,2,3,,9/23/2022 19:38,,,,10,,,,,120,2.58,340.56,,,,,,,,,,,,
29560,10.02115097v1,10,,2,3,,9/23/2022 19:38,,,,5,,,,,60,3.66,263.52,,,,,,,,,,,,
29561,10.0221666v8,10,,2,1,,9/23/2022 17:45,,,,5,,,,,60,2.56,184.32,,,,,,,,,,,,
29561,10.02115368v4,10,,2,1,,9/23/2022 17:45,,,,5,,,,,60,2.56,184.32,,,,,,,,,,,,
29561,10.02116162v1,10,,2,1,,9/23/2022 17:45,,,,5,,,,,60,2.56,184.32,,,,,,,,,,,,
29562,10.02114438v2,10,,2,1,,9/23/2022 17:53,,,,25,,,,,300,1.96,611.52,,,,,,,,,,,,
29563,10.02115579v4,10,,2,1,,9/23/2022 20:22,,,,5,,,,,60,2.56,184.32,,,,,,,,,,,,
29564,10.02114610v3,10,,2,1,,9/23/2022 22:35,,,,30,,,,,360,1.96,729.12,,,,,,,,,,,,
29565,10.0235962v2,10,,2,4,,9/24/2022 0:39,,,,5,,,,,60,2.58,185.76,,,,,,,,,,,,
29567,10.02114703v1,10,,2,3,,9/23/2022 19:02,,,,5,,,,,60,3.66,263.52,,,,,,,,,,,,
29568,55.02107584v1,55,,114,3,,9/23/2022 19:19,,,,42,,,,,500,2.49,1284.84,,,,,,,,,,,,
29569,10.0244295v2,10,,2,3,,9/25/2022 23:50,,,,42,,,,,500,2.41,1243.56,,,,,,,,,,,,
29570,10.0218490v1,10,,2,1,,9/26/2022 6:02,,,,17,,,,,200,1.96,423.36,,,,,,,,,,,,
29571,10.02113810v3,10,,2,1,,9/23/2022 19:18,,,,11,,,,,130,2.23,321.12,,,,,,,,,,,,
29572,10.02114025v3,10,,2,1,,9/26/2022 15:35,,,,10,,,,,120,2.23,294.36,,,,,,,,,,,,
29572,10.03115865v1,10,,2,1,,9/26/2022 15:35,,,,30,,,,,360,1.96,729.12,,,,,,,,,,,,
29573,10.02113445v1,10,,2,1,,9/23/2022 20:20,,,,30,,,,,360,1.96,729.12,,,,,,,,,,,,
29573,10.02113442v1,10,,2,1,,9/23/2022 20:20,,,,30,,,,,360,1.96,729.12,,,,,,,,,,,,
29574,55.02112898v1,55,,114,1,,9/23/2022 21:49,,,,13,,,,,149,1.96,329.28,,,,,,,,,,,,
29574,55.02112900v1,55,,114,1,,9/23/2022 21:49,,,,13,,,,,149,1.96,329.28,,,,,,,,,,,,
29575,12.02113047v1,12,,4,1,,9/26/2022 19:53,,,,5,,,,,60,2.1,151.2,,,,,,,,,,,,
29575,10.02113542v1,10,,2,1,,9/26/2022 19:53,,,,5,,,,,60,2.56,184.32,,,,,,,,,,,,
29576,11.02116041v1,11,,3,1,,9/23/2022 20:48,,,,7,,,,,80,3.33,319.68,,,,,,,,,,,,
29577,55.02116046v1,55,,114,3,,9/26/2022 20:24,,,,9,,,,,100,3.66,439.2,,,,,,,,,,,,
29578,10.02104937v1,10,,2,1,,9/23/2022 21:22,,,,40,,,,,480,1.96,964.32,,,,,,,,,,,,
29579,46.02106797v2,46,,113,1,,9/26/2022 13:00,,,,10,,,,,120,2.23,294.36,,,,,,,,,,,,
29580,10.02115266v2,10,,2,3,,9/26/2022 18:04,,,,38,,,,,450,2.41,1127.88,,,,,,,,,,,,
29581,10.02114575v1,10,,2,3,,9/23/2022 22:33,,,,5,,,,,60,3.66,263.52,,,,,,,,,,,,
29582,10.0235867v1,10,,2,4,,9/26/2022 18:07,,,,10,,,,,120,2.58,340.56,,,,,,,,,,,,
29583,55.02110255v1,55,,114,3,,9/26/2022 17:57,,,,7,,,,,75,3.74,359.04,,,,,,,,,,,,
29584,55.0296807v3,55,,114,3,,9/23/2022 23:14,,,,10,,,,,120,2.66,351.12,,,,,,,,,,,,
29585,10.02116134v1,10,,2,4,,9/26/2022 21:23,,,,84,,,,,1000,1.91,1948.2,,,,,,,,,,,,
29586,10.02105496v1,10,,2,1,,9/24/2022 0:03,,,,21,,,,,250,1.96,517.44,,,,,,,,,,,,
29587,10.0250026v6,10,,2,1,,9/23/2022 23:59,,,,30,,,,,360,1.96,729.12,,,,,,,,,,,,
29588,10.02114709v5,10,,2,3,,9/26/2022 17:11,,,,21,,,,,241,2.41,636.24,,,,,,,,,,,,
29588,10.02114709v4,10,,2,3,,9/26/2022 17:11,,,,21,,,,,241,2.41,636.24,,,,,,,,,,,,
29589,10.02115822v1,10,,2,3,,9/26/2022 23:25,,,,42,,,,,500,2.41,1243.56,,,,,,,,,,,,
29590,10.02115977v3,10,,2,1,,9/26/2022 14:28,,,,23,,,,,275,1.96,564.48,,,,,,,,,,,,
29591,10.02114989v1,10,,2,3,,9/26/2022 0:15,,,,10,,,,,120,2.58,340.56,,,,,,,,,,,,
29592,10.02116145v3,10,,2,1,,9/26/2022 1:22,,,,21,,,,,250,1.96,517.44,,,,,,,,,,,,
29593,10.02116119v1,10,,2,3,,9/26/2022 14:01,,,,5,,,,,60,3.66,263.52,,,,,,,,,,,,
29594,10.0243834v1,10,,2,3,,9/26/2022 14:51,,,,5,,,,,60,3.66,263.52,,,,,,,,,,,,
29595,55.02116067v1,55,,114,3,,9/28/2022 15:52,,,,13,,,,,150,2.49,418.32,,,,,,,,,,,,
29595,55.02116063v2,55,,114,3,,9/28/2022 15:52,,,,13,,,,,150,2.49,418.32,,,,,,,,,,,,
29596,10.02115406v1,10,,2,1,,10/4/2022 19:47,,,,5,,,,,60,2.56,184.32,,,,,,,,,,,,
29596,10.02115405v1,10,,2,1,,10/4/2022 19:47,,,,5,,,,,60,2.56,184.32,,,,,,,,,,,,
29598,10.02113343v4,10,,2,3,,9/26/2022 18:02,,,,10,,,,,120,2.58,340.56,,,,,,,,,,,,
29599,10.02107672v1,10,,2,1,,9/26/2022 16:16,,,,100,,,,,1200,1.71,2072.52,,,,,,,,,,,,
29600,,70,,,1,44845,9/26/2022 17:21,,,,,,,,,,2.23,,28353,120,11651,26942,118,9799,132,94525,9/26/2022 16:54,10/11/2022,10,294.36
29600,,70,,,1,44845,9/26/2022 17:21,,,,,,,,,,2.23,,28312,120,11651,26943,118,9799,132,94525,9/26/2022 16:54,10/11/2022,10,294.36
29602,10.02116172v1,10,,2,3,,9/26/2022 17:19,,,,21,,,,,250,2.41,636.24,,,,,,,,,,,,
29603,10.02114317v2,10,,2,3,,9/26/2022 20:31,,,,13,,,,,150,2.41,404.88,,,,,,,,,,,,
29604,55.02113474v2,55,,114,3,,9/26/2022 17:46,,,,9,,,,,100,3.66,439.2,,,,,,,,,,,,
29605,55.02114116v2,55,,114,3,,9/27/2022 15:41,,,,17,,,,,200,2.49,537.84,,,,,,,,,,,,
29606,10.02116171v1,10,,2,3,,9/26/2022 17:52,,,,10,,,,,120,2.58,340.56,,,,,,,,,,,,
29607,10.02113283v3,10,,2,1,,9/27/2022 16:27,,,,5,,,,,60,2.56,184.32,,,,,,,,,,,,
29607,10.02113286v2,10,,2,1,,9/27/2022 16:27,,,,5,,,,,60,2.56,184.32,,,,,,,,,,,,
29608,13.05114569v1,13,,5,3,,10/4/2022 21:12,,,,20,,,,,240,1.45,365.4,,,,,,,,,,,,
29608,10.02114581v2,10,,2,3,,10/4/2022 21:12,,,,30,,,,,360,2.41,896.52,,,,,,,,,,,,
29608,10.02114556v1,10,,2,3,,10/4/2022 21:12,,,,30,,,,,360,2.41,896.52,,,,,,,,,,,,
29608,10.02114554v2,10,,2,3,,10/4/2022 21:12,,,,30,,,,,360,2.41,896.52,,,,,,,,,,,,
29609,55.02109403v1,55,,114,3,,9/27/2022 14:55,,,,45,,,,,535,2.49,1374.48,,,,,,,,,,,,
29610,55.02103312v1,55,,114,1,,9/26/2022 23:01,,,,5,,,,,60,2.56,184.32,,,,,,,,,,,,
29611,10.02111703v1,10,,2,1,,9/27/2022 15:01,,,,5,,,,,60,2.56,184.32,,,,,,,,,,,,
29612,10.02115049v1,10,,2,3,,9/26/2022 19:49,,,,13,,,,,150,2.41,404.88,,,,,,,,,,,,
29613,10.02112846v4,10,,2,1,,9/26/2022 22:03,,,,5,,,,,60,2.56,184.32,,,,,,,,,,,,
29614,920232657v3,920,500,26,5,44862,9/26/2022 22:04,Distributor,existingbusiness,10317727340,42,1.04,90,626.64,610,,,,,,,,,,,,,,,
29615,10.03113334v1,10,,2,1,,9/26/2022 20:48,,,,5,,,,,60,2.56,184.32,,,,,,,,,,,,
29616,10.0215899v8,10,,2,3,,11/4/2022 16:46,,,,60,,,,,720,1.91,1398.12,,,,,,,,,,,,
29617,10.02113383v1,10,,2,4,,9/26/2022 22:55,,,,71,,,,,850,1.91,1650.24,,,,,,,,,,,,
29618,10.02116270v1,10,,2,3,,9/26/2022 22:01,,,,10,,,,,120,2.58,340.56,,,,,,,,,,,,
29619,10.02115486v1,10,,2,3,,9/29/2022 0:18,,,,17,,,,,200,2.41,520.56,,,,,,,,,,,,
29619,10.02115489v1,10,,2,3,,9/29/2022 0:18,,,,17,,,,,200,2.41,520.56,,,,,,,,,,,,
29620,10.02115605v2,10,,2,1,,9/26/2022 23:43,,,,6,,,,,70,2.56,215.04,,,,,,,,,,,,
29621,10.0279952v1,10,,2,4,,9/27/2022 13:46,,,,17,,,,,200,2.41,520.56,,,,,,,,,,,,
29622,10.02109975v1,10,,2,3,,11/15/2022 19:39,,,,21,,,,,250,2.41,636.24,,,,,,,,,,,,
29622,10.02109211v2,10,,2,3,,11/15/2022 19:39,,,,21,,,,,250,2.41,636.24,,,,,,,,,,,,
29622,10.02109976v1,10,,2,3,,11/15/2022 19:39,,,,9,,,,,100,3.58,429.6,,,,,,,,,,,,
29623,10.02105436v1,10,,2,4,,10/4/2022 18:36,,,,20,,,,,240,2.41,607.32,,,,,,,,,,,,
29623,10.0229969v1,10,,2,4,,10/4/2022 18:36,,,,20,,,,,240,2.41,607.32,,,,,,,,,,,,
29623,10.02105425v1,10,,2,4,,10/4/2022 18:36,,,,20,,,,,240,2.41,607.32,,,,,,,,,,,,
29623,10.0272063v1,10,,2,4,,10/4/2022 18:36,,,,20,,,,,240,2.41,607.32,,,,,,,,,,,,
29624,10.02105265v1,10,,2,4,,9/27/2022 14:28,,,,5,,,,,60,2.58,185.76,,,,,,,,,,,,
29625,10.02115973v1,10,,2,3,,9/26/2022 23:55,,,,59,,,,,700,2.16,1555.2,,,,,,,,,,,,
29626,10.0224678v1,10,,2,1,,9/28/2022 21:22,,,,25,,,,,300,1.96,611.52,,,,,,,,,,,,
29627,10.02102426v1,10,,2,3,,9/26/2022 23:09,,,,13,,,,,150,2.41,404.88,,,,,,,,,,,,
29628,55.02116429v1,55,,114,3,,9/27/2022 18:17,,,,17,,,,,204,2.49,537.84,,,,,,,,,,,,
29630,10.02115623v2,10,,2,3,,9/27/2022 16:08,,,,34,,,,,400,2.41,1012.2,,,,,,,,,,,,
29631,10.02112560v1,10,,2,3,,9/27/2022 13:22,,,,22,,,,,260,2.41,665.16,,,,,,,,,,,,
29632,55.02113718v3,55,,114,3,,9/27/2022 16:58,,,,5,,,,,60,3.74,269.28,,,,,,,,,,,,
29633,10.0259142v2,10,,2,3,,9/27/2022 15:09,,,,17,,,,,200,2.41,520.56,,,,,,,,,,,,
29634,10.02113019v1,10,,2,1,,10/5/2022 21:05,,,,21,,,,,250,1.96,517.44,,,,,,,,,,,,
29635,10.02115349v1,10,,2,3,,9/27/2022 17:07,,,,280,,,,,3350,1.62,5462.64,,,,,,,,,,,,
29637,10.02114304v1,10,,2,1,,9/27/2022 16:31,,,,17,,,,,200,1.96,423.36,,,,,,,,,,,,
29638,10.02115036v1,10,,2,3,,9/27/2022 21:34,,,,10,,,,,120,2.58,340.56,,,,,,,,,,,,
29639,10.02110991v3,10,,2,3,,9/27/2022 17:04,,,,25,,,,,300,2.41,751.92,,,,,,,,,,,,
29639,10.0236092v3,10,,2,3,,9/27/2022 17:04,,,,25,,,,,300,2.41,751.92,,,,,,,,,,,,
29640,10.02116286v1,10,,2,3,,9/27/2022 18:55,,,,10,,,,,120,2.58,340.56,,,,,,,,,,,,
29641,10.02116364v2,10,,2,4,,9/27/2022 21:29,,,,30,,,,,360,2.41,896.52,,,,,,,,,,,,
29642,10.02111762v1,10,,2,1,,9/27/2022 18:45,,,,9,,,,,100,2.56,307.2,,,,,,,,,,,,
29642,10.04109113v1,10,,2,1,,9/27/2022 18:45,,,,9,,,,,100,2.56,307.2,,,,,,,,,,,,
29643,17.02116128v5,17,,9,3,,9/29/2022 17:11,,,,13,,,,,151,2.41,404.88,,,,,,,,,,,,
29644,,70,,,1,44847,9/27/2022 18:57,,,,,,,,,,1.96,,28160,360,11706,26954,118,9848,372,95795,9/27/2022 18:53,10/13/2022,30,729.12
29645,10.0291036v4,10,,2,3,,9/27/2022 21:08,,,,5,,,,,60,3.66,263.52,,,,,,,,,,,,
29646,10.0236023v1,10,,2,3,,9/27/2022 19:35,,,,10,,,,,120,2.58,340.56,,,,,,,,,,,,
29647,10.02116464v1,10,,2,1,,9/27/2022 20:10,,,,25,,,,,300,1.96,611.52,,,,,,,,,,,,
29648,55.02104777v1,55,,114,3,,9/27/2022 19:41,,,,7,,,,,80,3.74,359.04,,,,,,,,,,,,
29649,55.0238188v13,55,,114,3,,9/27/2022 20:07,,,,5,,,,,60,3.74,269.28,,,,,,,,,,,,
29650,10.02116341v2,10,,2,4,,9/27/2022 20:27,,,,84,,,,,1000,1.91,1948.2,,,,,,,,,,,,
29651,17.02108516v2,17,,9,1,,9/27/2022 20:41,,,,125,,,,,1500,1.71,2585.52,,,,,,,,,,,,
29652,10.0292256v1,10,,2,3,,9/28/2022 14:35,,,,25,,,,,300,2.41,751.92,,,,,,,,,,,,
29653,10.02109998v1,10,,2,4,,9/28/2022 17:34,,,,25,,,,,300,2.41,751.92,,,,,,,,,,,,
29654,10.0293506v1,10,,2,1,,9/28/2022 13:12,,,,17,,,,,200,1.96,423.36,,,,,,,,,,,,
29655,10.02115466v1,10,,2,3,,9/27/2022 22:21,,,,10,,,,,120,2.58,340.56,,,,,,,,,,,,
29656,55.02116335v2,55,,114,4,,9/29/2022 23:19,,,,5,,,,,60,2.75,198,,,,,,,,,,,,
29656,55.02116342v2,55,,114,4,,9/29/2022 23:19,,,,5,,,,,60,2.75,198,,,,,,,,,,,,
29656,55.02116331v2,55,,114,4,,9/29/2022 23:19,,,,5,,,,,60,2.75,198,,,,,,,,,,,,
29656,55.02116533v1,55,,114,4,,9/29/2022 23:19,,,,5,,,,,60,2.75,198,,,,,,,,,,,,
29657,10.02117092v1,10,,2,4,,9/29/2022 16:51,,,,5,,,,,60,2.58,185.76,,,,,,,,,,,,
29657,10.02117081v1,10,,2,4,,9/29/2022 16:51,,,,5,,,,,60,2.58,185.76,,,,,,,,,,,,
29658,10.0257187v2,10,,2,1,,9/27/2022 22:55,,,,21,,,,,250,1.96,517.44,,,,,,,,,,,,
29659,10.02112164v1,10,,2,3,,9/28/2022 15:02,,,,5,,,,,60,3.66,263.52,,,,,,,,,,,,
29660,10.02116607v1,10,,2,4,,9/28/2022 18:12,,,,17,,,,,200,2.41,520.56,,,,,,,,,,,,
29661,10.02116526v1,10,,2,3,,9/30/2022 12:59,,,,21,,,,,250,2.41,636.24,,,,,,,,,,,,
29662,10.03112063v1,10,,2,3,,9/28/2022 13:58,,,,9,,,,,100,3.58,429.6,,,,,,,,,,,,
29663,10.02116483v1,10,,2,1,,10/3/2022 14:41,,,,5,,,,,60,2.56,184.32,,,,,,,,,,,,
29664,10.02115259v2,10,,2,3,,9/28/2022 17:16,,,,10,,,,,120,2.58,340.56,,,,,,,,,,,,
29664,10.02114016v4,10,,2,3,,9/28/2022 17:16,,,,10,,,,,120,2.58,340.56,,,,,,,,,,,,
29665,12.02113050v1,12,,4,4,,9/28/2022 20:40,,,,5,,,,,60,2.83,203.76,,,,,,,,,,,,
29666,55.02116247v1,55,,114,3,,9/28/2022 18:49,,,,11,,,,,125,2.66,383.04,,,,,,,,,,,,
29668,10.02116506v1,10,,2,4,,9/28/2022 14:19,,,,15,,,,,180,2.41,462.72,,,,,,,,,,,,
29668,10.02116507v1,10,,2,4,,9/28/2022 14:19,,,,15,,,,,180,2.41,462.72,,,,,,,,,,,,
29669,10.02115583v2,10,,2,3,,9/28/2022 8:59,,,,17,,,,,200,2.41,520.56,,,,,,,,,,,,
29671,17.02115631v4,17,,9,3,,9/28/2022 14:58,,,,12,,,,,140,2.41,375.96,,,,,,,,,,,,
29672,15.02116144v1,15,,7,3,,9/28/2022 16:01,,,,10,,,,,120,3.7,488.4,,,,,,,,,,,,
29673,55.02115958v1,55,,114,3,,10/3/2022 23:28,,,,5,,,,,60,3.74,269.28,,,,,,,,,,,,
29674,10.02113871v2,10,,2,3,,9/29/2022 15:13,,,,10,,,,,120,2.58,340.56,,,,,,,,,,,,
29675,10.02114320v1,10,,2,3,,9/28/2022 16:36,,,,10,,,,,120,2.58,340.56,,,,,,,,,,,,
29677,10.02113557v2,10,,2,4,,9/28/2022 15:36,,,,17,,,,,202,2.41,520.56,,,,,,,,,,,,
29678,10.02115472v2,10,,2,4,,9/28/2022 20:53,,,,20,,,,,240,2.41,607.32,,,,,,,,,,,,
29679,10.03116690v1,10,,2,4,,9/28/2022 17:19,,,,13,,,,,150,2.41,404.88,,,,,,,,,,,,
29679,10.03116691v1,10,,2,4,,9/28/2022 17:19,,,,13,,,,,150,2.41,404.88,,,,,,,,,,,,
29681,10.02114477v2,10,,2,4,,9/28/2022 17:05,,,,9,,,,,105,2.58,309.6,,,,,,,,,,,,
29682,12.02116356v2,12,,4,1,,9/28/2022 19:27,,,,84,,,,,1000,1.38,1407.6,,,,,,,,,,,,
29682,10.02116355v2,10,,2,1,,9/28/2022 19:27,,,,917,,,,,11000,1.52,16744.32,,,,,,,,,,,,
29684,10.02116765v1,10,,2,3,,9/28/2022 18:20,,,,10,,,,,120,2.58,340.56,,,,,,,,,,,,
29684,10.01116764v1,10,,2,3,,9/28/2022 18:20,,,,20,,,,,240,2.41,607.32,,,,,,,,,,,,
29684,10.04114156v1,10,,2,3,,9/28/2022 18:20,,,,20,,,,,240,2.41,607.32,,,,,,,,,,,,
29685,10.02116790v1,10,,2,4,,9/28/2022 18:09,,,,5,,,,,60,2.58,185.76,,,,,,,,,,,,
29686,10.0289721v1,10,,2,3,,9/28/2022 18:58,,,,5,,,,,60,3.66,263.52,,,,,,,,,,,,
29686,10.0289718v1,10,,2,3,,9/28/2022 18:58,,,,5,,,,,60,3.66,263.52,,,,,,,,,,,,
29686,10.0289726v1,10,,2,3,,9/28/2022 18:58,,,,21,,,,,250,2.41,636.24,,,,,,,,,,,,
29687,10.02115888v2,10,,2,3,,9/28/2022 18:50,,,,13,,,,,150,2.41,404.88,,,,,,,,,,,,
29688,10.02116920v2,10,,2,1,,9/30/2022 22:31,,,,17,,,,,200,1.96,423.36,,,,,,,,,,,,
29689,10.02106860v2,10,,2,4,,9/28/2022 21:26,,,,100,,,,,1200,1.91,2314.92,,,,,,,,,,,,
29690,13.05115808v1,13,,5,3,,9/28/2022 22:07,,,,30,,,,,360,1.45,539.4,,,,,,,,,,,,
29690,24.02115790v1,24,,15,3,,9/28/2022 22:07,,,,40,,,,,480,2.99,1471.08,,,,,,,,,,,,
29691,10.02100646v3,10,,2,4,,9/28/2022 21:30,,,,5,,,,,60,2.58,185.76,,,,,,,,,,,,
29692,11.02116943v1,11,,3,3,,9/28/2022 20:17,,,,134,,,,,1600,2.08,3369.6,,,,,,,,,,,,
29693,10.02102069v1,10,,2,3,,9/28/2022 21:26,,,,43,,,,,510,2.41,1272.48,,,,,,,,,,,,
29694,15.02116895v4,15,,7,3,,9/28/2022 21:12,,,,10,,,,,120,3.7,488.4,,,,,,,,,,,,
29695,55.02116769v2,55,,114,3,,9/30/2022 14:49,,,,42,,,,,500,2.49,1284.84,,,,,,,,,,,,
29696,17.02103808v1,17,,9,1,,9/28/2022 21:48,,,,24,,,,,285,1.96,588,,,,,,,,,,,,
29697,55.02102485v1,55,,114,3,,9/28/2022 21:23,,,,12,,,,,143,2.49,388.44,,,,,,,,,,,,
29697,55.02102484v1,55,,114,3,,9/28/2022 21:23,,,,12,,,,,143,2.49,388.44,,,,,,,,,,,,
29698,55.02115988v1,55,,114,3,,9/28/2022 23:25,,,,17,,,,,200,2.49,537.84,,,,,,,,,,,,
29700,10.02116988v1,10,,2,3,,9/29/2022 19:43,,,,9,,,,,100,3.58,429.6,,,,,,,,,,,,
29701,10.02117014v3,10,,2,3,,9/28/2022 22:40,,,,10,,,,,120,2.58,340.56,,,,,,,,,,,,
29702,10.02115681v2,10,,2,4,,9/28/2022 22:40,,,,5,,,,,60,2.58,185.76,,,,,,,,,,,,
29702,10.02115683v4,10,,2,4,,9/28/2022 22:40,,,,5,,,,,60,2.58,185.76,,,,,,,,,,,,
29703,10.0290091v2,10,,2,1,,9/29/2022 13:08,,,,5,,,,,60,2.56,184.32,,,,,,,,,,,,
29703,10.0290091v1,10,,2,1,,9/29/2022 13:08,,,,5,,,,,60,2.56,184.32,,,,,,,,,,,,
29704,55.02114755v1,55,,114,3,,9/28/2022 23:13,,,,11,,,,,122,2.66,383.04,,,,,,,,,,,,
29705,10.0295995v2,10,,2,1,,10/3/2022 16:31,,,,30,,,,,360,1.96,729.12,,,,,,,,,,,,
29706,10.02111277v1,10,,2,3,,9/28/2022 23:24,,,,9,,,,,100,3.58,429.6,,,,,,,,,,,,
29707,10.02116968v1,10,,2,3,,9/28/2022 23:09,,,,10,,,,,120,2.58,340.56,,,,,,,,,,,,
29709,10.02116912v1,10,,2,4,,9/29/2022 15:00,,,,9,,,,,100,2.58,309.6,,,,,,,,,,,,
29710,55.02116936v2,55,,114,3,,9/29/2022 13:20,,,,21,,,,,250,2.49,657.36,,,,,,,,,,,,
29711,10.02114907v1,10,,2,3,,9/29/2022 14:15,,,,10,,,,,120,2.58,340.56,,,,,,,,,,,,
29712,55.02116068v1,55,,114,3,,9/29/2022 15:31,,,,21,,,,,250,2.49,657.36,,,,,,,,,,,,
29712,55.02116076v1,55,,114,3,,9/29/2022 15:31,,,,21,,,,,250,2.49,657.36,,,,,,,,,,,,
29713,10.02115170v2,10,,2,3,,9/29/2022 15:48,,,,42,,,,,500,2.41,1243.56,,,,,,,,,,,,
29714,10.02109344v2,10,,2,3,,9/29/2022 17:07,,,,5,,,,,60,3.66,263.52,,,,,,,,,,,,
29714,10.02109346v1,10,,2,3,,9/29/2022 17:07,,,,5,,,,,60,3.66,263.52,,,,,,,,,,,,
29715,10.0223047v1,10,,2,4,,9/29/2022 13:28,,,,10,,,,,120,2.58,340.56,,,,,,,,,,,,
29716,10.0270846v1,10,,2,4,,9/30/2022 22:39,,,,5,,,,,60,2.58,185.76,,,,,,,,,,,,
29717,10.02116978v1,10,,2,3,,9/29/2022 15:33,,,,30,,,,,350,2.41,896.52,,,,,,,,,,,,
29718,10.02101271v2,10,,2,3,,9/29/2022 17:16,,,,30,,,,,360,2.41,896.52,,,,,,,,,,,,
29719,12.02108576v4,12,,4,3,,9/29/2022 16:14,,,,7,,,,,75,3.41,327.36,,,,,,,,,,,,
29720,10.02116809v1,10,,2,4,,9/29/2022 17:02,,,,5,,,,,60,2.58,185.76,,,,,,,,,,,,
29720,10.02116808v1,10,,2,4,,9/29/2022 17:02,,,,5,,,,,60,2.58,185.76,,,,,,,,,,,,
29721,10.02114883v1,10,,2,1,,10/3/2022 20:29,,,,10,,,,,113,2.56,337.92,,,,,,,,,,,,
29721,10.02114881v2,10,,2,1,,10/3/2022 20:29,,,,17,,,,,200,1.96,423.36,,,,,,,,,,,,
29721,10.02114879v2,10,,2,1,,10/3/2022 20:29,,,,17,,,,,200,1.96,423.36,,,,,,,,,,,,
29721,10.02114882v1,10,,2,1,,10/3/2022 20:29,,,,10,,,,,113,2.56,337.92,,,,,,,,,,,,
29722,10.02117184v1,10,,2,1,,9/30/2022 19:20,,,,14,,,,,160,1.96,352.8,,,,,,,,,,,,
29723,10.02116551v1,10,,2,4,,9/29/2022 21:01,,,,5,,,,,60,2.58,185.76,,,,,,,,,,,,
29724,10.0261757v1,10,,2,1,,9/29/2022 16:27,,,,7,,,,,80,2.56,245.76,,,,,,,,,,,,
29725,55.02117115v1,55,,114,3,,9/29/2022 16:52,,,,5,,,,,60,3.74,269.28,,,,,,,,,,,,
29726,55.02116835v4,55,,114,3,,9/29/2022 20:27,,,,10,,,,,120,2.66,351.12,,,,,,,,,,,,
29727,10.0247862v1,10,,2,1,,9/30/2022 14:23,,,,5,,,,,60,2.56,184.32,,,,,,,,,,,,
29728,10.02116724v2,10,,2,3,,9/30/2022 13:00,,,,19,,,,,220,2.41,578.4,,,,,,,,,,,,
29729,10.0284455v1,10,,2,3,,9/30/2022 13:08,,,,30,,,,,360,2.41,896.52,,,,,,,,,,,,
29730,10.0265955v1,10,,2,3,,10/5/2022 21:19,,,,167,,,,,2000,1.91,3850.56,,,,,,,,,,,,
29731,10.02115464v1,10,,2,3,,9/29/2022 17:46,,,,13,,,,,150,2.41,404.88,,,,,,,,,,,,
29732,10.0286393v1,10,,2,3,,9/29/2022 17:41,,,,10,,,,,120,2.58,340.56,,,,,,,,,,,,
29733,10.02107726v1,10,,2,3,,9/29/2022 20:04,,,,10,,,,,120,2.58,340.56,,,,,,,,,,,,
29734,10.02115273v3,10,,2,3,,9/29/2022 19:43,,,,10,,,,,120,2.58,340.56,,,,,,,,,,,,
29735,55.02116122v3,55,,114,3,,9/29/2022 18:59,,,,7,,,,,80,3.74,359.04,,,,,,,,,,,,
29735,10.02116123v3,10,,2,3,,9/29/2022 18:59,,,,7,,,,,80,3.66,351.36,,,,,,,,,,,,
29737,10.02111719v1,10,,2,3,,9/29/2022 19:14,,,,5,,,,,60,3.66,263.52,,,,,,,,,,,,
29737,10.02111716v1,10,,2,3,,9/29/2022 19:14,,,,5,,,,,60,3.66,263.52,,,,,,,,,,,,
29737,10.02111717v1,10,,2,3,,9/29/2022 19:14,,,,5,,,,,60,3.66,263.52,,,,,,,,,,,,
29738,10.02117196v3,10,,2,4,,10/3/2022 16:16,,,,17,,,,,200,2.41,520.56,,,,,,,,,,,,
29740,10.02116800v1,10,,2,3,,9/29/2022 20:16,,,,28,,,,,325,2.41,838.68,,,,,,,,,,,,
29741,10.02116238v1,10,,2,1,,9/30/2022 19:21,,,,5,,,,,60,2.56,184.32,,,,,,,,,,,,
29742,10.02116565v5,10,,2,3,,9/29/2022 20:28,,,,10,,,,,120,2.58,340.56,,,,,,,,,,,,
29743,15.02115588v1,15,,7,3,,9/29/2022 23:19,,,,20,,,,,240,3.53,889.56,,,,,,,,,,,,
29744,10.02116836v1,10,,2,3,,9/29/2022 21:18,,,,5,,,,,60,3.66,263.52,,,,,,,,,,,,
29745,55.02116338v1,55,,114,3,,9/29/2022 20:30,,,,14,,,,,160,2.49,448.2,,,,,,,,,,,,
29747,10.0274544v1,10,,2,3,,9/29/2022 20:56,,,,10,,,,,120,2.58,340.56,,,,,,,,,,,,
29748,12.02111014v3,12,,4,3,,9/29/2022 20:59,,,,10,,,,,120,2.33,307.56,,,,,,,,,,,,
29749,10.02116963v1,10,,2,3,,9/29/2022 21:47,,,,7,,,,,75,3.66,351.36,,,,,,,,,,,,
29749,10.02116952v1,10,,2,3,,9/29/2022 21:47,,,,7,,,,,75,3.66,351.36,,,,,,,,,,,,
29750,10.02113690v4,10,,2,3,,9/30/2022 15:11,,,,10,,,,,120,2.58,340.56,,,,,,,,,,,,
29751,12.0211255v2,12,,4,3,,10/4/2022 22:07,,,,10,,,,,120,2.33,307.56,,,,,,,,,,,,
29752,10.0238218v1,10,,2,1,,10/19/2022 20:47,,,,5,,,,,60,2.56,184.32,,,,,,,,,,,,
29753,10.0296802v1,10,,2,1,,9/29/2022 23:28,,,,5,,,,,60,2.56,184.32,,,,,,,,,,,,
29754,10.0282629v1,10,,2,1,,9/29/2022 22:50,,,,5,,,,,60,2.56,184.32,,,,,,,,,,,,
29755,10.027314v8,10,,2,3,,10/5/2022 16:13,,,,10,,,,,120,2.58,340.56,,,,,,,,,,,,
29756,55.02115953v1,55,,114,1,,9/30/2022 13:01,,,,188,,,,,2253,1.71,3878.28,,,,,,,,,,,,
29756,55.02115952v1,55,,114,1,,9/30/2022 13:01,,,,188,,,,,2253,1.71,3878.28,,,,,,,,,,,,
29757,10.02117132v1,10,,2,3,,9/30/2022 16:19,,,,5,,,,,60,3.66,263.52,,,,,,,,,,,,
29758,10.02116268v1,10,,2,1,,10/3/2022 17:31,,,,5,,,,,60,2.56,184.32,,,,,,,,,,,,
29759,55.02116741v2,55,,114,3,,9/30/2022 14:13,,,,117,,,,,1400,2.1,2973.6,,,,,,,,,,,,
29760,10.02112992v1,10,,2,3,,9/30/2022 4:21,,,,13,,,,,150,2.41,404.88,,,,,,,,,,,,
29761,10.02117296v2,10,,2,3,,9/30/2022 12:39,,,,10,,,,,120,2.58,340.56,,,,,,,,,,,,
29762,10.02113135v1,10,,2,4,,9/30/2022 14:22,,,,5,,,,,60,2.58,185.76,,,,,,,,,,,,
29762,10.02117018v1,10,,2,4,,9/30/2022 14:22,,,,5,,,,,60,2.58,185.76,,,,,,,,,,,,
29763,10.0217371v1,10,,2,3,,9/30/2022 14:42,,,,42,,,,,500,2.41,1243.56,,,,,,,,,,,,
29764,10.02113645v1,10,,2,3,,9/30/2022 15:18,,,,10,,,,,120,2.58,340.56,,,,,,,,,,,,
29765,10.02117064v3,10,,2,3,,9/30/2022 16:55,,,,10,,,,,120,2.58,340.56,,,,,,,,,,,,
29766,10.02116932v1,10,,2,3,,9/30/2022 22:19,,,,5,,,,,60,3.66,263.52,,,,,,,,,,,,
29766,10.02116934v1,10,,2,3,,9/30/2022 22:19,,,,5,,,,,60,3.66,263.52,,,,,,,,,,,,
29766,10.02117011v1,10,,2,3,,9/30/2022 22:19,,,,5,,,,,60,3.66,263.52,,,,,,,,,,,,
29767,10.02117430v1,10,,2,4,,10/3/2022 16:29,,,,10,,,,,120,2.58,340.56,,,,,,,,,,,,
29767,10.02117431v1,10,,2,4,,10/3/2022 16:29,,,,10,,,,,120,2.58,340.56,,,,,,,,,,,,
29769,15.02115915v1,15,,7,3,,9/30/2022 16:17,,,,11,,,,,125,3.7,532.8,,,,,,,,,,,,
29770,55.02101534v1,55,,114,4,,9/30/2022 18:55,,,,7,,,,,75,2.75,264,,,,,,,,,,,,
29770,55.02101533v1,55,,114,4,,9/30/2022 18:55,,,,7,,,,,75,2.75,264,,,,,,,,,,,,
29771,10.02117309v3,10,,2,3,,9/30/2022 20:26,,,,10,,,,,120,2.58,340.56,,,,,,,,,,,,
29773,42.02101627v1,42,,20,3,,9/30/2022 18:56,,,,30,,,,,360,2.49,926.28,,,,,,,,,,,,
29774,10.0279547v1,10,,2,3,,10/3/2022 19:13,,,,10,,,,,120,2.58,340.56,,,,,,,,,,,,
29774,10.0279551v1,10,,2,3,,10/3/2022 19:13,,,,10,,,,,120,2.58,340.56,,,,,,,,,,,,
29775,10.02117473v1,10,,2,1,,9/30/2022 18:21,,,,5,,,,,60,2.56,184.32,,,,,,,,,,,,
29776,10.02116497v1,10,,2,3,,9/30/2022 21:07,,,,10,,,,,120,2.58,340.56,,,,,,,,,,,,
29777,10.02115511v2,10,,2,1,,9/30/2022 19:09,,,,21,,,,,250,1.96,517.44,,,,,,,,,,,,
29778,10.0247304v1,10,,2,1,,9/30/2022 19:19,,,,5,,,,,60,2.56,184.32,,,,,,,,,,,,
29778,10.0247303v1,10,,2,1,,9/30/2022 19:19,,,,5,,,,,60,2.56,184.32,,,,,,,,,,,,
29779,9102116451v2,910,1200,25,5,44867,9/30/2022 21:47,Distributor,existingbusiness,10255514801,100,0.71,90,950.52,942,,,,,,,,,,,,,,,
29780,10.0272203v3,10,,2,3,,9/30/2022 20:47,,,,21,,,,,250,2.41,636.24,,,,,,,,,,,,
29780,10.0272203v5,10,,2,3,,9/30/2022 20:47,,,,21,,,,,250,2.41,636.24,,,,,,,,,,,,
29781,10.02113755v2,10,,2,3,,9/30/2022 20:19,,,,25,,,,,300,2.41,751.92,,,,,,,,,,,,
29782,10.02104271v4,10,,2,3,,10/3/2022 21:08,,,,6,,,,,61,3.66,307.44,,,,,,,,,,,,
29784,10.02116998v1,10,,2,3,,9/30/2022 20:22,,,,30,,,,,360,2.41,896.52,,,,,,,,,,,,
29785,10.02117484v1,10,,2,1,,10/5/2022 13:01,,,,25,,,,,300,1.96,611.52,,,,,,,,,,,,
29785,10.02117975v1,10,,2,1,,10/5/2022 13:01,,,,25,,,,,300,1.96,611.52,,,,,,,,,,,,
29786,10.02115421v2,10,,2,3,,9/30/2022 21:46,,,,10,,,,,120,2.58,340.56,,,,,,,,,,,,
29786,10.02115428v1,10,,2,3,,9/30/2022 21:46,,,,10,,,,,120,2.58,340.56,,,,,,,,,,,,
29787,46.02117447v2,46,,113,3,,10/3/2022 16:25,,,,10,,,,,120,2.58,340.56,,,,,,,,,,,,
29789,10.02116585v1,10,,2,3,,9/30/2022 21:58,,,,21,,,,,250,2.41,636.24,,,,,,,,,,,,
29790,10.0294438v1,10,,2,3,,9/30/2022 22:14,,,,17,,,,,200,2.41,520.56,,,,,,,,,,,,
29794,10.02116347v3,10,,2,3,,10/4/2022 3:01,,,,50,,,,,600,2.16,1321.92,,,,,,,,,,,,
29795,10.0280608v3,10,,2,4,,10/2/2022 18:41,,,,5,,,,,60,2.58,185.76,,,,,,,,,,,,
29796,10.0260769v1,10,,2,1,,10/3/2022 13:54,,,,5,,,,,60,2.56,184.32,,,,,,,,,,,,
29797,10.02117479v1,10,,2,1,,10/3/2022 17:44,,,,20,,,,,240,1.96,493.92,,,,,,,,,,,,
29798,15.02110606v2,15,,7,3,,10/5/2022 17:07,,,,42,,,,,503,3.53,1821.48,,,,,,,,,,,,
29799,10.02117224v1,10,,2,1,,10/3/2022 15:03,,,,9,,,,,100,2.56,307.2,,,,,,,,,,,,
29800,10.0237191v1,10,,2,1,,10/4/2022 14:19,,,,21,,,,,250,1.96,517.44,,,,,,,,,,,,
29802,10.02114228v1,10,,2,4,,10/3/2022 18:29,,,,5,,,,,60,2.58,185.76,,,,,,,,,,,,
29802,55.02114234v1,55,,114,4,,10/3/2022 18:29,,,,5,,,,,60,2.75,198,,,,,,,,,,,,
29803,55.02107880v1,55,,114,3,,10/3/2022 20:28,,,,42,,,,,501,2.49,1284.84,,,,,,,,,,,,
29804,10.0286838v1,10,,2,3,,10/3/2022 16:08,,,,20,,,,,240,2.41,607.32,,,,,,,,,,,,
29805,10.02117154v2,10,,2,3,,10/3/2022 17:36,,,,200,,,,,2400,1.62,3907.44,,,,,,,,,,,,
29806,10.02103687v1,10,,2,3,,10/3/2022 16:15,,,,63,,,,,750,1.91,1466.88,,,,,,,,,,,,
29807,10.02117563v1,10,,2,4,,10/3/2022 16:12,,,,10,,,,,120,2.58,340.56,,,,,,,,,,,,
29808,10.02116529v1,10,,2,4,,10/3/2022 19:34,,,,8,,,,,90,2.58,278.64,,,,,,,,,,,,
29809,10.02100216v3,10,,2,3,,10/3/2022 18:45,,,,20,,,,,240,2.41,607.32,,,,,,,,,,,,
29810,10.02116055v2,10,,2,4,,10/3/2022 19:15,,,,20,,,,,240,2.41,607.32,,,,,,,,,,,,
29811,10.0291865v1,10,,2,1,,10/3/2022 19:26,,,,13,,,,,150,1.96,329.28,,,,,,,,,,,,
29811,10.0291867v1,10,,2,1,,10/3/2022 19:26,,,,13,,,,,150,1.96,329.28,,,,,,,,,,,,
29812,10.02116051v1,10,,2,4,,10/3/2022 19:53,,,,7,,,,,78,2.58,247.68,,,,,,,,,,,,
29813,932117759v1,93,250,120,10,44860,10/3/2022 22:57,Direct,existingbusiness,10348620807,21,1.42,0,374.88,355,,,,,,,,,,,,,,,
29813,932117759v1,93,250,120,10,44862,10/3/2022 22:57,Direct,existingbusiness,10348620807,21,1.42,0,374.88,355,,,,,,,,,,,,,,,
29814,15.02116592v1,15,,7,3,,10/3/2022 22:46,,,,13,,,,,150,3.53,593.04,,,,,,,,,,,,
29815,10.0297211v2,10,,2,3,,10/3/2022 18:45,,,,10,,,,,120,2.58,340.56,,,,,,,,,,,,
29816,10.02117651v2,10,,2,4,,10/3/2022 18:27,,,,5,,,,,60,2.58,185.76,,,,,,,,,,,,
29817,44.02109226v2,44,,21,1,,10/4/2022 16:00,,,,5,,,,,60,2.56,184.32,,,,,,,,,,,,
29817,44.02109227v1,44,,21,1,,10/4/2022 16:00,,,,5,,,,,60,2.56,184.32,,,,,,,,,,,,
29817,44.02109222v1,44,,21,1,,10/4/2022 16:00,,,,5,,,,,60,2.56,184.32,,,,,,,,,,,,
29817,44.02109220v1,44,,21,1,,10/4/2022 16:00,,,,5,,,,,60,2.56,184.32,,,,,,,,,,,,
29818,10.02112294v2,10,,2,3,,10/3/2022 20:49,,,,10,,,,,120,2.58,340.56,,,,,,,,,,,,
29819,55.02117779v1,55,,114,1,,10/3/2022 21:36,,,,5,,,,,60,2.56,184.32,,,,,,,,,,,,
29820,55.02117418v1,55,,114,3,,10/4/2022 15:29,,,,25,,,,,300,2.49,776.88,,,,,,,,,,,,
29821,10.02108563v1,10,,2,1,,10/3/2022 20:09,,,,41,,,,,482,1.96,987.84,,,,,,,,,,,,
29821,55.02108680v1,55,,114,1,,10/3/2022 20:09,,,,42,,,,,502,1.96,1011.36,,,,,,,,,,,,
29821,10.02108182v4,10,,2,1,,10/3/2022 20:09,,,,70,,,,,837,1.79,1525.08,,,,,,,,,,,,
29822,10.02117695v1,10,,2,1,,10/5/2022 12:59,,,,42,,,,,500,1.96,1011.36,,,,,,,,,,,,
29823,10.0298245v1,10,,2,3,,10/5/2022 20:07,,,,10,,,,,120,2.58,340.56,,,,,,,,,,,,
29824,10.02117243v2,10,,2,3,,10/3/2022 20:34,,,,13,,,,,150,2.41,404.88,,,,,,,,,,,,
29825,55.02114450v6,55,,114,3,,10/3/2022 22:08,,,,9,,,,,100,3.66,439.2,,,,,,,,,,,,
29826,932115519v2,93,500,120,10,44869,10/3/2022 22:11,Direct,newbusiness,9872540294,42,1.31,0,675.96,655,,,,,,,,,,,,,,,
29827,55.02112333v3,55,,114,3,,10/3/2022 23:26,,,,5,,,,,60,3.74,269.28,,,,,,,,,,,,
29828,10.02117488v2,10,,2,1,,10/3/2022 21:16,,,,40,,,,,480,1.96,964.32,,,,,,,,,,,,
29828,10.02117600v1,10,,2,1,,10/3/2022 21:16,,,,40,,,,,480,1.96,964.32,,,,,,,,,,,,
29828,10.0271221v2,10,,2,1,,10/3/2022 21:16,,,,40,,,,,480,1.96,964.32,,,,,,,,,,,,
29829,10.02117660v1,10,,2,3,,10/3/2022 21:25,,,,6,,,,,62,3.66,307.44,,,,,,,,,,,,
29830,10.02117793v1,10,,2,4,,10/4/2022 17:35,,,,5,,,,,60,2.58,185.76,,,,,,,,,,,,
29831,10.0237389v1,10,,2,3,,10/3/2022 21:55,,,,13,,,,,150,2.41,404.88,,,,,,,,,,,,
29832,10.01117810v1,10,,2,3,,10/3/2022 22:21,,,,5,,,,,60,3.66,263.52,,,,,,,,,,,,
29832,10.02117168v2,10,,2,3,,10/3/2022 22:21,,,,10,,,,,120,2.58,340.56,,,,,,,,,,,,
29833,10.0285954v4,10,,2,4,,10/4/2022 17:01,,,,7,,,,,80,2.58,247.68,,,,,,,,,,,,
29834,55.0293702v2,55,,114,3,,10/4/2022 14:47,,,,20,,,,,240,2.49,627.48,,,,,,,,,,,,
29835,10.02117720v2,10,,2,4,,10/4/2022 0:33,,,,20,,,,,240,2.41,607.32,,,,,,,,,,,,
29836,10.02117161v1,10,,2,4,,10/4/2022 14:07,,,,6,,,,,65,2.58,216.72,,,,,,,,,,,,
29837,10.0266132v3,10,,2,3,,10/4/2022 13:53,,,,10,,,,,120,2.58,340.56,,,,,,,,,,,,
29838,10.04115296v1,10,,2,3,,10/4/2022 22:54,,,,11,,,,,126,2.58,371.52,,,,,,,,,,,,
29839,10.02117823v1,10,,2,1,,10/4/2022 16:27,,,,25,,,,,300,1.96,611.52,,,,,,,,,,,,
29840,10.02112715v2,10,,2,3,,10/7/2022 14:07,,,,21,,,,,250,2.41,636.24,,,,,,,,,,,,
29841,10.02112716v1,10,,2,4,,10/7/2022 14:07,,,,34,,,,,400,2.41,1012.2,,,,,,,,,,,,
29842,10.0236240v4,10,,2,1,,10/6/2022 14:29,,,,34,,,,,400,1.96,823.2,,,,,,,,,,,,
29843,10.0263397v2,10,,2,1,,10/4/2022 16:12,,,,30,,,,,360,1.96,729.12,,,,,,,,,,,,
29844,55.02103114v1,55,,114,1,,10/4/2022 16:17,,,,5,,,,,60,2.56,184.32,,,,,,,,,,,,
29844,,70,,,1,44848,10/4/2022 16:17,,,,,,,,,,2.56,,28432,60,11940,27510,73,10047,72,88182,10/4/2022 16:09,10/14/2022,5,184.32
29845,10.02103152v1,10,,2,4,,10/4/2022 18:19,,,,84,,,,,1000,1.91,1948.2,,,,,,,,,,,,
29846,10.02117128v3,10,,2,3,,10/4/2022 16:13,,,,10,,,,,120,2.58,340.56,,,,,,,,,,,,
29847,10.02112420v3,10,,2,4,,10/6/2022 15:09,,,,5,,,,,60,2.58,185.76,,,,,,,,,,,,
29850,10.0285021v1,10,,2,3,,10/4/2022 17:05,,,,25,,,,,300,2.41,751.92,,,,,,,,,,,,
29851,10.02108123v2,10,,2,4,,10/5/2022 17:07,,,,9,,,,,100,2.58,309.6,,,,,,,,,,,,
29852,10.02117510v2,10,,2,3,,10/5/2022 1:50,,,,10,,,,,120,2.58,340.56,,,,,,,,,,,,
29853,10.02113056v1,10,,2,3,,10/4/2022 18:51,,,,16,,,,,182,2.41,491.64,,,,,,,,,,,,
29854,11.02117448v2,11,,3,3,,10/4/2022 19:18,,,,13,,,,,150,2.58,433.44,,,,,,,,,,,,
29854,10.02117433v2,10,,2,3,,10/4/2022 19:18,,,,13,,,,,150,2.41,404.88,,,,,,,,,,,,
29855,55.02116246v2,55,,114,3,,10/4/2022 19:36,,,,9,,,,,100,3.66,439.2,,,,,,,,,,,,
29856,10.02116989v2,10,,2,4,,10/4/2022 19:17,,,,6,,,,,65,2.58,216.72,,,,,,,,,,,,
29857,10.02105510v2,10,,2,1,,10/4/2022 18:47,,,,30,,,,,360,1.96,729.12,,,,,,,,,,,,
29858,10.02115094v1,10,,2,1,,10/4/2022 21:38,,,,5,,,,,60,2.56,184.32,,,,,,,,,,,,
29858,,70,,,1,44851,10/4/2022 21:38,,,,,,,,,,2.56,,28335,75,11967,27582,118,10073,96,94946,10/4/2022 21:34,10/17/2022,7,245.76
29860,10.02117977v2,10,,2,3,,10/4/2022 19:17,,,,20,,,,,240,2.41,607.32,,,,,,,,,,,,
29861,10.02116530v2,10,,2,1,,10/4/2022 19:34,,,,5,,,,,60,2.56,184.32,,,,,,,,,,,,
29861,10.03117951v1,10,,2,1,,10/4/2022 19:34,,,,5,,,,,60,2.56,184.32,,,,,,,,,,,,
29862,10.02116768v1,10,,2,4,,10/4/2022 19:32,,,,9,,,,,100,2.58,309.6,,,,,,,,,,,,
29863,10.02117030v2,10,,2,3,,10/4/2022 19:34,,,,10,,,,,120,2.58,340.56,,,,,,,,,,,,
29864,10.0267861v1,10,,2,4,,10/4/2022 22:44,,,,100,,,,,1200,1.91,2314.92,,,,,,,,,,,,
29865,44.02117815v1,44,,21,3,,10/5/2022 17:07,,,,23,,,,,275,2.49,717.12,,,,,,,,,,,,
29866,10.02117464v3,10,,2,3,,10/4/2022 19:55,,,,10,,,,,120,2.58,340.56,,,,,,,,,,,,
29866,,70,,,1,44847,10/4/2022 19:55,,,,,,,,,,2.23,,28379,120,12305,28265,118,10066,0,95577,10/4/2022 19:54,10/13/2022,10,294.36
29867,17.02118025v1,17,,9,4,,10/4/2022 20:38,,,,25,,,,,300,2.41,751.92,,,,,,,,,,,,
29867,17.02118027v1,17,,9,4,,10/4/2022 20:38,,,,13,,,,,150,2.41,404.88,,,,,,,,,,,,
29867,17.02118028v1,17,,9,4,,10/4/2022 20:38,,,,25,,,,,300,2.41,751.92,,,,,,,,,,,,
29868,10.02102449v1,10,,2,4,,10/6/2022 15:15,,,,5,,,,,60,2.58,185.76,,,,,,,,,,,,
29869,10.02110625v1,10,,2,1,,10/4/2022 20:25,,,,5,,,,,60,2.56,184.32,,,,,,,,,,,,
29871,10.0266752v1,10,,2,1,,10/4/2022 21:10,,,,14,,,,,158,1.96,352.8,,,,,,,,,,,,
29872,10.0297618v1,10,,2,1,,10/4/2022 21:55,,,,10,,,,,120,2.23,294.36,,,,,,,,,,,,
29873,10.02117542v1,10,,2,3,,10/4/2022 22:16,,,,9,,,,,100,3.58,429.6,,,,,,,,,,,,
29874,10.02118026v1,10,,2,3,,10/4/2022 21:28,,,,9,,,,,100,3.58,429.6,,,,,,,,,,,,
29875,10.02117969v1,10,,2,3,,10/4/2022 21:48,,,,9,,,,,100,3.58,429.6,,,,,,,,,,,,
29875,10.02117968v1,10,,2,3,,10/4/2022 21:48,,,,9,,,,,100,3.58,429.6,,,,,,,,,,,,
29876,10.0296589v2,10,,2,3,,10/4/2022 22:03,,,,42,,,,,500,2.41,1243.56,,,,,,,,,,,,
29877,10.0298145v1,10,,2,3,,10/4/2022 21:20,,,,13,,,,,150,2.41,404.88,,,,,,,,,,,,
29877,10.02117003v4,10,,2,3,,10/4/2022 21:20,,,,13,,,,,150,2.41,404.88,,,,,,,,,,,,
29877,10.0298144v1,10,,2,3,,10/4/2022 21:20,,,,10,,,,,120,2.58,340.56,,,,,,,,,,,,
29878,10.0227001v3,10,,2,3,,10/5/2022 13:51,,,,621,,,,,7445,1.62,12091.68,,,,,,,,,,,,
29878,10.0227001v1,10,,2,3,,10/5/2022 13:51,,,,167,,,,,2000,1.91,3850.56,,,,,,,,,,,,
29879,10.02118090v1,10,,2,1,,10/4/2022 22:15,,,,5,,,,,60,2.56,184.32,,,,,,,,,,,,
29879,10.02117781v1,10,,2,1,,10/4/2022 22:15,,,,5,,,,,60,2.56,184.32,,,,,,,,,,,,
29880,10.0258877v4,10,,2,4,,10/4/2022 21:48,,,,5,,,,,60,2.58,185.76,,,,,,,,,,,,
29881,55.02102206v1,55,,114,1,,10/13/2022 21:21,,,,17,,,,,200,1.96,423.36,,,,,,,,,,,,
29881,46.02102209v1,46,,113,1,,10/13/2022 21:21,,,,17,,,,,200,1.96,423.36,,,,,,,,,,,,
29881,10.0393132v2,10,,114,1,,10/13/2022 21:21,,,,10,,,,,120,2.23,294.36,,,,,,,,,,,,
29881,46.02102208v1,46,,113,1,,10/13/2022 21:21,,,,17,,,,,200,1.96,423.36,,,,,,,,,,,,
29881,46.03114992v1,46,,113,1,,10/13/2022 21:21,,,,10,,,,,120,2.23,294.36,,,,,,,,,,,,
29881,10.0286079v7,10,,2,1,,10/13/2022 21:21,,,,13,,,,,150,1.96,329.28,,,,,,,,,,,,
29881,55.0393132v4,55,,114,1,,10/13/2022 21:21,,,,10,,,,,120,2.23,294.36,,,,,,,,,,,,
29881,55.0393132v3,55,,114,1,,10/13/2022 21:21,,,,10,,,,,120,2.23,294.36,,,,,,,,,,,,
29881,46.03114990v1,46,,113,1,,10/13/2022 21:21,,,,10,,,,,120,2.23,294.36,,,,,,,,,,,,
29881,55.02102207v2,55,,114,1,,10/13/2022 21:21,,,,10,,,,,120,2.23,294.36,,,,,,,,,,,,
29882,10.02115110v2,10,,2,4,,10/4/2022 22:45,,,,7,,,,,80,2.58,247.68,,,,,,,,,,,,
29882,10.02112927v1,10,,2,4,,10/4/2022 22:45,,,,7,,,,,80,2.58,247.68,,,,,,,,,,,,
29883,10.02117500v1,10,,2,4,,10/5/2022 0:20,,,,13,,,,,150,2.41,404.88,,,,,,,,,,,,
29884,55.02117927v1,55,,114,3,,10/5/2022 17:27,,,,11,,,,,125,2.66,383.04,,,,,,,,,,,,
29885,10.0285413v2,10,,2,3,,10/5/2022 1:52,,,,104,,,,,1240,1.91,2406.6,,,,,,,,,,,,
29886,10.02118008v1,10,,2,3,,10/5/2022 0:13,,,,10,,,,,120,2.58,340.56,,,,,,,,,,,,
29886,10.02118017v1,10,,2,3,,10/5/2022 0:13,,,,10,,,,,120,2.58,340.56,,,,,,,,,,,,
29887,10.02117970v2,10,,2,3,,10/5/2022 0:16,,,,5,,,,,60,3.66,263.52,,,,,,,,,,,,
29888,10.02118002v1,10,,2,1,,10/5/2022 15:02,,,,42,,,,,500,1.96,1011.36,,,,,,,,,,,,
29890,10.02116062v1,10,,2,4,,10/5/2022 14:50,,,,20,,,,,240,2.41,607.32,,,,,,,,,,,,
29891,10.02118169v1,10,,2,4,,10/5/2022 15:14,,,,5,,,,,60,2.58,185.76,,,,,,,,,,,,
29892,10.0243490v1,10,,2,1,,10/5/2022 16:18,,,,10,,,,,120,2.23,294.36,,,,,,,,,,,,
29892,10.0346079v1,10,,2,1,,10/5/2022 16:18,,,,10,,,,,120,2.23,294.36,,,,,,,,,,,,
29893,10.02108758v1,10,,2,4,,10/6/2022 16:09,,,,21,,,,,250,2.41,636.24,,,,,,,,,,,,
29894,10.02116797v1,10,,2,4,,10/5/2022 16:44,,,,5,,,,,60,2.58,185.76,,,,,,,,,,,,
29895,10.0213654v4,10,,2,3,,10/5/2022 20:52,,,,5,,,,,60,3.66,263.52,,,,,,,,,,,,
29895,10.0213662v2,10,,2,3,,10/5/2022 20:52,,,,5,,,,,60,3.66,263.52,,,,,,,,,,,,
29895,10.0213659v2,10,,2,3,,10/5/2022 20:52,,,,5,,,,,60,3.66,263.52,,,,,,,,,,,,
29895,10.0213655v2,10,,2,3,,10/5/2022 20:52,,,,5,,,,,60,3.66,263.52,,,,,,,,,,,,
29895,10.0213657v5,10,,2,3,,10/5/2022 20:52,,,,5,,,,,60,3.66,263.52,,,,,,,,,,,,
29897,55.02118258v3,55,,114,3,,10/5/2022 21:21,,,,5,,,,,60,3.74,269.28,,,,,,,,,,,,
29897,55.02118258v2,55,,114,3,,10/5/2022 21:21,,,,11,,,,,125,2.66,383.04,,,,,,,,,,,,
29897,55.02118259v1,55,,114,3,,10/5/2022 21:21,,,,11,,,,,125,2.66,383.04,,,,,,,,,,,,
29897,55.02118259v2,55,,114,3,,10/5/2022 21:21,,,,11,,,,,125,2.66,383.04,,,,,,,,,,,,
29897,55.02118258v1,55,,114,3,,10/5/2022 21:21,,,,11,,,,,125,2.66,383.04,,,,,,,,,,,,
29897,55.02118259v3,55,,114,3,,10/5/2022 21:21,,,,5,,,,,60,3.74,269.28,,,,,,,,,,,,
29897,55.02118259v4,55,,114,3,,10/5/2022 21:21,,,,5,,,,,60,3.74,269.28,,,,,,,,,,,,
29897,55.02118258v4,55,,114,3,,10/5/2022 21:21,,,,5,,,,,60,3.74,269.28,,,,,,,,,,,,
29898,55.02120057v1,55,,114,3,,10/6/2022 19:21,,,,10,,,,,120,2.66,351.12,,,,,,,,,,,,
29899,10.0272584v2,10,,2,4,,10/5/2022 17:38,,,,5,,,,,60,2.58,185.76,,,,,,,,,,,,
29900,10.02115928v2,10,,2,4,,10/5/2022 18:02,,,,5,,,,,60,2.58,185.76,,,,,,,,,,,,
29901,55.02117937v4,55,,114,3,,10/5/2022 18:46,,,,25,,,,,300,2.49,776.88,,,,,,,,,,,,
29902,10.02118225v1,10,,2,4,,10/5/2022 18:04,,,,6,,,,,67,2.58,216.72,,,,,,,,,,,,
29903,10.04117320v1,10,,2,3,,10/5/2022 18:21,,,,5,,,,,60,3.66,263.52,,,,,,,,,,,,
29903,10.0217079v3,10,,2,3,,10/5/2022 18:21,,,,5,,,,,60,3.66,263.52,,,,,,,,,,,,
29903,10.01117993v1,10,,2,3,,10/5/2022 18:21,,,,5,,,,,60,3.66,263.52,,,,,,,,,,,,
29904,10.02118255v1,10,,2,4,,10/5/2022 19:47,,,,5,,,,,60,2.58,185.76,,,,,,,,,,,,
29906,10.0327394v1,10,,2,4,,10/7/2022 16:58,,,,100,,,,,1200,1.91,2314.92,,,,,,,,,,,,
29909,10.02118331v1,10,,2,1,,10/6/2022 16:34,,,,11,,,,,125,2.23,321.12,,,,,,,,,,,,
29909,10.02118332v1,10,,2,1,,10/6/2022 16:34,,,,11,,,,,125,2.23,321.12,,,,,,,,,,,,
29909,10.02118329v1,10,,2,1,,10/6/2022 16:34,,,,11,,,,,125,2.23,321.12,,,,,,,,,,,,
29910,10.02118319v1,10,,2,4,,10/6/2022 16:16,,,,5,,,,,60,2.58,185.76,,,,,,,,,,,,
29911,10.02118313v1,10,,2,3,,10/10/2022 20:14,,,,7,,,,,74,3.66,351.36,,,,,,,,,,,,
29912,10.0285210v1,10,,2,3,,10/5/2022 20:42,,,,10,,,,,120,2.58,340.56,,,,,,,,,,,,
29913,46.02116851v2,46,,113,3,,10/5/2022 21:46,,,,40,,,,,480,2.41,1185.72,,,,,,,,,,,,
29914,10.02103588v1,10,,2,1,,10/6/2022 22:27,,,,40,,,,,480,1.96,964.32,,,,,,,,,,,,
29915,10.02106413v3,10,,2,3,,10/6/2022 20:03,,,,21,,,,,245,2.41,636.24,,,,,,,,,,,,
29916,10.02114390v1,10,,2,1,,10/6/2022 18:54,,,,17,,,,,200,1.96,423.36,,,,,,,,,,,,
29917,10.0222603v1,10,,2,1,,10/6/2022 12:55,,,,10,,,,,120,2.23,294.36,,,,,,,,,,,,
29918,10.02118322v1,10,,2,4,,10/5/2022 22:03,,,,5,,,,,60,2.58,185.76,,,,,,,,,,,,
29919,10.02116007v1,10,,2,4,,10/5/2022 22:37,,,,6,,,,,61,2.58,216.72,,,,,,,,,,,,
29919,10.02116004v1,10,,2,4,,10/5/2022 22:37,,,,6,,,,,61,2.58,216.72,,,,,,,,,,,,
29920,55.02118340v2,55,,114,1,,10/5/2022 23:09,,,,7,,,,,75,2.56,245.76,,,,,,,,,,,,
29921,10.02118167v1,10,,2,4,,10/6/2022 21:18,,,,5,,,,,60,2.58,185.76,,,,,,,,,,,,
29921,10.02118031v1,10,,2,4,,10/6/2022 21:18,,,,5,,,,,60,2.58,185.76,,,,,,,,,,,,
29921,10.02118168v1,10,,2,4,,10/6/2022 21:18,,,,5,,,,,60,2.58,185.76,,,,,,,,,,,,
29922,10.0268584v1,10,,2,3,,10/6/2022 15:25,,,,42,,,,,500,2.41,1243.56,,,,,,,,,,,,
29923,10.02118221v3,10,,2,1,,10/6/2022 16:36,,,,25,,,,,300,1.96,611.52,,,,,,,,,,,,
29924,10.02117926v1,10,,2,1,,10/6/2022 14:43,,,,10,,,,,120,2.23,294.36,,,,,,,,,,,,
29925,10.02113208v1,10,,2,1,,10/6/2022 18:35,,,,10,,,,,120,2.23,294.36,,,,,,,,,,,,
29926,10.02118118v1,10,,2,3,,10/6/2022 20:06,,,,10,,,,,120,2.58,340.56,,,,,,,,,,,,
29927,10.02117976v1,10,,2,1,,10/6/2022 16:23,,,,17,,,,,200,1.96,423.36,,,,,,,,,,,,
29928,10.02117919v1,10,,2,1,,10/6/2022 15:07,,,,10,,,,,120,2.23,294.36,,,,,,,,,,,,
29929,10.02118397v1,10,,2,1,,10/7/2022 18:57,,,,13,,,,,150,1.96,329.28,,,,,,,,,,,,
29930,55.02118526v1,55,,114,4,,10/7/2022 16:51,,,,5,,,,,60,2.75,198,,,,,,,,,,,,
29931,10.02113108v1,10,,2,3,,10/6/2022 16:07,,,,5,,,,,60,3.66,263.52,,,,,,,,,,,,
29932,10.0233810v3,10,,2,1,,10/6/2022 15:31,,,,50,,,,,600,1.88,1150.56,,,,,,,,,,,,
29933,10.02116353v2,10,,2,4,,10/11/2022 14:47,,,,40,,,,,470,2.41,1185.72,,,,,,,,,,,,
29934,10.02117714v1,10,,2,1,,10/6/2022 16:36,,,,42,,,,,500,1.96,1011.36,,,,,,,,,,,,
29935,10.02109994v1,10,,2,3,,10/6/2022 16:47,,,,10,,,,,120,2.58,340.56,,,,,,,,,,,,
29936,10.02116818v1,10,,2,1,,10/6/2022 16:50,,,,34,,,,,400,1.96,823.2,,,,,,,,,,,,
29937,10.0299993v1,10,,2,3,,10/6/2022 18:22,,,,25,,,,,300,2.41,751.92,,,,,,,,,,,,
29938,10.0249255v2,10,,2,3,,10/6/2022 17:14,,,,21,,,,,250,2.41,636.24,,,,,,,,,,,,
29938,10.0249255v3,10,,2,3,,10/6/2022 17:14,,,,21,,,,,250,2.41,636.24,,,,,,,,,,,,
29939,10.0253112v1,10,,2,4,,10/6/2022 16:02,,,,5,,,,,60,2.58,185.76,,,,,,,,,,,,
29940,10.0269536v1,10,,2,1,,10/6/2022 19:21,,,,17,,,,,200,1.96,423.36,,,,,,,,,,,,
29941,10.02115574v3,10,,2,1,,10/6/2022 18:42,,,,5,,,,,60,2.56,184.32,,,,,,,,,,,,
29942,10.02118222v1,10,,2,1,,10/6/2022 16:55,,,,10,,,,,120,2.23,294.36,,,,,,,,,,,,
29943,55.02117795v1,55,,114,3,,10/6/2022 17:45,,,,7,,,,,75,3.74,359.04,,,,,,,,,,,,
29943,55.02117796v3,55,,114,3,,10/6/2022 17:45,,,,7,,,,,75,3.74,359.04,,,,,,,,,,,,
29943,55.02117792v3,55,,114,3,,10/6/2022 17:45,,,,7,,,,,75,3.74,359.04,,,,,,,,,,,,
29943,55.02117791v2,55,,114,3,,10/6/2022 17:45,,,,7,,,,,75,3.74,359.04,,,,,,,,,,,,
29944,10.02102247v1,10,,2,3,,10/6/2022 18:11,,,,11,,,,,125,2.58,371.52,,,,,,,,,,,,
29945,10.02118391v1,10,,2,3,,10/6/2022 17:35,,,,21,,,,,250,2.41,636.24,,,,,,,,,,,,
29945,10.02118382v1,10,,2,3,,10/6/2022 17:35,,,,21,,,,,250,2.41,636.24,,,,,,,,,,,,
29946,10.02116857v1,10,,2,3,,10/6/2022 19:43,,,,10,,,,,120,2.58,340.56,,,,,,,,,,,,
29946,10.02116854v2,10,,2,3,,10/6/2022 19:43,,,,10,,,,,120,2.58,340.56,,,,,,,,,,,,
29947,10.02118440v1,10,,2,4,,10/7/2022 12:31,,,,5,,,,,60,2.58,185.76,,,,,,,,,,,,
29948,10.02118312v1,10,,2,3,,10/11/2022 15:18,,,,10,,,,,120,2.58,340.56,,,,,,,,,,,,
29949,10.02118273v1,10,,2,3,,10/6/2022 23:50,,,,15,,,,,175,2.41,462.72,,,,,,,,,,,,
29950,10.0276491v1,10,,2,4,,10/7/2022 15:43,,,,10,,,,,120,2.58,340.56,,,,,,,,,,,,
29951,10.0252552v1,10,,2,1,,10/6/2022 19:10,,,,21,,,,,250,1.96,517.44,,,,,,,,,,,,
29952,55.02116406v3,55,,114,4,,10/6/2022 19:40,,,,5,,,,,60,2.75,198,,,,,,,,,,,,
29952,55.02116401v3,55,,114,4,,10/6/2022 19:40,,,,5,,,,,60,2.75,198,,,,,,,,,,,,
29953,55.02116462v2,55,,114,4,,10/6/2022 21:28,,,,5,,,,,60,2.75,198,,,,,,,,,,,,
29954,10.02118288v1,10,,2,3,,10/6/2022 20:56,,,,10,,,,,120,2.58,340.56,,,,,,,,,,,,
29955,10.0297553v1,10,,2,4,,10/6/2022 22:53,,,,42,,,,,500,2.41,1243.56,,,,,,,,,,,,
29956,10.02113671v4,10,,2,1,,10/6/2022 21:48,,,,59,,,,,700,1.88,1353.6,,,,,,,,,,,,
29957,10.02118570v1,10,,2,3,,10/6/2022 23:19,,,,5,,,,,60,3.66,263.52,,,,,,,,,,,,
29958,10.02115549v1,10,,2,3,,10/6/2022 22:07,,,,10,,,,,120,2.58,340.56,,,,,,,,,,,,
29960,10.02118345v1,10,,2,4,,10/7/2022 15:05,,,,7,,,,,80,2.58,247.68,,,,,,,,,,,,
29960,10.02118183v1,10,,2,4,,10/7/2022 15:05,,,,7,,,,,80,2.58,247.68,,,,,,,,,,,,
29961,46.02110351v2,46,,113,1,,10/11/2022 13:16,,,,43,,,,,505,1.96,1034.88,,,,,,,,,,,,
29961,55.02110350v2,55,,114,1,,10/11/2022 13:16,,,,43,,,,,505,1.96,1034.88,,,,,,,,,,,,
29962,55.02110350v2,55,,114,1,,10/11/2022 13:15,,,,17,,,,,200,1.96,423.36,,,,,,,,,,,,
29962,46.02110351v1,46,,113,1,,10/11/2022 13:15,,,,17,,,,,200,1.96,423.36,,,,,,,,,,,,
29962,55.02110350v1,55,,114,1,,10/11/2022 13:15,,,,17,,,,,200,1.96,423.36,,,,,,,,,,,,
29963,46.02110351v1,46,,113,1,,10/11/2022 13:15,,,,21,,,,,250,1.96,517.44,,,,,,,,,,,,
29963,55.02110350v1,55,,114,1,,10/11/2022 13:15,,,,21,,,,,250,1.96,517.44,,,,,,,,,,,,
29964,10.0286057v1,10,,2,1,,10/7/2022 15:43,,,,17,,,,,200,1.96,423.36,,,,,,,,,,,,
29965,10.02116911v1,10,,2,3,,10/7/2022 10:27,,,,14,,,,,160,2.41,433.8,,,,,,,,,,,,
29966,10.02111064v1,10,,2,1,,10/7/2022 14:12,,,,21,,,,,250,1.96,517.44,,,,,,,,,,,,
29967,10.0238956v1,10,,2,1,,10/7/2022 15:09,,,,13,,,,,155,1.96,329.28,,,,,,,,,,,,
29968,10.02118256v2,10,,2,4,,10/10/2022 16:43,,,,42,,,,,500,2.41,1243.56,,,,,,,,,,,,
29969,10.02114539v2,10,,2,3,,10/14/2022 21:40,,,,5,,,,,60,3.66,263.52,,,,,,,,,,,,
29970,10.02118567v1,10,,2,4,,10/7/2022 16:05,,,,9,,,,,100,2.58,309.6,,,,,,,,,,,,
29972,10.02117401v1,10,,2,4,,10/7/2022 19:29,,,,5,,,,,60,2.58,185.76,,,,,,,,,,,,
29973,10.0241902v1,10,,2,4,,10/7/2022 16:04,,,,5,,,,,60,2.58,185.76,,,,,,,,,,,,
29974,10.02118652v2,10,,2,4,,10/7/2022 16:34,,,,30,,,,,360,2.41,896.52,,,,,,,,,,,,
29975,10.02118074v1,10,,2,4,,10/7/2022 16:25,,,,20,,,,,240,2.41,607.32,,,,,,,,,,,,
29976,10.0215895v8,10,,2,1,,10/7/2022 16:46,,,,60,,,,,720,1.79,1310.28,,,,,,,,,,,,
29977,10.0290912v1,10,,2,4,,10/7/2022 17:05,,,,5,,,,,60,2.58,185.76,,,,,,,,,,,,
29978,10.02113927v1,10,,2,1,,10/7/2022 17:16,,,,5,,,,,60,2.56,184.32,,,,,,,,,,,,
29979,10.02105221v2,10,,2,1,,10/7/2022 17:17,,,,9,,,,,103,2.56,307.2,,,,,,,,,,,,
29980,10.02116790v2,10,,2,1,,10/7/2022 17:16,,,,5,,,,,60,2.56,184.32,,,,,,,,,,,,
29981,10.02115703v1,10,,2,4,,10/7/2022 19:35,,,,5,,,,,60,2.58,185.76,,,,,,,,,,,,
29982,10.0261444v1,10,,2,1,,10/7/2022 22:18,,,,5,,,,,60,2.56,184.32,,,,,,,,,,,,
29983,10.02111064v1,10,,2,1,,10/7/2022 18:13,,,,21,,,,,250,1.96,517.44,,,,,,,,,,,,
29984,10.024991v2,10,,2,1,,10/9/2022 12:07,,,,10,,,,,120,2.23,294.36,,,,,,,,,,,,
29984,10.0240881v2,10,,2,1,,10/9/2022 12:07,,,,10,,,,,120,2.23,294.36,,,,,,,,,,,,
29986,,70,,,1,44847,10/7/2022 22:01,,,,,,,,,,2.56,,28339,50,12119,27917,64,10201,72,93239,10/7/2022 21:49,10/13/2022,5,184.32
29986,,70,,,1,44847,10/7/2022 22:01,,,,,,,,,,1.96,,28339,250,12118,27915,64,10201,264,93239,10/7/2022 21:49,10/13/2022,21,517.44
29987,10.02118257v2,10,,2,1,,10/10/2022 17:43,,,,42,,,,,500,1.96,1011.36,,,,,,,,,,,,
29988,10.02115536v1,10,,2,1,,10/7/2022 22:25,,,,11,,,,,121,2.23,321.12,,,,,,,,,,,,
29989,10.02114060v1,10,,2,3,,10/10/2022 17:14,,,,13,,,,,150,2.41,404.88,,,,,,,,,,,,
29990,10.02117141v3,10,,2,1,,10/7/2022 19:19,,,,11,,,,,130,2.23,321.12,,,,,,,,,,,,
29991,10.02107489v1,10,,2,1,,10/10/2022 14:28,,,,100,,,,,1200,1.71,2072.52,,,,,,,,,,,,
29992,10.02118482v1,10,,2,1,,10/7/2022 19:49,,,,10,,,,,120,2.23,294.36,,,,,,,,,,,,
29993,10.0298057v1,10,,2,1,,10/7/2022 19:51,,,,5,,,,,60,2.56,184.32,,,,,,,,,,,,
29994,10.02114817v1,10,,2,1,,10/7/2022 21:19,,,,5,,,,,60,2.56,184.32,,,,,,,,,,,,
29995,10.02118723v1,10,,2,4,,10/7/2022 20:08,,,,5,,,,,60,2.58,185.76,,,,,,,,,,,,
29996,55.02117886v7,55,,114,4,,10/12/2022 21:09,,,,43,,,,,508,2.58,1362.24,,,,,,,,,,,,
29997,10.02116798v4,10,,2,4,,10/7/2022 20:55,,,,7,,,,,75,2.58,247.68,,,,,,,,,,,,
29997,10.02116805v4,10,,2,4,,10/7/2022 20:55,,,,7,,,,,75,2.58,247.68,,,,,,,,,,,,
29998,10.02118650v1,10,,2,3,,10/10/2022 15:14,,,,10,,,,,120,2.58,340.56,,,,,,,,,,,,
29999,10.0290064v4,10,,2,4,,10/7/2022 21:14,,,,10,,,,,120,2.58,340.56,,,,,,,,,,,,
30000,10.02117668v3,10,,2,1,,10/7/2022 21:27,,,,42,,,,,500,1.96,1011.36,,,,,,,,,,,,
30001,10.02118463v2,10,,2,3,,10/10/2022 13:23,,,,16,,,,,184,2.41,491.64,,,,,,,,,,,,
30002,55.02118829v1,55,,114,4,,10/9/2022 18:06,,,,5,,,,,60,2.75,198,,,,,,,,,,,,
30003,10.02113690v5,10,,2,1,,10/7/2022 22:58,,,,10,,,,,120,2.23,294.36,,,,,,,,,,,,
30004,10.02117316v1,10,,2,4,,10/10/2022 19:01,,,,34,,,,,400,2.41,1012.2,,,,,,,,,,,,
30005,55.02118911v1,55,,114,1,,10/10/2022 16:53,,,,17,,,,,200,1.96,423.36,,,,,,,,,,,,
30006,10.02118754v1,10,,2,1,,10/7/2022 23:09,,,,17,,,,,200,1.96,423.36,,,,,,,,,,,,
30007,10.02107667v1,10,,2,1,,10/8/2022 0:33,,,,42,,,,,500,1.96,1011.36,,,,,,,,,,,,
30007,10.02107672v1,10,,2,1,,10/8/2022 0:33,,,,42,,,,,500,1.96,1011.36,,,,,,,,,,,,
30008,55.02118628v1,55,,114,1,,10/10/2022 16:54,,,,5,,,,,60,2.56,184.32,,,,,,,,,,,,
30008,55.02118627v1,55,,114,1,,10/10/2022 16:54,,,,5,,,,,60,2.56,184.32,,,,,,,,,,,,
30009,10.02117961v1,10,,2,3,,10/10/2022 14:08,,,,10,,,,,120,2.58,340.56,,,,,,,,,,,,
30010,10.02114377v1,10,,2,3,,10/10/2022 14:39,,,,5,,,,,60,3.66,263.52,,,,,,,,,,,,
30011,12.02118649v1,12,,4,3,,10/10/2022 15:58,,,,9,,,,,100,3.33,399.6,,,,,,,,,,,,
30012,10.02118077v1,10,,2,3,,10/10/2022 16:58,,,,5,,,,,60,3.66,263.52,,,,,,,,,,,,
30013,10.0267855v1,10,,2,3,,10/10/2022 16:54,,,,10,,,,,120,2.58,340.56,,,,,,,,,,,,
30013,10.0267840v1,10,,2,3,,10/10/2022 16:54,,,,10,,,,,120,2.58,340.56,,,,,,,,,,,,
30014,10.02118438v1,10,,2,3,,10/11/2022 15:31,,,,11,,,,,126,2.58,371.52,,,,,,,,,,,,
30015,17.02118475v3,17,,9,1,,10/18/2022 16:19,,,,21,,,,,250,1.96,517.44,,,,,,,,,,,,
30016,10.0228983v2,10,,2,1,,10/10/2022 16:08,,,,5,,,,,60,2.56,184.32,,,,,,,,,,,,
30017,10.02118411v1,10,,2,4,,10/10/2022 17:26,,,,43,,,,,511,2.41,1272.48,,,,,,,,,,,,
30018,10.02112664v2,10,,2,4,,10/10/2022 22:57,,,,50,,,,,600,2.16,1321.92,,,,,,,,,,,,
30019,10.02118900v1,10,,2,3,,10/10/2022 16:41,,,,20,,,,,240,2.41,607.32,,,,,,,,,,,,
30020,10.02118898v1,10,,2,3,,10/10/2022 16:56,,,,5,,,,,60,3.66,263.52,,,,,,,,,,,,
30022,10.02118686v1,10,,2,3,,10/10/2022 20:16,,,,5,,,,,60,3.66,263.52,,,,,,,,,,,,
30023,10.0231456v1,10,,2,3,,10/10/2022 21:05,,,,125,,,,,1500,1.91,2887.92,,,,,,,,,,,,
30024,10.0220910v3,10,,2,1,,10/10/2022 17:19,,,,5,,,,,60,2.56,184.32,,,,,,,,,,,,
30025,10.0213785v1,10,,2,1,,10/11/2022 19:06,,,,13,,,,,150,1.96,329.28,,,,,,,,,,,,
30026,10.02118924v1,10,,2,3,,10/10/2022 20:28,,,,5,,,,,60,3.66,263.52,,,,,,,,,,,,
30027,10.02118197v1,10,,2,1,,10/12/2022 19:51,,,,5,,,,,60,2.56,184.32,,,,,,,,,,,,
30028,10.02118349v2,10,,2,3,,10/10/2022 18:54,,,,84,,,,,1000,1.91,1948.2,,,,,,,,,,,,
30029,10.02118908v1,10,,2,4,,10/10/2022 19:18,,,,30,,,,,360,2.41,896.52,,,,,,,,,,,,
30030,10.02118984v1,10,,2,3,,10/10/2022 21:05,,,,10,,,,,120,2.58,340.56,,,,,,,,,,,,
30030,10.02118983v1,10,,2,3,,10/10/2022 21:05,,,,10,,,,,120,2.58,340.56,,,,,,,,,,,,
30031,55.02114758v1,55,,114,3,,10/10/2022 19:24,,,,10,,,,,120,2.66,351.12,,,,,,,,,,,,
30032,10.02106626v5,10,,2,3,,10/10/2022 22:00,,,,250,,,,,3000,1.62,4879.44,,,,,,,,,,,,
30033,10.02118683v2,10,,2,3,,10/10/2022 22:01,,,,5,,,,,60,3.66,263.52,,,,,,,,,,,,
30033,10.02118683v1,10,,2,3,,10/10/2022 22:01,,,,5,,,,,60,3.66,263.52,,,,,,,,,,,,
30034,10.02117801v1,10,,2,3,,10/10/2022 19:35,,,,17,,,,,200,2.41,520.56,,,,,,,,,,,,
30035,10.02118830v1,10,,2,3,,10/10/2022 20:21,,,,25,,,,,300,2.41,751.92,,,,,,,,,,,,
30036,10.02103901v1,10,,2,4,,10/12/2022 22:26,,,,6,,,,,61,2.58,216.72,,,,,,,,,,,,
30037,10.02103590v3,10,,2,1,,10/10/2022 19:51,,,,5,,,,,60,2.56,184.32,,,,,,,,,,,,
30037,10.02103581v3,10,,2,1,,10/10/2022 19:51,,,,5,,,,,60,2.56,184.32,,,,,,,,,,,,
30038,10.02117595v2,10,,2,3,,10/11/2022 14:48,,,,34,,,,,400,2.41,1012.2,,,,,,,,,,,,
30039,10.02118996v1,10,,2,4,,10/11/2022 17:54,,,,16,,,,,185,2.41,491.64,,,,,,,,,,,,
30040,10.02118990v1,10,,2,3,,10/10/2022 22:05,,,,5,,,,,60,3.66,263.52,,,,,,,,,,,,
30041,10.0232494v1,10,,2,3,,10/11/2022 14:09,,,,84,,,,,1000,1.91,1948.2,,,,,,,,,,,,
30042,17.02118346v2,17,,9,1,,10/12/2022 18:14,,,,5,,,,,60,2.56,184.32,,,,,,,,,,,,
30043,10.02119037v1,10,,2,3,,10/10/2022 21:55,,,,5,,,,,60,3.66,263.52,,,,,,,,,,,,
30044,10.02112076v1,10,,2,1,,10/11/2022 15:12,,,,20,,,,,240,1.96,493.92,,,,,,,,,,,,
30045,10.03118722v1,10,,2,1,,10/10/2022 21:59,,,,17,,,,,200,1.96,423.36,,,,,,,,,,,,
30046,10.02111080v1,10,,2,1,,10/11/2022 1:51,,,,42,,,,,500,1.96,1011.36,,,,,,,,,,,,
30047,10.02108170v2,10,,2,1,,10/11/2022 15:18,,,,38,,,,,450,1.96,917.28,,,,,,,,,,,,
30048,55.02106188v1,55,,114,4,,10/12/2022 16:13,,,,21,,,,,250,2.58,681.12,,,,,,,,,,,,
30049,55.02117936v1,55,,114,1,,10/10/2022 22:44,,,,13,,,,,156,1.96,329.28,,,,,,,,,,,,
30050,10.02119039v1,10,,2,3,,10/10/2022 23:38,,,,9,,,,,100,3.58,429.6,,,,,,,,,,,,
30051,17.0279640v1,17,,9,4,,10/11/2022 14:11,,,,10,,,,,120,2.58,340.56,,,,,,,,,,,,
30052,10.02119067v1,10,,2,3,,10/11/2022 18:05,,,,10,,,,,110,2.58,340.56,,,,,,,,,,,,
30053,10.02118629v1,10,,2,1,,10/11/2022 15:50,,,,13,,,,,150,1.96,329.28,,,,,,,,,,,,
30054,10.0269217v3,10,,2,4,,10/11/2022 16:22,,,,5,,,,,60,2.58,185.76,,,,,,,,,,,,
30054,10.0269216v3,10,,2,4,,10/11/2022 16:22,,,,5,,,,,60,2.58,185.76,,,,,,,,,,,,
30055,10.02118896v1,10,,2,3,,10/12/2022 14:27,,,,5,,,,,60,3.66,263.52,,,,,,,,,,,,
30056,10.02107920v1,10,,2,3,,10/11/2022 16:46,,,,10,,,,,120,2.58,340.56,,,,,,,,,,,,
30057,10.02118347v1,10,,2,3,,10/11/2022 16:00,,,,10,,,,,120,2.58,340.56,,,,,,,,,,,,
30058,10.02111778v6,10,,2,1,,10/11/2022 15:27,,,,25,,,,,300,1.96,611.52,,,,,,,,,,,,
30059,55.02119023v1,55,,114,1,,10/11/2022 17:26,,,,20,,,,,240,1.96,493.92,,,,,,,,,,,,
30060,10.02118130v1,10,,2,1,,10/11/2022 17:17,,,,20,,,,,240,1.96,493.92,,,,,,,,,,,,
30062,55.02116410v1,55,,114,4,,10/11/2022 18:10,,,,5,,,,,60,2.75,198,,,,,,,,,,,,
30062,55.02116405v1,55,,114,4,,10/11/2022 18:10,,,,5,,,,,60,2.75,198,,,,,,,,,,,,
30062,55.02116403v1,55,,114,4,,10/11/2022 18:10,,,,5,,,,,60,2.75,198,,,,,,,,,,,,
30064,55.02119236v1,55,,114,4,,10/11/2022 17:36,,,,25,,,,,300,2.58,804.96,,,,,,,,,,,,
30065,10.0291258v3,10,,2,4,,10/19/2022 20:54,,,,7,,,,,80,2.58,247.68,,,,,,,,,,,,
30069,10.02109482v1,10,,2,3,,10/11/2022 17:51,,,,207,,,,,2480,1.62,4043.52,,,,,,,,,,,,
30070,10.02118914v1,10,,2,4,,10/11/2022 17:44,,,,5,,,,,60,2.58,185.76,,,,,,,,,,,,
30071,17.02117911v1,17,,9,4,,10/12/2022 0:44,,,,7,,,,,80,2.58,247.68,,,,,,,,,,,,
30072,10.02119323v1,10,,2,4,,10/13/2022 16:08,,,,5,,,,,60,2.58,185.76,,,,,,,,,,,,
30073,10.0294713v1,10,,2,3,,10/11/2022 19:31,,,,20,,,,,240,2.41,607.32,,,,,,,,,,,,
30074,10.02119285v2,10,,2,1,,10/11/2022 19:47,,,,10,,,,,120,2.23,294.36,,,,,,,,,,,,
30075,10.0298157v1,10,,2,1,,10/11/2022 21:59,,,,84,,,,,1000,1.79,1825.8,,,,,,,,,,,,
30076,10.02118719v1,10,,2,1,,10/11/2022 19:15,,,,10,,,,,120,2.23,294.36,,,,,,,,,,,,
30077,10.02119155v1,10,,2,1,,10/11/2022 22:11,,,,21,,,,,250,1.96,517.44,,,,,,,,,,,,
30078,10.025948v4,10,,2,1,,10/11/2022 20:16,,,,10,,,,,120,2.23,294.36,,,,,,,,,,,,
30079,10.02119171v1,10,,2,3,,10/11/2022 23:29,,,,184,,,,,2200,1.91,4240.2,,,,,,,,,,,,
30080,10.02117578v1,10,,2,1,,10/11/2022 21:50,,,,10,,,,,120,2.23,294.36,,,,,,,,,,,,
30081,15.02119087v1,15,,7,3,,10/13/2022 20:55,,,,34,,,,,400,3.53,1482.6,,,,,,,,,,,,
30082,10.02113492v8,10,,2,3,,10/17/2022 17:08,,,,13,,,,,150,2.41,404.88,,,,,,,,,,,,
30083,10.02113492v8,10,,2,1,,10/12/2022 19:10,,,,7,,,,,75,2.56,245.76,,,,,,,,,,,,
30084,10.02116040v4,10,,2,4,,10/18/2022 15:22,,,,38,,,,,450,2.41,1127.88,,,,,,,,,,,,
30085,10.02115677v1,10,,2,1,,10/12/2022 19:19,,,,21,,,,,250,1.96,517.44,,,,,,,,,,,,
30086,10.02119006v1,10,,2,3,,10/12/2022 19:07,,,,10,,,,,120,2.58,340.56,,,,,,,,,,,,
30087,10.02118986v2,10,,2,3,,10/12/2022 15:35,,,,5,,,,,60,3.66,263.52,,,,,,,,,,,,
30088,10.02118997v3,10,,2,3,,10/12/2022 12:21,,,,9,,,,,100,3.58,429.6,,,,,,,,,,,,
30089,10.02119418v1,10,,2,1,,10/12/2022 18:12,,,,10,,,,,120,2.23,294.36,,,,,,,,,,,,
30090,15.02114625v2,15,,7,3,,10/12/2022 16:22,,,,10,,,,,120,3.7,488.4,,,,,,,,,,,,
30091,10.02108599v1,10,,2,3,,10/12/2022 22:16,,,,34,,,,,400,2.41,1012.2,,,,,,,,,,,,
30092,55.02119613v1,55,,114,1,,10/12/2022 20:42,,,,13,,,,,150,1.96,329.28,,,,,,,,,,,,
30093,17.02119317v1,17,,9,1,,10/12/2022 17:28,,,,5,,,,,60,2.56,184.32,,,,,,,,,,,,
30094,10.02118685v5,10,,2,4,,10/12/2022 18:32,,,,5,,,,,60,2.58,185.76,,,,,,,,,,,,
30095,10.02118516v1,10,,2,1,,10/12/2022 18:22,,,,17,,,,,200,1.96,423.36,,,,,,,,,,,,
30096,10.02119582v1,10,,2,1,,10/12/2022 19:23,,,,6,,,,,65,2.56,215.04,,,,,,,,,,,,
30097,9102119598v1,910,500,25,5,44887,10/20/2022 21:01,Distributor,existingbusiness,10186834179,42,0.76,90,482.16,470,,,,,,,,,,,,,,,
30098,10.02119485v1,10,,2,1,,10/12/2022 18:53,,,,5,,,,,60,2.56,184.32,,,,,,,,,,,,
30099,10.02118795v3,10,,2,3,,10/12/2022 19:00,,,,11,,,,,130,2.58,371.52,,,,,,,,,,,,
30100,10.0268891v1,10,,2,3,,10/13/2022 14:30,,,,109,,,,,1300,1.91,2521.2,,,,,,,,,,,,
30101,12.02118884v3,12,,4,4,,10/12/2022 21:03,,,,5,,,,,60,2.83,203.76,,,,,,,,,,,,
30102,10.0285466v1,10,,2,1,,10/13/2022 15:51,,,,13,,,,,150,1.96,329.28,,,,,,,,,,,,
30103,55.0294696v2,55,,114,3,,10/12/2022 19:51,,,,5,,,,,60,3.74,269.28,,,,,,,,,,,,
30104,10.02119381v1,10,,2,3,,10/12/2022 20:30,,,,13,,,,,150,2.41,404.88,,,,,,,,,,,,
30104,10.02119378v1,10,,2,3,,10/12/2022 20:30,,,,13,,,,,150,2.41,404.88,,,,,,,,,,,,
30105,10.0292256v1,10,,2,3,,10/12/2022 20:23,,,,20,,,,,240,2.41,607.32,,,,,,,,,,,,
30106,10.0290516v1,10,,2,3,,10/12/2022 20:22,,,,10,,,,,120,2.58,340.56,,,,,,,,,,,,
30106,10.0290519v1,10,,2,3,,10/12/2022 20:22,,,,10,,,,,120,2.58,340.56,,,,,,,,,,,,
30107,10.03119600v1,10,,2,3,,10/12/2022 21:17,,,,21,,,,,250,2.41,636.24,,,,,,,,,,,,
30107,10.02119433v1,10,,2,3,,10/12/2022 21:17,,,,21,,,,,250,2.41,636.24,,,,,,,,,,,,
30107,10.02119596v1,10,,2,3,,10/12/2022 21:17,,,,21,,,,,250,2.41,636.24,,,,,,,,,,,,
30107,10.03119435v1,10,,2,3,,10/12/2022 21:17,,,,21,,,,,250,2.41,636.24,,,,,,,,,,,,
30108,10.0215228v4,10,,2,3,,10/12/2022 20:26,,,,21,,,,,250,2.41,636.24,,,,,,,,,,,,
30109,10.02118555v3,10,,2,3,,10/12/2022 21:12,,,,38,,,,,450,2.41,1127.88,,,,,,,,,,,,
30110,10.0290453v3,10,,2,4,,10/12/2022 21:10,,,,10,,,,,120,2.58,340.56,,,,,,,,,,,,
30111,10.02119667v1,10,,2,4,,10/12/2022 21:08,,,,5,,,,,60,2.58,185.76,,,,,,,,,,,,
30112,10.0217376v5,10,,2,3,,10/14/2022 16:04,,,,34,,,,,400,2.41,1012.2,,,,,,,,,,,,
30113,10.0290453v6,10,,2,1,,10/12/2022 22:48,,,,13,,,,,150,1.96,329.28,,,,,,,,,,,,
30114,10.0244348v1,10,,2,1,,10/12/2022 22:18,,,,21,,,,,250,1.96,517.44,,,,,,,,,,,,
30115,10.02119159v3,10,,2,3,,10/14/2022 14:28,,,,10,,,,,120,2.58,340.56,,,,,,,,,,,,
30116,10.0219046v2,10,,2,3,,10/12/2022 23:09,,,,17,,,,,200,2.41,520.56,,,,,,,,,,,,
30117,10.02118872v1,10,,2,1,,10/12/2022 23:34,,,,25,,,,,300,1.96,611.52,,,,,,,,,,,,
30118,10.02118484v3,10,,2,1,,10/12/2022 23:48,,,,17,,,,,200,1.96,423.36,,,,,,,,,,,,
30119,10.02113630v1,10,,2,1,,10/13/2022 2:24,,,,13,,,,,155,1.96,329.28,,,,,,,,,,,,
30120,10.02108011v2,10,,2,4,,10/13/2022 14:05,,,,17,,,,,200,2.41,520.56,,,,,,,,,,,,
30121,10.02117449v1,10,,2,1,,10/13/2022 23:28,,,,5,,,,,59,2.56,184.32,,,,,,,,,,,,
30121,10.02117450v1,10,,2,1,,10/13/2022 23:28,,,,5,,,,,59,2.56,184.32,,,,,,,,,,,,
30122,15.02116895v4,15,,7,3,,10/14/2022 21:18,,,,10,,,,,120,3.7,488.4,,,,,,,,,,,,
30123,10.02117494v1,10,,2,3,,10/20/2022 23:15,,,,12,,,,,140,2.41,375.96,,,,,,,,,,,,
30124,55.02118364v7,55,,114,3,,10/13/2022 15:10,,,,10,,,,,120,2.66,351.12,,,,,,,,,,,,
30124,10.02118357v1,10,,2,3,,10/13/2022 15:10,,,,10,,,,,120,2.58,340.56,,,,,,,,,,,,
30125,10.02116283v1,10,,2,1,,10/13/2022 17:54,,,,7,,,,,75,2.56,245.76,,,,,,,,,,,,
30125,10.02116262v1,10,,2,1,,10/13/2022 17:54,,,,7,,,,,75,2.56,245.76,,,,,,,,,,,,
30126,10.02118552v1,10,,2,1,,10/13/2022 17:31,,,,9,,,,,102,2.56,307.2,,,,,,,,,,,,
30127,10.02103716v1,10,,2,4,,10/13/2022 17:33,,,,159,,,,,1900,1.91,3667.2,,,,,,,,,,,,
30128,10.0228320v2,10,,2,3,,10/13/2022 18:05,,,,10,,,,,120,2.58,340.56,,,,,,,,,,,,
30129,10.02100953v1,10,,2,1,,10/13/2022 17:22,,,,10,,,,,120,2.23,294.36,,,,,,,,,,,,
30130,10.0272243v1,10,,2,1,,10/13/2022 19:55,,,,9,,,,,100,2.56,307.2,,,,,,,,,,,,
30132,10.01119819v1,10,,2,1,,10/13/2022 17:44,,,,10,,,,,120,2.23,294.36,,,,,,,,,,,,
30133,10.0243472v1,10,,2,1,,10/13/2022 17:47,,,,5,,,,,60,2.56,184.32,,,,,,,,,,,,
30135,10.02118244v2,10,,2,3,,10/13/2022 20:17,,,,50,,,,,600,2.16,1321.92,,,,,,,,,,,,
30136,10.0223325v4,10,,2,4,,10/17/2022 21:40,,,,14,,,,,158,2.41,433.8,,,,,,,,,,,,
30137,20.0293503v2,20,,11,3,,10/13/2022 20:28,,,,13,,,,,150,2.99,502.32,,,,,,,,,,,,
30139,55.02119053v1,55,,114,1,,10/13/2022 20:18,,,,17,,,,,200,1.96,423.36,,,,,,,,,,,,
30139,55.02119055v1,55,,114,1,,10/13/2022 20:18,,,,17,,,,,200,1.96,423.36,,,,,,,,,,,,
30140,10.0219813v1,10,,2,1,,10/13/2022 20:22,,,,13,,,,,150,1.96,329.28,,,,,,,,,,,,
30141,10.0298133v1,10,,2,4,,10/13/2022 20:04,,,,10,,,,,120,2.58,340.56,,,,,,,,,,,,
30142,10.0291558v1,10,,2,3,,10/13/2022 20:23,,,,20,,,,,240,2.41,607.32,,,,,,,,,,,,
30143,10.02103042v1,10,,2,3,,10/17/2022 21:38,,,,10,,,,,120,2.58,340.56,,,,,,,,,,,,
30143,10.0276671v4,10,,2,3,,10/17/2022 21:38,,,,10,,,,,120,2.58,340.56,,,,,,,,,,,,
30144,10.02118593v1,10,,2,1,,10/13/2022 20:37,,,,5,,,,,60,2.56,184.32,,,,,,,,,,,,
30145,10.0236092v3,10,,2,3,,10/14/2022 16:43,,,,10,,,,,120,2.58,340.56,,,,,,,,,,,,
30145,10.02110991v3,10,,2,3,,10/14/2022 16:43,,,,10,,,,,120,2.58,340.56,,,,,,,,,,,,
30146,10.0213785v1,10,,2,1,,10/13/2022 21:17,,,,125,,,,,1500,1.71,2585.52,,,,,,,,,,,,
30147,10.02104939v1,10,,2,1,,10/13/2022 21:09,,,,68,,,,,816,1.79,1482.12,,,,,,,,,,,,
30148,10.02119413v2,10,,2,1,,10/14/2022 0:14,,,,10,,,,,120,2.23,294.36,,,,,,,,,,,,
30149,46.0282268v1,46,,113,1,,10/13/2022 20:54,,,,5,,,,,60,2.56,184.32,,,,,,,,,,,,
30150,10.02117830v1,10,,2,3,,10/17/2022 16:21,,,,30,,,,,350,2.41,896.52,,,,,,,,,,,,
30151,10.02119897v1,10,,2,4,,10/14/2022 16:58,,,,9,,,,,104,2.58,309.6,,,,,,,,,,,,
30152,10.02116655v1,10,,2,3,,10/14/2022 1:00,,,,10,,,,,120,2.58,340.56,,,,,,,,,,,,
30152,10.02116653v1,10,,2,3,,10/14/2022 1:00,,,,10,,,,,120,2.58,340.56,,,,,,,,,,,,
30153,12.02119940v1,12,,4,3,,10/14/2022 19:49,,,,9,,,,,107,3.33,399.6,,,,,,,,,,,,
30154,10.0256755v1,10,,2,3,,10/13/2022 23:16,,,,209,,,,,2500,1.62,4082.4,,,,,,,,,,,,
30155,10.03119646v2,10,,2,1,,10/17/2022 14:09,,,,42,,,,,500,1.96,1011.36,,,,,,,,,,,,
30155,10.02119639v2,10,,2,1,,10/17/2022 14:09,,,,42,,,,,500,1.96,1011.36,,,,,,,,,,,,
30156,10.02119770v1,10,,2,3,,10/13/2022 22:04,,,,5,,,,,60,3.66,263.52,,,,,,,,,,,,
30157,55.02119960v1,55,,114,1,,10/14/2022 15:46,,,,21,,,,,250,1.96,517.44,,,,,,,,,,,,
30157,55.02119959v1,55,,114,1,,10/14/2022 15:46,,,,21,,,,,250,1.96,517.44,,,,,,,,,,,,
30158,10.02104482v1,10,,2,3,,10/13/2022 22:59,,,,5,,,,,60,3.66,263.52,,,,,,,,,,,,
30159,10.02117613v8,10,,2,3,,10/14/2022 13:11,,,,17,,,,,200,2.41,520.56,,,,,,,,,,,,
30160,10.02108011v2,10,,2,3,,10/14/2022 14:01,,,,17,,,,,200,2.41,520.56,,,,,,,,,,,,
30162,10.02104817v1,10,,2,3,,10/14/2022 16:09,,,,10,,,,,120,2.58,340.56,,,,,,,,,,,,
30163,10.02119970v1,10,,2,3,,10/14/2022 18:26,,,,12,,,,,140,2.41,375.96,,,,,,,,,,,,
30164,10.02101384v1,10,,2,3,,10/17/2022 15:51,,,,5,,,,,60,3.66,263.52,,,,,,,,,,,,
30165,17.02119923v1,17,,9,4,,10/17/2022 13:59,,,,38,,,,,450,2.41,1127.88,,,,,,,,,,,,
30165,17.02119926v1,17,,9,4,,10/17/2022 13:59,,,,38,,,,,450,2.41,1127.88,,,,,,,,,,,,
30166,55.02120666v1,55,,114,3,,10/18/2022 16:34,,,,10,,,,,120,2.66,351.12,,,,,,,,,,,,
30167,17.0242644v2,17,,9,1,,10/18/2022 18:11,,,,50,,,,,600,1.88,1150.56,,,,,,,,,,,,
30168,10.02119445v2,10,,2,3,,10/14/2022 18:30,,,,9,,,,,100,3.58,429.6,,,,,,,,,,,,
30169,10.02119506v2,10,,2,3,,10/14/2022 16:28,,,,25,,,,,300,2.41,751.92,,,,,,,,,,,,
30170,10.0290124v1,10,,2,3,,10/18/2022 16:06,,,,13,,,,,150,2.41,404.88,,,,,,,,,,,,
30171,10.02101199v2,10,,2,4,,10/14/2022 17:14,,,,5,,,,,60,2.58,185.76,,,,,,,,,,,,
30172,10.02118269v1,10,,2,3,,10/14/2022 16:47,,,,20,,,,,240,2.41,607.32,,,,,,,,,,,,
30175,10.02115440v1,10,,2,3,,10/14/2022 16:48,,,,20,,,,,240,2.41,607.32,,,,,,,,,,,,
30176,10.02119325v3,10,,2,3,,10/17/2022 21:34,,,,25,,,,,300,2.41,751.92,,,,,,,,,,,,
30177,10.02120572v1,10,,2,3,,10/17/2022 23:14,,,,13,,,,,153,2.41,404.88,,,,,,,,,,,,
30177,10.02120570v1,10,,2,3,,10/17/2022 23:14,,,,13,,,,,153,2.41,404.88,,,,,,,,,,,,
30178,10.02119857v1,10,,2,3,,10/14/2022 18:37,,,,5,,,,,60,3.66,263.52,,,,,,,,,,,,
30179,10.0366230v1,10,,2,3,,10/17/2022 16:45,,,,5,,,,,60,3.66,263.52,,,,,,,,,,,,
30179,12.0258305v1,12,,4,3,,10/17/2022 16:45,,,,5,,,,,60,3.41,245.52,,,,,,,,,,,,
30180,10.02119505v1,10,,2,3,,10/14/2022 23:35,,,,10,,,,,120,2.58,340.56,,,,,,,,,,,,
30181,10.02119239v1,10,,2,3,,10/14/2022 20:56,,,,5,,,,,60,3.66,263.52,,,,,,,,,,,,
30183,10.0236742v1,10,,2,3,,10/14/2022 21:08,,,,9,,,,,102,3.58,429.6,,,,,,,,,,,,
30184,10.02120176v1,10,,2,4,,10/18/2022 14:09,,,,17,,,,,200,2.41,520.56,,,,,,,,,,,,
30185,10.02118622v2,10,,2,3,,10/14/2022 23:00,,,,9,,,,,100,3.58,429.6,,,,,,,,,,,,
30187,55.02103610v2,55,,114,3,,10/17/2022 13:39,,,,5,,,,,60,3.74,269.28,,,,,,,,,,,,
30188,17.02118422v3,17,,9,3,,10/17/2022 15:51,,,,5,,,,,60,3.66,263.52,,,,,,,,,,,,
30189,10.02119432v2,10,,2,4,,10/20/2022 17:45,,,,6,,,,,62,2.58,216.72,,,,,,,,,,,,
30190,10.02106143v4,10,,2,3,,10/17/2022 21:22,,,,92,,,,,1100,1.91,2131.56,,,,,,,,,,,,
30190,10.02106002v1,10,,2,3,,10/17/2022 21:22,,,,92,,,,,1100,1.91,2131.56,,,,,,,,,,,,
30190,10.02101182v2,10,,2,3,,10/17/2022 21:22,,,,92,,,,,1100,1.91,2131.56,,,,,,,,,,,,
30190,10.02101186v4,10,,2,3,,10/17/2022 21:22,,,,92,,,,,1100,1.91,2131.56,,,,,,,,,,,,
30190,10.02101188v2,10,,2,3,,10/17/2022 21:22,,,,92,,,,,1100,1.91,2131.56,,,,,,,,,,,,
30190,10.02106144v3,10,,2,3,,10/17/2022 21:22,,,,92,,,,,1100,1.91,2131.56,,,,,,,,,,,,
30190,10.02106150v4,10,,2,3,,10/17/2022 21:22,,,,92,,,,,1100,1.91,2131.56,,,,,,,,,,,,
30190,10.02106372v2,10,,2,3,,10/17/2022 21:22,,,,92,,,,,1100,1.91,2131.56,,,,,,,,,,,,
30191,10.02114862v4,10,,2,4,,10/17/2022 15:49,,,,20,,,,,240,2.41,607.32,,,,,,,,,,,,
30192,55.02117208v3,55,,114,3,,10/17/2022 15:55,,,,9,,,,,100,3.66,439.2,,,,,,,,,,,,
30192,10.02117750v9,10,,2,3,,10/17/2022 15:55,,,,9,,,,,100,3.58,429.6,,,,,,,,,,,,
30193,10.02118513v1,10,,2,3,,10/17/2022 21:54,,,,10,,,,,120,2.58,340.56,,,,,,,,,,,,
30193,10.02118514v1,10,,2,3,,10/17/2022 21:54,,,,20,,,,,240,2.41,607.32,,,,,,,,,,,,
30194,46.02119941v3,46,,113,3,,10/17/2022 22:55,,,,10,,,,,120,2.58,340.56,,,,,,,,,,,,
30194,10.02119933v2,10,,2,3,,10/17/2022 22:55,,,,10,,,,,120,2.58,340.56,,,,,,,,,,,,
30195,10.02114923v2,10,,2,4,,10/18/2022 21:49,,,,9,,,,,100,2.58,309.6,,,,,,,,,,,,
30196,11.02119318v2,11,,3,4,,10/18/2022 14:03,,,,5,,,,,60,2.83,203.76,,,,,,,,,,,,
30196,11.02119316v2,11,,3,4,,10/18/2022 14:03,,,,5,,,,,60,2.83,203.76,,,,,,,,,,,,
30197,10.02112435v4,10,,2,3,,10/17/2022 17:10,,,,22,,,,,260,2.41,665.16,,,,,,,,,,,,
30198,10.02118559v1,10,,2,3,,10/17/2022 17:05,,,,43,,,,,505,2.41,1272.48,,,,,,,,,,,,
30199,10.02119650v2,10,,2,3,,10/17/2022 21:46,,,,10,,,,,120,2.58,340.56,,,,,,,,,,,,
30200,10.02106814v2,10,,2,3,,10/17/2022 17:41,,,,10,,,,,120,2.58,340.56,,,,,,,,,,,,
30204,10.02119525v1,10,,2,4,,10/17/2022 23:45,,,,9,,,,,100,2.58,309.6,,,,,,,,,,,,
30205,10.02118897v1,10,,2,4,,10/17/2022 20:54,,,,7,,,,,75,2.58,247.68,,,,,,,,,,,,
30206,55.02111035v3,55,,114,1,,10/17/2022 21:05,,,,20,,,,,240,1.96,493.92,,,,,,,,,,,,
30207,10.0215900v10,10,,2,1,,10/18/2022 21:12,,,,60,,,,,720,1.79,1310.28,,,,,,,,,,,,
30208,55.02119314v4,55,,114,3,,10/17/2022 21:22,,,,84,,,,,1000,2.1,2142,,,,,,,,,,,,
30209,10.02118672v2,10,,2,4,,10/17/2022 22:42,,,,5,,,,,60,2.58,185.76,,,,,,,,,,,,
30209,10.02118668v2,10,,2,4,,10/17/2022 22:42,,,,5,,,,,60,2.58,185.76,,,,,,,,,,,,
30210,55.02120629v1,55,,114,1,,10/18/2022 14:33,,,,6,,,,,62,2.56,215.04,,,,,,,,,,,,
30211,55.02117726v2,55,,114,3,,10/18/2022 13:39,,,,6,,,,,61,3.74,314.16,,,,,,,,,,,,
30211,55.02117725v2,55,,114,3,,10/18/2022 13:39,,,,6,,,,,61,3.74,314.16,,,,,,,,,,,,
30211,55.02117723v1,55,,114,3,,10/18/2022 13:39,,,,6,,,,,61,3.74,314.16,,,,,,,,,,,,
30211,55.02117722v1,55,,114,3,,10/18/2022 13:39,,,,6,,,,,61,3.74,314.16,,,,,,,,,,,,
30212,10.02102186v2,10,,2,1,,10/26/2022 15:44,,,,10,,,,,120,2.23,294.36,,,,,,,,,,,,
30213,10.02119618v1,10,,2,4,,10/18/2022 13:58,,,,42,,,,,500,2.41,1243.56,,,,,,,,,,,,
30214,10.0217863v3,10,,2,4,,10/18/2022 18:47,,,,5,,,,,60,2.58,185.76,,,,,,,,,,,,
30215,10.0297618v1,10,,2,1,,10/18/2022 17:03,,,,13,,,,,150,1.96,329.28,,,,,,,,,,,,
30216,10.02120264v1,10,,2,1,,10/24/2022 15:26,,,,5,,,,,60,2.56,184.32,,,,,,,,,,,,
30217,10.03121443v1,10,,2,1,,10/21/2022 20:32,,,,6,,,,,70,2.56,215.04,,,,,,,,,,,,
30218,10.02114940v4,10,,2,1,,10/21/2022 17:35,,,,209,,,,,2500,1.6,4032,,,,,,,,,,,,
30219,10.0285466v1,10,,2,1,,10/18/2022 17:08,,,,21,,,,,250,1.96,517.44,,,,,,,,,,,,
30220,10.02119507v1,10,,2,1,,10/18/2022 16:37,,,,25,,,,,300,1.96,611.52,,,,,,,,,,,,
30221,10.02115178v2,10,,2,3,,10/18/2022 18:24,,,,21,,,,,250,2.41,636.24,,,,,,,,,,,,
30222,55.02120424v1,55,,114,3,,10/18/2022 17:57,,,,20,,,,,240,2.49,627.48,,,,,,,,,,,,
30223,10.0299298v1,10,,2,3,,10/18/2022 18:23,,,,14,,,,,165,2.41,433.8,,,,,,,,,,,,
30224,10.02119606v3,10,,2,3,,10/18/2022 19:19,,,,10,,,,,120,2.58,340.56,,,,,,,,,,,,
30225,55.02119866v4,55,,114,4,,10/18/2022 18:03,,,,6,,,,,65,2.75,231,,,,,,,,,,,,
30226,10.02120498v1,10,,2,4,,10/18/2022 19:18,,,,5,,,,,60,2.58,185.76,,,,,,,,,,,,
30226,10.02120503v1,10,,2,4,,10/18/2022 19:18,,,,5,,,,,60,2.58,185.76,,,,,,,,,,,,
30227,10.02119978v2,10,,2,4,,10/18/2022 18:05,,,,9,,,,,100,2.58,309.6,,,,,,,,,,,,
30228,10.02119807v2,10,,2,4,,10/18/2022 18:25,,,,9,,,,,100,2.58,309.6,,,,,,,,,,,,
30229,10.0216095v1,10,,2,4,,10/18/2022 20:22,,,,10,,,,,120,2.58,340.56,,,,,,,,,,,,
30229,10.0216094v1,10,,2,4,,10/18/2022 20:22,,,,10,,,,,120,2.58,340.56,,,,,,,,,,,,
30230,14.06119489v2,14,,6,3,,10/19/2022 19:12,,,,17,,,,,201,1.45,313.2,,,,,,,,,,,,
30230,10.04119822v1,10,,2,3,,10/19/2022 19:12,,,,6,,,,,61,3.66,307.44,,,,,,,,,,,,
30230,10.04119822v2,10,,2,3,,10/19/2022 19:12,,,,6,,,,,61,3.66,307.44,,,,,,,,,,,,
30231,12.02120051v1,12,,4,3,,10/18/2022 19:35,,,,7,,,,,80,3.41,327.36,,,,,,,,,,,,
30231,10.02120048v1,10,,2,3,,10/18/2022 19:35,,,,14,,,,,160,2.41,433.8,,,,,,,,,,,,
30232,55.02120517v1,55,,114,3,,10/21/2022 20:38,,,,20,,,,,240,2.49,627.48,,,,,,,,,,,,
30233,10.02120069v3,10,,2,3,,10/18/2022 19:50,,,,11,,,,,125,2.58,371.52,,,,,,,,,,,,
30234,55.0294696v2,55,,114,3,,10/18/2022 19:58,,,,5,,,,,60,3.74,269.28,,,,,,,,,,,,
30235,10.0233247v1,10,,2,1,,10/19/2022 17:05,,,,11,,,,,125,2.23,321.12,,,,,,,,,,,,
30236,10.02119114v2,10,,2,3,,10/18/2022 20:40,,,,10,,,,,120,2.58,340.56,,,,,,,,,,,,
30237,10.0281545v5,10,,2,4,,10/19/2022 16:59,,,,68,,,,,810,1.91,1581.48,,,,,,,,,,,,
30238,10.02119911v2,10,,2,3,,10/19/2022 15:11,,,,5,,,,,60,3.66,263.52,,,,,,,,,,,,
30239,10.02120519v1,10,,2,3,,10/19/2022 0:07,,,,17,,,,,200,2.41,520.56,,,,,,,,,,,,
30239,12.02120612v2,12,,4,3,,10/19/2022 0:07,,,,13,,,,,150,2.16,362.88,,,,,,,,,,,,
30240,10.02114692v1,10,,2,1,,10/18/2022 21:35,,,,34,,,,,400,1.96,823.2,,,,,,,,,,,,
30241,10.02119757v1,10,,2,3,,10/19/2022 17:33,,,,21,,,,,250,2.41,636.24,,,,,,,,,,,,
30242,10.02117426v2,10,,2,4,,10/19/2022 21:08,,,,5,,,,,60,2.58,185.76,,,,,,,,,,,,
30243,10.0233313v1,10,,2,1,,10/19/2022 21:17,,,,5,,,,,60,2.56,184.32,,,,,,,,,,,,
30244,10.02105637v1,10,,2,1,,10/31/2022 18:14,,,,21,,,,,250,1.96,517.44,,,,,,,,,,,,
30245,10.02120628v2,10,,2,3,,10/18/2022 21:43,,,,10,,,,,120,2.58,340.56,,,,,,,,,,,,
30246,10.02120238v3,10,,2,4,,10/18/2022 22:35,,,,9,,,,,100,2.58,309.6,,,,,,,,,,,,
30247,10.0240294v4,10,,2,3,,10/18/2022 23:37,,,,21,,,,,250,2.41,636.24,,,,,,,,,,,,
30247,10.0233683v2,10,,2,3,,10/18/2022 23:37,,,,21,,,,,250,2.41,636.24,,,,,,,,,,,,
30248,55.02119526v1,55,,114,3,,10/18/2022 22:17,,,,5,,,,,60,3.74,269.28,,,,,,,,,,,,
30248,17.02119577v1,17,,9,3,,10/18/2022 22:17,,,,5,,,,,60,3.66,263.52,,,,,,,,,,,,
30248,55.02119533v1,55,,114,3,,10/18/2022 22:17,,,,5,,,,,60,3.74,269.28,,,,,,,,,,,,
30249,10.02112420v3,10,,2,1,,10/19/2022 19:53,,,,84,,,,,1000,1.79,1825.8,,,,,,,,,,,,
30251,10.02106963v1,10,,2,3,,10/20/2022 0:29,,,,9,,,,,100,3.58,429.6,,,,,,,,,,,,
30251,10.02106966v1,10,,2,3,,10/20/2022 0:29,,,,9,,,,,100,3.58,429.6,,,,,,,,,,,,
30251,10.02106959v1,10,,2,3,,10/20/2022 0:29,,,,9,,,,,100,3.58,429.6,,,,,,,,,,,,
30251,10.02108423v1,10,,2,3,,10/20/2022 0:29,,,,9,,,,,100,3.58,429.6,,,,,,,,,,,,
30251,10.02108422v1,10,,2,3,,10/20/2022 0:29,,,,9,,,,,100,3.58,429.6,,,,,,,,,,,,
30251,10.02106960v1,10,,2,3,,10/20/2022 0:29,,,,7,,,,,75,3.66,351.36,,,,,,,,,,,,
30252,10.02108425v1,10,,2,3,,10/19/2022 23:01,,,,9,,,,,100,3.58,429.6,,,,,,,,,,,,
30252,10.02108421v1,10,,2,3,,10/19/2022 23:01,,,,9,,,,,100,3.58,429.6,,,,,,,,,,,,
30253,10.02104156v1,10,,2,4,,10/24/2022 18:39,,,,6,,,,,72,2.58,216.72,,,,,,,,,,,,
30253,10.02117149v1,10,,2,4,,10/24/2022 18:39,,,,6,,,,,72,2.58,216.72,,,,,,,,,,,,
30254,10.02116736v5,10,,2,1,,10/20/2022 18:15,,,,75,,,,,900,1.79,1632.48,,,,,,,,,,,,
30254,10.02116742v4,10,,2,1,,10/20/2022 18:15,,,,75,,,,,900,1.79,1632.48,,,,,,,,,,,,
30255,10.02120430v2,10,,2,3,,10/19/2022 2:03,,,,5,,,,,60,3.66,263.52,,,,,,,,,,,,
30256,10.02120678v1,10,,2,3,,10/19/2022 5:40,,,,6,,,,,62,3.66,307.44,,,,,,,,,,,,
30257,10.02117309v3,10,,2,3,,10/19/2022 13:36,,,,10,,,,,120,2.58,340.56,,,,,,,,,,,,
30258,10.02120834v1,10,,2,1,,10/19/2022 14:54,,,,84,,,,,1000,1.79,1825.8,,,,,,,,,,,,
30259,12.02113548v3,12,,4,1,,10/21/2022 22:49,,,,80,,,,,955,1.38,1341.36,,,,,,,,,,,,
30260,10.02114113v4,10,,2,1,,10/20/2022 23:12,,,,292,,,,,3500,1.6,5625.6,,,,,,,,,,,,
30261,10.0273734v1,10,,2,3,,10/27/2022 18:32,,,,34,,,,,400,2.41,1012.2,,,,,,,,,,,,
30262,10.0245686v1,10,,2,4,,10/19/2022 19:12,,,,5,,,,,60,2.58,185.76,,,,,,,,,,,,
30263,10.02119824v1,10,,2,3,,10/19/2022 15:39,,,,6,,,,,61,3.66,307.44,,,,,,,,,,,,
30264,46.02102108v2,46,,113,3,,10/20/2022 13:26,,,,5,,,,,60,3.66,263.52,,,,,,,,,,,,
30265,10.02120708v1,10,,2,3,,10/19/2022 15:43,,,,9,,,,,100,3.58,429.6,,,,,,,,,,,,
30266,13.0561511v3,13,,5,3,,10/25/2022 13:12,,,,17,,,,,200,1.45,313.2,,,,,,,,,,,,
30267,10.02119780v1,10,,2,3,,10/19/2022 20:08,,,,11,,,,,125,2.58,371.52,,,,,,,,,,,,
30267,10.02120711v1,10,,2,3,,10/19/2022 20:08,,,,11,,,,,125,2.58,371.52,,,,,,,,,,,,
30268,10.02119690v1,10,,2,3,,10/19/2022 16:42,,,,21,,,,,250,2.41,636.24,,,,,,,,,,,,
30269,10.02120047v1,10,,2,4,,10/19/2022 18:28,,,,57,,,,,675,2.16,1503.36,,,,,,,,,,,,
30270,10.02120518v1,10,,2,3,,10/20/2022 20:01,,,,44,,,,,525,2.41,1301.4,,,,,,,,,,,,
30271,10.02119951v1,10,,2,3,,10/20/2022 19:01,,,,25,,,,,300,2.41,751.92,,,,,,,,,,,,
30273,44.02112166v1,44,,21,1,,10/19/2022 16:58,,,,5,,,,,60,2.56,184.32,,,,,,,,,,,,
30274,10.02115766v3,10,,2,3,,10/19/2022 19:35,,,,10,,,,,120,2.58,340.56,,,,,,,,,,,,
30275,10.02109875v1,10,,2,4,,10/19/2022 16:41,,,,5,,,,,60,2.58,185.76,,,,,,,,,,,,
30275,10.02109869v1,10,,2,4,,10/19/2022 16:41,,,,5,,,,,60,2.58,185.76,,,,,,,,,,,,
30276,10.02120630v1,10,,2,3,,10/19/2022 19:28,,,,15,,,,,180,2.41,462.72,,,,,,,,,,,,
30277,10.0291788v1,10,,2,3,,10/19/2022 22:28,,,,17,,,,,200,2.41,520.56,,,,,,,,,,,,
30278,10.02113148v8,10,,2,3,,10/19/2022 21:19,,,,24,,,,,280,2.41,723,,,,,,,,,,,,
30279,10.02120938v1,10,,2,3,,10/19/2022 17:42,,,,10,,,,,120,2.58,340.56,,,,,,,,,,,,
30280,10.02116918v1,10,,2,1,,10/20/2022 14:27,,,,137,,,,,1634,1.71,2831.76,,,,,,,,,,,,
30281,10.02109553v1,10,,2,3,,10/20/2022 12:53,,,,20,,,,,240,2.41,607.32,,,,,,,,,,,,
30282,10.0263397v2,10,,2,1,,10/19/2022 19:16,,,,40,,,,,480,1.96,964.32,,,,,,,,,,,,
30283,10.0299224v1,10,,2,3,,10/19/2022 17:55,,,,17,,,,,200,2.41,520.56,,,,,,,,,,,,
30284,55.02117470v1,55,,114,3,,10/19/2022 18:04,,,,21,,,,,250,2.49,657.36,,,,,,,,,,,,
30286,10.02115579v4,10,,2,1,,10/19/2022 19:26,,,,5,,,,,60,2.56,184.32,,,,,,,,,,,,
30287,10.02121045v1,10,,2,4,,10/19/2022 20:36,,,,7,,,,,75,2.58,247.68,,,,,,,,,,,,
30288,10.02120745v1,10,,2,3,,10/19/2022 19:50,,,,17,,,,,204,2.41,520.56,,,,,,,,,,,,
30289,10.02116685v3,10,,2,1,,10/19/2022 19:41,,,,5,,,,,60,2.56,184.32,,,,,,,,,,,,
30291,10.02120940v1,10,,2,4,,10/19/2022 18:59,,,,5,,,,,60,2.58,185.76,,,,,,,,,,,,
30292,10.03115518v1,10,,2,1,,10/19/2022 22:39,,,,25,,,,,300,1.96,611.52,,,,,,,,,,,,
30292,10.01121100v1,10,,2,1,,10/19/2022 22:39,,,,5,,,,,60,2.56,184.32,,,,,,,,,,,,
30293,10.0298232v2,10,,2,4,,10/19/2022 20:43,,,,10,,,,,120,2.58,340.56,,,,,,,,,,,,
30294,10.02120729v1,10,,2,1,,11/14/2022 18:31,,,,5,,,,,60,2.56,184.32,,,,,,,,,,,,
30294,10.02120295v1,10,,2,1,,11/14/2022 18:31,,,,5,,,,,60,2.56,184.32,,,,,,,,,,,,
30295,10.02116968v1,10,,2,3,,10/19/2022 20:44,,,,10,,,,,120,2.58,340.56,,,,,,,,,,,,
30297,10.02119990v3,10,,2,1,,10/19/2022 23:53,,,,9,,,,,100,2.56,307.2,,,,,,,,,,,,
30298,10.02120758v1,10,,2,3,,10/20/2022 16:03,,,,21,,,,,250,2.41,636.24,,,,,,,,,,,,
30298,10.03121172v1,10,,2,3,,10/20/2022 16:03,,,,21,,,,,250,2.41,636.24,,,,,,,,,,,,
30299,55.02121241v1,55,,114,3,,10/19/2022 22:00,,,,25,,,,,300,2.49,776.88,,,,,,,,,,,,
30299,10.02121236v1,10,,2,3,,10/19/2022 22:00,,,,30,,,,,360,2.41,896.52,,,,,,,,,,,,
30300,10.02120846v2,10,,2,3,,10/19/2022 21:49,,,,13,,,,,150,2.41,404.88,,,,,,,,,,,,
30301,55.02120746v1,55,,114,4,,10/20/2022 17:59,,,,42,,,,,500,2.58,1331.28,,,,,,,,,,,,
30302,10.02116572v2,10,,2,3,,10/21/2022 18:30,,,,30,,,,,360,2.41,896.52,,,,,,,,,,,,
30303,10.02121169v2,10,,2,3,,10/20/2022 20:17,,,,20,,,,,240,2.41,607.32,,,,,,,,,,,,
30304,55.02114314v1,55,,114,3,,10/20/2022 13:48,,,,5,,,,,60,3.74,269.28,,,,,,,,,,,,
30305,10.02119724v1,10,,2,1,,10/20/2022 23:11,,,,11,,,,,125,2.23,321.12,,,,,,,,,,,,
30306,10.02121204v1,10,,2,3,,10/19/2022 23:45,,,,10,,,,,120,2.58,340.56,,,,,,,,,,,,
30307,55.02120980v1,55,,114,3,,10/20/2022 16:14,,,,10,,,,,120,2.66,351.12,,,,,,,,,,,,
30308,10.0288603v2,10,,2,3,,10/20/2022 3:14,,,,10,,,,,120,2.58,340.56,,,,,,,,,,,,
30309,10.02121188v1,10,,2,3,,10/20/2022 3:30,,,,5,,,,,60,3.66,263.52,,,,,,,,,,,,
30310,10.02120715v1,10,,2,3,,10/20/2022 13:26,,,,21,,,,,250,2.41,636.24,,,,,,,,,,,,
30311,10.02121196v1,10,,2,4,,10/20/2022 14:00,,,,5,,,,,60,2.58,185.76,,,,,,,,,,,,
30312,46.02117391v2,46,,113,3,,10/20/2022 22:07,,,,21,,,,,250,2.41,636.24,,,,,,,,,,,,
30313,10.02120837v1,10,,2,4,,10/20/2022 17:25,,,,5,,,,,60,2.58,185.76,,,,,,,,,,,,
30314,10.02119603v5,10,,2,3,,10/31/2022 23:00,,,,34,,,,,400,2.41,1012.2,,,,,,,,,,,,
30315,10.02119093v2,10,,2,3,,10/24/2022 15:14,,,,15,,,,,180,2.41,462.72,,,,,,,,,,,,
30316,10.0239396v2,10,,2,3,,11/2/2022 14:59,,,,5,,,,,60,3.66,263.52,,,,,,,,,,,,
30317,10.0237392v3,10,,2,4,,10/20/2022 15:15,,,,5,,,,,60,2.58,185.76,,,,,,,,,,,,
30317,10.0237280v1,10,,2,4,,10/20/2022 15:15,,,,5,,,,,60,2.58,185.76,,,,,,,,,,,,
30318,10.02120975v1,10,,2,4,,10/20/2022 15:43,,,,6,,,,,63,2.58,216.72,,,,,,,,,,,,
30319,10.02120028v3,10,,2,1,,10/27/2022 15:23,,,,10,,,,,120,2.23,294.36,,,,,,,,,,,,
30320,9102121473v1,910,500,25,5,44887,10/20/2022 21:58,Distributor,existingbusiness,9979799910,42,0.76,90,482.16,470,,,,,,,,,,,,,,,
30321,10.02120288v1,10,,2,4,,10/20/2022 16:40,,,,7,,,,,80,2.58,247.68,,,,,,,,,,,,
30322,10.02116790v2,10,,2,4,,10/20/2022 16:43,,,,5,,,,,60,2.58,185.76,,,,,,,,,,,,
30323,10.02105931v1,10,,2,1,,10/20/2022 18:27,,,,84,,,,,1000,1.79,1825.8,,,,,,,,,,,,
30324,17.02121137v2,17,,9,4,,10/20/2022 17:53,,,,5,,,,,60,2.58,185.76,,,,,,,,,,,,
30324,17.02121135v2,17,,9,4,,10/20/2022 17:53,,,,5,,,,,60,2.58,185.76,,,,,,,,,,,,
30324,17.02121130v2,17,,9,4,,10/20/2022 17:53,,,,5,,,,,60,2.58,185.76,,,,,,,,,,,,
30324,17.02121138v2,17,,9,4,,10/20/2022 17:53,,,,5,,,,,60,2.58,185.76,,,,,,,,,,,,
30326,10.0284005v5,10,,2,3,,10/20/2022 21:07,,,,21,,,,,250,2.41,636.24,,,,,,,,,,,,
30327,10.02120077v5,10,,2,4,,10/22/2022 0:42,,,,9,,,,,100,2.58,309.6,,,,,,,,,,,,
30328,10.02117672v9,10,,2,3,,10/20/2022 19:28,,,,10,,,,,120,2.58,340.56,,,,,,,,,,,,
30330,10.02120246v1,10,,2,3,,10/20/2022 20:38,,,,11,,,,,121,2.58,371.52,,,,,,,,,,,,
30331,10.02118411v1,10,,2,4,,10/20/2022 21:23,,,,14,,,,,165,2.41,433.8,,,,,,,,,,,,
30331,10.02121489v1,10,,2,3,,10/20/2022 20:00,,,,10,,,,,120,2.58,340.56,,,,,,,,,,,,
30332,10.02120716v3,10,,2,3,,10/20/2022 20:40,,,,40,,,,,480,2.41,1185.72,,,,,,,,,,,,
30333,10.0292691v1,10,,2,4,,10/20/2022 21:17,,,,5,,,,,60,2.58,185.76,,,,,,,,,,,,
30334,10.0229935v3,10,,2,4,,10/26/2022 12:38,,,,5,,,,,60,2.58,185.76,,,,,,,,,,,,
30335,10.0443499v1,10,,2,3,,10/24/2022 18:42,,,,10,,,,,120,2.58,340.56,,,,,,,,,,,,
30336,10.02107138v1,10,,2,4,,10/21/2022 15:57,,,,10,,,,,120,2.58,340.56,,,,,,,,,,,,
30337,10.03121645v1,10,,2,4,,10/20/2022 22:40,,,,32,,,,,380,2.41,954.36,,,,,,,,,,,,
30337,10.01121646v1,10,,2,4,,10/20/2022 22:40,,,,9,,,,,100,2.58,309.6,,,,,,,,,,,,
30338,10.0232805v1,10,,2,3,,10/21/2022 16:57,,,,20,,,,,240,2.41,607.32,,,,,,,,,,,,
30339,10.01121659v1,10,,2,4,,10/20/2022 22:46,,,,9,,,,,100,2.58,309.6,,,,,,,,,,,,
30339,10.03121658v1,10,,2,4,,10/20/2022 22:46,,,,32,,,,,380,2.41,954.36,,,,,,,,,,,,
30340,10.02120982v3,10,,2,3,,10/20/2022 23:08,,,,20,,,,,240,2.41,607.32,,,,,,,,,,,,
30341,10.02121712v3,10,,2,3,,10/20/2022 22:59,,,,17,,,,,200,2.41,520.56,,,,,,,,,,,,
30342,55.02121171v1,55,,114,1,,10/21/2022 14:19,,,,10,,,,,120,2.23,294.36,,,,,,,,,,,,
30343,10.02117455v1,10,,2,3,,11/8/2022 16:35,,,,13,,,,,150,2.41,404.88,,,,,,,,,,,,
30343,10.02117270v1,10,,2,3,,11/8/2022 16:35,,,,13,,,,,150,2.41,404.88,,,,,,,,,,,,
30344,10.02120775v5,10,,2,3,,10/20/2022 23:06,,,,10,,,,,120,2.58,340.56,,,,,,,,,,,,
30345,55.02120861v1,55,,114,1,,10/25/2022 19:51,,,,9,,,,,100,2.56,307.2,,,,,,,,,,,,
30346,10.02116944v2,10,,2,1,,10/21/2022 16:03,,,,10,,,,,120,2.23,294.36,,,,,,,,,,,,
30347,10.0226520v2,10,,2,3,,10/21/2022 15:15,,,,13,,,,,150,2.41,404.88,,,,,,,,,,,,
30348,10.02117234v1,10,,2,4,,11/29/2022 22:44,,,,5,,,,,60,2.58,185.76,,,,,,,,,,,,
30348,10.02117221v1,10,,2,4,,11/29/2022 22:44,,,,5,,,,,60,2.58,185.76,,,,,,,,,,,,
30349,10.02120842v2,10,,2,4,,10/21/2022 15:01,,,,5,,,,,60,2.58,185.76,,,,,,,,,,,,
30350,46.02119393v1,46,,113,3,,10/21/2022 16:33,,,,17,,,,,200,2.41,520.56,,,,,,,,,,,,
30350,46.02119390v1,46,,113,3,,10/21/2022 16:33,,,,17,,,,,200,2.41,520.56,,,,,,,,,,,,
30351,10.02119670v2,10,,2,3,,10/21/2022 15:07,,,,13,,,,,150,2.41,404.88,,,,,,,,,,,,
30352,10.02120910v3,10,,2,3,,10/25/2022 13:57,,,,113,,,,,1350,1.91,2612.88,,,,,,,,,,,,
30353,10.02120905v1,10,,2,4,,10/21/2022 15:31,,,,5,,,,,60,2.58,185.76,,,,,,,,,,,,
30354,10.02117888v1,10,,2,3,,10/21/2022 16:11,,,,50,,,,,600,2.16,1321.92,,,,,,,,,,,,
30355,10.02121021v1,10,,2,3,,10/21/2022 17:31,,,,25,,,,,300,2.41,751.92,,,,,,,,,,,,
30356,10.0218471v13,10,,2,4,,10/24/2022 15:42,,,,6,,,,,61,2.58,216.72,,,,,,,,,,,,
30357,10.02121631v2,10,,2,4,,10/21/2022 17:09,,,,9,,,,,101,2.58,309.6,,,,,,,,,,,,
30358,10.02109994v1,10,,2,3,,10/21/2022 16:18,,,,21,,,,,250,2.41,636.24,,,,,,,,,,,,
30359,17.02119024v1,17,,9,3,,10/21/2022 16:33,,,,32,,,,,380,2.41,954.36,,,,,,,,,,,,
30360,10.0284007v1,10,,2,1,,10/21/2022 16:30,,,,10,,,,,120,2.23,294.36,,,,,,,,,,,,
30361,55.02121769v1,55,,114,4,,10/21/2022 16:40,,,,5,,,,,60,2.75,198,,,,,,,,,,,,
30362,10.01121615v3,10,,2,4,,10/21/2022 16:43,,,,9,,,,,100,2.58,309.6,,,,,,,,,,,,
30362,10.03121614v2,10,,2,4,,10/21/2022 16:43,,,,32,,,,,380,2.41,954.36,,,,,,,,,,,,
30363,10.0262484v1,10,,2,3,,10/21/2022 17:38,,,,40,,,,,480,2.41,1185.72,,,,,,,,,,,,
30364,10.02118907v1,10,,2,3,,10/21/2022 17:31,,,,8,,,,,85,3.58,386.64,,,,,,,,,,,,
30365,10.02121842v1,10,,2,3,,10/24/2022 13:24,,,,10,,,,,120,2.58,340.56,,,,,,,,,,,,
30366,46.02118504v3,46,,113,1,,10/24/2022 22:54,,,,150,,,,,1800,1.71,3098.52,,,,,,,,,,,,
30367,10.02119825v1,10,,2,3,,10/21/2022 18:49,,,,15,,,,,175,2.41,462.72,,,,,,,,,,,,
30368,10.02120383v1,10,,2,3,,10/21/2022 20:04,,,,6,,,,,64,3.66,307.44,,,,,,,,,,,,
30369,10.0229564v1,10,,2,3,,10/24/2022 19:15,,,,30,,,,,360,2.41,896.52,,,,,,,,,,,,
30370,17.02121688v2,17,,9,3,,10/21/2022 19:09,,,,10,,,,,120,2.58,340.56,,,,,,,,,,,,
30371,10.02118751v2,10,,2,3,,10/25/2022 22:07,,,,10,,,,,120,2.58,340.56,,,,,,,,,,,,
30372,10.02105353v1,10,,2,3,,10/24/2022 17:10,,,,20,,,,,240,2.41,607.32,,,,,,,,,,,,
30372,10.02105345v1,10,,2,3,,10/24/2022 17:10,,,,10,,,,,120,2.58,340.56,,,,,,,,,,,,
30373,10.02121788v1,10,,2,3,,10/21/2022 21:18,,,,10,,,,,120,2.58,340.56,,,,,,,,,,,,
30374,55.02120559v1,55,,114,3,,10/21/2022 22:39,,,,23,,,,,275,2.49,717.12,,,,,,,,,,,,
30375,10.02120707v1,10,,2,4,,10/21/2022 20:32,,,,13,,,,,145,2.41,404.88,,,,,,,,,,,,
30376,10.02105031v1,10,,2,1,,10/21/2022 20:22,,,,20,,,,,240,1.96,493.92,,,,,,,,,,,,
30377,10.02120693v4,10,,2,3,,10/21/2022 20:09,,,,10,,,,,120,2.58,340.56,,,,,,,,,,,,
30380,10.02119099v1,10,,2,1,,10/27/2022 17:20,,,,13,,,,,150,1.96,329.28,,,,,,,,,,,,
30381,10.0286659v1,10,,2,1,,10/21/2022 21:11,,,,42,,,,,500,1.96,1011.36,,,,,,,,,,,,
30382,10.02121745v1,10,,2,1,,10/24/2022 16:57,,,,11,,,,,125,2.23,321.12,,,,,,,,,,,,
30383,10.02120642v1,10,,2,3,,10/24/2022 16:19,,,,10,,,,,120,2.58,340.56,,,,,,,,,,,,
30384,10.02118947v2,10,,2,3,,10/21/2022 22:47,,,,10,,,,,120,2.58,340.56,,,,,,,,,,,,
30385,10.02118949v1,10,,2,3,,10/21/2022 22:47,,,,10,,,,,120,2.58,340.56,,,,,,,,,,,,
30386,12.02116571v1,12,,4,3,,10/25/2022 18:06,,,,10,,,,,120,2.33,307.56,,,,,,,,,,,,
30387,,70,,,3,44861,10/21/2022 23:12,,,,,,,,,,3.66,,28648,61,12625,28939,64,10635,60,94088,10/21/2022 23:05,10/27/2022,6,307.44
30387,,70,,,3,44861,10/21/2022 23:12,,,,,,,,,,3.66,,28634,61,12625,28937,73,10635,72,94088,10/21/2022 23:05,10/27/2022,6,307.44
30387,,70,,,3,44861,10/21/2022 23:12,,,,,,,,,,3.66,,28633,61,12625,28941,73,10635,72,94088,10/21/2022 23:05,10/27/2022,6,307.44
30388,10.02121851v1,10,,2,3,,10/24/2022 15:18,,,,17,,,,,200,2.41,520.56,,,,,,,,,,,,
30389,10.02121996v1,10,,2,1,,10/24/2022 16:21,,,,20,,,,,240,1.96,493.92,,,,,,,,,,,,
30390,10.02121956v1,10,,2,1,,10/24/2022 19:13,,,,7,,,,,75,2.56,245.76,,,,,,,,,,,,
30390,10.02121948v3,10,,2,1,,10/24/2022 19:13,,,,7,,,,,75,2.56,245.76,,,,,,,,,,,,
30392,10.02115583v2,10,,2,3,,10/24/2022 14:29,,,,84,,,,,1000,1.91,1948.2,,,,,,,,,,,,
30393,10.0248222v2,10,,2,4,,10/23/2022 21:07,,,,40,,,,,475,2.41,1185.72,,,,,,,,,,,,
30394,10.02101041v1,10,,2,1,,10/23/2022 21:47,,,,5,,,,,60,2.56,184.32,,,,,,,,,,,,
30395,10.02109166v3,10,,2,4,,10/24/2022 14:02,,,,10,,,,,120,2.58,340.56,,,,,,,,,,,,
30395,10.02109183v2,10,,2,4,,10/24/2022 14:02,,,,10,,,,,120,2.58,340.56,,,,,,,,,,,,
30396,10.0273818v3,10,,2,4,,10/24/2022 16:05,,,,10,,,,,120,2.58,340.56,,,,,,,,,,,,
30397,10.02121947v1,10,,2,4,,10/24/2022 14:32,,,,5,,,,,60,2.58,185.76,,,,,,,,,,,,
30398,10.02120783v2,10,,2,1,,10/24/2022 15:00,,,,7,,,,,75,2.56,245.76,,,,,,,,,,,,
30399,55.02121023v1,55,,114,1,,10/24/2022 17:23,,,,5,,,,,60,2.56,184.32,,,,,,,,,,,,
30399,55.02121024v1,55,,114,1,,10/24/2022 17:23,,,,5,,,,,60,2.56,184.32,,,,,,,,,,,,
30400,10.02121944v1,10,,2,1,,10/24/2022 22:14,,,,10,,,,,120,2.23,294.36,,,,,,,,,,,,
30401,10.02111065v1,10,,2,3,,10/24/2022 15:45,,,,20,,,,,240,2.41,607.32,,,,,,,,,,,,
30402,10.02121939v1,10,,2,1,,10/24/2022 16:08,,,,21,,,,,250,1.96,517.44,,,,,,,,,,,,
30403,10.02117797v1,10,,2,1,,10/24/2022 16:02,,,,14,,,,,165,1.96,352.8,,,,,,,,,,,,
30403,10.02117798v1,10,,2,1,,10/24/2022 16:02,,,,14,,,,,165,1.96,352.8,,,,,,,,,,,,
30404,10.02102135v1,10,,2,3,,10/24/2022 16:10,,,,42,,,,,500,2.41,1243.56,,,,,,,,,,,,
30405,10.02118438v2,10,,2,1,,10/27/2022 17:16,,,,22,,,,,258,1.96,540.96,,,,,,,,,,,,
30408,10.0220859v1,10,,2,4,,10/24/2022 17:15,,,,5,,,,,60,2.58,185.76,,,,,,,,,,,,
30408,10.0234299v3,10,,2,4,,10/24/2022 17:15,,,,5,,,,,60,2.58,185.76,,,,,,,,,,,,
30409,10.02121977v1,10,,2,4,,10/24/2022 17:16,,,,5,,,,,60,2.58,185.76,,,,,,,,,,,,
30410,10.02118502v1,10,,2,1,,10/24/2022 22:20,,,,42,,,,,500,1.96,1011.36,,,,,,,,,,,,
30411,10.02119849v2,10,,2,4,,10/24/2022 20:27,,,,5,,,,,60,2.58,185.76,,,,,,,,,,,,
30412,10.02121168v1,10,,2,4,,10/24/2022 22:01,,,,5,,,,,60,2.58,185.76,,,,,,,,,,,,
30413,10.0284729v1,10,,2,3,,10/24/2022 17:34,,,,10,,,,,120,2.58,340.56,,,,,,,,,,,,
30414,10.02122306v1,10,,2,3,,10/25/2022 16:47,,,,375,,,,,4500,1.62,7309.44,,,,,,,,,,,,
30415,10.02112691v1,10,,2,3,,10/24/2022 19:08,,,,15,,,,,175,2.41,462.72,,,,,,,,,,,,
30416,55.02119893v1,55,,114,3,,10/24/2022 21:13,,,,10,,,,,120,2.66,351.12,,,,,,,,,,,,
30417,13.05121116v2,13,,5,3,,10/25/2022 19:37,,,,20,,,,,240,1.45,365.4,,,,,,,,,,,,
30417,13.05121114v2,13,,5,3,,10/25/2022 19:37,,,,20,,,,,240,1.45,365.4,,,,,,,,,,,,
30418,10.02119349v1,10,,2,4,,10/24/2022 18:58,,,,5,,,,,60,2.58,185.76,,,,,,,,,,,,
30418,12.02122131v1,12,,4,4,,10/24/2022 18:58,,,,5,,,,,60,2.83,203.76,,,,,,,,,,,,
30419,10.02114018v2,10,,2,1,,10/24/2022 18:47,,,,84,,,,,1000,1.79,1825.8,,,,,,,,,,,,
30420,10.02121914v2,10,,2,3,,10/24/2022 22:02,,,,5,,,,,60,3.66,263.52,,,,,,,,,,,,
30420,10.02121735v1,10,,2,3,,10/24/2022 22:02,,,,5,,,,,60,3.66,263.52,,,,,,,,,,,,
30422,10.02119262v1,10,,2,1,,11/10/2022 16:47,,,,21,,,,,250,1.96,517.44,,,,,,,,,,,,
30422,10.02119261v1,10,,2,1,,11/10/2022 16:47,,,,21,,,,,250,1.96,517.44,,,,,,,,,,,,
30422,10.02119260v2,10,,2,1,,11/10/2022 16:47,,,,21,,,,,250,1.96,517.44,,,,,,,,,,,,
30423,10.0225572v1,10,,2,3,,10/24/2022 20:06,,,,20,,,,,240,2.41,607.32,,,,,,,,,,,,
30424,10.02121871v1,10,,2,1,,10/25/2022 13:54,,,,13,,,,,150,1.96,329.28,,,,,,,,,,,,
30425,55.02122127v1,55,,114,1,,10/24/2022 19:28,,,,13,,,,,150,1.96,329.28,,,,,,,,,,,,
30426,10.0297045v2,10,,2,1,,10/24/2022 20:11,,,,13,,,,,150,1.96,329.28,,,,,,,,,,,,
30427,10.02112661v1,10,,2,4,,10/24/2022 20:26,,,,6,,,,,61,2.58,216.72,,,,,,,,,,,,
30428,10.02119575v1,10,,2,3,,10/24/2022 22:15,,,,13,,,,,150,2.41,404.88,,,,,,,,,,,,
30429,55.02121571v1,55,,114,1,,10/26/2022 16:47,,,,5,,,,,60,2.56,184.32,,,,,,,,,,,,
30429,55.02121577v1,55,,114,1,,10/26/2022 16:47,,,,5,,,,,60,2.56,184.32,,,,,,,,,,,,
30430,55.02120134v2,55,,114,1,,10/24/2022 21:12,,,,5,,,,,60,2.56,184.32,,,,,,,,,,,,
30431,10.02107531v2,10,,2,3,,10/24/2022 21:22,,,,10,,,,,120,2.58,340.56,,,,,,,,,,,,
30432,10.02105219v7,10,,2,3,,10/25/2022 14:56,,,,7,,,,,80,3.66,351.36,,,,,,,,,,,,
30433,10.02121525v1,10,,2,4,,10/25/2022 18:29,,,,11,,,,,125,2.58,371.52,,,,,,,,,,,,
30433,10.02121524v1,10,,2,4,,10/25/2022 18:29,,,,11,,,,,125,2.58,371.52,,,,,,,,,,,,
30434,10.0283748v2,10,,2,3,,10/24/2022 22:38,,,,17,,,,,200,2.41,520.56,,,,,,,,,,,,
30435,10.02122294v2,10,,2,4,,10/25/2022 17:11,,,,5,,,,,60,2.58,185.76,,,,,,,,,,,,
30436,10.02115536v1,10,,2,1,,10/24/2022 23:05,,,,34,,,,,400,1.96,823.2,,,,,,,,,,,,
30437,10.02122249v1,10,,2,1,,10/25/2022 22:04,,,,17,,,,,200,1.96,423.36,,,,,,,,,,,,
30439,10.02122289v1,10,,2,4,,10/25/2022 13:53,,,,5,,,,,60,2.58,185.76,,,,,,,,,,,,
30440,10.02120923v3,10,,2,4,,10/24/2022 23:54,,,,5,,,,,60,2.58,185.76,,,,,,,,,,,,
30441,10.02120611v2,10,,2,4,,10/26/2022 17:05,,,,75,,,,,900,1.91,1741.92,,,,,,,,,,,,
30442,12.0240096v1,12,,4,3,,10/25/2022 5:58,,,,25,,,,,300,2.16,673.92,,,,,,,,,,,,
30442,10.0240069v1,10,,2,3,,10/25/2022 5:58,,,,13,,,,,150,2.41,404.88,,,,,,,,,,,,
30443,10.0254938v1,10,,2,3,,10/25/2022 11:33,,,,10,,,,,120,2.58,340.56,,,,,,,,,,,,
30445,10.02116273v1,10,,2,4,,10/25/2022 17:11,,,,8,,,,,90,2.58,278.64,,,,,,,,,,,,
30445,10.02117441v2,10,,2,4,,10/25/2022 17:11,,,,8,,,,,90,2.58,278.64,,,,,,,,,,,,
30446,46.02122461v1,46,,113,1,,10/26/2022 17:48,,,,10,,,,,120,2.23,294.36,,,,,,,,,,,,
30446,46.02122648v1,46,,113,1,,10/26/2022 17:48,,,,10,,,,,120,2.23,294.36,,,,,,,,,,,,
30447,10.029026v1,10,,2,4,,10/26/2022 22:01,,,,10,,,,,120,2.58,340.56,,,,,,,,,,,,
30448,10.02102854v1,10,,2,3,,10/25/2022 16:05,,,,13,,,,,150,2.41,404.88,,,,,,,,,,,,
30449,55.02122220v1,55,,114,1,,10/25/2022 16:20,,,,15,,,,,170,1.96,376.32,,,,,,,,,,,,
30450,10.02119167v1,10,,2,4,,10/25/2022 16:46,,,,9,,,,,105,2.58,309.6,,,,,,,,,,,,
30450,10.02119166v1,10,,2,4,,10/25/2022 16:46,,,,9,,,,,105,2.58,309.6,,,,,,,,,,,,
30451,10.02117241v1,10,,2,3,,10/25/2022 17:00,,,,10,,,,,120,2.58,340.56,,,,,,,,,,,,
30452,10.0474614v2,10,,2,1,,10/25/2022 20:58,,,,20,,,,,240,1.96,493.92,,,,,,,,,,,,
30453,10.02121324v1,10,,2,3,,11/9/2022 16:36,,,,13,,,,,150,2.41,404.88,,,,,,,,,,,,
30454,10.02119283v1,10,,2,3,,10/25/2022 18:18,,,,36,,,,,425,2.41,1070.04,,,,,,,,,,,,
30455,10.02110473v3,10,,2,4,,10/25/2022 17:15,,,,5,,,,,60,2.58,185.76,,,,,,,,,,,,
30456,10.02121721v1,10,,2,3,,10/26/2022 16:43,,,,17,,,,,200,2.41,520.56,,,,,,,,,,,,
30456,10.02121723v1,10,,2,3,,10/26/2022 16:43,,,,10,,,,,120,2.58,340.56,,,,,,,,,,,,
30456,55.02106084v1,55,,114,3,,10/26/2022 16:43,,,,10,,,,,120,2.66,351.12,,,,,,,,,,,,
30456,10.02121703v2,10,,2,3,,10/26/2022 16:43,,,,17,,,,,200,2.41,520.56,,,,,,,,,,,,
30456,55.02106076v1,55,,114,3,,10/26/2022 16:43,,,,5,,,,,60,3.74,269.28,,,,,,,,,,,,
30456,55.02104771v1,55,,114,3,,10/26/2022 16:43,,,,10,,,,,120,2.66,351.12,,,,,,,,,,,,
30457,10.02121396v1,10,,2,1,,10/26/2022 15:58,,,,10,,,,,120,2.23,294.36,,,,,,,,,,,,
30458,55.02121620v2,55,,114,1,,10/25/2022 17:55,,,,5,,,,,60,2.56,184.32,,,,,,,,,,,,
30459,10.02121997v1,10,,2,3,,10/25/2022 19:16,,,,100,,,,,1200,1.91,2314.92,,,,,,,,,,,,
30460,10.02122286v1,10,,2,1,,10/25/2022 22:37,,,,209,,,,,2500,1.6,4032,,,,,,,,,,,,
30461,10.02113643v2,10,,2,3,,11/2/2022 15:19,,,,17,,,,,204,2.41,520.56,,,,,,,,,,,,
30462,10.02122518v1,10,,2,3,,10/25/2022 19:48,,,,10,,,,,120,2.58,340.56,,,,,,,,,,,,
30463,10.02119174v3,10,,2,1,,10/25/2022 19:47,,,,5,,,,,60,2.56,184.32,,,,,,,,,,,,
30464,10.02123759v2,10,,2,3,,11/1/2022 16:27,,,,38,,,,,450,2.41,1127.88,,,,,,,,,,,,
30465,55.02121020v1,55,,114,1,,10/25/2022 21:10,,,,5,,,,,60,2.56,184.32,,,,,,,,,,,,
30466,10.0272978v1,10,,2,1,,11/1/2022 16:37,,,,9,,,,,100,2.56,307.2,,,,,,,,,,,,
30467,10.02120419v1,10,,2,1,,10/26/2022 19:53,,,,5,,,,,60,2.56,184.32,,,,,,,,,,,,
30467,10.02120421v2,10,,2,1,,10/26/2022 19:53,,,,5,,,,,60,2.56,184.32,,,,,,,,,,,,
30468,10.02122287v1,10,,2,1,,10/25/2022 21:23,,,,17,,,,,200,1.96,423.36,,,,,,,,,,,,
30469,10.02122165v1,10,,2,1,,10/26/2022 3:19,,,,10,,,,,120,2.23,294.36,,,,,,,,,,,,
30470,15.02122407v1,15,,7,3,,10/26/2022 15:13,,,,38,,,,,450,3.53,1652.04,,,,,,,,,,,,
30471,10.02122502v1,10,,2,1,,10/26/2022 15:20,,,,5,,,,,60,2.56,184.32,,,,,,,,,,,,
30472,10.0264468v1,10,,2,3,,10/25/2022 21:40,,,,5,,,,,60,3.66,263.52,,,,,,,,,,,,
30472,10.0264468v2,10,,2,3,,10/25/2022 21:40,,,,5,,,,,60,3.66,263.52,,,,,,,,,,,,
30473,10.02122444v2,10,,2,1,,10/25/2022 21:29,,,,9,,,,,100,2.56,307.2,,,,,,,,,,,,
30474,55.02105220v1,55,,114,1,,10/27/2022 17:08,,,,10,,,,,120,2.23,294.36,,,,,,,,,,,,
30475,10.0224140v7,10,,2,4,,10/26/2022 15:23,,,,34,,,,,400,2.41,1012.2,,,,,,,,,,,,
30476,10.02121903v1,10,,2,1,,10/27/2022 21:29,,,,10,,,,,120,2.23,294.36,,,,,,,,,,,,
30477,10.0242049v1,10,,2,3,,10/26/2022 15:33,,,,42,,,,,500,2.41,1243.56,,,,,,,,,,,,
30478,10.02121462v1,10,,2,4,,10/26/2022 14:24,,,,13,,,,,150,2.41,404.88,,,,,,,,,,,,
30479,10.02122583v1,10,,2,1,,10/25/2022 22:36,,,,5,,,,,60,2.56,184.32,,,,,,,,,,,,
30480,10.0219127v1,10,,2,3,,10/27/2022 19:41,,,,13,,,,,150,2.41,404.88,,,,,,,,,,,,
30481,10.02122501v1,10,,2,4,,10/25/2022 23:02,,,,5,,,,,60,2.58,185.76,,,,,,,,,,,,
30482,10.02121174v3,10,,2,4,,10/26/2022 14:25,,,,21,,,,,250,2.41,636.24,,,,,,,,,,,,
30482,10.02121175v3,10,,2,4,,10/26/2022 14:25,,,,21,,,,,250,2.41,636.24,,,,,,,,,,,,
30483,55.02119798v1,55,,114,1,,10/26/2022 3:14,,,,10,,,,,120,2.23,294.36,,,,,,,,,,,,
30484,10.02122689v1,10,,2,4,,10/26/2022 13:48,,,,10,,,,,120,2.58,340.56,,,,,,,,,,,,
30485,55.02111035v3,55,,114,1,,10/26/2022 16:14,,,,9,,,,,100,2.56,307.2,,,,,,,,,,,,
30486,10.02122699v1,10,,2,1,,10/26/2022 15:40,,,,10,,,,,120,2.23,294.36,,,,,,,,,,,,
30487,55.02121160v3,55,,114,1,,10/26/2022 16:34,,,,5,,,,,60,2.56,184.32,,,,,,,,,,,,
30489,10.02121250v2,10,,2,4,,10/26/2022 20:48,,,,5,,,,,60,2.58,185.76,,,,,,,,,,,,
30490,10.02119626v4,10,,2,4,,10/27/2022 16:39,,,,5,,,,,60,2.58,185.76,,,,,,,,,,,,
30491,55.02116838v1,55,,114,4,,11/1/2022 17:07,,,,5,,,,,60,2.75,198,,,,,,,,,,,,
30492,10.02122837v1,10,,2,4,,10/27/2022 14:35,,,,5,,,,,60,2.58,185.76,,,,,,,,,,,,
30493,10.02106333v3,10,,2,3,,10/27/2022 17:17,,,,42,,,,,500,2.41,1243.56,,,,,,,,,,,,
30494,10.02122561v1,10,,2,4,,10/27/2022 15:34,,,,6,,,,,63,2.58,216.72,,,,,,,,,,,,
30495,10.02122541v1,10,,2,4,,10/26/2022 19:06,,,,19,,,,,225,2.41,578.4,,,,,,,,,,,,
30496,55.02123355v1,55,,114,1,,10/28/2022 22:11,,,,10,,,,,120,2.23,294.36,,,,,,,,,,,,
30497,10.02101325v2,10,,2,1,,10/26/2022 19:39,,,,13,,,,,155,1.96,329.28,,,,,,,,,,,,
30497,10.02101176v2,10,,2,1,,10/26/2022 19:39,,,,13,,,,,155,1.96,329.28,,,,,,,,,,,,
30498,55.02121622v3,55,,114,1,,10/27/2022 19:37,,,,24,,,,,280,1.96,588,,,,,,,,,,,,
30500,,70,,,1,44865,10/26/2022 21:07,,,,,,,,,,2.56,,28312,20,12759,29428,118,10748,24,99142,10/26/2022 21:01,10/31/2022,2,92.16
30500,,70,,,1,44865,10/26/2022 21:07,,,,,,,,,,2.56,,28353,20,12759,29427,118,10748,24,99142,10/26/2022 21:01,10/31/2022,2,92.16
30501,17.02121603v2,17,,9,4,,10/26/2022 22:31,,,,50,,,,,600,2.16,1321.92,,,,,,,,,,,,
30501,17.02121602v2,17,,9,4,,10/26/2022 22:31,,,,50,,,,,600,2.16,1321.92,,,,,,,,,,,,
30502,10.02116920v2,10,,2,4,,10/26/2022 21:05,,,,5,,,,,60,2.58,185.76,,,,,,,,,,,,
30503,10.02122224v1,10,,2,4,,10/26/2022 21:20,,,,12,,,,,140,2.41,375.96,,,,,,,,,,,,
30504,10.02122253v1,10,,2,4,,10/27/2022 2:39,,,,5,,,,,60,2.58,185.76,,,,,,,,,,,,
30505,10.02122795v1,10,,2,4,,10/26/2022 21:23,,,,9,,,,,105,2.58,309.6,,,,,,,,,,,,
30506,10.0249873v2,10,,2,3,,10/26/2022 21:21,,,,10,,,,,120,2.58,340.56,,,,,,,,,,,,
30506,10.02122887v1,10,,2,3,,10/26/2022 21:21,,,,5,,,,,60,3.66,263.52,,,,,,,,,,,,
30507,10.02122877v1,10,,2,3,,10/26/2022 21:36,,,,6,,,,,70,3.66,307.44,,,,,,,,,,,,
30509,10.02121200v2,10,,2,3,,10/26/2022 22:15,,,,9,,,,,100,3.58,429.6,,,,,,,,,,,,
30510,55.02123525v1,55,,114,1,,11/2/2022 12:52,,,,100,,,,,1200,1.71,2072.52,,,,,,,,,,,,
30511,10.0279637v1,10,,2,3,,10/26/2022 22:25,,,,10,,,,,120,2.58,340.56,,,,,,,,,,,,
30511,10.0279638v1,10,,2,3,,10/26/2022 22:25,,,,10,,,,,120,2.58,340.56,,,,,,,,,,,,
30512,10.02122917v1,10,,2,4,,10/26/2022 22:46,,,,84,,,,,1000,1.91,1948.2,,,,,,,,,,,,
30513,10.02121868v1,10,,2,4,,10/26/2022 22:47,,,,42,,,,,500,2.41,1243.56,,,,,,,,,,,,
30514,55.02122663v2,55,,114,3,,10/26/2022 23:39,,,,5,,,,,60,3.74,269.28,,,,,,,,,,,,
30515,10.02101358v2,10,,2,4,,10/27/2022 14:15,,,,100,,,,,1200,1.91,2314.92,,,,,,,,,,,,
30516,55.02120712v3,55,,114,1,,10/27/2022 4:17,,,,29,,,,,340,1.96,705.6,,,,,,,,,,,,
30517,55.02122754v1,55,,114,4,,10/27/2022 12:01,,,,5,,,,,60,2.75,198,,,,,,,,,,,,
30518,10.0230456v2,10,,2,4,,10/27/2022 12:55,,,,17,,,,,200,2.41,520.56,,,,,,,,,,,,
30519,10.02119358v1,10,,2,4,,10/27/2022 14:35,,,,5,,,,,60,2.58,185.76,,,,,,,,,,,,
30520,10.0218490v1,10,,2,3,,10/31/2022 19:19,,,,25,,,,,300,2.41,751.92,,,,,,,,,,,,
30521,10.02122393v1,10,,2,1,,10/27/2022 15:18,,,,17,,,,,200,1.96,423.36,,,,,,,,,,,,
30522,10.02110162v1,10,,2,1,,10/27/2022 20:01,,,,30,,,,,360,1.96,729.12,,,,,,,,,,,,
30522,10.02110162v2,10,,2,1,,10/27/2022 20:01,,,,14,,,,,165,1.96,352.8,,,,,,,,,,,,
30522,10.02110180v1,10,,2,1,,10/27/2022 20:01,,,,30,,,,,360,1.96,729.12,,,,,,,,,,,,
30523,10.0284449v1,10,,2,3,,10/27/2022 17:04,,,,30,,,,,360,2.41,896.52,,,,,,,,,,,,
30525,10.0238404v5,10,,2,3,,10/27/2022 21:57,,,,100,,,,,1200,1.91,2314.92,,,,,,,,,,,,
30526,10.02123069v1,10,,2,1,,10/27/2022 19:58,,,,25,,,,,300,1.96,611.52,,,,,,,,,,,,
30527,10.02123087v3,10,,2,1,,10/27/2022 21:34,,,,21,,,,,250,1.96,517.44,,,,,,,,,,,,
30528,10.0248659v4,10,,2,3,,10/27/2022 21:01,,,,100,,,,,1200,1.91,2314.92,,,,,,,,,,,,
30529,10.02119214v1,10,,2,1,,10/27/2022 19:42,,,,5,,,,,60,2.56,184.32,,,,,,,,,,,,
30529,10.02119213v2,10,,2,1,,10/27/2022 19:42,,,,5,,,,,60,2.56,184.32,,,,,,,,,,,,
30530,10.0265955v1,10,,2,1,,10/27/2022 17:19,,,,11,,,,,125,2.23,321.12,,,,,,,,,,,,
30531,55.02119324v3,55,,114,1,,10/27/2022 20:00,,,,5,,,,,60,2.56,184.32,,,,,,,,,,,,
30532,10.02103527v1,10,,2,1,,10/27/2022 18:38,,,,5,,,,,60,2.56,184.32,,,,,,,,,,,,
30532,10.02103526v1,10,,2,1,,10/27/2022 18:38,,,,5,,,,,60,2.56,184.32,,,,,,,,,,,,
30533,10.02122206v1,10,,2,1,,10/27/2022 17:32,,,,5,,,,,60,2.56,184.32,,,,,,,,,,,,
30533,10.02122205v3,10,,2,1,,10/27/2022 17:32,,,,5,,,,,60,2.56,184.32,,,,,,,,,,,,
30534,10.0261730v3,10,,2,4,,10/27/2022 21:03,,,,167,,,,,2000,1.91,3850.56,,,,,,,,,,,,
30535,10.02119141v1,10,,2,1,,10/27/2022 21:28,,,,42,,,,,500,1.96,1011.36,,,,,,,,,,,,
30536,10.02108673v1,10,,2,4,,11/1/2022 0:11,,,,5,,,,,60,2.58,185.76,,,,,,,,,,,,
30537,10.02119169v4,10,,2,1,,10/27/2022 19:08,,,,10,,,,,120,2.23,294.36,,,,,,,,,,,,
30538,10.02123062v1,10,,2,3,,10/28/2022 15:23,,,,13,,,,,150,2.41,404.88,,,,,,,,,,,,
30539,10.0283068v2,10,,2,4,,11/1/2022 18:33,,,,21,,,,,250,2.41,636.24,,,,,,,,,,,,
30539,10.02122938v3,10,,2,4,,11/1/2022 18:33,,,,9,,,,,100,2.58,309.6,,,,,,,,,,,,
30540,10.0266469v4,10,,2,1,,10/28/2022 18:40,,,,34,,,,,400,1.96,823.2,,,,,,,,,,,,
30541,10.02119650v2,10,,2,1,,10/27/2022 18:50,,,,6,,,,,67,2.56,215.04,,,,,,,,,,,,
30542,10.02114012v1,10,,2,1,,10/27/2022 21:36,,,,17,,,,,201,1.96,423.36,,,,,,,,,,,,
30543,55.02122890v1,55,,114,1,,10/27/2022 19:48,,,,16,,,,,185,1.96,399.84,,,,,,,,,,,,
30544,10.02119160v5,10,,2,4,,10/28/2022 16:03,,,,10,,,,,120,2.58,340.56,,,,,,,,,,,,
30545,10.02122966v1,10,,2,1,,10/27/2022 20:33,,,,5,,,,,60,2.56,184.32,,,,,,,,,,,,
30546,10.02121786v3,10,,2,1,,10/27/2022 20:16,,,,17,,,,,200,1.96,423.36,,,,,,,,,,,,
30547,10.02123080v1,10,,2,1,,10/27/2022 19:53,,,,30,,,,,360,1.96,729.12,,,,,,,,,,,,
30548,10.02122907v1,10,,2,4,,10/27/2022 21:57,,,,7,,,,,75,2.58,247.68,,,,,,,,,,,,
30549,10.0242507v1,10,,2,1,,10/27/2022 22:04,,,,60,,,,,720,1.79,1310.28,,,,,,,,,,,,
30550,10.02123048v1,10,,2,3,,10/27/2022 21:50,,,,42,,,,,503,2.41,1243.56,,,,,,,,,,,,
30550,10.02123048v2,10,,2,3,,10/27/2022 21:50,,,,42,,,,,503,2.41,1243.56,,,,,,,,,,,,
30551,10.023269v8,10,,2,1,,10/27/2022 20:40,,,,20,,,,,240,1.96,493.92,,,,,,,,,,,,
30552,10.0242508v1,10,,2,1,,10/27/2022 22:00,,,,60,,,,,720,1.79,1310.28,,,,,,,,,,,,
30553,10.02122900v2,10,,2,1,,10/27/2022 20:50,,,,15,,,,,171,1.96,376.32,,,,,,,,,,,,
30554,10.02122488v1,10,,2,1,,10/28/2022 14:58,,,,10,,,,,120,2.23,294.36,,,,,,,,,,,,
30555,10.02122883v2,10,,2,3,,10/31/2022 18:21,,,,59,,,,,700,2.16,1555.2,,,,,,,,,,,,
30556,10.0213785v1,10,,2,1,,10/28/2022 12:10,,,,13,,,,,150,1.96,329.28,,,,,,,,,,,,
30557,10.02121341v1,10,,2,4,,10/27/2022 21:55,,,,20,,,,,230,2.41,607.32,,,,,,,,,,,,
30558,10.0243612v1,10,,2,1,,10/28/2022 13:58,,,,25,,,,,300,1.96,611.52,,,,,,,,,,,,
30559,55.02122989v1,55,,114,4,,10/28/2022 14:36,,,,5,,,,,60,2.75,198,,,,,,,,,,,,
30559,55.02122990v1,55,,114,4,,10/28/2022 14:36,,,,5,,,,,60,2.75,198,,,,,,,,,,,,
30559,55.02122988v1,55,,114,4,,10/28/2022 14:36,,,,5,,,,,60,2.75,198,,,,,,,,,,,,
30560,10.0266508v2,10,,2,4,,10/27/2022 23:02,,,,30,,,,,350,2.41,896.52,,,,,,,,,,,,
30561,10.0243578v1,10,,2,1,,10/31/2022 23:18,,,,10,,,,,120,2.23,294.36,,,,,,,,,,,,
30562,10.0278137v1,10,,2,1,,10/31/2022 23:17,,,,25,,,,,300,1.96,611.52,,,,,,,,,,,,
30563,10.02123101v1,10,,2,1,,10/28/2022 0:03,,,,10,,,,,120,2.23,294.36,,,,,,,,,,,,
30564,10.02123177v1,10,,2,4,,10/28/2022 12:58,,,,10,,,,,120,2.58,340.56,,,,,,,,,,,,
30565,10.0237896v3,10,,2,4,,10/28/2022 13:37,,,,5,,,,,60,2.58,185.76,,,,,,,,,,,,
30565,10.0237847v1,10,,2,4,,10/28/2022 13:37,,,,5,,,,,60,2.58,185.76,,,,,,,,,,,,
30566,10.02122913v1,10,,2,1,,11/8/2022 21:44,,,,13,,,,,150,1.96,329.28,,,,,,,,,,,,
30566,10.02122911v1,10,,2,1,,11/8/2022 21:44,,,,13,,,,,150,1.96,329.28,,,,,,,,,,,,
30567,55.02102287v1,55,,114,4,,10/28/2022 17:58,,,,5,,,,,60,2.75,198,,,,,,,,,,,,
30568,10.02113671v4,10,,2,1,,10/28/2022 16:28,,,,10,,,,,120,2.23,294.36,,,,,,,,,,,,
30569,10.02120986v2,10,,2,3,,10/28/2022 15:09,,,,21,,,,,250,2.41,636.24,,,,,,,,,,,,
30570,10.02122855v1,10,,2,1,,10/28/2022 20:04,,,,5,,,,,60,2.56,184.32,,,,,,,,,,,,
30571,55.02121774v1,55,,114,3,,10/28/2022 17:08,,,,13,,,,,150,2.49,418.32,,,,,,,,,,,,
30572,10.0288627v1,10,,2,3,,11/1/2022 19:29,,,,10,,,,,120,2.58,340.56,,,,,,,,,,,,
30573,10.02123157v1,10,,2,3,,10/28/2022 17:30,,,,13,,,,,150,2.41,404.88,,,,,,,,,,,,
30574,10.02114907v1,10,,2,3,,10/28/2022 16:12,,,,10,,,,,120,2.58,340.56,,,,,,,,,,,,
30575,10.0283782v4,10,,2,1,,10/28/2022 22:06,,,,100,,,,,1200,1.71,2072.52,,,,,,,,,,,,
30576,10.02122739v2,10,,2,3,,10/28/2022 17:55,,,,10,,,,,120,2.58,340.56,,,,,,,,,,,,
30577,10.02122935v3,10,,2,4,,10/31/2022 17:48,,,,6,,,,,70,2.58,216.72,,,,,,,,,,,,
30578,12.02122475v1,12,,4,3,,10/31/2022 19:50,,,,42,,,,,500,2.16,1114.56,,,,,,,,,,,,
30579,10.02123031v1,10,,2,1,,10/28/2022 17:53,,,,6,,,,,62,2.56,215.04,,,,,,,,,,,,
30580,10.02123040v2,10,,2,4,,10/28/2022 18:41,,,,25,,,,,300,2.41,751.92,,,,,,,,,,,,
30581,10.0290291v1,10,,2,3,,10/31/2022 20:52,,,,5,,,,,60,3.66,263.52,,,,,,,,,,,,
30581,10.0290277v1,10,,2,3,,10/31/2022 20:52,,,,5,,,,,60,3.66,263.52,,,,,,,,,,,,
30581,10.0290289v1,10,,2,3,,10/31/2022 20:52,,,,5,,,,,60,3.66,263.52,,,,,,,,,,,,
30582,10.02121728v1,10,,2,3,,10/28/2022 17:10,,,,10,,,,,120,2.58,340.56,,,,,,,,,,,,
30583,10.02111964v1,10,,2,4,,10/28/2022 17:27,,,,42,,,,,500,2.41,1243.56,,,,,,,,,,,,
30584,10.02115774v5,10,,2,4,,11/1/2022 17:02,,,,5,,,,,60,2.58,185.76,,,,,,,,,,,,
30585,10.02122098v1,10,,2,3,,11/2/2022 19:13,,,,5,,,,,60,3.66,263.52,,,,,,,,,,,,
30585,10.02122098v3,10,,2,3,,11/2/2022 19:13,,,,5,,,,,60,3.66,263.52,,,,,,,,,,,,
30586,10.02122203v1,10,,2,1,,10/28/2022 20:37,,,,5,,,,,60,2.56,184.32,,,,,,,,,,,,
30587,15.0259766v3,15,,7,3,,10/28/2022 19:39,,,,10,,,,,120,3.7,488.4,,,,,,,,,,,,
30588,55.02123134v1,55,,114,3,,10/28/2022 19:56,,,,21,,,,,250,2.49,657.36,,,,,,,,,,,,
30588,55.02123134v3,55,,114,3,,10/28/2022 19:56,,,,13,,,,,150,2.49,418.32,,,,,,,,,,,,
30588,55.02123134v2,55,,114,3,,10/28/2022 19:56,,,,21,,,,,250,2.49,657.36,,,,,,,,,,,,
30589,10.02123267v1,10,,2,3,,10/28/2022 19:05,,,,13,,,,,150,2.41,404.88,,,,,,,,,,,,
30590,10.02123039v3,10,,2,3,,10/28/2022 18:55,,,,10,,,,,120,2.58,340.56,,,,,,,,,,,,
30591,55.02103515v2,55,,114,1,,11/18/2022 15:08,,,,21,,,,,250,1.96,517.44,,,,,,,,,,,,
30592,46.02117391v2,46,,113,3,,10/28/2022 19:10,,,,10,,,,,120,2.58,340.56,,,,,,,,,,,,
30593,10.02122568v2,10,,2,3,,10/28/2022 19:35,,,,20,,,,,240,2.41,607.32,,,,,,,,,,,,
30594,10.02123299v2,10,,2,3,,10/28/2022 22:13,,,,10,,,,,120,2.58,340.56,,,,,,,,,,,,
30595,10.02123335v1,10,,2,1,,10/28/2022 21:48,,,,5,,,,,60,2.56,184.32,,,,,,,,,,,,
30596,10.02114817v1,10,,2,4,,11/1/2022 20:02,,,,5,,,,,60,2.58,185.76,,,,,,,,,,,,
30597,10.02118111v1,10,,2,3,,10/31/2022 18:29,,,,11,,,,,125,2.58,371.52,,,,,,,,,,,,
30597,10.02118113v1,10,,2,3,,10/31/2022 18:29,,,,11,,,,,125,2.58,371.52,,,,,,,,,,,,
30598,10.02118667v3,10,,2,3,,10/28/2022 21:46,,,,11,,,,,125,2.58,371.52,,,,,,,,,,,,
30599,10.02117272v1,10,,2,4,,11/3/2022 17:41,,,,13,,,,,150,2.41,404.88,,,,,,,,,,,,
30600,10.02105759v1,10,,2,1,,10/28/2022 21:43,,,,5,,,,,60,2.56,184.32,,,,,,,,,,,,
30601,55.02110649v1,55,,114,3,,10/31/2022 15:12,,,,88,,,,,1054,2.1,2242.8,,,,,,,,,,,,
30602,10.02120726v3,10,,2,1,,10/28/2022 22:04,,,,5,,,,,60,2.56,184.32,,,,,,,,,,,,
30603,10.02123415v1,10,,2,3,,10/31/2022 18:00,,,,10,,,,,120,2.58,340.56,,,,,,,,,,,,
30604,10.0275876v3,10,,2,1,,10/31/2022 17:53,,,,9,,,,,100,2.56,307.2,,,,,,,,,,,,
30605,,70,,,1,44880,11/2/2022 12:53,,,,,,,,,,1.96,,28772,300,12988,30545,107,10937,312,95700,11/2/2022 0:16,11/15/2022,25,611.52
30605,,70,,,1,44880,11/2/2022 12:53,,,,,,,,,,1.96,,28771,300,12988,30544,107,10937,312,95700,11/2/2022 0:16,11/15/2022,25,611.52
30606,10.0283316v2,10,,2,3,,10/28/2022 23:22,,,,42,,,,,500,2.41,1243.56,,,,,,,,,,,,
30606,10.0283317v2,10,,2,3,,10/28/2022 23:22,,,,42,,,,,500,2.41,1243.56,,,,,,,,,,,,
30607,10.02119602v19,10,,2,3,,10/29/2022 4:10,,,,15,,,,,180,2.41,462.72,,,,,,,,,,,,
30608,10.0266508v2,10,,2,4,,10/29/2022 12:51,,,,17,,,,,200,2.41,520.56,,,,,,,,,,,,
30609,10.0289236v1,10,,2,4,,10/29/2022 12:57,,,,5,,,,,60,2.58,185.76,,,,,,,,,,,,
30610,55.02123435v1,55,,114,1,,10/31/2022 14:00,,,,10,,,,,120,2.23,294.36,,,,,,,,,,,,
30611,10.02121133v2,10,,2,3,,10/31/2022 16:14,,,,34,,,,,400,2.41,1012.2,,,,,,,,,,,,
30612,10.02122961v3,10,,2,4,,10/31/2022 15:03,,,,8,,,,,85,2.58,278.64,,,,,,,,,,,,
30613,10.0262601v1,10,,2,3,,10/31/2022 15:12,,,,20,,,,,240,2.41,607.32,,,,,,,,,,,,
30614,10.02123515v1,10,,2,4,,10/31/2022 16:38,,,,5,,,,,60,2.58,185.76,,,,,,,,,,,,
30615,10.02123571v1,10,,2,3,,10/31/2022 17:44,,,,10,,,,,120,2.58,340.56,,,,,,,,,,,,
30615,10.0227037v2,10,,2,3,,10/31/2022 17:44,,,,10,,,,,120,2.58,340.56,,,,,,,,,,,,
30616,10.02113293v2,10,,2,4,,11/3/2022 19:35,,,,10,,,,,120,2.58,340.56,,,,,,,,,,,,
30616,10.02113289v2,10,,2,4,,11/3/2022 19:35,,,,10,,,,,120,2.58,340.56,,,,,,,,,,,,
30617,10.02120305v10,10,,2,3,,10/31/2022 17:51,,,,21,,,,,250,2.41,636.24,,,,,,,,,,,,
30618,10.02120414v4,10,,2,3,,10/31/2022 18:00,,,,284,,,,,3400,1.62,5540.4,,,,,,,,,,,,
30619,10.02123238v2,10,,2,3,,10/31/2022 17:27,,,,209,,,,,2500,1.62,4082.4,,,,,,,,,,,,
30620,10.02111505v1,10,,2,4,,11/2/2022 18:54,,,,5,,,,,60,2.58,185.76,,,,,,,,,,,,
30621,10.02122215v2,10,,2,3,,11/1/2022 20:59,,,,13,,,,,150,2.41,404.88,,,,,,,,,,,,
30622,10.0227438v1,10,,2,3,,10/31/2022 19:41,,,,10,,,,,120,2.58,340.56,,,,,,,,,,,,
30623,10.0234869v1,10,,2,1,,10/31/2022 17:49,,,,5,,,,,60,2.56,184.32,,,,,,,,,,,,
30624,10.02123577v1,10,,2,3,,10/31/2022 18:03,,,,21,,,,,250,2.41,636.24,,,,,,,,,,,,
30625,55.02104799v1,55,,114,3,,10/31/2022 19:42,,,,10,,,,,120,2.66,351.12,,,,,,,,,,,,
30625,10.02105258v1,10,,2,3,,10/31/2022 19:42,,,,10,,,,,120,2.58,340.56,,,,,,,,,,,,
30626,10.02121806v1,10,,2,3,,10/31/2022 21:15,,,,13,,,,,150,2.41,404.88,,,,,,,,,,,,
30627,10.02123011v1,10,,2,3,,10/31/2022 20:39,,,,34,,,,,400,2.41,1012.2,,,,,,,,,,,,
30628,10.02123449v1,10,,2,3,,10/31/2022 19:21,,,,17,,,,,200,2.41,520.56,,,,,,,,,,,,
30629,55.02116750v2,55,,114,1,,11/4/2022 21:40,,,,41,,,,,486,1.96,987.84,,,,,,,,,,,,
30631,10.02120378v1,10,,2,3,,10/31/2022 21:20,,,,30,,,,,350,2.41,896.52,,,,,,,,,,,,
30632,10.02123591v1,10,,2,3,,10/31/2022 19:28,,,,9,,,,,100,3.58,429.6,,,,,,,,,,,,
30633,15.0263893v3,15,,7,3,,10/31/2022 21:37,,,,10,,,,,120,3.7,488.4,,,,,,,,,,,,
30634,11.02120741v4,11,,3,3,,10/31/2022 22:49,,,,13,,,,,150,2.58,433.44,,,,,,,,,,,,
30635,55.02123457v1,55,,114,3,,10/31/2022 20:57,,,,13,,,,,150,2.49,418.32,,,,,,,,,,,,
30636,10.02121457v2,10,,2,3,,10/31/2022 22:19,,,,5,,,,,60,3.66,263.52,,,,,,,,,,,,
30637,10.0231292v2,10,,2,3,,11/1/2022 16:05,,,,42,,,,,500,2.41,1243.56,,,,,,,,,,,,
30638,55.02114982v7,55,,114,3,,11/1/2022 15:51,,,,13,,,,,150,2.49,418.32,,,,,,,,,,,,
30638,55.02114982v6,55,,114,3,,11/1/2022 15:51,,,,13,,,,,150,2.49,418.32,,,,,,,,,,,,
30639,10.02122724v1,10,,2,3,,11/1/2022 16:05,,,,25,,,,,300,2.41,751.92,,,,,,,,,,,,
30640,10.02123581v1,10,,2,3,,10/31/2022 21:32,,,,13,,,,,150,2.41,404.88,,,,,,,,,,,,
30641,10.02112909v2,10,,2,3,,10/31/2022 22:27,,,,42,,,,,500,2.41,1243.56,,,,,,,,,,,,
30642,10.0282121v6,10,,2,3,,10/31/2022 21:47,,,,20,,,,,240,2.41,607.32,,,,,,,,,,,,
30642,10.0282121v4,10,,2,3,,10/31/2022 21:47,,,,20,,,,,240,2.41,607.32,,,,,,,,,,,,
30643,10.02123404v2,10,,2,3,,11/1/2022 18:20,,,,10,,,,,120,2.58,340.56,,,,,,,,,,,,
30644,15.02122872v1,15,,7,3,,10/31/2022 22:12,,,,17,,,,,200,3.53,762.48,,,,,,,,,,,,
30645,10.02123690v1,10,,2,3,,10/31/2022 23:44,,,,13,,,,,153,2.41,404.88,,,,,,,,,,,,
30646,55.02123631v1,55,,114,1,,11/1/2022 14:37,,,,10,,,,,120,2.23,294.36,,,,,,,,,,,,
30647,10.02123338v1,10,,2,3,,11/1/2022 17:21,,,,13,,,,,150,2.41,404.88,,,,,,,,,,,,
30649,10.0288519v3,10,,2,1,,11/1/2022 17:42,,,,42,,,,,500,1.96,1011.36,,,,,,,,,,,,
30650,10.02117670v1,10,,2,4,,11/2/2022 15:26,,,,7,,,,,75,2.58,247.68,,,,,,,,,,,,
30651,10.02121277v4,10,,2,1,,11/1/2022 16:04,,,,16,,,,,181,1.96,399.84,,,,,,,,,,,,
30652,10.0297189v4,10,,2,1,,11/1/2022 15:49,,,,5,,,,,60,2.56,184.32,,,,,,,,,,,,
30652,10.0297192v2,10,,2,1,,11/1/2022 15:49,,,,5,,,,,60,2.56,184.32,,,,,,,,,,,,
30653,10.02106965v1,10,,2,1,,11/1/2022 16:14,,,,21,,,,,250,1.96,517.44,,,,,,,,,,,,
30654,10.02103464v3,10,,2,3,,11/1/2022 21:51,,,,10,,,,,120,2.58,340.56,,,,,,,,,,,,
30654,10.02103466v1,10,,2,3,,11/1/2022 21:51,,,,10,,,,,120,2.58,340.56,,,,,,,,,,,,
30655,12.02119592v1,12,,4,3,,11/1/2022 16:35,,,,10,,,,,120,2.33,307.56,,,,,,,,,,,,
30655,12.02119595v1,12,,4,3,,11/1/2022 16:35,,,,10,,,,,120,2.33,307.56,,,,,,,,,,,,
30655,10.0245165v4,10,,2,3,,11/1/2022 16:35,,,,10,,,,,120,2.58,340.56,,,,,,,,,,,,
30656,10.0289226v1,10,,2,3,,11/1/2022 15:59,,,,10,,,,,120,2.58,340.56,,,,,,,,,,,,
30657,10.0236587v1,10,,2,4,,11/1/2022 17:02,,,,10,,,,,120,2.58,340.56,,,,,,,,,,,,
30658,10.02122939v2,10,,2,4,,11/1/2022 19:39,,,,9,,,,,100,2.58,309.6,,,,,,,,,,,,
30659,10.02122947v1,10,,2,1,,11/1/2022 16:17,,,,43,,,,,510,1.96,1034.88,,,,,,,,,,,,
30660,10.0280614v2,10,,2,3,,11/1/2022 16:19,,,,10,,,,,120,2.58,340.56,,,,,,,,,,,,
30662,10.02123785v1,10,,2,3,,11/1/2022 20:38,,,,10,,,,,119,2.58,340.56,,,,,,,,,,,,
30663,10.02120066v3,10,,2,4,,11/1/2022 18:46,,,,13,,,,,150,2.41,404.88,,,,,,,,,,,,
30663,10.02120065v1,10,,2,4,,11/1/2022 18:46,,,,8,,,,,91,2.58,278.64,,,,,,,,,,,,
30664,55.02123808v1,55,,114,4,,11/1/2022 19:41,,,,10,,,,,120,2.75,363,,,,,,,,,,,,
30665,10.02123706v1,10,,2,4,,11/1/2022 17:40,,,,8,,,,,90,2.58,278.64,,,,,,,,,,,,
30667,46.02121722v1,46,,113,3,,11/1/2022 20:06,,,,5,,,,,60,3.66,263.52,,,,,,,,,,,,
30668,17.02122920v2,17,,9,3,,11/1/2022 18:54,,,,11,,,,,127,2.58,371.52,,,,,,,,,,,,
30669,10.0294713v1,10,,2,3,,11/1/2022 19:08,,,,20,,,,,240,2.41,607.32,,,,,,,,,,,,
30670,10.0264895v7,10,,2,1,,11/1/2022 22:34,,,,9,,,,,98,2.56,307.2,,,,,,,,,,,,
30670,10.0264894v2,10,,2,1,,11/1/2022 22:34,,,,5,,,,,58,2.56,184.32,,,,,,,,,,,,
30670,55.02115552v1,55,,114,1,,11/1/2022 22:34,,,,5,,,,,58,2.56,184.32,,,,,,,,,,,,
30671,10.02119954v2,10,,2,4,,11/1/2022 19:38,,,,5,,,,,60,2.58,185.76,,,,,,,,,,,,
30672,10.02115346v1,10,,2,3,,11/3/2022 18:58,,,,10,,,,,120,2.58,340.56,,,,,,,,,,,,
30674,10.02121503v8,10,,2,3,,11/1/2022 20:12,,,,5,,,,,60,3.66,263.52,,,,,,,,,,,,
30675,10.02123240v2,10,,2,3,,11/1/2022 20:15,,,,9,,,,,100,3.58,429.6,,,,,,,,,,,,
30676,10.02121690v1,10,,2,3,,11/1/2022 20:16,,,,5,,,,,60,3.66,263.52,,,,,,,,,,,,
30676,10.02122735v1,10,,2,3,,11/1/2022 20:16,,,,5,,,,,60,3.66,263.52,,,,,,,,,,,,
30676,10.02121199v2,10,,2,3,,11/1/2022 20:16,,,,5,,,,,54,3.66,263.52,,,,,,,,,,,,
30677,10.02123344v2,10,,2,3,,11/2/2022 15:18,,,,11,,,,,126,2.58,371.52,,,,,,,,,,,,
30678,10.02123365v1,10,,2,1,,11/4/2022 15:19,,,,17,,,,,200,1.96,423.36,,,,,,,,,,,,
30679,10.02123896v1,10,,2,1,,11/1/2022 21:54,,,,1250,,,,,15000,1.52,22818.24,,,,,,,,,,,,
30682,10.02123644v2,10,,2,4,,11/1/2022 22:16,,,,31,,,,,361,2.41,925.44,,,,,,,,,,,,
30683,10.02123458v2,10,,2,4,,11/1/2022 22:10,,,,5,,,,,60,2.58,185.76,,,,,,,,,,,,
30684,10.0219978v1,10,,2,3,,11/1/2022 22:14,,,,20,,,,,240,2.41,607.32,,,,,,,,,,,,
30685,10.02121061v1,10,,2,3,,11/1/2022 22:35,,,,10,,,,,120,2.58,340.56,,,,,,,,,,,,
30686,10.02123871v1,10,,2,4,,11/1/2022 22:50,,,,5,,,,,60,2.58,185.76,,,,,,,,,,,,
30687,10.02120152v1,10,,2,3,,11/2/2022 15:15,,,,15,,,,,175,2.41,462.72,,,,,,,,,,,,
30688,55.02124049v1,55,,114,4,,11/2/2022 19:54,,,,5,,,,,60,2.75,198,,,,,,,,,,,,
30689,10.0215208v1,10,,2,1,,11/2/2022 12:20,,,,17,,,,,200,1.96,423.36,,,,,,,,,,,,
30690,10.02109977v1,10,,2,3,,11/15/2022 18:41,,,,10,,,,,120,2.58,340.56,,,,,,,,,,,,
30690,10.02109976v1,10,,2,3,,11/15/2022 18:41,,,,8,,,,,95,3.58,386.64,,,,,,,,,,,,
30690,10.02109975v1,10,,2,3,,11/15/2022 18:41,,,,10,,,,,120,2.58,340.56,,,,,,,,,,,,
30691,10.02123937v1,10,,2,4,,11/2/2022 15:47,,,,5,,,,,60,2.58,185.76,,,,,,,,,,,,
30692,10.02118596v1,10,,2,3,,11/2/2022 17:22,,,,84,,,,,1000,1.91,1948.2,,,,,,,,,,,,
30693,10.02123955v1,10,,2,4,,11/2/2022 14:53,,,,5,,,,,60,2.58,185.76,,,,,,,,,,,,
30694,10.02124002v1,10,,2,4,,11/2/2022 15:27,,,,5,,,,,60,2.58,185.76,,,,,,,,,,,,
30696,10.02121246v2,10,,2,4,,11/4/2022 19:38,,,,25,,,,,300,2.41,751.92,,,,,,,,,,,,
30696,10.02123919v1,10,,2,4,,11/4/2022 19:38,,,,25,,,,,300,2.41,751.92,,,,,,,,,,,,
30697,10.02123263v2,10,,2,1,,11/3/2022 22:55,,,,84,,,,,1000,1.79,1825.8,,,,,,,,,,,,
30698,10.02119164v1,10,,2,3,,11/2/2022 19:31,,,,13,,,,,150,2.41,404.88,,,,,,,,,,,,
30700,10.02123560v2,10,,2,4,,11/2/2022 16:36,,,,5,,,,,60,2.58,185.76,,,,,,,,,,,,
30700,10.02123548v2,10,,2,4,,11/2/2022 16:36,,,,5,,,,,60,2.58,185.76,,,,,,,,,,,,
30700,10.02123545v2,10,,2,4,,11/2/2022 16:36,,,,5,,,,,60,2.58,185.76,,,,,,,,,,,,
30702,10.03123927v1,10,,2,3,,11/2/2022 16:28,,,,10,,,,,120,2.58,340.56,,,,,,,,,,,,
30702,10.03123928v1,10,,2,3,,11/2/2022 16:28,,,,10,,,,,120,2.58,340.56,,,,,,,,,,,,
30704,10.02122404v4,10,,2,4,,11/2/2022 16:39,,,,5,,,,,60,2.58,185.76,,,,,,,,,,,,
30705,55.02124114v1,55,,114,1,,11/2/2022 16:48,,,,5,,,,,60,2.56,184.32,,,,,,,,,,,,
30706,,70,,,1,44879,11/2/2022 19:05,,,,,,,,,,2.56,,28766,75,13009,30542,118,10958,96,99644,11/2/2022 18:59,11/14/2022,7,245.76
30707,10.02122711v7,10,,2,3,,11/2/2022 17:16,,,,14,,,,,160,2.41,433.8,,,,,,,,,,,,
30708,10.02124122v1,10,,2,3,,11/2/2022 17:39,,,,42,,,,,500,2.41,1243.56,,,,,,,,,,,,
30709,55.02116939v3,55,,114,1,,11/3/2022 20:25,,,,10,,,,,120,2.23,294.36,,,,,,,,,,,,
30709,10.02116953v1,10,,2,1,,11/3/2022 20:25,,,,10,,,,,120,2.23,294.36,,,,,,,,,,,,
30710,10.02117298v2,10,,2,3,,11/2/2022 17:49,,,,13,,,,,150,2.41,404.88,,,,,,,,,,,,
30711,10.0232308v2,10,,2,3,,11/2/2022 20:10,,,,63,,,,,750,1.91,1466.88,,,,,,,,,,,,
30713,10.02124100v1,10,,2,1,,11/2/2022 20:08,,,,30,,,,,360,1.96,729.12,,,,,,,,,,,,
30714,10.02123402v1,10,,2,3,,11/3/2022 21:54,,,,10,,,,,120,2.58,340.56,,,,,,,,,,,,
30715,10.02123905v2,10,,2,1,,11/2/2022 20:52,,,,42,,,,,495,1.96,1011.36,,,,,,,,,,,,
30715,10.02123903v2,10,,2,1,,11/2/2022 20:52,,,,42,,,,,495,1.96,1011.36,,,,,,,,,,,,
30716,17.02122259v7,17,,9,4,,11/17/2022 17:05,,,,10,,,,,120,2.58,340.56,,,,,,,,,,,,
30716,10.02122254v4,10,,2,4,,11/17/2022 17:05,,,,10,,,,,120,2.58,340.56,,,,,,,,,,,,
30716,10.02122257v4,10,,2,4,,11/17/2022 17:05,,,,10,,,,,120,2.58,340.56,,,,,,,,,,,,
30717,10.02121954v1,10,,2,1,,11/2/2022 21:06,,,,21,,,,,250,1.96,517.44,,,,,,,,,,,,
30717,10.02121959v1,10,,2,1,,11/2/2022 21:06,,,,21,,,,,250,1.96,517.44,,,,,,,,,,,,
30718,10.0258528v1,10,,2,3,,11/2/2022 19:43,,,,13,,,,,150,2.41,404.88,,,,,,,,,,,,
30719,10.02123662v1,10,,2,1,,11/2/2022 20:03,,,,42,,,,,500,1.96,1011.36,,,,,,,,,,,,
30720,10.02123541v1,10,,2,1,,11/2/2022 20:05,,,,9,,,,,106,2.56,307.2,,,,,,,,,,,,
30721,10.0262488v1,10,,2,4,,11/2/2022 20:53,,,,10,,,,,120,2.58,340.56,,,,,,,,,,,,
30722,10.02119049v1,10,,2,3,,11/2/2022 23:03,,,,5,,,,,60,3.66,263.52,,,,,,,,,,,,
30722,10.02124247v1,10,,2,3,,11/2/2022 23:03,,,,5,,,,,60,3.66,263.52,,,,,,,,,,,,
30727,13.05109243v1,13,,5,3,,11/3/2022 16:48,,,,20,,,,,240,1.45,365.4,,,,,,,,,,,,
30728,10.0281891v1,10,,2,4,,11/2/2022 22:02,,,,5,,,,,60,2.58,185.76,,,,,,,,,,,,
30729,10.02118989v4,10,,2,1,,11/3/2022 2:23,,,,44,,,,,525,1.96,1058.4,,,,,,,,,,,,
30730,55.02124444v1,55,,114,3,,11/2/2022 23:18,,,,5,,,,,60,3.74,269.28,,,,,,,,,,,,
30731,15.02104144v5,15,,7,3,,11/3/2022 19:09,,,,10,,,,,120,3.7,488.4,,,,,,,,,,,,
30731,15.02104144v4,15,,7,3,,11/3/2022 19:09,,,,10,,,,,120,3.7,488.4,,,,,,,,,,,,
30732,55.02122705v3,55,,114,4,,11/7/2022 17:03,,,,5,,,,,60,2.75,198,,,,,,,,,,,,
30732,55.02122705v2,55,,114,4,,11/7/2022 17:03,,,,5,,,,,60,2.75,198,,,,,,,,,,,,
30733,10.02115279v7,10,,2,3,,11/2/2022 22:31,,,,11,,,,,125,2.58,371.52,,,,,,,,,,,,
30734,10.02120369v1,10,,2,3,,11/2/2022 22:10,,,,5,,,,,60,3.66,263.52,,,,,,,,,,,,
30735,10.0218842v1,10,,2,3,,11/3/2022 12:56,,,,20,,,,,240,2.41,607.32,,,,,,,,,,,,
30736,10.02124169v2,10,,2,3,,11/3/2022 18:28,,,,20,,,,,240,2.41,607.32,,,,,,,,,,,,
30737,10.02124328v1,10,,2,3,,11/2/2022 23:02,,,,57,,,,,682,2.16,1503.36,,,,,,,,,,,,
30738,10.02123100v2,10,,2,4,,11/3/2022 1:22,,,,5,,,,,60,2.58,185.76,,,,,,,,,,,,
30739,15.02122397v2,15,,7,3,,11/3/2022 16:49,,,,238,,,,,2853,2.74,7858.32,,,,,,,,,,,,
30741,46.02124107v1,46,,113,1,,11/3/2022 14:56,,,,12,,,,,140,1.96,305.76,,,,,,,,,,,,
30742,10.02123686v2,10,,2,3,,11/3/2022 0:16,,,,17,,,,,200,2.41,520.56,,,,,,,,,,,,
30743,10.02123385v1,10,,2,4,,11/3/2022 8:35,,,,5,,,,,60,2.58,185.76,,,,,,,,,,,,
30743,10.02123369v1,10,,2,4,,11/3/2022 8:35,,,,5,,,,,60,2.58,185.76,,,,,,,,,,,,
30744,10.02124178v3,10,,2,4,,11/16/2022 18:47,,,,10,,,,,120,2.58,340.56,,,,,,,,,,,,
30745,10.02121468v3,10,,2,4,,11/3/2022 14:54,,,,12,,,,,144,2.41,375.96,,,,,,,,,,,,
30745,10.02121605v2,10,,2,4,,11/3/2022 14:54,,,,12,,,,,144,2.41,375.96,,,,,,,,,,,,
30746,10.02124244v1,10,,2,4,,11/3/2022 17:35,,,,5,,,,,60,2.58,185.76,,,,,,,,,,,,
30747,10.02120136v2,10,,2,4,,11/4/2022 18:29,,,,29,,,,,340,2.41,867.6,,,,,,,,,,,,
30748,10.02124258v1,10,,2,4,,11/3/2022 14:56,,,,5,,,,,60,2.58,185.76,,,,,,,,,,,,
30749,10.02123552v1,10,,2,3,,11/4/2022 15:41,,,,367,,,,,4400,1.62,7153.92,,,,,,,,,,,,
30750,10.02121823v4,10,,2,4,,11/3/2022 16:27,,,,30,,,,,350,2.41,896.52,,,,,,,,,,,,
30751,10.0227001v1,10,,2,3,,11/3/2022 18:51,,,,167,,,,,2000,1.91,3850.56,,,,,,,,,,,,
30752,10.02113324v1,10,,2,4,,11/3/2022 17:10,,,,10,,,,,120,2.58,340.56,,,,,,,,,,,,
30752,10.02113323v1,10,,2,4,,11/3/2022 17:10,,,,10,,,,,120,2.58,340.56,,,,,,,,,,,,
30754,10.0295383v1,10,,2,4,,11/3/2022 15:33,,,,7,,,,,75,2.58,247.68,,,,,,,,,,,,
30755,10.02120944v2,10,,2,3,,11/4/2022 18:52,,,,19,,,,,220,2.41,578.4,,,,,,,,,,,,
30756,10.02112395v2,10,,2,4,,11/3/2022 15:37,,,,34,,,,,400,2.41,1012.2,,,,,,,,,,,,
30757,13.05123311v3,13,,5,3,,11/3/2022 15:40,,,,17,,,,,200,1.45,313.2,,,,,,,,,,,,
30758,10.02123708v1,10,,2,4,,11/3/2022 17:33,,,,5,,,,,60,2.58,185.76,,,,,,,,,,,,
30758,10.02123711v1,10,,2,4,,11/3/2022 17:33,,,,5,,,,,60,2.58,185.76,,,,,,,,,,,,
30760,10.02120900v1,10,,2,4,,11/3/2022 16:49,,,,5,,,,,60,2.58,185.76,,,,,,,,,,,,
30761,10.029026v1,10,,2,1,,11/3/2022 18:23,,,,10,,,,,120,2.23,294.36,,,,,,,,,,,,
30762,10.0269217v4,10,,2,4,,11/3/2022 18:35,,,,42,,,,,500,2.41,1243.56,,,,,,,,,,,,
30764,10.02124489v1,10,,2,3,,11/3/2022 17:21,,,,10,,,,,120,2.58,340.56,,,,,,,,,,,,
30765,10.02114859v1,10,,2,3,,11/3/2022 18:57,,,,10,,,,,120,2.58,340.56,,,,,,,,,,,,
30766,10.02123613v1,10,,2,3,,11/3/2022 18:29,,,,12,,,,,143,2.41,375.96,,,,,,,,,,,,
30767,12.0285438v1,12,,4,1,,11/3/2022 19:45,,,,25,,,,,300,1.55,483.6,,,,,,,,,,,,
30768,55.02124490v1,55,,114,1,,11/3/2022 22:02,,,,17,,,,,200,1.96,423.36,,,,,,,,,,,,
30769,10.02123209v3,10,,2,3,,11/3/2022 18:10,,,,30,,,,,360,2.41,896.52,,,,,,,,,,,,
30770,10.02124485v1,10,,2,3,,11/3/2022 21:31,,,,10,,,,,120,2.58,340.56,,,,,,,,,,,,
30771,55.02116925v1,55,,114,1,,11/3/2022 20:30,,,,30,,,,,360,1.96,729.12,,,,,,,,,,,,
30772,55.02101367v2,55,,114,1,,11/3/2022 18:43,,,,5,,,,,60,2.56,184.32,,,,,,,,,,,,
30773,10.02123829v2,10,,2,1,,11/3/2022 21:36,,,,7,,,,,80,2.56,245.76,,,,,,,,,,,,
30775,10.02116517v5,10,,2,1,,11/3/2022 21:03,,,,34,,,,,400,1.96,823.2,,,,,,,,,,,,
30776,10.02124509v1,10,,2,1,,11/3/2022 20:25,,,,5,,,,,60,2.56,184.32,,,,,,,,,,,,
30776,10.02124504v1,10,,2,1,,11/3/2022 20:25,,,,5,,,,,60,2.56,184.32,,,,,,,,,,,,
30777,10.0296589v2,10,,2,1,,11/3/2022 20:35,,,,42,,,,,500,1.96,1011.36,,,,,,,,,,,,
30779,10.02124650v1,10,,2,1,,11/3/2022 21:28,,,,9,,,,,100,2.56,307.2,,,,,,,,,,,,
30780,10.02117510v2,10,,2,3,,11/4/2022 16:56,,,,34,,,,,400,2.41,1012.2,,,,,,,,,,,,
30781,10.02121027v1,10,,2,3,,11/7/2022 16:09,,,,10,,,,,120,2.58,340.56,,,,,,,,,,,,
30782,55.02124422v2,55,,114,1,,11/3/2022 23:02,,,,13,,,,,148,1.96,329.28,,,,,,,,,,,,
30783,10.0262821v1,10,,2,3,,11/7/2022 17:16,,,,42,,,,,500,2.41,1243.56,,,,,,,,,,,,
30784,10.0291998v1,10,,2,3,,11/4/2022 15:44,,,,11,,,,,130,2.58,371.52,,,,,,,,,,,,
30785,10.02123530v1,10,,2,1,,11/3/2022 22:55,,,,84,,,,,1000,1.79,1825.8,,,,,,,,,,,,
30786,10.0280792v1,10,,2,3,,11/4/2022 1:45,,,,13,,,,,150,2.41,404.88,,,,,,,,,,,,
30787,10.02122181v3,10,,2,3,,11/4/2022 17:20,,,,17,,,,,200,2.41,520.56,,,,,,,,,,,,
30788,10.02123762v3,10,,2,3,,11/4/2022 15:39,,,,10,,,,,120,2.58,340.56,,,,,,,,,,,,
30791,10.0297994v1,10,,2,1,,11/4/2022 15:43,,,,84,,,,,1000,1.79,1825.8,,,,,,,,,,,,
30792,10.0282074v1,10,,2,1,,11/4/2022 14:59,,,,9,,,,,100,2.56,307.2,,,,,,,,,,,,
30794,10.02123559v5,10,,2,4,,11/4/2022 17:23,,,,5,,,,,60,2.58,185.76,,,,,,,,,,,,
30795,10.02123804v1,10,,2,1,,11/7/2022 15:31,,,,11,,,,,130,2.23,321.12,,,,,,,,,,,,
30796,10.02118167v1,10,,2,4,,11/4/2022 17:18,,,,5,,,,,60,2.58,185.76,,,,,,,,,,,,
30797,10.0290208v2,10,,2,1,,11/4/2022 17:23,,,,30,,,,,360,1.96,729.12,,,,,,,,,,,,
30799,10.02124445v1,10,,2,1,,11/4/2022 22:18,,,,135,,,,,1610,1.71,2790.72,,,,,,,,,,,,
30799,10.02124445v2,10,,2,1,,11/4/2022 22:18,,,,38,,,,,450,1.96,917.28,,,,,,,,,,,,
30801,10.02123753v1,10,,2,1,,11/8/2022 17:03,,,,17,,,,,200,1.96,423.36,,,,,,,,,,,,
30801,10.02123753v2,10,,2,1,,11/8/2022 17:03,,,,17,,,,,200,1.96,423.36,,,,,,,,,,,,
30802,10.0218773v1,10,,2,3,,11/4/2022 19:04,,,,30,,,,,360,2.41,896.52,,,,,,,,,,,,
30803,20.02116348v1,20,,11,3,,11/7/2022 17:55,,,,10,,,,,120,2.99,394.68,,,,,,,,,,,,
30804,10.02122866v2,10,,2,1,,11/4/2022 20:09,,,,8,,,,,90,2.56,276.48,,,,,,,,,,,,
30805,10.02112571v3,10,,2,1,,11/4/2022 23:06,,,,42,,,,,500,1.96,1011.36,,,,,,,,,,,,
30806,10.0262175v1,10,,2,1,,11/4/2022 20:17,,,,20,,,,,240,1.96,493.92,,,,,,,,,,,,
30807,10.02124496v1,10,,2,1,,11/7/2022 15:16,,,,30,,,,,360,1.96,729.12,,,,,,,,,,,,
30808,10.0289564v1,10,,2,3,,11/4/2022 22:06,,,,10,,,,,120,2.58,340.56,,,,,,,,,,,,
30809,10.02123778v3,10,,2,3,,11/7/2022 15:19,,,,10,,,,,120,2.58,340.56,,,,,,,,,,,,
30810,10.02122196v1,10,,2,3,,11/7/2022 23:56,,,,42,,,,,500,2.41,1243.56,,,,,,,,,,,,
30811,10.02112420v3,10,,2,1,,11/7/2022 14:27,,,,125,,,,,1500,1.71,2585.52,,,,,,,,,,,,
30812,10.0295554v1,10,,2,1,,11/4/2022 21:38,,,,20,,,,,240,1.96,493.92,,,,,,,,,,,,
30814,10.02112909v2,10,,2,1,,11/4/2022 22:53,,,,8,,,,,85,2.56,276.48,,,,,,,,,,,,
30815,10.0294944v1,10,,2,3,,11/7/2022 22:18,,,,10,,,,,120,2.58,340.56,,,,,,,,,,,,
30816,55.02124981v1,55,,114,1,,11/7/2022 22:38,,,,5,,,,,60,2.56,184.32,,,,,,,,,,,,
30817,10.02124017v3,10,,2,1,,11/7/2022 15:37,,,,34,,,,,400,1.96,823.2,,,,,,,,,,,,
30819,10.02118813v1,10,,2,4,,11/7/2022 19:47,,,,17,,,,,200,2.41,520.56,,,,,,,,,,,,
30820,10.02124614v1,10,,2,1,,11/8/2022 16:27,,,,20,,,,,239,1.96,493.92,,,,,,,,,,,,
30820,10.02120694v1,10,,2,1,,11/8/2022 16:27,,,,20,,,,,239,1.96,493.92,,,,,,,,,,,,
30820,10.02124616v1,10,,2,1,,11/8/2022 16:27,,,,20,,,,,239,1.96,493.92,,,,,,,,,,,,
30821,17.02119078v1,17,,9,1,,11/9/2022 14:58,,,,30,,,,,360,1.96,729.12,,,,,,,,,,,,
30822,10.02120757v2,10,,2,4,,11/5/2022 13:55,,,,10,,,,,120,2.58,340.56,,,,,,,,,,,,
30823,10.0248213v2,10,,2,4,,11/6/2022 12:17,,,,9,,,,,100,2.58,309.6,,,,,,,,,,,,
30825,10.02123526v3,10,,2,3,,11/7/2022 17:33,,,,21,,,,,251,2.41,636.24,,,,,,,,,,,,
30826,10.02123557v2,10,,2,4,,11/8/2022 22:13,,,,7,,,,,80,2.58,247.68,,,,,,,,,,,,
30827,44.02124531v2,44,,21,4,,11/7/2022 17:52,,,,10,,,,,120,2.75,363,,,,,,,,,,,,
30828,10.0287018v2,10,,2,1,,11/9/2022 9:12,,,,17,,,,,200,1.96,423.36,,,,,,,,,,,,
30829,10.0251802v1,10,,2,4,,11/7/2022 20:02,,,,21,,,,,250,2.41,636.24,,,,,,,,,,,,
30830,10.0243490v1,10,,2,1,,11/7/2022 16:55,,,,25,,,,,300,1.96,611.52,,,,,,,,,,,,
30830,10.01119819v1,10,,2,1,,11/7/2022 16:55,,,,10,,,,,120,2.23,294.36,,,,,,,,,,,,
30830,10.0346079v1,10,,2,1,,11/7/2022 16:55,,,,17,,,,,200,1.96,423.36,,,,,,,,,,,,
30831,10.02124718v1,10,,2,1,,11/7/2022 17:57,,,,5,,,,,60,2.56,184.32,,,,,,,,,,,,
30832,10.0278354v1,10,,2,4,,11/7/2022 17:08,,,,10,,,,,120,2.58,340.56,,,,,,,,,,,,
30833,10.02123977v1,10,,2,3,,11/7/2022 21:23,,,,42,,,,,500,2.41,1243.56,,,,,,,,,,,,
30834,10.026879v2,10,,2,1,,11/8/2022 18:08,,,,17,,,,,200,1.96,423.36,,,,,,,,,,,,
30835,10.02123246v1,10,,2,1,,11/8/2022 14:36,,,,9,,,,,100,2.56,307.2,,,,,,,,,,,,
30836,55.02120387v1,55,,114,1,,11/7/2022 21:04,,,,5,,,,,60,2.56,184.32,,,,,,,,,,,,
30837,10.02123270v1,10,,2,1,,11/8/2022 14:36,,,,9,,,,,100,2.56,307.2,,,,,,,,,,,,
30838,55.02124998v1,55,,114,3,,11/7/2022 17:52,,,,42,,,,,500,2.49,1284.84,,,,,,,,,,,,
30839,10.02124888v1,10,,2,1,,11/7/2022 23:11,,,,10,,,,,120,2.23,294.36,,,,,,,,,,,,
30840,10.03125239v1,10,,2,1,,11/16/2022 1:11,,,,20,,,,,240,1.96,493.92,,,,,,,,,,,,
30841,17.02124967v2,17,,9,1,,11/7/2022 18:40,,,,5,,,,,60,2.56,184.32,,,,,,,,,,,,
30842,10.02119368v1,10,,2,1,,11/16/2022 15:15,,,,5,,,,,60,2.56,184.32,,,,,,,,,,,,
30843,10.02103688v2,10,,2,4,,11/7/2022 23:52,,,,84,,,,,1000,1.91,1948.2,,,,,,,,,,,,
30844,55.02124604v1,55,,114,1,,11/7/2022 20:51,,,,5,,,,,60,2.56,184.32,,,,,,,,,,,,
30845,10.02124045v2,10,,2,3,,11/8/2022 23:17,,,,11,,,,,122,2.58,371.52,,,,,,,,,,,,
30846,17.02124316v3,17,,9,1,,11/7/2022 19:38,,,,13,,,,,150,1.96,329.28,,,,,,,,,,,,
30847,10.02124952v2,10,,2,3,,11/9/2022 14:07,,,,13,,,,,150,2.41,404.88,,,,,,,,,,,,
30848,55.02123013v5,55,,114,3,,11/7/2022 22:23,,,,38,,,,,450,2.49,1165.32,,,,,,,,,,,,
30849,10.0259378v1,10,,2,1,,11/7/2022 19:59,,,,5,,,,,60,2.56,184.32,,,,,,,,,,,,
30849,10.0259376v1,10,,2,1,,11/7/2022 19:59,,,,5,,,,,60,2.56,184.32,,,,,,,,,,,,
30850,10.0218079v3,10,,2,3,,11/7/2022 21:55,,,,34,,,,,400,2.41,1012.2,,,,,,,,,,,,
30851,10.0283167v2,10,,2,3,,11/7/2022 20:15,,,,30,,,,,360,2.41,896.52,,,,,,,,,,,,
30852,10.0210967v5,10,,2,1,,11/7/2022 20:51,,,,10,,,,,120,2.23,294.36,,,,,,,,,,,,
30853,10.02115558v1,10,,2,1,,11/7/2022 21:56,,,,5,,,,,60,2.56,184.32,,,,,,,,,,,,
30854,10.02124121v2,10,,2,3,,11/9/2022 19:23,,,,17,,,,,200,2.41,520.56,,,,,,,,,,,,
30855,10.02121935v1,10,,2,1,,11/9/2022 21:09,,,,20,,,,,240,1.96,493.92,,,,,,,,,,,,
30857,10.02124282v3,10,,2,1,,11/8/2022 21:26,,,,5,,,,,60,2.56,184.32,,,,,,,,,,,,
30858,10.0235507v1,10,,2,3,,11/8/2022 14:56,,,,10,,,,,120,2.58,340.56,,,,,,,,,,,,
30859,55.02102485v2,55,,114,1,,11/7/2022 22:47,,,,5,,,,,60,2.56,184.32,,,,,,,,,,,,
30859,55.02102484v2,55,,114,1,,11/7/2022 22:47,,,,5,,,,,60,2.56,184.32,,,,,,,,,,,,
30860,10.02116449v2,10,,2,1,,11/7/2022 23:38,,,,42,,,,,500,1.96,1011.36,,,,,,,,,,,,
30860,10.02116447v5,10,,2,1,,11/7/2022 23:38,,,,30,,,,,360,1.96,729.12,,,,,,,,,,,,
30862,10.02125277v1,10,,2,4,,11/7/2022 23:44,,,,42,,,,,500,2.41,1243.56,,,,,,,,,,,,
30863,10.02125276v1,10,,2,1,,11/7/2022 23:43,,,,9,,,,,100,2.56,307.2,,,,,,,,,,,,
30864,10.02124144v1,10,,2,3,,11/8/2022 0:07,,,,32,,,,,375,2.41,954.36,,,,,,,,,,,,
30866,55.02124879v2,55,,114,1,,11/8/2022 16:40,,,,5,,,,,60,2.56,184.32,,,,,,,,,,,,
30867,10.02123588v2,10,,2,1,,11/8/2022 19:57,,,,17,,,,,200,1.96,423.36,,,,,,,,,,,,
30867,10.02123899v3,10,,2,1,,11/8/2022 19:57,,,,17,,,,,200,1.96,423.36,,,,,,,,,,,,
30867,10.02123900v6,10,,2,1,,11/8/2022 19:57,,,,48,,,,,565,1.88,1105.44,,,,,,,,,,,,
30868,10.0231011v1,10,,2,3,,11/9/2022 23:01,,,,18,,,,,210,2.41,549.48,,,,,,,,,,,,
30869,10.02112760v2,10,,2,1,,11/8/2022 16:31,,,,5,,,,,60,2.56,184.32,,,,,,,,,,,,
30869,55.02112759v5,55,,114,1,,11/8/2022 16:31,,,,5,,,,,60,2.56,184.32,,,,,,,,,,,,
30870,10.0372579v1,10,,2,1,,11/8/2022 19:59,,,,10,,,,,120,2.23,294.36,,,,,,,,,,,,
30871,10.02124016v1,10,,2,1,,11/8/2022 16:13,,,,10,,,,,120,2.23,294.36,,,,,,,,,,,,
30872,10.02118411v1,10,,2,4,,11/8/2022 17:08,,,,5,,,,,60,2.58,185.76,,,,,,,,,,,,
30873,10.02124510v1,10,,2,3,,11/9/2022 15:21,,,,11,,,,,126,2.58,371.52,,,,,,,,,,,,
30874,10.02124717v2,10,,2,1,,11/8/2022 16:23,,,,5,,,,,60,2.56,184.32,,,,,,,,,,,,
30875,10.03125076v1,10,,2,3,,11/8/2022 17:17,,,,5,,,,,60,3.66,263.52,,,,,,,,,,,,
30875,10.02124869v1,10,,2,3,,11/8/2022 17:17,,,,9,,,,,100,3.58,429.6,,,,,,,,,,,,
30876,10.0285413v2,10,,2,1,,11/8/2022 17:50,,,,5,,,,,60,2.56,184.32,,,,,,,,,,,,
30877,10.02125231v1,10,,2,4,,11/9/2022 22:07,,,,5,,,,,60,2.58,185.76,,,,,,,,,,,,
30877,10.02125230v1,10,,2,4,,11/9/2022 22:07,,,,5,,,,,60,2.58,185.76,,,,,,,,,,,,
30878,10.02116062v1,10,,2,4,,11/8/2022 16:57,,,,30,,,,,360,2.41,896.52,,,,,,,,,,,,
30879,55.02124761v1,55,,114,4,,11/8/2022 17:07,,,,10,,,,,120,2.75,363,,,,,,,,,,,,
30880,10.02125310v2,10,,2,4,,11/8/2022 17:19,,,,5,,,,,60,2.58,185.76,,,,,,,,,,,,
30881,17.02109148v1,17,,9,3,,11/8/2022 17:33,,,,21,,,,,250,2.41,636.24,,,,,,,,,,,,
30883,10.02124371v2,10,,2,4,,11/8/2022 18:04,,,,17,,,,,200,2.41,520.56,,,,,,,,,,,,
30884,55.02127104v1,55,,114,1,,11/8/2022 19:15,,,,10,,,,,120,2.23,294.36,,,,,,,,,,,,
30884,46.02125307v1,46,,113,1,,11/8/2022 19:15,,,,10,,,,,120,2.23,294.36,,,,,,,,,,,,
30885,10.02122996v1,10,,2,4,,11/8/2022 18:07,,,,5,,,,,60,2.58,185.76,,,,,,,,,,,,
30886,10.02124994v2,10,,2,3,,11/8/2022 19:52,,,,100,,,,,1200,1.91,2314.92,,,,,,,,,,,,
30887,10.02125442v2,10,,2,4,,11/8/2022 19:34,,,,10,,,,,120,2.58,340.56,,,,,,,,,,,,
30888,10.02125220v1,10,,2,4,,11/8/2022 19:51,,,,5,,,,,60,2.58,185.76,,,,,,,,,,,,
30889,10.02106792v4,10,,2,3,,11/9/2022 16:33,,,,10,,,,,120,2.58,340.56,,,,,,,,,,,,
30889,10.02106791v1,10,,2,3,,11/9/2022 16:33,,,,10,,,,,120,2.58,340.56,,,,,,,,,,,,
30890,10.02125060v1,10,,2,4,,11/9/2022 15:38,,,,20,,,,,240,2.41,607.32,,,,,,,,,,,,
30891,10.0256955v2,10,,2,4,,11/8/2022 20:41,,,,5,,,,,60,2.58,185.76,,,,,,,,,,,,
30892,10.02122674v2,10,,2,1,,11/9/2022 16:08,,,,21,,,,,250,1.96,517.44,,,,,,,,,,,,
30893,10.02125536v1,10,,2,4,,11/9/2022 21:07,,,,5,,,,,60,2.58,185.76,,,,,,,,,,,,
30894,10.02123677v1,10,,2,4,,11/11/2022 20:46,,,,17,,,,,200,2.41,520.56,,,,,,,,,,,,
30894,10.02124966v1,10,,2,4,,11/11/2022 20:46,,,,17,,,,,200,2.41,520.56,,,,,,,,,,,,
30895,10.0226732v1,10,,2,4,,11/8/2022 21:12,,,,10,,,,,120,2.58,340.56,,,,,,,,,,,,
30896,10.02113755v2,10,,2,3,,11/9/2022 16:52,,,,20,,,,,240,2.41,607.32,,,,,,,,,,,,
30897,10.0288498v1,10,,2,4,,11/9/2022 16:23,,,,5,,,,,60,2.58,185.76,,,,,,,,,,,,
30898,10.0226580v1,10,,2,3,,11/8/2022 21:35,,,,60,,,,,720,1.91,1398.12,,,,,,,,,,,,
30899,10.02125067v1,10,,2,4,,11/8/2022 21:46,,,,13,,,,,150,2.41,404.88,,,,,,,,,,,,
30900,932125377v1,93,500,120,10,44907,11/8/2022 22:21,Direct,existingbusiness,10722435765,42,1.31,0,675.96,655,,,,,,,,,,,,,,,
30901,10.02124402v1,10,,2,4,,11/8/2022 22:58,,,,37,,,,,440,2.41,1098.96,,,,,,,,,,,,
30902,10.0230456v2,10,,2,3,,11/9/2022 16:47,,,,42,,,,,500,2.41,1243.56,,,,,,,,,,,,
30903,10.02103039v1,10,,2,3,,11/8/2022 22:07,,,,10,,,,,120,2.58,340.56,,,,,,,,,,,,
30904,17.02125373v1,17,,9,1,,11/9/2022 17:26,,,,12,,,,,142,1.96,305.76,,,,,,,,,,,,
30905,17.02124848v3,17,,9,4,,11/8/2022 22:28,,,,10,,,,,120,2.58,340.56,,,,,,,,,,,,
30905,55.02125385v1,55,,114,4,,11/8/2022 22:28,,,,5,,,,,60,2.75,198,,,,,,,,,,,,
30905,55.02125341v1,55,,114,4,,11/8/2022 22:28,,,,5,,,,,60,2.75,198,,,,,,,,,,,,
30906,10.02117078v3,10,,2,4,,11/9/2022 14:57,,,,12,,,,,135,2.41,375.96,,,,,,,,,,,,
30907,10.02122733v1,10,,2,3,,11/8/2022 23:05,,,,8,,,,,96,3.58,386.64,,,,,,,,,,,,
30908,10.02125292v1,10,,2,4,,11/8/2022 23:16,,,,59,,,,,700,2.16,1555.2,,,,,,,,,,,,
30909,10.02125128v2,10,,2,3,,11/9/2022 20:17,,,,21,,,,,250,2.41,636.24,,,,,,,,,,,,
30910,55.02116463v3,55,,114,1,,11/9/2022 19:09,,,,13,,,,,150,1.96,329.28,,,,,,,,,,,,
30911,55.02119921v1,55,,114,4,,11/10/2022 22:21,,,,21,,,,,250,2.58,681.12,,,,,,,,,,,,
30911,55.02119922v1,55,,114,4,,11/10/2022 22:21,,,,21,,,,,250,2.58,681.12,,,,,,,,,,,,
30913,10.02118616v1,10,,2,3,,11/8/2022 23:39,,,,40,,,,,476,2.41,1185.72,,,,,,,,,,,,
30914,10.02111719v1,10,,2,3,,11/9/2022 18:34,,,,5,,,,,60,3.66,263.52,,,,,,,,,,,,
30914,10.02111717v1,10,,2,3,,11/9/2022 18:34,,,,5,,,,,60,3.66,263.52,,,,,,,,,,,,
30914,10.02111716v1,10,,2,3,,11/9/2022 18:34,,,,5,,,,,60,3.66,263.52,,,,,,,,,,,,
30915,10.0282707v1,10,,2,3,,11/9/2022 15:15,,,,100,,,,,1200,1.91,2314.92,,,,,,,,,,,,
30916,10.02123665v3,10,,2,3,,11/9/2022 2:27,,,,21,,,,,250,2.41,636.24,,,,,,,,,,,,
30917,55.02116338v1,55,,114,3,,11/9/2022 14:25,,,,5,,,,,60,3.74,269.28,,,,,,,,,,,,
30918,10.02123998v1,10,,2,3,,11/10/2022 16:52,,,,25,,,,,300,2.41,751.92,,,,,,,,,,,,
30919,10.02125591v1,10,,2,1,,11/9/2022 16:58,,,,20,,,,,240,1.96,493.92,,,,,,,,,,,,
30922,55.02122868v1,55,,114,1,,11/10/2022 19:00,,,,17,,,,,200,1.96,423.36,,,,,,,,,,,,
30923,55.02105082v1,55,,114,1,,11/9/2022 17:46,,,,13,,,,,150,1.96,329.28,,,,,,,,,,,,
30923,10.02104967v1,10,,2,1,,11/9/2022 17:46,,,,13,,,,,150,1.96,329.28,,,,,,,,,,,,
30925,10.02123480v3,10,,2,3,,11/9/2022 20:20,,,,10,,,,,120,2.58,340.56,,,,,,,,,,,,
30926,10.0294141v1,10,,2,1,,11/9/2022 18:19,,,,5,,,,,60,2.56,184.32,,,,,,,,,,,,
30928,10.02124566v1,10,,2,4,,11/9/2022 22:24,,,,5,,,,,60,2.58,185.76,,,,,,,,,,,,
30928,10.02124570v1,10,,2,4,,11/9/2022 22:24,,,,5,,,,,60,2.58,185.76,,,,,,,,,,,,
30928,10.02124568v2,10,,2,4,,11/9/2022 22:24,,,,5,,,,,60,2.58,185.76,,,,,,,,,,,,
30929,10.02125564v1,10,,2,1,,11/9/2022 22:19,,,,43,,,,,510,1.96,1034.88,,,,,,,,,,,,
30930,10.02124215v2,10,,2,3,,11/9/2022 19:21,,,,20,,,,,240,2.41,607.32,,,,,,,,,,,,
30931,10.02125763v2,10,,2,1,,11/9/2022 20:47,,,,5,,,,,60,2.56,184.32,,,,,,,,,,,,
30932,10.02122084v1,10,,2,4,,11/9/2022 21:06,,,,5,,,,,60,2.58,185.76,,,,,,,,,,,,
30933,10.02105502v2,10,,2,1,,11/10/2022 23:12,,,,5,,,,,60,2.56,184.32,,,,,,,,,,,,
30934,55.02124487v1,55,,114,1,,11/9/2022 22:39,,,,10,,,,,120,2.23,294.36,,,,,,,,,,,,
30937,55.02105770v2,55,,114,3,,11/9/2022 21:52,,,,6,,,,,61,3.74,314.16,,,,,,,,,,,,
30937,55.02105771v2,55,,114,3,,11/9/2022 21:52,,,,6,,,,,61,3.74,314.16,,,,,,,,,,,,
30938,10.02122289v1,10,,2,4,,11/9/2022 21:28,,,,5,,,,,60,2.58,185.76,,,,,,,,,,,,
30939,10.029297v1,10,,2,1,,11/10/2022 18:19,,,,13,,,,,150,1.96,329.28,,,,,,,,,,,,
30942,10.02116467v2,10,,2,1,,11/9/2022 21:53,,,,10,,,,,120,2.23,294.36,,,,,,,,,,,,
30943,10.02125166v1,10,,2,1,,11/10/2022 22:06,,,,19,,,,,225,1.96,470.4,,,,,,,,,,,,
30943,10.02125167v1,10,,2,1,,11/10/2022 22:06,,,,10,,,,,113,2.56,337.92,,,,,,,,,,,,
30943,10.02125163v1,10,,2,1,,11/10/2022 22:06,,,,10,,,,,113,2.56,337.92,,,,,,,,,,,,
30943,10.02125160v1,10,,2,1,,11/10/2022 22:06,,,,10,,,,,113,2.56,337.92,,,,,,,,,,,,
30943,10.02125168v1,10,,2,1,,11/10/2022 22:06,,,,10,,,,,113,2.56,337.92,,,,,,,,,,,,
30944,55.02125779v2,55,,114,1,,11/10/2022 13:46,,,,25,,,,,300,1.96,611.52,,,,,,,,,,,,
30945,10.02100663v1,10,,2,4,,11/9/2022 23:32,,,,105,,,,,1250,1.91,2429.52,,,,,,,,,,,,
30946,10.02117027v2,10,,2,1,,11/11/2022 20:54,,,,25,,,,,300,1.96,611.52,,,,,,,,,,,,
30947,10.0217376v5,10,,2,3,,11/10/2022 0:22,,,,200,,,,,2400,1.62,3907.44,,,,,,,,,,,,
30948,10.0270595v1,10,,2,3,,11/10/2022 0:46,,,,10,,,,,120,2.58,340.56,,,,,,,,,,,,
30949,10.02124799v1,10,,2,3,,11/10/2022 14:19,,,,10,,,,,120,2.58,340.56,,,,,,,,,,,,
30950,10.02124789v1,10,,2,4,,11/11/2022 14:47,,,,6,,,,,64,2.58,216.72,,,,,,,,,,,,
30952,10.02125686v1,10,,2,1,,11/10/2022 0:18,,,,17,,,,,200,1.96,423.36,,,,,,,,,,,,
30953,10.02125905v1,10,,2,3,,11/10/2022 13:57,,,,10,,,,,120,2.58,340.56,,,,,,,,,,,,
30953,10.02125905v2,10,,2,3,,11/10/2022 13:57,,,,10,,,,,120,2.58,340.56,,,,,,,,,,,,
30954,10.0298502v1,10,,2,4,,11/10/2022 1:04,,,,5,,,,,60,2.58,185.76,,,,,,,,,,,,
30955,55.02125262v1,55,,114,1,,11/10/2022 0:09,,,,13,,,,,150,1.96,329.28,,,,,,,,,,,,
30956,10.0283633v2,10,,2,3,,11/10/2022 18:48,,,,50,,,,,600,2.16,1321.92,,,,,,,,,,,,
30958,10.0256930v1,10,,2,1,,11/10/2022 14:51,,,,67,,,,,800,1.79,1460.64,,,,,,,,,,,,
30959,10.02125947v1,10,,2,4,,11/10/2022 14:58,,,,5,,,,,60,2.58,185.76,,,,,,,,,,,,
30960,10.02118438v2,10,,2,3,,11/19/2022 0:43,,,,102,,,,,1215,1.91,2360.76,,,,,,,,,,,,
30961,10.02125410v1,10,,2,4,,11/10/2022 16:34,,,,5,,,,,60,2.58,185.76,,,,,,,,,,,,
30962,55.02126505v1,55,,114,4,,11/14/2022 17:36,,,,12,,,,,135,2.58,402.48,,,,,,,,,,,,
30963,10.02124936v2,10,,2,4,,11/10/2022 15:27,,,,5,,,,,60,2.58,185.76,,,,,,,,,,,,
30964,10.02125805v1,10,,2,4,,11/10/2022 15:24,,,,5,,,,,60,2.58,185.76,,,,,,,,,,,,
30965,11.02126012v1,11,,3,4,,11/10/2022 19:22,,,,5,,,,,60,2.83,203.76,,,,,,,,,,,,
30966,10.0293157v1,10,,2,1,,11/7/2022 22:15,,,,5,,,,,60,2.56,184.32,,,,,,,,,,,,
30967,10.02125888v1,10,,2,1,,11/10/2022 16:18,,,,200,,,,,2400,1.6,3859.2,,,,,,,,,,,,
30968,10.0223325v4,10,,2,4,,11/14/2022 20:01,,,,22,,,,,263,2.41,665.16,,,,,,,,,,,,
30969,10.0262889v2,10,,2,4,,11/11/2022 15:54,,,,5,,,,,60,2.58,185.76,,,,,,,,,,,,
30969,10.04126003v1,10,,2,4,,11/11/2022 15:54,,,,5,,,,,60,2.58,185.76,,,,,,,,,,,,
30970,55.02125464v1,55,,114,1,,11/10/2022 17:00,,,,167,,,,,2000,1.71,3447.36,,,,,,,,,,,,
30971,10.02122455v1,10,,2,1,,11/10/2022 16:39,,,,20,,,,,240,1.96,493.92,,,,,,,,,,,,
30972,10.0240245v2,10,,2,4,,11/10/2022 16:49,,,,8,,,,,85,2.58,278.64,,,,,,,,,,,,
30973,10.02125862v1,10,,2,1,,11/10/2022 23:02,,,,52,,,,,620,1.88,1195.68,,,,,,,,,,,,
30973,10.02116360v2,10,,2,3,,11/10/2022 16:59,,,,13,,,,,150,2.41,404.88,,,,,,,,,,,,
30975,10.02125409v1,10,,2,1,,11/10/2022 21:04,,,,10,,,,,120,2.23,294.36,,,,,,,,,,,,
30976,10.02125065v1,10,,2,1,,11/10/2022 18:32,,,,20,,,,,240,1.96,493.92,,,,,,,,,,,,
30976,10.02124461v1,10,,2,1,,11/10/2022 18:32,,,,20,,,,,240,1.96,493.92,,,,,,,,,,,,
30977,10.02124968v1,10,,2,1,,11/10/2022 19:06,,,,10,,,,,120,2.23,294.36,,,,,,,,,,,,
30978,10.02125921v3,10,,2,4,,11/10/2022 19:16,,,,5,,,,,60,2.58,185.76,,,,,,,,,,,,
30980,11.02125694v3,11,,3,4,,11/15/2022 17:26,,,,6,,,,,61,2.83,237.72,,,,,,,,,,,,
30982,10.02125872v1,10,,2,1,,11/10/2022 21:09,,,,42,,,,,500,1.96,1011.36,,,,,,,,,,,,
30983,10.02118909v3,10,,2,1,,11/11/2022 14:58,,,,10,,,,,120,2.23,294.36,,,,,,,,,,,,
30984,10.02116759v1,10,,2,4,,11/10/2022 19:27,,,,7,,,,,76,2.58,247.68,,,,,,,,,,,,
30985,10.02119343v1,10,,2,1,,11/10/2022 20:16,,,,11,,,,,132,1.96,282.24,,,,,,,,,,,,
30987,10.0284551v3,10,,2,3,,11/10/2022 21:39,,,,21,,,,,250,2.41,636.24,,,,,,,,,,,,
30988,46.02112773v3,46,,113,1,,11/10/2022 19:48,,,,8,,,,,90,2.56,276.48,,,,,,,,,,,,
30988,10.0299524v3,10,,2,1,,11/10/2022 19:48,,,,8,,,,,90,2.56,276.48,,,,,,,,,,,,
30989,10.02126075v1,10,,2,1,,11/10/2022 21:26,,,,14,,,,,160,1.96,352.8,,,,,,,,,,,,
30990,10.02123850v1,10,,2,1,,11/10/2022 22:02,,,,5,,,,,60,2.56,184.32,,,,,,,,,,,,
30991,10.02124847v1,10,,2,1,,11/11/2022 0:11,,,,10,,,,,120,2.23,294.36,,,,,,,,,,,,
30992,10.02125556v1,10,,2,1,,11/10/2022 22:29,,,,13,,,,,150,1.96,329.28,,,,,,,,,,,,
30993,55.02125165v2,55,,114,1,,11/10/2022 20:55,,,,5,,,,,60,2.56,184.32,,,,,,,,,,,,
30994,10.02126142v1,10,,2,1,,11/10/2022 21:48,,,,7,,,,,75,2.56,245.76,,,,,,,,,,,,
30995,10.02117149v2,10,,2,4,,11/10/2022 21:20,,,,6,,,,,72,2.58,216.72,,,,,,,,,,,,
30996,10.02125635v1,10,,2,3,,11/11/2022 15:53,,,,11,,,,,124,2.58,371.52,,,,,,,,,,,,
30997,10.0278100v1,10,,2,1,,11/10/2022 21:21,,,,5,,,,,60,2.56,184.32,,,,,,,,,,,,
30997,10.0278091v1,10,,2,1,,11/10/2022 21:21,,,,5,,,,,60,2.56,184.32,,,,,,,,,,,,
30998,10.02122071v2,10,,2,3,,11/11/2022 14:18,,,,40,,,,,480,2.41,1185.72,,,,,,,,,,,,
30999,10.0215208v1,10,,2,1,,11/10/2022 21:46,,,,34,,,,,400,1.96,823.2,,,,,,,,,,,,
31000,55.02122663v2,55,,114,3,,11/14/2022 21:36,,,,14,,,,,162,2.49,448.2,,,,,,,,,,,,
31001,10.0213785v1,10,,2,1,,11/11/2022 15:10,,,,13,,,,,150,1.96,329.28,,,,,,,,,,,,
31002,10.0289954v1,10,,2,4,,11/11/2022 14:35,,,,40,,,,,480,2.41,1185.72,,,,,,,,,,,,
31003,55.02126204v1,55,,114,1,,11/11/2022 14:51,,,,14,,,,,160,1.96,352.8,,,,,,,,,,,,
31004,10.02125547v1,10,,2,1,,11/10/2022 22:44,,,,10,,,,,120,2.23,294.36,,,,,,,,,,,,
31004,10.02125548v1,10,,2,1,,11/10/2022 22:44,,,,10,,,,,120,2.23,294.36,,,,,,,,,,,,
31005,10.0278256v1,10,,2,1,,11/10/2022 22:48,,,,84,,,,,1000,1.79,1825.8,,,,,,,,,,,,
31006,10.02112032v1,10,,2,1,,11/11/2022 21:34,,,,13,,,,,150,1.96,329.28,,,,,,,,,,,,
31007,55.02126014v3,55,,114,1,,11/11/2022 18:54,,,,25,,,,,300,1.96,611.52,,,,,,,,,,,,
31008,55.02128419v1,55,,114,1,,11/22/2022 15:43,,,,5,,,,,60,2.56,184.32,,,,,,,,,,,,
31008,55.02128413v1,55,,114,1,,11/22/2022 15:43,,,,9,,,,,100,2.56,307.2,,,,,,,,,,,,
31009,10.02125931v1,10,,2,3,,11/10/2022 23:55,,,,10,,,,,120,2.58,340.56,,,,,,,,,,,,
31010,55.02125633v3,55,,114,1,,11/11/2022 20:42,,,,30,,,,,360,1.96,729.12,,,,,,,,,,,,
31011,10.02120780v4,10,,2,1,,11/14/2022 19:03,,,,5,,,,,60,2.56,184.32,,,,,,,,,,,,
31011,10.02120780v5,10,,2,1,,11/14/2022 19:03,,,,5,,,,,60,2.56,184.32,,,,,,,,,,,,
31012,10.02120419v2,10,,2,4,,11/11/2022 18:03,,,,5,,,,,60,2.58,185.76,,,,,,,,,,,,
31013,10.02125451v2,10,,2,3,,11/14/2022 19:35,,,,13,,,,,150,2.41,404.88,,,,,,,,,,,,
31014,10.02116912v1,10,,2,4,,11/11/2022 0:35,,,,5,,,,,60,2.58,185.76,,,,,,,,,,,,
31015,10.02125506v1,10,,2,4,,11/11/2022 19:41,,,,5,,,,,60,2.58,185.76,,,,,,,,,,,,
31015,10.02113516v1,10,,2,4,,11/11/2022 19:41,,,,5,,,,,60,2.58,185.76,,,,,,,,,,,,
31015,10.02113523v1,10,,2,4,,11/11/2022 19:41,,,,5,,,,,60,2.58,185.76,,,,,,,,,,,,
31016,10.0263262v1,10,,2,3,,11/11/2022 2:26,,,,17,,,,,200,2.41,520.56,,,,,,,,,,,,
31017,55.02123697v2,55,,114,1,,11/11/2022 13:29,,,,46,,,,,550,1.88,1060.32,,,,,,,,,,,,
31018,10.02126037v2,10,,2,4,,11/11/2022 13:30,,,,5,,,,,60,2.58,185.76,,,,,,,,,,,,
31019,10.02124561v4,10,,2,1,,11/11/2022 14:00,,,,10,,,,,120,2.23,294.36,,,,,,,,,,,,
31020,10.02124559v2,10,,2,1,,11/11/2022 15:23,,,,10,,,,,120,2.23,294.36,,,,,,,,,,,,
31021,10.03126248v1,10,,2,1,,11/11/2022 15:38,,,,7,,,,,76,2.56,245.76,,,,,,,,,,,,
31022,10.0293947v2,10,,2,4,,11/14/2022 18:54,,,,12,,,,,135,2.41,375.96,,,,,,,,,,,,
31023,12.02123971v1,12,,4,3,,11/22/2022 16:07,,,,5,,,,,60,3.41,245.52,,,,,,,,,,,,
31024,10.02109994v1,10,,2,3,,11/11/2022 17:09,,,,21,,,,,250,2.41,636.24,,,,,,,,,,,,
31025,10.02123921v1,10,,2,1,,11/11/2022 19:49,,,,34,,,,,400,1.96,823.2,,,,,,,,,,,,
31026,10.02124101v1,10,,2,1,,11/15/2022 15:58,,,,13,,,,,150,1.96,329.28,,,,,,,,,,,,
31027,10.02120711v1,10,,2,3,,11/11/2022 18:01,,,,12,,,,,143,2.41,375.96,,,,,,,,,,,,
31027,10.02119780v1,10,,2,3,,11/11/2022 18:01,,,,12,,,,,143,2.41,375.96,,,,,,,,,,,,
31028,10.0276838v3,10,,2,1,,11/11/2022 18:05,,,,11,,,,,125,2.23,321.12,,,,,,,,,,,,
31029,10.02126088v3,10,,2,3,,11/14/2022 19:08,,,,17,,,,,200,2.41,520.56,,,,,,,,,,,,
31030,55.02125669v2,55,,114,1,,11/11/2022 19:03,,,,10,,,,,120,2.23,294.36,,,,,,,,,,,,
31030,55.02125673v2,55,,114,1,,11/11/2022 19:03,,,,10,,,,,120,2.23,294.36,,,,,,,,,,,,
31030,10.0248008v1,10,,2,1,,11/11/2022 19:03,,,,13,,,,,150,1.96,329.28,,,,,,,,,,,,
31030,10.0223584v1,10,,2,1,,11/11/2022 19:03,,,,20,,,,,240,1.96,493.92,,,,,,,,,,,,
31030,10.0244572v2,10,,2,1,,11/11/2022 19:03,,,,20,,,,,240,1.96,493.92,,,,,,,,,,,,
31030,10.02125679v1,10,,2,1,,11/11/2022 19:03,,,,10,,,,,120,2.23,294.36,,,,,,,,,,,,
31030,10.02125680v1,10,,2,1,,11/11/2022 19:03,,,,7,,,,,75,2.56,245.76,,,,,,,,,,,,
31031,10.02124358v2,10,,2,3,,11/14/2022 16:27,,,,10,,,,,120,2.58,340.56,,,,,,,,,,,,
31032,10.02118051v1,10,,2,1,,11/11/2022 18:26,,,,30,,,,,360,1.96,729.12,,,,,,,,,,,,
31033,10.0297045v1,10,,2,3,,11/11/2022 20:04,,,,21,,,,,250,2.41,636.24,,,,,,,,,,,,
31034,10.02117926v1,10,,2,1,,11/11/2022 18:58,,,,10,,,,,120,2.23,294.36,,,,,,,,,,,,
31035,10.0227563v1,10,,2,4,,11/29/2022 21:01,,,,13,,,,,150,2.41,404.88,,,,,,,,,,,,
31036,10.02120877v8,10,,2,1,,11/11/2022 23:11,,,,6,,,,,70,2.56,215.04,,,,,,,,,,,,
31036,10.02124741v8,10,,2,1,,11/11/2022 23:11,,,,6,,,,,70,2.56,215.04,,,,,,,,,,,,
31037,10.02125287v1,10,,2,1,,11/14/2022 19:23,,,,9,,,,,100,2.56,307.2,,,,,,,,,,,,
31038,10.02126260v1,10,,2,4,,11/11/2022 20:23,,,,5,,,,,60,2.58,185.76,,,,,,,,,,,,
31039,10.0287306v2,10,,2,3,,11/11/2022 19:29,,,,15,,,,,179,2.41,462.72,,,,,,,,,,,,
31040,10.02124728v3,10,,2,3,,11/11/2022 19:36,,,,20,,,,,240,2.41,607.32,,,,,,,,,,,,
31041,10.02125443v1,10,,2,1,,11/14/2022 19:42,,,,9,,,,,100,2.56,307.2,,,,,,,,,,,,
31041,10.02117696v1,10,,2,1,,11/14/2022 19:42,,,,9,,,,,100,2.56,307.2,,,,,,,,,,,,
31042,10.02126330v1,10,,2,3,,11/11/2022 20:56,,,,34,,,,,400,2.41,1012.2,,,,,,,,,,,,
31043,10.02126340v1,10,,2,4,,11/11/2022 20:23,,,,7,,,,,75,2.58,247.68,,,,,,,,,,,,
31044,10.02126325v1,10,,2,1,,11/11/2022 20:49,,,,13,,,,,150,1.96,329.28,,,,,,,,,,,,
31045,10.02124905v1,10,,2,3,,11/14/2022 15:48,,,,64,,,,,767,1.91,1489.8,,,,,,,,,,,,
31046,10.0232290v2,10,,2,3,,11/14/2022 16:26,,,,13,,,,,148,2.41,404.88,,,,,,,,,,,,
31047,10.02124767v4,10,,2,3,,11/11/2022 22:22,,,,20,,,,,240,2.41,607.32,,,,,,,,,,,,
31048,10.02126336v2,10,,2,4,,11/11/2022 23:31,,,,7,,,,,80,2.58,247.68,,,,,,,,,,,,
31049,10.02119300v1,10,,2,3,,11/15/2022 16:46,,,,12,,,,,140,2.41,375.96,,,,,,,,,,,,
31050,45.02126416v1,45,,22,3,,11/15/2022 18:50,,,,13,,,,,150,2.49,418.32,,,,,,,,,,,,
31051,10.02125935v3,10,,2,3,,11/15/2022 15:54,,,,21,,,,,250,2.41,636.24,,,,,,,,,,,,
31051,10.02125937v3,10,,2,3,,11/15/2022 15:54,,,,21,,,,,250,2.41,636.24,,,,,,,,,,,,
31052,55.02126454v1,55,,114,3,,11/14/2022 21:51,,,,10,,,,,120,2.66,351.12,,,,,,,,,,,,
31053,10.02126448v1,10,,2,4,,11/11/2022 23:35,,,,5,,,,,60,2.58,185.76,,,,,,,,,,,,
31054,10.02123186v1,10,,2,4,,11/14/2022 16:06,,,,5,,,,,60,2.58,185.76,,,,,,,,,,,,
31055,10.02125519v1,10,,2,4,,11/15/2022 0:04,,,,5,,,,,60,2.58,185.76,,,,,,,,,,,,
31056,10.02125595v2,10,,2,3,,11/14/2022 16:21,,,,17,,,,,200,2.41,520.56,,,,,,,,,,,,
31057,10.02123380v1,10,,2,4,,11/14/2022 8:49,,,,5,,,,,60,2.58,185.76,,,,,,,,,,,,
31058,10.02126544v1,10,,2,3,,11/14/2022 16:28,,,,5,,,,,60,3.66,263.52,,,,,,,,,,,,
31059,10.02126385v1,10,,2,3,,11/14/2022 22:24,,,,25,,,,,300,2.41,751.92,,,,,,,,,,,,
31060,10.02117757v1,10,,2,4,,11/15/2022 0:33,,,,100,,,,,1200,1.91,2314.92,,,,,,,,,,,,
31061,10.02117337v4,10,,2,4,,11/14/2022 18:11,,,,6,,,,,72,2.58,216.72,,,,,,,,,,,,
31062,10.02126077v2,10,,2,4,,11/14/2022 18:22,,,,5,,,,,60,2.58,185.76,,,,,,,,,,,,
31063,10.02126441v1,10,,2,4,,11/14/2022 17:26,,,,17,,,,,200,2.41,520.56,,,,,,,,,,,,
31064,10.02124512v1,10,,2,3,,11/15/2022 20:48,,,,167,,,,,2000,1.91,3850.56,,,,,,,,,,,,
31065,10.02124978v4,10,,2,3,,11/14/2022 17:40,,,,21,,,,,250,2.41,636.24,,,,,,,,,,,,
31066,10.02125792v2,10,,2,1,,11/14/2022 17:36,,,,5,,,,,60,2.56,184.32,,,,,,,,,,,,
31067,10.0288587v2,10,,2,3,,11/14/2022 19:03,,,,10,,,,,120,2.58,340.56,,,,,,,,,,,,
31068,10.02125433v1,10,,2,1,,11/14/2022 18:15,,,,9,,,,,100,2.56,307.2,,,,,,,,,,,,
31069,55.02124692v2,55,,114,3,,11/14/2022 18:59,,,,10,,,,,120,2.66,351.12,,,,,,,,,,,,
31070,10.02111050v1,10,,2,1,,11/14/2022 18:32,,,,10,,,,,120,2.23,294.36,,,,,,,,,,,,
31071,10.02126096v1,10,,2,3,,11/14/2022 19:00,,,,167,,,,,2000,1.91,3850.56,,,,,,,,,,,,
31072,10.02125258v3,10,,2,3,,11/14/2022 18:47,,,,9,,,,,100,3.58,429.6,,,,,,,,,,,,
31073,10.02115170v2,10,,2,3,,11/14/2022 20:10,,,,100,,,,,1200,1.91,2314.92,,,,,,,,,,,,
31074,10.02126615v1,10,,2,3,,11/14/2022 18:59,,,,9,,,,,100,3.58,429.6,,,,,,,,,,,,
31075,10.02126025v2,10,,2,3,,11/14/2022 19:01,,,,10,,,,,120,2.58,340.56,,,,,,,,,,,,
31075,10.02126042v1,10,,2,3,,11/14/2022 19:01,,,,5,,,,,60,3.66,263.52,,,,,,,,,,,,
31075,10.02126043v1,10,,2,3,,11/14/2022 19:01,,,,5,,,,,60,3.66,263.52,,,,,,,,,,,,
31076,10.02125247v7,10,,2,1,,11/14/2022 19:13,,,,10,,,,,120,2.23,294.36,,,,,,,,,,,,
31076,10.03126420v4,10,,2,1,,11/14/2022 19:13,,,,5,,,,,60,2.56,184.32,,,,,,,,,,,,
31077,10.02125863v1,10,,2,3,,11/14/2022 19:36,,,,10,,,,,120,2.58,340.56,,,,,,,,,,,,
31078,10.02126082v1,10,,2,3,,11/14/2022 23:33,,,,72,,,,,855,1.91,1673.16,,,,,,,,,,,,
31079,10.02126678v1,10,,2,1,,11/21/2022 22:22,,,,26,,,,,302,1.96,635.04,,,,,,,,,,,,
31081,10.02125517v1,10,,2,3,,11/14/2022 20:13,,,,10,,,,,120,2.58,340.56,,,,,,,,,,,,
31082,10.02119662v1,10,,2,1,,11/14/2022 20:49,,,,5,,,,,60,2.56,184.32,,,,,,,,,,,,
31083,10.02124958v1,10,,2,4,,11/15/2022 0:05,,,,34,,,,,400,2.41,1012.2,,,,,,,,,,,,
31084,10.02125500v1,10,,2,3,,11/15/2022 2:25,,,,10,,,,,120,2.58,340.56,,,,,,,,,,,,
31085,,70,,,1,44887,11/14/2022 22:24,,,,,,,,,,2.23,,28725,130,13411,30635,64,11322,144,79025,11/14/2022 21:27,11/22/2022,11,321.12
31086,10.02126252v1,10,,2,3,,11/14/2022 21:24,,,,21,,,,,251,2.41,636.24,,,,,,,,,,,,
31087,10.02124892v2,10,,2,3,,11/15/2022 0:31,,,,60,,,,,710,2.16,1581.12,,,,,,,,,,,,
31088,10.02116526v1,10,,2,3,,11/14/2022 22:48,,,,13,,,,,150,2.41,404.88,,,,,,,,,,,,
31089,10.0265133v4,10,,2,3,,11/14/2022 20:57,,,,13,,,,,150,2.41,404.88,,,,,,,,,,,,
31090,10.02122009v1,10,,2,3,,11/14/2022 22:01,,,,25,,,,,300,2.41,751.92,,,,,,,,,,,,
31091,17.03126333v1,17,,9,1,,11/14/2022 23:01,,,,11,,,,,125,2.23,321.12,,,,,,,,,,,,
31091,17.02125701v1,17,,9,1,,11/14/2022 23:01,,,,32,,,,,375,1.96,776.16,,,,,,,,,,,,
31091,17.02125701v2,17,,9,1,,11/14/2022 23:01,,,,32,,,,,375,1.96,776.16,,,,,,,,,,,,
31091,17.03126332v1,17,,9,1,,11/14/2022 23:01,,,,11,,,,,125,2.23,321.12,,,,,,,,,,,,
31093,10.0290519v1,10,,2,3,,11/14/2022 21:49,,,,30,,,,,360,2.41,896.52,,,,,,,,,,,,
31093,10.0290516v1,10,,2,3,,11/14/2022 21:49,,,,30,,,,,360,2.41,896.52,,,,,,,,,,,,
31094,44.02125316v2,44,,21,1,,11/15/2022 16:57,,,,5,,,,,60,2.56,184.32,,,,,,,,,,,,
31095,10.02125374v1,10,,2,1,,11/14/2022 21:42,,,,5,,,,,60,2.56,184.32,,,,,,,,,,,,
31096,10.02125730v1,10,,2,4,,11/15/2022 18:54,,,,5,,,,,60,2.58,185.76,,,,,,,,,,,,
31097,10.02126211v3,10,,2,1,,11/14/2022 22:23,,,,5,,,,,60,2.56,184.32,,,,,,,,,,,,
31098,10.02124448v1,10,,2,1,,11/17/2022 23:24,,,,38,,,,,450,1.96,917.28,,,,,,,,,,,,
31099,10.0243863v2,10,,2,1,,11/14/2022 22:18,,,,5,,,,,60,2.56,184.32,,,,,,,,,,,,
31100,10.02126068v1,10,,2,3,,11/14/2022 23:13,,,,40,,,,,480,2.41,1185.72,,,,,,,,,,,,
31102,17.02126281v2,17,,9,1,,11/14/2022 22:44,,,,21,,,,,250,1.96,517.44,,,,,,,,,,,,
31103,55.02127174v2,55,,114,1,,11/16/2022 20:45,,,,5,,,,,60,2.56,184.32,,,,,,,,,,,,
31103,55.02127174v1,55,,114,1,,11/16/2022 20:45,,,,5,,,,,60,2.56,184.32,,,,,,,,,,,,
31104,15.02126977v1,15,,7,3,,11/15/2022 18:46,,,,10,,,,,120,3.7,488.4,,,,,,,,,,,,
31105,55.02108946v2,55,,114,3,,11/16/2022 19:07,,,,9,,,,,100,3.66,439.2,,,,,,,,,,,,
31106,10.0245127v1,10,,2,1,,11/22/2022 18:22,,,,6,,,,,62,2.56,215.04,,,,,,,,,,,,
31107,10.02115522v1,10,,2,4,,11/15/2022 20:56,,,,5,,,,,60,2.58,185.76,,,,,,,,,,,,
31107,10.02115522v2,10,,2,4,,11/15/2022 20:56,,,,5,,,,,60,2.58,185.76,,,,,,,,,,,,
31108,10.02121245v1,10,,2,3,,11/15/2022 16:14,,,,55,,,,,655,2.16,1451.52,,,,,,,,,,,,
31109,17.0267083v6,17,,9,4,,11/14/2022 23:05,,,,5,,,,,60,2.58,185.76,,,,,,,,,,,,
31111,55.02125105v3,55,,114,1,,11/15/2022 18:47,,,,17,,,,,200,1.96,423.36,,,,,,,,,,,,
31112,55.0299786v3,55,,114,4,,11/17/2022 16:06,,,,8,,,,,85,2.75,297,,,,,,,,,,,,
31113,55.02126910v1,55,,114,3,,11/15/2022 17:38,,,,5,,,,,60,3.74,269.28,,,,,,,,,,,,
31114,10.02120307v2,10,,2,1,,11/15/2022 0:49,,,,17,,,,,200,1.96,423.36,,,,,,,,,,,,
31115,10.0223650v1,10,,2,3,,11/17/2022 1:31,,,,30,,,,,360,2.41,896.52,,,,,,,,,,,,
31115,10.0223650v2,10,,2,3,,11/17/2022 1:31,,,,30,,,,,360,2.41,896.52,,,,,,,,,,,,
31116,10.02126531v1,10,,2,1,,11/15/2022 20:19,,,,5,,,,,60,2.56,184.32,,,,,,,,,,,,
31117,10.02102152v3,10,,2,3,,11/16/2022 0:00,,,,25,,,,,300,2.41,751.92,,,,,,,,,,,,
31118,10.02126655v1,10,,2,3,,11/15/2022 20:37,,,,5,,,,,60,3.66,263.52,,,,,,,,,,,,
31118,10.02126654v1,10,,2,3,,11/15/2022 20:37,,,,5,,,,,60,3.66,263.52,,,,,,,,,,,,
31119,10.0232117v2,10,,2,3,,11/15/2022 15:55,,,,40,,,,,480,2.41,1185.72,,,,,,,,,,,,
31120,10.0285329v1,10,,2,1,,11/15/2022 15:42,,,,5,,,,,60,2.56,184.32,,,,,,,,,,,,
31121,46.02124541v1,46,,113,1,,11/16/2022 19:26,,,,11,,,,,125,2.23,321.12,,,,,,,,,,,,
31122,10.02117798v1,10,,2,1,,11/15/2022 17:32,,,,14,,,,,165,1.96,352.8,,,,,,,,,,,,
31122,10.02117797v1,10,,2,1,,11/15/2022 17:32,,,,14,,,,,165,1.96,352.8,,,,,,,,,,,,
31123,55.02126354v3,55,,114,1,,11/15/2022 16:26,,,,11,,,,,125,2.23,321.12,,,,,,,,,,,,
31124,10.02126627v2,10,,2,1,,11/15/2022 18:52,,,,10,,,,,120,2.23,294.36,,,,,,,,,,,,
31125,10.02100007v1,10,,2,3,,11/15/2022 16:52,,,,21,,,,,250,2.41,636.24,,,,,,,,,,,,
31126,10.03126874v1,10,,2,3,,11/15/2022 17:04,,,,18,,,,,210,2.41,549.48,,,,,,,,,,,,
31126,10.03126873v1,10,,2,3,,11/15/2022 17:04,,,,18,,,,,210,2.41,549.48,,,,,,,,,,,,
31127,10.0248884v1,10,,2,3,,11/15/2022 17:08,,,,10,,,,,120,2.58,340.56,,,,,,,,,,,,
31128,10.02120659v1,10,,2,1,,11/15/2022 17:30,,,,20,,,,,240,1.96,493.92,,,,,,,,,,,,
31129,10.02124913v2,10,,2,4,,11/15/2022 17:20,,,,5,,,,,60,2.58,185.76,,,,,,,,,,,,
31131,10.02125647v1,10,,2,1,,11/21/2022 15:13,,,,34,,,,,400,1.96,823.2,,,,,,,,,,,,
31132,10.02126638v1,10,,2,4,,11/15/2022 20:26,,,,5,,,,,60,2.58,185.76,,,,,,,,,,,,
31133,10.02107788v1,10,,2,4,,11/15/2022 17:39,,,,5,,,,,60,2.58,185.76,,,,,,,,,,,,
31134,10.02125263v1,10,,2,3,,11/15/2022 20:34,,,,10,,,,,120,2.58,340.56,,,,,,,,,,,,
31134,10.02125579v2,10,,2,3,,11/15/2022 20:34,,,,10,,,,,120,2.58,340.56,,,,,,,,,,,,
31135,10.02105486v3,10,,2,3,,11/15/2022 18:05,,,,25,,,,,300,2.41,751.92,,,,,,,,,,,,
31136,10.02122715v1,10,,2,4,,11/15/2022 17:59,,,,30,,,,,360,2.41,896.52,,,,,,,,,,,,
31137,10.02123243v1,10,,2,3,,11/15/2022 18:05,,,,10,,,,,120,2.58,340.56,,,,,,,,,,,,
31137,10.02123244v1,10,,2,3,,11/15/2022 18:05,,,,10,,,,,120,2.58,340.56,,,,,,,,,,,,
31138,10.02119998v2,10,,2,3,,11/15/2022 20:54,,,,30,,,,,350,2.41,896.52,,,,,,,,,,,,
31139,10.02104441v1,10,,2,4,,11/15/2022 18:51,,,,5,,,,,60,2.58,185.76,,,,,,,,,,,,
31140,10.0222373v2,10,,2,4,,11/17/2022 15:33,,,,20,,,,,240,2.41,607.32,,,,,,,,,,,,
31141,10.02123471v2,10,,2,4,,11/15/2022 21:43,,,,5,,,,,60,2.58,185.76,,,,,,,,,,,,
31142,10.02126994v1,10,,2,4,,11/15/2022 19:12,,,,5,,,,,60,2.58,185.76,,,,,,,,,,,,
31143,10.0234841v1,10,,2,3,,11/22/2022 20:01,,,,10,,,,,120,2.58,340.56,,,,,,,,,,,,
31144,10.02118494v1,10,,2,1,,11/15/2022 20:47,,,,12,,,,,134,1.96,305.76,,,,,,,,,,,,
31144,10.02122135v1,10,,2,1,,11/15/2022 20:47,,,,12,,,,,134,1.96,305.76,,,,,,,,,,,,
31144,10.02115748v1,10,,2,1,,11/15/2022 20:47,,,,12,,,,,133,1.96,305.76,,,,,,,,,,,,
31145,10.02126753v1,10,,2,1,,11/16/2022 20:37,,,,5,,,,,60,2.56,184.32,,,,,,,,,,,,
31147,10.02121827v1,10,,2,1,,11/28/2022 15:53,,,,13,,,,,150,1.96,329.28,,,,,,,,,,,,
31147,10.02121827v2,10,,2,1,,11/28/2022 15:53,,,,13,,,,,150,1.96,329.28,,,,,,,,,,,,
31147,10.02121827v3,10,,2,1,,11/28/2022 15:53,,,,13,,,,,150,1.96,329.28,,,,,,,,,,,,
31148,10.02126534v3,10,,2,4,,11/15/2022 21:06,,,,5,,,,,60,2.58,185.76,,,,,,,,,,,,
31149,10.02125073v1,10,,2,4,,11/16/2022 15:41,,,,5,,,,,60,2.58,185.76,,,,,,,,,,,,
31149,10.02125071v1,10,,2,4,,11/16/2022 15:41,,,,5,,,,,60,2.58,185.76,,,,,,,,,,,,
31150,10.02122968v1,10,,2,3,,11/15/2022 22:39,,,,15,,,,,180,2.41,462.72,,,,,,,,,,,,
31150,10.02124731v1,10,,2,3,,11/15/2022 22:39,,,,15,,,,,180,2.41,462.72,,,,,,,,,,,,
31151,10.02119174v3,10,,2,1,,11/15/2022 21:09,,,,5,,,,,60,2.56,184.32,,,,,,,,,,,,
31152,55.02117807v2,55,,114,1,,11/15/2022 21:23,,,,7,,,,,75,2.56,245.76,,,,,,,,,,,,
31153,10.02103730v3,10,,2,4,,11/15/2022 21:27,,,,5,,,,,60,2.58,185.76,,,,,,,,,,,,
31154,10.0273889v1,10,,2,3,,11/15/2022 21:48,,,,5,,,,,60,3.66,263.52,,,,,,,,,,,,
31155,55.02128261v1,55,,114,3,,11/16/2022 14:59,,,,10,,,,,120,2.66,351.12,,,,,,,,,,,,
31155,10.02126382v2,10,,2,3,,11/16/2022 14:59,,,,10,,,,,120,2.58,340.56,,,,,,,,,,,,
31156,10.02126153v1,10,,2,3,,11/15/2022 22:30,,,,10,,,,,120,2.58,340.56,,,,,,,,,,,,
31157,10.02126018v3,10,,2,4,,11/15/2022 22:17,,,,5,,,,,60,2.58,185.76,,,,,,,,,,,,
31158,10.02126809v1,10,,2,3,,11/16/2022 23:32,,,,10,,,,,120,2.58,340.56,,,,,,,,,,,,
31158,10.02126795v1,10,,2,3,,11/16/2022 23:32,,,,10,,,,,120,2.58,340.56,,,,,,,,,,,,
31159,12.0232869v1,12,,4,3,,11/16/2022 15:43,,,,9,,,,,100,3.33,399.6,,,,,,,,,,,,
31160,10.0261433v1,10,,2,3,,11/16/2022 16:23,,,,20,,,,,240,2.41,607.32,,,,,,,,,,,,
31161,17.02127083v1,17,,9,3,,11/15/2022 23:25,,,,125,,,,,1500,1.91,2887.92,,,,,,,,,,,,
31162,10.03126679v1,10,,2,1,,11/16/2022 16:37,,,,21,,,,,250,1.96,517.44,,,,,,,,,,,,
31162,10.02126415v1,10,,2,1,,11/16/2022 16:37,,,,13,,,,,150,1.96,329.28,,,,,,,,,,,,
31163,55.02125623v1,55,,114,3,,11/15/2022 23:35,,,,18,,,,,205,2.49,567.72,,,,,,,,,,,,
31164,10.02125234v3,10,,2,1,,11/17/2022 16:40,,,,21,,,,,250,1.96,517.44,,,,,,,,,,,,
31165,10.02124244v1,10,,2,4,,11/15/2022 23:14,,,,5,,,,,60,2.58,185.76,,,,,,,,,,,,
31166,10.02119990v3,10,,2,4,,11/16/2022 0:47,,,,9,,,,,100,2.58,309.6,,,,,,,,,,,,
31167,10.0227438v1,10,,2,3,,11/16/2022 0:07,,,,10,,,,,120,2.58,340.56,,,,,,,,,,,,
31168,10.02126225v2,10,,2,4,,11/17/2022 19:51,,,,17,,,,,200,2.41,520.56,,,,,,,,,,,,
31169,55.02125568v2,55,,114,4,,11/16/2022 14:42,,,,5,,,,,60,2.75,198,,,,,,,,,,,,
31170,10.02126964v1,10,,2,3,,11/16/2022 0:17,,,,59,,,,,700,2.16,1555.2,,,,,,,,,,,,
31171,10.02126911v1,10,,2,4,,11/16/2022 14:36,,,,5,,,,,60,2.58,185.76,,,,,,,,,,,,
31172,10.04126834v1,10,,2,3,,11/16/2022 14:44,,,,20,,,,,240,2.41,607.32,,,,,,,,,,,,
31173,10.02123696v1,10,,2,1,,11/16/2022 15:44,,,,42,,,,,500,1.96,1011.36,,,,,,,,,,,,
31174,17.02119024v1,17,,9,1,,11/16/2022 15:27,,,,42,,,,,500,1.96,1011.36,,,,,,,,,,,,
31175,10.02126485v1,10,,2,4,,11/16/2022 17:46,,,,6,,,,,71,2.58,216.72,,,,,,,,,,,,
31176,10.02105365v1,10,,2,1,,11/16/2022 15:35,,,,5,,,,,60,2.56,184.32,,,,,,,,,,,,
31177,10.02126851v4,10,,2,1,,11/16/2022 19:48,,,,30,,,,,350,1.96,729.12,,,,,,,,,,,,
31178,10.02121827v3,10,,2,1,,11/16/2022 17:19,,,,9,,,,,105,2.56,307.2,,,,,,,,,,,,
31178,10.02121827v2,10,,2,1,,11/16/2022 17:19,,,,9,,,,,105,2.56,307.2,,,,,,,,,,,,
31178,10.02121827v1,10,,2,1,,11/16/2022 17:19,,,,9,,,,,105,2.56,307.2,,,,,,,,,,,,
31180,10.02127227v2,10,,2,3,,11/21/2022 15:31,,,,10,,,,,120,2.58,340.56,,,,,,,,,,,,
31180,10.02127221v2,10,,2,3,,11/21/2022 15:31,,,,10,,,,,120,2.58,340.56,,,,,,,,,,,,
31181,10.02125825v1,10,,2,1,,11/16/2022 16:52,,,,5,,,,,60,2.56,184.32,,,,,,,,,,,,
31182,10.02123544v1,10,,2,1,,11/16/2022 19:18,,,,6,,,,,70,2.56,215.04,,,,,,,,,,,,
31182,10.02123543v3,10,,2,1,,11/16/2022 19:18,,,,6,,,,,70,2.56,215.04,,,,,,,,,,,,
31182,10.02123542v2,10,,2,1,,11/16/2022 19:18,,,,6,,,,,70,2.56,215.04,,,,,,,,,,,,
31183,10.0299298v1,10,,2,3,,11/16/2022 22:29,,,,21,,,,,250,2.41,636.24,,,,,,,,,,,,
31184,10.0225810v7,10,,2,1,,11/16/2022 16:50,,,,17,,,,,200,1.96,423.36,,,,,,,,,,,,
31185,10.02125803v2,10,,2,1,,11/16/2022 17:06,,,,7,,,,,75,2.56,245.76,,,,,,,,,,,,
31186,10.02117823v1,10,,2,1,,11/16/2022 18:17,,,,25,,,,,300,1.96,611.52,,,,,,,,,,,,
31187,10.02124743v2,10,,2,1,,11/16/2022 18:25,,,,5,,,,,60,2.56,184.32,,,,,,,,,,,,
31188,10.0232879v2,10,,2,1,,11/16/2022 17:47,,,,5,,,,,60,2.56,184.32,,,,,,,,,,,,
31189,10.0274147v1,10,,2,3,,11/16/2022 18:51,,,,43,,,,,511,2.41,1272.48,,,,,,,,,,,,
31190,10.02127106v1,10,,2,1,,11/16/2022 19:42,,,,7,,,,,80,2.56,245.76,,,,,,,,,,,,
31191,10.02111470v2,10,,2,3,,11/16/2022 18:35,,,,21,,,,,250,2.41,636.24,,,,,,,,,,,,
31192,10.0214161v1,10,,2,1,,11/16/2022 18:45,,,,10,,,,,120,2.23,294.36,,,,,,,,,,,,
31192,10.0214162v1,10,,2,1,,11/16/2022 18:45,,,,10,,,,,120,2.23,294.36,,,,,,,,,,,,
31193,10.02126084v1,10,,2,1,,11/16/2022 18:45,,,,42,,,,,500,1.96,1011.36,,,,,,,,,,,,
31194,55.02127560v1,55,,114,3,,11/18/2022 20:23,,,,10,,,,,120,2.66,351.12,,,,,,,,,,,,
31195,10.0354590v2,10,,2,4,,11/16/2022 18:50,,,,42,,,,,500,2.41,1243.56,,,,,,,,,,,,
31196,10.02124547v1,10,,2,4,,11/16/2022 19:16,,,,20,,,,,240,2.41,607.32,,,,,,,,,,,,
31197,10.02125876v2,10,,2,4,,11/16/2022 20:01,,,,5,,,,,60,2.58,185.76,,,,,,,,,,,,
31198,12.02127226v1,12,,4,1,,11/16/2022 21:17,,,,5,,,,,60,2.1,151.2,,,,,,,,,,,,
31199,10.02121185v1,10,,2,4,,11/16/2022 21:00,,,,6,,,,,62,2.58,216.72,,,,,,,,,,,,
31200,10.02127316v1,10,,2,4,,11/16/2022 20:58,,,,5,,,,,60,2.58,185.76,,,,,,,,,,,,
31201,10.02125563v2,10,,2,4,,11/16/2022 19:35,,,,13,,,,,150,2.41,404.88,,,,,,,,,,,,
31202,55.02127371v1,55,,114,1,,11/18/2022 15:21,,,,5,,,,,60,2.56,184.32,,,,,,,,,,,,
31203,10.02126970v1,10,,2,4,,11/17/2022 16:52,,,,5,,,,,60,2.58,185.76,,,,,,,,,,,,
31204,10.0275876v3,10,,2,4,,11/17/2022 16:29,,,,9,,,,,100,2.58,309.6,,,,,,,,,,,,
31205,10.02126056v1,10,,2,3,,11/16/2022 20:27,,,,67,,,,,800,1.91,1558.56,,,,,,,,,,,,
31206,10.0219502v8,10,,2,4,,11/16/2022 20:30,,,,5,,,,,60,2.58,185.76,,,,,,,,,,,,
31207,10.0285466v1,10,,2,4,,11/16/2022 20:43,,,,17,,,,,200,2.41,520.56,,,,,,,,,,,,
31208,10.0285774v1,10,,2,1,,11/21/2022 22:49,,,,26,,,,,301,1.96,635.04,,,,,,,,,,,,
31209,10.02107583v2,10,,2,3,,11/16/2022 21:02,,,,13,,,,,150,2.41,404.88,,,,,,,,,,,,
31210,10.0294977v1,10,,2,1,,11/16/2022 20:53,,,,5,,,,,60,2.56,184.32,,,,,,,,,,,,
31211,10.02125726v1,10,,2,4,,11/16/2022 22:44,,,,5,,,,,60,2.58,185.76,,,,,,,,,,,,
31212,10.02127393v1,10,,2,4,,11/16/2022 22:46,,,,17,,,,,200,2.41,520.56,,,,,,,,,,,,
31213,10.02116825v1,10,,2,1,,11/22/2022 19:24,,,,5,,,,,60,2.56,184.32,,,,,,,,,,,,
31214,10.02127381v1,10,,2,4,,11/16/2022 21:50,,,,5,,,,,60,2.58,185.76,,,,,,,,,,,,
31215,10.02127339v1,10,,2,3,,11/16/2022 22:04,,,,75,,,,,890,1.91,1741.92,,,,,,,,,,,,
31216,10.02124775v1,10,,2,4,,11/17/2022 15:47,,,,10,,,,,120,2.58,340.56,,,,,,,,,,,,
31217,46.02125954v2,46,,113,3,,11/16/2022 23:47,,,,11,,,,,130,2.58,371.52,,,,,,,,,,,,
31218,10.0285954v4,10,,2,4,,11/16/2022 22:46,,,,25,,,,,300,2.41,751.92,,,,,,,,,,,,
31219,10.02127363v1,10,,2,1,,11/16/2022 23:19,,,,10,,,,,120,2.23,294.36,,,,,,,,,,,,
31220,10.02127387v1,10,,2,1,,11/16/2022 22:49,,,,10,,,,,120,2.23,294.36,,,,,,,,,,,,
31221,55.02126154v1,55,,114,1,,11/16/2022 23:36,,,,13,,,,,150,1.96,329.28,,,,,,,,,,,,
31222,10.02125527v1,10,,2,4,,11/21/2022 15:32,,,,9,,,,,100,2.58,309.6,,,,,,,,,,,,
31223,10.02127551v1,10,,2,4,,11/16/2022 23:44,,,,5,,,,,60,2.58,185.76,,,,,,,,,,,,
31224,55.02127526v1,55,,114,4,,11/17/2022 15:04,,,,5,,,,,60,2.75,198,,,,,,,,,,,,
31226,10.01119820v1,10,,2,4,,11/17/2022 16:32,,,,5,,,,,60,2.58,185.76,,,,,,,,,,,,
31226,10.01119820v2,10,,2,4,,11/17/2022 16:32,,,,5,,,,,60,2.58,185.76,,,,,,,,,,,,
31227,10.02125267v2,10,,2,1,,11/16/2022 23:59,,,,42,,,,,500,1.96,1011.36,,,,,,,,,,,,
31228,10.02125268v2,10,,2,3,,11/16/2022 23:41,,,,42,,,,,500,2.41,1243.56,,,,,,,,,,,,
31229,10.0284763v1,10,,2,3,,11/17/2022 0:33,,,,9,,,,,100,3.58,429.6,,,,,,,,,,,,
31230,10.02104403v2,10,,2,3,,11/17/2022 0:21,,,,20,,,,,240,2.41,607.32,,,,,,,,,,,,
31231,17.02125619v1,17,,9,4,,11/17/2022 0:34,,,,17,,,,,200,2.41,520.56,,,,,,,,,,,,
31232,10.0277482v1,10,,2,3,,11/17/2022 23:07,,,,5,,,,,60,3.66,263.52,,,,,,,,,,,,
31233,10.02127277v1,10,,2,4,,11/17/2022 16:31,,,,5,,,,,60,2.58,185.76,,,,,,,,,,,,
31234,10.02126305v1,10,,2,4,,11/17/2022 17:09,,,,10,,,,,120,2.58,340.56,,,,,,,,,,,,
31234,10.02126306v1,10,,2,4,,11/17/2022 17:09,,,,5,,,,,60,2.58,185.76,,,,,,,,,,,,
31234,10.02126307v1,10,,2,4,,11/17/2022 17:09,,,,5,,,,,60,2.58,185.76,,,,,,,,,,,,
31235,10.02126310v1,10,,2,4,,11/18/2022 1:58,,,,5,,,,,60,2.58,185.76,,,,,,,,,,,,
31235,10.02126309v1,10,,2,4,,11/18/2022 1:58,,,,20,,,,,240,2.41,607.32,,,,,,,,,,,,
31237,10.02126252v1,10,,2,4,,11/17/2022 14:38,,,,6,,,,,70,2.58,216.72,,,,,,,,,,,,
31238,10.0235521v1,10,,2,4,,11/17/2022 14:39,,,,5,,,,,60,2.58,185.76,,,,,,,,,,,,
31239,17.02127354v2,17,,9,4,,11/17/2022 15:53,,,,42,,,,,500,2.41,1243.56,,,,,,,,,,,,
31240,55.02127491v2,55,,114,1,,11/17/2022 0:03,,,,11,,,,,121,2.23,321.12,,,,,,,,,,,,
31241,10.02113789v2,10,,2,3,,11/18/2022 11:53,,,,42,,,,,500,2.41,1243.56,,,,,,,,,,,,
31242,10.02127182v1,10,,2,4,,11/17/2022 17:20,,,,6,,,,,72,2.58,216.72,,,,,,,,,,,,
31243,10.02127523v2,10,,2,4,,11/17/2022 15:14,,,,10,,,,,120,2.58,340.56,,,,,,,,,,,,
31244,10.02124251v1,10,,2,4,,11/17/2022 19:43,,,,5,,,,,60,2.58,185.76,,,,,,,,,,,,
31245,10.02127159v5,10,,2,4,,11/17/2022 16:33,,,,6,,,,,71,2.58,216.72,,,,,,,,,,,,
31246,10.02127626v1,10,,2,1,,11/17/2022 17:31,,,,20,,,,,240,1.96,493.92,,,,,,,,,,,,
31247,10.02126772v1,10,,2,1,,11/17/2022 17:54,,,,5,,,,,60,2.56,184.32,,,,,,,,,,,,
31247,10.02126773v1,10,,2,1,,11/17/2022 17:54,,,,5,,,,,60,2.56,184.32,,,,,,,,,,,,
31248,10.02125576v1,10,,2,1,,11/18/2022 1:12,,,,10,,,,,120,2.23,294.36,,,,,,,,,,,,
31248,10.02125577v1,10,,2,1,,11/18/2022 1:12,,,,10,,,,,120,2.23,294.36,,,,,,,,,,,,
31250,10.02123120v1,10,,2,3,,11/17/2022 17:26,,,,25,,,,,300,2.41,751.92,,,,,,,,,,,,
31251,10.0275961v2,10,,2,3,,11/17/2022 17:30,,,,5,,,,,60,3.66,263.52,,,,,,,,,,,,
31252,10.02111808v3,10,,2,3,,11/17/2022 23:43,,,,21,,,,,250,2.41,636.24,,,,,,,,,,,,
31253,10.02125609v4,10,,2,4,,11/17/2022 17:39,,,,5,,,,,60,2.58,185.76,,,,,,,,,,,,
31254,10.022527v1,10,,2,3,,11/17/2022 17:48,,,,20,,,,,240,2.41,607.32,,,,,,,,,,,,
31255,10.02105981v1,10,,2,3,,11/18/2022 22:02,,,,17,,,,,200,2.41,520.56,,,,,,,,,,,,
31256,10.0219623v1,10,,2,4,,11/17/2022 17:51,,,,10,,,,,120,2.58,340.56,,,,,,,,,,,,
31256,10.0222453v1,10,,2,4,,11/17/2022 17:51,,,,10,,,,,120,2.58,340.56,,,,,,,,,,,,
31257,10.02125498v1,10,,2,3,,11/17/2022 19:31,,,,17,,,,,200,2.41,520.56,,,,,,,,,,,,
31258,10.02125787v1,10,,2,4,,11/17/2022 19:54,,,,5,,,,,60,2.58,185.76,,,,,,,,,,,,
31259,9102115917v1,910,500,25,5,44918,11/17/2022 21:53,Direct,newbusiness,10876664637,42,0.76,90,482.16,470,,,,,,,,,,,,,,,
31259,9102115922v1,910,500,25,5,44918,11/17/2022 21:53,Direct,newbusiness,10876664637,42,0.76,90,482.16,470,,,,,,,,,,,,,,,
31260,10.02127409v1,10,,2,4,,11/17/2022 20:24,,,,5,,,,,60,2.58,185.76,,,,,,,,,,,,
31261,10.02127651v1,10,,2,3,,11/17/2022 18:24,,,,13,,,,,150,2.41,404.88,,,,,,,,,,,,
31261,10.02127650v1,10,,2,3,,11/17/2022 18:24,,,,13,,,,,150,2.41,404.88,,,,,,,,,,,,
31262,10.02129984v1,10,,2,1,,12/2/2022 18:42,,,,12,,,,,144,1.96,305.76,,,,,,,,,,,,
31263,10.02127259v3,10,,2,1,,11/17/2022 18:51,,,,25,,,,,300,1.96,611.52,,,,,,,,,,,,
31263,10.02127263v4,10,,2,1,,11/17/2022 18:51,,,,25,,,,,300,1.96,611.52,,,,,,,,,,,,
31264,10.02125350v1,10,,2,1,,11/17/2022 20:00,,,,20,,,,,240,1.96,493.92,,,,,,,,,,,,
31265,10.02123123v1,10,,2,4,,11/17/2022 21:21,,,,5,,,,,60,2.58,185.76,,,,,,,,,,,,
31267,55.02127184v2,55,,114,4,,11/17/2022 19:44,,,,5,,,,,60,2.75,198,,,,,,,,,,,,
31268,11.04127671v2,11,,3,1,,11/18/2022 1:39,,,,5,,,,,60,3.33,239.76,,,,,,,,,,,,
31268,11.02127667v2,11,,3,1,,11/18/2022 1:39,,,,5,,,,,60,3.33,239.76,,,,,,,,,,,,
31269,10.02125946v3,10,,2,4,,11/17/2022 19:19,,,,25,,,,,300,2.41,751.92,,,,,,,,,,,,
31270,10.02127545v2,10,,2,3,,11/17/2022 21:24,,,,11,,,,,130,2.58,371.52,,,,,,,,,,,,
31270,10.02125747v3,10,,2,3,,11/17/2022 21:24,,,,31,,,,,370,2.41,925.44,,,,,,,,,,,,
31271,10.02127425v1,10,,2,4,,11/17/2022 22:52,,,,125,,,,,1500,1.91,2887.92,,,,,,,,,,,,
31272,10.02116162v1,10,,2,1,,11/17/2022 20:31,,,,10,,,,,120,2.23,294.36,,,,,,,,,,,,
31272,10.0220834v6,10,,2,1,,11/17/2022 20:31,,,,10,,,,,120,2.23,294.36,,,,,,,,,,,,
31272,10.0221666v8,10,,2,1,,11/17/2022 20:31,,,,10,,,,,120,2.23,294.36,,,,,,,,,,,,
31273,10.0284751v5,10,,2,3,,11/17/2022 20:34,,,,10,,,,,120,2.58,340.56,,,,,,,,,,,,
31274,55.02127206v2,55,,114,3,,11/18/2022 16:00,,,,6,,,,,65,3.74,314.16,,,,,,,,,,,,
31274,55.02127210v2,55,,114,3,,11/18/2022 16:00,,,,6,,,,,65,3.74,314.16,,,,,,,,,,,,
31275,10.02126741v1,10,,2,3,,11/18/2022 18:49,,,,63,,,,,750,1.91,1466.88,,,,,,,,,,,,
31277,10.02126735v1,10,,2,1,,11/17/2022 22:58,,,,13,,,,,150,1.96,329.28,,,,,,,,,,,,
31278,10.02127209v1,10,,2,1,,11/18/2022 16:15,,,,5,,,,,60,2.56,184.32,,,,,,,,,,,,
31279,10.02127734v1,10,,2,1,,11/17/2022 22:00,,,,21,,,,,250,1.96,517.44,,,,,,,,,,,,
31280,10.02127457v1,10,,2,3,,11/18/2022 13:35,,,,5,,,,,60,3.66,263.52,,,,,,,,,,,,
31281,10.02111778v6,10,,2,3,,11/21/2022 18:14,,,,50,,,,,600,2.16,1321.92,,,,,,,,,,,,
31282,10.02120305v10,10,,2,3,,11/17/2022 21:49,,,,34,,,,,400,2.41,1012.2,,,,,,,,,,,,
31283,10.02126909v1,10,,2,1,,11/17/2022 22:21,,,,5,,,,,60,2.56,184.32,,,,,,,,,,,,
31284,10.03127764v1,10,,2,3,,11/17/2022 22:44,,,,5,,,,,60,3.66,263.52,,,,,,,,,,,,
31284,10.02114445v4,10,,2,3,,11/17/2022 22:44,,,,10,,,,,120,2.58,340.56,,,,,,,,,,,,
31285,10.02126101v1,10,,2,1,,11/17/2022 22:15,,,,30,,,,,350,1.96,729.12,,,,,,,,,,,,
31286,10.02116242v8,10,,2,3,,11/18/2022 15:47,,,,7,,,,,80,3.66,351.36,,,,,,,,,,,,
31287,10.0274794v2,10,,2,3,,11/22/2022 18:28,,,,42,,,,,500,2.41,1243.56,,,,,,,,,,,,
31288,10.02127484v1,10,,2,1,,11/17/2022 22:43,,,,10,,,,,120,2.23,294.36,,,,,,,,,,,,
31289,10.02122913v2,10,,2,1,,11/17/2022 23:35,,,,13,,,,,150,1.96,329.28,,,,,,,,,,,,
31289,10.02122911v2,10,,2,1,,11/17/2022 23:35,,,,13,,,,,150,1.96,329.28,,,,,,,,,,,,
31290,10.02122551v3,10,,2,3,,11/18/2022 23:43,,,,6,,,,,67,3.66,307.44,,,,,,,,,,,,
31291,10.0273588v2,10,,2,3,,11/18/2022 16:29,,,,5,,,,,60,3.66,263.52,,,,,,,,,,,,
31292,10.02127359v1,10,,2,3,,11/18/2022 22:10,,,,7,,,,,75,3.66,351.36,,,,,,,,,,,,
31293,10.02127805v1,10,,2,3,,11/17/2022 23:33,,,,5,,,,,60,3.66,263.52,,,,,,,,,,,,
31294,10.0297586v2,10,,2,3,,11/18/2022 18:39,,,,20,,,,,240,2.41,607.32,,,,,,,,,,,,
31295,55.02126519v2,55,,114,3,,11/19/2022 0:12,,,,5,,,,,60,3.74,269.28,,,,,,,,,,,,
31295,55.02126520v2,55,,114,3,,11/19/2022 0:12,,,,5,,,,,60,3.74,269.28,,,,,,,,,,,,
31295,55.02126519v1,55,,114,3,,11/19/2022 0:12,,,,5,,,,,60,3.74,269.28,,,,,,,,,,,,
31295,55.02126520v1,55,,114,3,,11/19/2022 0:12,,,,5,,,,,60,3.74,269.28,,,,,,,,,,,,
31296,10.02111761v1,10,,2,1,,11/18/2022 0:25,,,,5,,,,,60,2.56,184.32,,,,,,,,,,,,
31297,10.02127122v2,10,,2,4,,11/18/2022 20:06,,,,100,,,,,1200,1.91,2314.92,,,,,,,,,,,,
31297,10.02127121v2,10,,2,4,,11/18/2022 20:06,,,,100,,,,,1200,1.91,2314.92,,,,,,,,,,,,
31298,10.02127529v1,10,,2,3,,11/18/2022 18:02,,,,13,,,,,151,2.41,404.88,,,,,,,,,,,,
31299,10.02122943v2,10,,2,3,,11/18/2022 20:04,,,,63,,,,,750,1.91,1466.88,,,,,,,,,,,,
31300,10.0210309v2,10,,2,3,,11/18/2022 17:05,,,,46,,,,,550,2.16,1218.24,,,,,,,,,,,,
31301,10.02127394v2,10,,2,3,,11/18/2022 16:42,,,,10,,,,,120,2.58,340.56,,,,,,,,,,,,
31302,10.02121942v2,10,,2,3,,11/18/2022 15:57,,,,17,,,,,200,2.41,520.56,,,,,,,,,,,,
31302,10.02125154v1,10,,2,3,,11/18/2022 15:57,,,,17,,,,,200,2.41,520.56,,,,,,,,,,,,
31303,10.02118525v1,10,,2,3,,11/18/2022 19:56,,,,10,,,,,120,2.58,340.56,,,,,,,,,,,,
31303,55.02118664v1,55,,114,3,,11/18/2022 19:56,,,,10,,,,,120,2.66,351.12,,,,,,,,,,,,
31304,10.02126875v2,10,,2,3,,11/18/2022 16:51,,,,6,,,,,65,3.66,307.44,,,,,,,,,,,,
31304,10.02126872v2,10,,2,3,,11/18/2022 16:51,,,,6,,,,,65,3.66,307.44,,,,,,,,,,,,
31305,55.0393132v4,55,,114,1,,11/18/2022 15:18,,,,10,,,,,120,2.23,294.36,,,,,,,,,,,,
31305,55.02102207v2,55,,114,1,,11/18/2022 15:18,,,,10,,,,,120,2.23,294.36,,,,,,,,,,,,
31306,55.02115529v1,55,,114,1,,11/18/2022 15:29,,,,21,,,,,250,1.96,517.44,,,,,,,,,,,,
31306,55.02115528v1,55,,114,1,,11/18/2022 15:29,,,,21,,,,,250,1.96,517.44,,,,,,,,,,,,
31307,10.03126622v2,10,,2,1,,11/21/2022 20:58,,,,10,,,,,120,2.23,294.36,,,,,,,,,,,,
31308,10.0285954v4,10,,2,1,,11/18/2022 16:07,,,,13,,,,,150,1.96,329.28,,,,,,,,,,,,
31309,55.02127084v1,55,,114,3,,11/18/2022 23:23,,,,17,,,,,200,2.49,537.84,,,,,,,,,,,,
31310,10.02127768v4,10,,2,1,,11/18/2022 16:23,,,,88,,,,,1050,1.79,1911.72,,,,,,,,,,,,
31312,10.02127713v1,10,,2,4,,11/18/2022 16:35,,,,5,,,,,60,2.58,185.76,,,,,,,,,,,,
31313,10.02127714v1,10,,2,3,,11/18/2022 22:45,,,,5,,,,,60,3.66,263.52,,,,,,,,,,,,
31314,10.02124485v1,10,,2,3,,3/21/2023 15:21,,,,10,,,,,120,2.72,359.04,,,,,,,,,,,,
31315,10.02127921v1,10,,2,1,,11/21/2022 18:32,,,,17,,,,,200,1.96,423.36,,,,,,,,,,,,
31316,10.0220390v1,10,,2,1,,11/18/2022 20:10,,,,25,,,,,300,1.96,611.52,,,,,,,,,,,,
31317,10.02125203v2,10,,2,3,,11/18/2022 18:17,,,,5,,,,,60,3.66,263.52,,,,,,,,,,,,
31318,10.02127939v1,10,,2,3,,11/18/2022 18:25,,,,5,,,,,60,3.66,263.52,,,,,,,,,,,,
31319,10.02127971v1,10,,2,3,,11/18/2022 18:27,,,,6,,,,,65,3.66,307.44,,,,,,,,,,,,
31320,10.0294337v2,10,,2,3,,11/18/2022 21:04,,,,10,,,,,120,2.58,340.56,,,,,,,,,,,,
31321,10.02127983v1,10,,2,3,,11/18/2022 20:03,,,,10,,,,,120,2.58,340.56,,,,,,,,,,,,
31322,10.02127327v1,10,,2,3,,11/18/2022 22:30,,,,6,,,,,64,3.66,307.44,,,,,,,,,,,,
31323,10.02127779v1,10,,2,3,,11/18/2022 22:23,,,,13,,,,,150,2.41,404.88,,,,,,,,,,,,
31324,10.02126235v2,10,,2,3,,11/18/2022 20:32,,,,10,,,,,120,2.58,340.56,,,,,,,,,,,,
31325,10.02124783v2,10,,2,1,,11/21/2022 17:32,,,,20,,,,,240,1.96,493.92,,,,,,,,,,,,
31326,55.02127552v1,55,,114,3,,11/18/2022 20:07,,,,5,,,,,60,3.74,269.28,,,,,,,,,,,,
31327,10.02127984v1,10,,2,4,,11/18/2022 20:02,,,,5,,,,,60,2.58,185.76,,,,,,,,,,,,
31328,10.02128011v1,10,,2,4,,11/18/2022 20:03,,,,7,,,,,75,2.58,247.68,,,,,,,,,,,,
31329,10.02126125v2,10,,2,3,,11/18/2022 21:59,,,,10,,,,,120,2.58,340.56,,,,,,,,,,,,
31329,10.02126876v2,10,,2,3,,11/18/2022 21:59,,,,10,,,,,120,2.58,340.56,,,,,,,,,,,,
31330,10.02123048v1,10,,2,3,,11/21/2022 20:21,,,,38,,,,,450,2.41,1127.88,,,,,,,,,,,,
31330,10.02123048v2,10,,2,3,,11/21/2022 20:21,,,,38,,,,,450,2.41,1127.88,,,,,,,,,,,,
31331,10.0296577v3,10,,2,1,,11/18/2022 20:52,,,,8,,,,,93,2.56,276.48,,,,,,,,,,,,
31332,10.02127934v1,10,,2,3,,11/21/2022 21:05,,,,10,,,,,120,2.58,340.56,,,,,,,,,,,,
31333,10.0228320v2,10,,2,3,,11/18/2022 21:57,,,,10,,,,,120,2.58,340.56,,,,,,,,,,,,
31334,10.02121489v1,10,,2,3,,11/18/2022 22:58,,,,5,,,,,60,3.66,263.52,,,,,,,,,,,,
31335,55.02126933v6,55,,114,3,,11/22/2022 16:20,,,,60,,,,,720,2.1,1537.2,,,,,,,,,,,,
31336,55.02126837v5,55,,114,3,,11/18/2022 21:59,,,,30,,,,,360,2.49,926.28,,,,,,,,,,,,
31337,10.02124888v1,10,,2,1,,11/18/2022 23:51,,,,10,,,,,120,2.23,294.36,,,,,,,,,,,,
31338,44.02117815v1,44,,21,3,,11/18/2022 22:46,,,,5,,,,,60,3.74,269.28,,,,,,,,,,,,
31339,10.02126252v1,10,,2,3,,11/18/2022 21:52,,,,5,,,,,60,3.66,263.52,,,,,,,,,,,,
31340,10.0280128v2,10,,2,4,,11/18/2022 22:07,,,,5,,,,,60,2.58,185.76,,,,,,,,,,,,
31341,10.02127460v1,10,,2,1,,11/22/2022 23:42,,,,6,,,,,69,2.56,215.04,,,,,,,,,,,,
31342,17.02128057v1,17,,9,1,,11/21/2022 21:24,,,,9,,,,,100,2.56,307.2,,,,,,,,,,,,
31343,17.02126969v2,17,,9,4,,11/21/2022 17:02,,,,7,,,,,80,2.58,247.68,,,,,,,,,,,,
31344,10.02127157v2,10,,2,3,,11/18/2022 23:18,,,,40,,,,,480,2.41,1185.72,,,,,,,,,,,,
31345,10.02127653v1,10,,2,3,,11/21/2022 21:15,,,,42,,,,,500,2.41,1243.56,,,,,,,,,,,,
31347,46.02127272v2,46,,113,3,,11/18/2022 23:10,,,,5,,,,,60,3.66,263.52,,,,,,,,,,,,
31348,10.02127301v1,10,,2,3,,11/21/2022 15:08,,,,5,,,,,60,3.66,263.52,,,,,,,,,,,,
31348,10.02127302v1,10,,2,3,,11/21/2022 15:08,,,,5,,,,,60,3.66,263.52,,,,,,,,,,,,
31350,10.02119719v1,10,,2,1,,11/21/2022 22:06,,,,6,,,,,62,2.56,215.04,,,,,,,,,,,,
31352,55.02126461v1,55,,114,3,,11/21/2022 23:46,,,,10,,,,,120,2.66,351.12,,,,,,,,,,,,
31353,10.02128085v2,10,,2,1,,11/19/2022 0:19,,,,17,,,,,201,1.96,423.36,,,,,,,,,,,,
31354,15.02128133v1,15,,7,3,,11/19/2022 0:55,,,,10,,,,,120,3.7,488.4,,,,,,,,,,,,
31355,10.0220398v2,10,,2,3,,11/21/2022 15:56,,,,5,,,,,60,3.66,263.52,,,,,,,,,,,,
31355,10.0220711v1,10,,2,3,,11/21/2022 15:56,,,,5,,,,,60,3.66,263.52,,,,,,,,,,,,
31356,10.02125412v1,10,,2,1,,11/21/2022 15:49,,,,13,,,,,150,1.96,329.28,,,,,,,,,,,,
31356,10.02125411v1,10,,2,1,,11/21/2022 15:49,,,,13,,,,,150,1.96,329.28,,,,,,,,,,,,
31357,10.02112317v1,10,,2,3,,11/22/2022 15:50,,,,10,,,,,120,2.58,340.56,,,,,,,,,,,,
31357,10.02111834v5,10,,2,3,,11/22/2022 15:50,,,,20,,,,,240,2.41,607.32,,,,,,,,,,,,
31357,10.02111834v3,10,,2,3,,11/22/2022 15:50,,,,10,,,,,120,2.58,340.56,,,,,,,,,,,,
31358,10.02127778v1,10,,2,1,,11/19/2022 15:33,,,,13,,,,,150,1.96,329.28,,,,,,,,,,,,
31358,10.02127775v2,10,,2,1,,11/19/2022 15:33,,,,13,,,,,150,1.96,329.28,,,,,,,,,,,,
31358,10.02127774v2,10,,2,1,,11/19/2022 15:33,,,,13,,,,,150,1.96,329.28,,,,,,,,,,,,
31360,10.02127895v1,10,,2,1,,11/21/2022 15:13,,,,20,,,,,240,1.96,493.92,,,,,,,,,,,,
31361,10.02120136v2,10,,2,4,,11/21/2022 17:02,,,,10,,,,,120,2.58,340.56,,,,,,,,,,,,
31362,10.0222603v1,10,,2,1,,11/21/2022 16:24,,,,10,,,,,120,2.23,294.36,,,,,,,,,,,,
31363,10.02124986v1,10,,2,3,,11/21/2022 23:53,,,,42,,,,,500,2.41,1243.56,,,,,,,,,,,,
31365,10.02124468v1,10,,2,4,,11/21/2022 17:17,,,,5,,,,,60,2.58,185.76,,,,,,,,,,,,
31365,10.02124464v2,10,,2,4,,11/21/2022 17:17,,,,5,,,,,60,2.58,185.76,,,,,,,,,,,,
31365,10.02124466v1,10,,2,4,,11/21/2022 17:17,,,,5,,,,,60,2.58,185.76,,,,,,,,,,,,
31366,10.0222373v2,10,,2,4,,11/22/2022 14:36,,,,5,,,,,60,2.58,185.76,,,,,,,,,,,,
31367,10.02126313v1,10,,2,1,,11/21/2022 22:05,,,,20,,,,,240,1.96,493.92,,,,,,,,,,,,
31368,10.02126312v1,10,,2,1,,11/21/2022 23:29,,,,10,,,,,120,2.23,294.36,,,,,,,,,,,,
31369,11.02128243v1,11,,3,1,,11/28/2022 13:57,,,,5,,,,,60,3.33,239.76,,,,,,,,,,,,
31370,10.02115912v2,10,,2,1,,11/21/2022 19:24,,,,13,,,,,150,1.96,329.28,,,,,,,,,,,,
31370,12.02115925v3,12,,4,1,,11/21/2022 19:24,,,,13,,,,,150,1.55,260.4,,,,,,,,,,,,
31371,55.02128281v1,55,,114,1,,11/21/2022 20:17,,,,15,,,,,175,1.96,376.32,,,,,,,,,,,,
31372,55.02118121v1,55,,114,1,,11/21/2022 19:47,,,,7,,,,,75,2.56,245.76,,,,,,,,,,,,
31373,10.02128279v1,10,,2,1,,11/21/2022 21:15,,,,7,,,,,81,2.56,245.76,,,,,,,,,,,,
31374,10.02127905v1,10,,2,1,,11/21/2022 18:56,,,,7,,,,,75,2.56,245.76,,,,,,,,,,,,
31375,41.02128081v2,41,,19,1,,11/21/2022 22:05,,,,10,,,,,120,2.23,294.36,,,,,,,,,,,,
31376,10.02125419v2,10,,2,4,,11/21/2022 22:29,,,,5,,,,,60,2.58,185.76,,,,,,,,,,,,
31377,10.0274054v1,10,,2,3,,11/21/2022 19:04,,,,5,,,,,60,3.66,263.52,,,,,,,,,,,,
31377,10.0274051v1,10,,2,3,,11/21/2022 19:04,,,,5,,,,,60,3.66,263.52,,,,,,,,,,,,
31378,10.02128244v1,10,,2,1,,11/21/2022 20:18,,,,12,,,,,140,1.96,305.76,,,,,,,,,,,,
31379,10.02125401v2,10,,2,1,,11/23/2022 15:13,,,,10,,,,,120,2.23,294.36,,,,,,,,,,,,
31381,55.02128272v1,55,,114,1,,11/21/2022 21:16,,,,9,,,,,100,2.56,307.2,,,,,,,,,,,,
31382,10.04128331v1,10,,2,1,,11/21/2022 21:56,,,,13,,,,,150,1.96,329.28,,,,,,,,,,,,
31382,10.02124654v4,10,,2,1,,11/21/2022 21:56,,,,42,,,,,500,1.96,1011.36,,,,,,,,,,,,
31383,55.02128297v3,55,,114,3,,11/21/2022 21:37,,,,5,,,,,60,3.74,269.28,,,,,,,,,,,,
31384,10.02119838v1,10,,2,1,,11/22/2022 16:35,,,,17,,,,,200,1.96,423.36,,,,,,,,,,,,
31385,55.02127787v1,55,,114,3,,11/22/2022 0:09,,,,15,,,,,180,2.49,478.08,,,,,,,,,,,,
31385,55.02127242v4,55,,114,3,,11/22/2022 0:09,,,,20,,,,,240,2.49,627.48,,,,,,,,,,,,
31386,10.02102597v1,10,,2,1,,11/21/2022 22:12,,,,10,,,,,120,2.23,294.36,,,,,,,,,,,,
31387,10.02131382v2,10,,2,1,,11/21/2022 22:17,,,,5,,,,,60,2.56,184.32,,,,,,,,,,,,
31388,10.02127705v2,10,,2,1,,11/21/2022 22:44,,,,17,,,,,200,1.96,423.36,,,,,,,,,,,,
31389,10.02127720v1,10,,2,4,,11/22/2022 16:17,,,,9,,,,,100,2.58,309.6,,,,,,,,,,,,
31390,10.02108938v1,10,,2,3,,11/21/2022 22:28,,,,6,,,,,70,3.66,307.44,,,,,,,,,,,,
31392,,70,,,3,44939,11/22/2022 16:46,,,,,,,,,,2.41,,28742,480,13774,33507,107,11647,492,101817,11/22/2022 16:40,1/12/2023,40,1185.72
31393,10.02123568v6,10,,2,1,,11/21/2022 22:53,,,,21,,,,,250,1.96,517.44,,,,,,,,,,,,
31394,10.0238151v5,10,,2,1,,11/30/2022 2:50,,,,6,,,,,62,2.56,215.04,,,,,,,,,,,,
31394,10.0238151v4,10,,2,1,,11/30/2022 2:50,,,,6,,,,,62,2.56,215.04,,,,,,,,,,,,
31395,10.02128234v1,10,,2,4,,11/22/2022 18:52,,,,9,,,,,100,2.58,309.6,,,,,,,,,,,,
31396,10.02128163v1,10,,2,3,,11/21/2022 23:58,,,,10,,,,,110,2.58,340.56,,,,,,,,,,,,
31397,10.0215208v1,10,,2,1,,11/22/2022 0:15,,,,34,,,,,400,1.96,823.2,,,,,,,,,,,,
31398,10.02128407v1,10,,2,4,,11/22/2022 17:43,,,,6,,,,,70,2.58,216.72,,,,,,,,,,,,
31399,10.0242466v1,10,,2,1,,11/22/2022 0:54,,,,13,,,,,150,1.96,329.28,,,,,,,,,,,,
31399,12.0242482v1,12,,4,1,,11/22/2022 0:54,,,,25,,,,,300,1.55,483.6,,,,,,,,,,,,
31400,55.02128474v1,55,,114,3,,11/22/2022 15:28,,,,10,,,,,120,2.66,351.12,,,,,,,,,,,,
31401,10.02128354v1,10,,2,4,,11/22/2022 14:18,,,,21,,,,,250,2.41,636.24,,,,,,,,,,,,
31402,10.02128252v1,10,,2,4,,11/22/2022 17:18,,,,9,,,,,100,2.58,309.6,,,,,,,,,,,,
31403,10.02115930v1,10,,2,1,,11/23/2022 15:40,,,,14,,,,,160,1.96,352.8,,,,,,,,,,,,
31403,55.02115698v1,55,,114,1,,11/23/2022 15:40,,,,14,,,,,160,1.96,352.8,,,,,,,,,,,,
31404,10.02124459v1,10,,2,3,,11/23/2022 20:16,,,,21,,,,,250,2.41,636.24,,,,,,,,,,,,
31405,10.0258884v1,10,,2,3,,11/22/2022 17:03,,,,5,,,,,60,3.66,263.52,,,,,,,,,,,,
31406,10.0286672v3,10,,2,1,,11/22/2022 16:21,,,,5,,,,,60,2.56,184.32,,,,,,,,,,,,
31407,10.0271160v1,10,,2,1,,11/22/2022 17:04,,,,13,,,,,150,1.96,329.28,,,,,,,,,,,,
31408,10.0271160v1,10,,2,3,,11/22/2022 17:03,,,,84,,,,,1000,1.91,1948.2,,,,,,,,,,,,
31409,55.02127443v1,55,,114,1,,11/22/2022 19:54,,,,13,,,,,150,1.96,329.28,,,,,,,,,,,,
31410,55.02127941v3,55,,114,1,,11/22/2022 19:49,,,,7,,,,,80,2.56,245.76,,,,,,,,,,,,
31411,55.02121108v2,55,,114,1,,11/22/2022 18:13,,,,10,,,,,120,2.23,294.36,,,,,,,,,,,,
31412,10.02128522v1,10,,2,1,,11/22/2022 19:23,,,,5,,,,,60,2.56,184.32,,,,,,,,,,,,
31413,10.02127392v2,10,,2,1,,11/22/2022 17:55,,,,17,,,,,200,1.96,423.36,,,,,,,,,,,,
31415,10.02119720v3,10,,2,3,,11/22/2022 18:20,,,,10,,,,,120,2.58,340.56,,,,,,,,,,,,
31416,10.02105221v2,10,,2,1,,11/22/2022 19:59,,,,5,,,,,60,2.56,184.32,,,,,,,,,,,,
31417,15.02126283v1,15,,7,3,,12/5/2022 16:53,,,,10,,,,,120,3.7,488.4,,,,,,,,,,,,
31417,10.02121840v1,10,,2,3,,12/5/2022 16:53,,,,7,,,,,73,3.66,351.36,,,,,,,,,,,,
31417,10.02120779v1,10,,2,3,,12/5/2022 16:53,,,,5,,,,,60,3.66,263.52,,,,,,,,,,,,
31417,10.02120778v1,10,,2,3,,12/5/2022 16:53,,,,5,,,,,60,3.66,263.52,,,,,,,,,,,,
31417,10.02120141v1,10,,2,3,,12/5/2022 16:53,,,,5,,,,,52,3.66,263.52,,,,,,,,,,,,
31417,12.02120162v1,12,,4,3,,12/5/2022 16:53,,,,5,,,,,60,3.41,245.52,,,,,,,,,,,,
31418,10.02127699v1,10,,2,3,,11/22/2022 18:48,,,,22,,,,,258,2.41,665.16,,,,,,,,,,,,
31419,55.02125324v5,55,,114,1,,11/22/2022 22:13,,,,13,,,,,150,1.96,329.28,,,,,,,,,,,,
31419,55.02129407v1,55,,114,1,,11/22/2022 22:13,,,,13,,,,,150,1.96,329.28,,,,,,,,,,,,
31420,10.02126905v1,10,,2,3,,11/23/2022 21:57,,,,10,,,,,120,2.58,340.56,,,,,,,,,,,,
31421,12.02125293v1,12,,4,3,,11/22/2022 19:12,,,,10,,,,,120,2.33,307.56,,,,,,,,,,,,
31422,10.02128481v3,10,,2,3,,11/22/2022 19:18,,,,11,,,,,121,2.58,371.52,,,,,,,,,,,,
31423,10.02128635v1,10,,2,1,,11/23/2022 17:31,,,,21,,,,,250,1.96,517.44,,,,,,,,,,,,
31424,12.02103309v2,12,,4,3,,12/2/2022 21:09,,,,10,,,,,110,2.33,307.56,,,,,,,,,,,,
31424,10.02103303v1,10,,2,3,,12/2/2022 21:09,,,,5,,,,,60,3.66,263.52,,,,,,,,,,,,
31424,10.03103306v1,10,,2,3,,12/2/2022 21:09,,,,5,,,,,60,3.66,263.52,,,,,,,,,,,,
31424,10.01103307v1,10,,2,3,,12/2/2022 21:09,,,,5,,,,,60,3.66,263.52,,,,,,,,,,,,
31425,20.02128546v1,20,,11,3,,11/22/2022 20:09,,,,17,,,,,200,2.99,645.84,,,,,,,,,,,,
31426,10.02128360v1,10,,2,3,,11/22/2022 20:14,,,,10,,,,,120,2.58,340.56,,,,,,,,,,,,
31427,55.02128056v2,55,,114,1,,11/22/2022 20:18,,,,10,,,,,120,2.23,294.36,,,,,,,,,,,,
31428,10.02128547v1,10,,2,3,,11/23/2022 19:26,,,,11,,,,,130,2.58,371.52,,,,,,,,,,,,
31429,10.02128211v1,10,,2,1,,11/22/2022 22:26,,,,5,,,,,60,2.56,184.32,,,,,,,,,,,,
31430,15.02128384v1,15,,7,3,,11/22/2022 22:17,,,,10,,,,,120,3.7,488.4,,,,,,,,,,,,
31431,46.0286062v3,46,,113,3,,11/22/2022 22:23,,,,5,,,,,60,3.66,263.52,,,,,,,,,,,,
31431,46.0286062v2,46,,113,3,,11/22/2022 22:23,,,,5,,,,,60,3.66,263.52,,,,,,,,,,,,
31432,10.02132759v1,10,,2,3,,1/24/2023 21:23,,,,13,,,,,148,2.54,426.72,,,,,,,,,,,,
31433,55.02128536v1,55,,114,1,,11/22/2022 21:29,,,,21,,,,,250,1.96,517.44,,,,,,,,,,,,
31434,10.02128347v1,10,,2,3,,11/23/2022 23:55,,,,17,,,,,200,2.41,520.56,,,,,,,,,,,,
31435,10.02124452v1,10,,2,3,,11/22/2022 21:48,,,,10,,,,,120,2.58,340.56,,,,,,,,,,,,
31435,10.02125666v1,10,,2,3,,11/22/2022 21:48,,,,10,,,,,120,2.58,340.56,,,,,,,,,,,,
31436,10.02108708v2,10,,2,1,,11/23/2022 18:13,,,,5,,,,,60,2.56,184.32,,,,,,,,,,,,
31437,10.02110431v3,10,,2,4,,11/22/2022 22:01,,,,5,,,,,60,2.58,185.76,,,,,,,,,,,,
31437,10.02110431v4,10,,2,4,,11/22/2022 22:01,,,,5,,,,,60,2.58,185.76,,,,,,,,,,,,
31438,10.02128622v1,10,,2,1,,11/22/2022 21:50,,,,9,,,,,102,2.56,307.2,,,,,,,,,,,,
31439,10.02126984v1,10,,2,3,,11/23/2022 20:58,,,,19,,,,,220,2.41,578.4,,,,,,,,,,,,
31440,12.02108589v2,12,,4,1,,11/23/2022 18:27,,,,5,,,,,60,2.1,151.2,,,,,,,,,,,,
31441,10.02117971v2,10,,2,3,,11/23/2022 16:31,,,,10,,,,,120,2.58,340.56,,,,,,,,,,,,
31441,10.02117972v2,10,,2,3,,11/23/2022 16:31,,,,10,,,,,120,2.58,340.56,,,,,,,,,,,,
31442,10.02128202v1,10,,2,1,,11/22/2022 23:38,,,,10,,,,,120,2.23,294.36,,,,,,,,,,,,
31443,10.02127697v11,10,,2,1,,11/22/2022 23:16,,,,5,,,,,60,2.56,184.32,,,,,,,,,,,,
31445,10.02124055v7,10,,2,3,,11/23/2022 16:04,,,,21,,,,,250,2.41,636.24,,,,,,,,,,,,
31445,10.02126902v3,10,,2,3,,11/23/2022 16:04,,,,21,,,,,250,2.41,636.24,,,,,,,,,,,,
31445,10.02126892v3,10,,2,3,,11/23/2022 16:04,,,,21,,,,,250,2.41,636.24,,,,,,,,,,,,
31445,10.02126355v1,10,,2,3,,11/23/2022 16:04,,,,21,,,,,250,2.41,636.24,,,,,,,,,,,,
31446,10.02127833v1,10,,2,4,,11/23/2022 13:47,,,,5,,,,,60,2.58,185.76,,,,,,,,,,,,
31447,10.02128468v2,10,,2,4,,11/23/2022 13:53,,,,5,,,,,60,2.58,185.76,,,,,,,,,,,,
31448,55.02126967v1,55,,114,1,,11/23/2022 16:51,,,,27,,,,,320,1.96,658.56,,,,,,,,,,,,
31449,46.02128214v2,46,,113,1,,11/29/2022 18:10,,,,10,,,,,120,2.23,294.36,,,,,,,,,,,,
31450,10.0272584v2,10,,2,4,,11/23/2022 19:23,,,,9,,,,,100,2.58,309.6,,,,,,,,,,,,
31451,10.02128555v3,10,,2,4,,11/23/2022 16:48,,,,10,,,,,120,2.58,340.56,,,,,,,,,,,,
31452,55.02129038v1,55,,114,1,,11/25/2022 17:26,,,,5,,,,,60,2.56,184.32,,,,,,,,,,,,
31452,20.027773v11,20,,11,1,,11/25/2022 17:26,,,,10,,,,,120,3.23,426.36,,,,,,,,,,,,
31452,21.02124135v2,21,,12,1,,11/25/2022 17:26,,,,10,,,,,120,2.98,393.36,,,,,,,,,,,,
31452,,70,,,1,44900,11/25/2022 17:26,,,,,,,,,,2.56,,28851,60,13865,31645,64,11734,72,100519,11/25/2022 17:08,12/5/2022,5,184.32
31453,17.02128742v1,17,,9,1,,11/23/2022 16:19,,,,5,,,,,60,2.56,184.32,,,,,,,,,,,,
31453,17.02128741v1,17,,9,1,,11/23/2022 16:19,,,,5,,,,,60,2.56,184.32,,,,,,,,,,,,
31453,10.02128350v3,10,,2,1,,11/23/2022 16:19,,,,10,,,,,120,2.23,294.36,,,,,,,,,,,,
31454,10.02128689v1,10,,2,1,,11/23/2022 16:17,,,,10,,,,,120,2.23,294.36,,,,,,,,,,,,
31455,10.02128533v1,10,,2,4,,11/23/2022 17:41,,,,5,,,,,60,2.58,185.76,,,,,,,,,,,,
31456,44.02128628v1,44,,21,4,,11/23/2022 16:58,,,,5,,,,,60,2.75,198,,,,,,,,,,,,
31457,10.02127194v1,10,,2,4,,11/23/2022 16:53,,,,9,,,,,102,2.58,309.6,,,,,,,,,,,,
31458,55.02129719v1,55,,114,3,,11/30/2022 19:10,,,,21,,,,,250,2.49,657.36,,,,,,,,,,,,
31459,55.02123465v2,55,,114,1,,11/28/2022 23:08,,,,42,,,,,500,1.96,1011.36,,,,,,,,,,,,
31460,10.02125909v1,10,,2,4,,11/23/2022 23:08,,,,5,,,,,60,2.58,185.76,,,,,,,,,,,,
31461,10.02128645v1,10,,2,1,,11/23/2022 17:19,,,,30,,,,,350,1.96,729.12,,,,,,,,,,,,
31462,10.02119164v1,10,,2,3,,11/23/2022 17:27,,,,5,,,,,60,3.66,263.52,,,,,,,,,,,,
31463,10.02128397v1,10,,2,4,,11/23/2022 17:59,,,,9,,,,,100,2.58,309.6,,,,,,,,,,,,
31464,10.0267131v4,10,,2,3,,11/23/2022 23:11,,,,17,,,,,200,2.41,520.56,,,,,,,,,,,,
31466,10.02128682v1,10,,2,4,,11/23/2022 19:09,,,,5,,,,,60,2.58,185.76,,,,,,,,,,,,
31467,10.02105304v1,10,,2,4,,11/24/2022 18:45,,,,8,,,,,90,2.58,278.64,,,,,,,,,,,,
31468,10.02128065v1,10,,2,1,,11/23/2022 21:23,,,,5,,,,,60,2.56,184.32,,,,,,,,,,,,
31468,10.02128063v5,10,,2,1,,11/23/2022 21:23,,,,5,,,,,60,2.56,184.32,,,,,,,,,,,,
31469,10.02128825v1,10,,2,3,,11/23/2022 20:25,,,,12,,,,,140,2.41,375.96,,,,,,,,,,,,
31470,10.02128319v2,10,,2,3,,11/23/2022 19:59,,,,16,,,,,190,2.41,491.64,,,,,,,,,,,,
31471,10.02129192v2,10,,2,3,,11/29/2022 15:05,,,,5,,,,,60,3.66,263.52,,,,,,,,,,,,
31472,55.02128840v1,55,,114,1,,11/29/2022 15:36,,,,10,,,,,120,2.23,294.36,,,,,,,,,,,,
31473,10.02127695v1,10,,2,4,,11/23/2022 20:28,,,,6,,,,,63,2.58,216.72,,,,,,,,,,,,
31474,10.02128436v1,10,,2,3,,11/29/2022 22:12,,,,10,,,,,120,2.58,340.56,,,,,,,,,,,,
31475,10.02127565v1,10,,2,4,,11/23/2022 20:31,,,,5,,,,,60,2.58,185.76,,,,,,,,,,,,
31476,10.02110822v1,10,,2,1,,11/30/2022 0:20,,,,42,,,,,500,1.96,1011.36,,,,,,,,,,,,
31477,10.02127462v1,10,,2,1,,11/28/2022 15:42,,,,21,,,,,250,1.96,517.44,,,,,,,,,,,,
31478,10.02128146v1,10,,2,1,,11/25/2022 17:04,,,,5,,,,,60,2.56,184.32,,,,,,,,,,,,
31478,10.02128146v2,10,,2,1,,11/25/2022 17:04,,,,5,,,,,60,2.56,184.32,,,,,,,,,,,,
31479,10.02110840v1,10,,2,1,,11/29/2022 18:10,,,,5,,,,,60,2.56,184.32,,,,,,,,,,,,
31480,10.02128831v1,10,,2,3,,11/23/2022 21:24,,,,25,,,,,300,2.41,751.92,,,,,,,,,,,,
31481,10.02127728v3,10,,2,3,,11/25/2022 19:27,,,,10,,,,,120,2.58,340.56,,,,,,,,,,,,
31482,55.02123274v2,55,,114,1,,11/28/2022 18:52,,,,21,,,,,250,1.96,517.44,,,,,,,,,,,,
31482,55.02123259v2,55,,114,1,,11/28/2022 18:52,,,,21,,,,,250,1.96,517.44,,,,,,,,,,,,
31483,10.02128327v1,10,,2,3,,11/28/2022 14:13,,,,38,,,,,450,2.41,1127.88,,,,,,,,,,,,
31484,10.02128794v2,10,,2,4,,11/23/2022 22:38,,,,5,,,,,60,2.58,185.76,,,,,,,,,,,,
31485,10.02126984v1,10,,2,3,,11/23/2022 21:57,,,,48,,,,,570,2.16,1270.08,,,,,,,,,,,,
31486,10.02128658v1,10,,2,3,,11/23/2022 22:10,,,,25,,,,,300,2.41,751.92,,,,,,,,,,,,
31487,55.02128558v4,55,,114,4,,11/23/2022 22:05,,,,5,,,,,60,2.75,198,,,,,,,,,,,,
31487,55.02128556v4,55,,114,4,,11/23/2022 22:05,,,,5,,,,,60,2.75,198,,,,,,,,,,,,
31488,10.02128895v1,10,,2,1,,11/24/2022 0:22,,,,5,,,,,60,2.56,184.32,,,,,,,,,,,,
31489,55.02129292v2,55,,114,3,,11/30/2022 20:43,,,,11,,,,,121,2.66,383.04,,,,,,,,,,,,
31489,55.02128607v7,55,,114,3,,11/30/2022 20:43,,,,11,,,,,121,2.66,383.04,,,,,,,,,,,,
31490,10.02123480v3,10,,2,3,,11/23/2022 22:24,,,,10,,,,,120,2.58,340.56,,,,,,,,,,,,
31491,10.02128441v1,10,,2,3,,11/25/2022 21:23,,,,10,,,,,120,2.58,340.56,,,,,,,,,,,,
31491,10.02128438v3,10,,2,3,,11/25/2022 21:23,,,,10,,,,,120,2.58,340.56,,,,,,,,,,,,
31492,10.02121524v1,10,,2,4,,11/23/2022 22:38,,,,12,,,,,144,2.41,375.96,,,,,,,,,,,,
31492,10.02121525v1,10,,2,4,,11/23/2022 22:38,,,,12,,,,,144,2.41,375.96,,,,,,,,,,,,
31493,10.02128837v1,10,,2,3,,11/23/2022 23:55,,,,10,,,,,120,2.58,340.56,,,,,,,,,,,,
31493,10.02128377v2,10,,2,3,,11/23/2022 23:55,,,,10,,,,,120,2.58,340.56,,,,,,,,,,,,
31494,10.02120527v2,10,,2,3,,11/24/2022 0:08,,,,21,,,,,250,2.41,636.24,,,,,,,,,,,,
31495,10.02126654v2,10,,2,3,,11/23/2022 23:39,,,,5,,,,,60,3.66,263.52,,,,,,,,,,,,
31495,10.02126655v2,10,,2,3,,11/23/2022 23:39,,,,5,,,,,60,3.66,263.52,,,,,,,,,,,,
31496,10.02128936v1,10,,2,3,,11/24/2022 0:20,,,,54,,,,,637,2.16,1425.6,,,,,,,,,,,,
31497,10.02128953v1,10,,2,3,,11/23/2022 23:39,,,,21,,,,,250,2.41,636.24,,,,,,,,,,,,
31498,10.02128919v1,10,,2,1,,11/24/2022 12:54,,,,5,,,,,60,2.56,184.32,,,,,,,,,,,,
31499,10.02128823v1,10,,2,1,,11/24/2022 0:21,,,,22,,,,,253,1.96,540.96,,,,,,,,,,,,
31502,55.0298257v2,55,,114,1,,11/28/2022 21:47,,,,35,,,,,415,1.96,846.72,,,,,,,,,,,,
31503,10.0264810v4,10,,2,1,,11/25/2022 17:41,,,,13,,,,,150,1.96,329.28,,,,,,,,,,,,
31504,10.0241477v2,10,,2,3,,11/25/2022 19:19,,,,11,,,,,132,2.41,347.04,,,,,,,,,,,,
31505,10.02125867v2,10,,2,1,,11/25/2022 20:04,,,,5,,,,,60,2.56,184.32,,,,,,,,,,,,
31506,10.02128314v4,10,,2,3,,11/28/2022 16:24,,,,21,,,,,250,2.41,636.24,,,,,,,,,,,,
31507,10.02128529v1,10,,2,1,,11/27/2022 15:07,,,,7,,,,,80,2.56,245.76,,,,,,,,,,,,
31508,10.02129112v1,10,,2,4,,11/27/2022 18:36,,,,5,,,,,60,2.58,185.76,,,,,,,,,,,,
31509,10.02127173v1,10,,2,3,,11/28/2022 15:59,,,,23,,,,,275,2.41,694.08,,,,,,,,,,,,
31510,55.02128868v1,55,,114,1,,11/28/2022 15:50,,,,9,,,,,100,2.56,307.2,,,,,,,,,,,,
31511,10.02126206v3,10,,2,1,,11/28/2022 14:37,,,,10,,,,,120,2.23,294.36,,,,,,,,,,,,
31512,10.02115292v1,10,,2,1,,11/28/2022 15:02,,,,7,,,,,81,2.56,245.76,,,,,,,,,,,,
31514,10.0236144v1,10,,2,3,,11/29/2022 15:03,,,,10,,,,,120,2.58,340.56,,,,,,,,,,,,
31515,10.02125054v4,10,,2,3,,11/23/2022 20:18,,,,10,,,,,120,2.58,340.56,,,,,,,,,,,,
31516,10.022333v2,10,,2,3,,11/28/2022 15:17,,,,12,,,,,144,2.41,375.96,,,,,,,,,,,,
31516,10.0253616v1,10,,2,3,,11/28/2022 15:17,,,,12,,,,,144,2.41,375.96,,,,,,,,,,,,
31516,10.0231687v1,10,,2,3,,11/28/2022 15:17,,,,20,,,,,240,2.41,607.32,,,,,,,,,,,,
31517,10.02117156v1,10,,2,1,,11/28/2022 21:26,,,,25,,,,,300,1.96,611.52,,,,,,,,,,,,
31518,10.02129053v1,10,,2,1,,11/28/2022 18:36,,,,5,,,,,60,2.56,184.32,,,,,,,,,,,,
31519,10.02128286v1,10,,2,3,,12/7/2022 16:27,,,,18,,,,,206,2.41,549.48,,,,,,,,,,,,
31520,55.02129095v2,55,,114,1,,11/28/2022 17:26,,,,21,,,,,250,1.96,517.44,,,,,,,,,,,,
31521,10.02128492v3,10,,2,1,,11/28/2022 17:16,,,,11,,,,,122,2.23,321.12,,,,,,,,,,,,
31522,55.02127992v1,55,,114,1,,11/28/2022 17:26,,,,12,,,,,140,1.96,305.76,,,,,,,,,,,,
31523,10.0265943v1,10,,2,3,,11/28/2022 17:30,,,,5,,,,,60,3.66,263.52,,,,,,,,,,,,
31524,10.02128643v3,10,,2,1,,11/28/2022 21:06,,,,5,,,,,60,2.56,184.32,,,,,,,,,,,,
31525,10.02129465v1,10,,2,1,,11/29/2022 18:11,,,,10,,,,,120,2.23,294.36,,,,,,,,,,,,
31526,932131937v3,93,120,120,10,44942,12/21/2022 22:50,Distributor,existingbusiness,10768482581,10,1.8,0,237.6,216,,,,,,,,,,,,,,,
31527,10.02129040v2,10,,2,3,,11/28/2022 19:24,,,,15,,,,,180,2.41,462.72,,,,,,,,,,,,
31528,10.02127308v1,10,,2,1,,11/28/2022 18:08,,,,5,,,,,60,2.56,184.32,,,,,,,,,,,,
31529,10.02128596v3,10,,2,1,,11/28/2022 18:37,,,,20,,,,,240,1.96,493.92,,,,,,,,,,,,
31531,10.02127975v1,10,,2,1,,11/28/2022 20:42,,,,5,,,,,60,2.56,184.32,,,,,,,,,,,,
31533,10.02123751v3,10,,2,1,,11/28/2022 19:14,,,,5,,,,,60,2.56,184.32,,,,,,,,,,,,
31534,10.02128390v1,10,,2,4,,11/28/2022 22:49,,,,5,,,,,60,2.58,185.76,,,,,,,,,,,,
31534,10.02128395v1,10,,2,4,,11/28/2022 22:49,,,,5,,,,,60,2.58,185.76,,,,,,,,,,,,
31535,10.02128247v1,10,,2,1,,11/28/2022 18:46,,,,19,,,,,225,1.96,470.4,,,,,,,,,,,,
31536,10.02115970v1,10,,2,3,,11/28/2022 19:50,,,,10,,,,,120,2.58,340.56,,,,,,,,,,,,
31536,10.02116005v1,10,,2,3,,11/28/2022 19:50,,,,10,,,,,120,2.58,340.56,,,,,,,,,,,,
31536,10.02116022v1,10,,2,3,,11/28/2022 19:50,,,,5,,,,,60,3.66,263.52,,,,,,,,,,,,
31537,10.02125667v2,10,,2,4,,11/28/2022 23:17,,,,5,,,,,60,2.58,185.76,,,,,,,,,,,,
31538,55.02128948v1,55,,114,3,,11/29/2022 15:26,,,,5,,,,,60,3.74,269.28,,,,,,,,,,,,
31539,10.02128888v1,10,,2,3,,11/28/2022 20:40,,,,10,,,,,120,2.58,340.56,,,,,,,,,,,,
31540,932122848v3,93,500,120,10,44932,11/28/2022 21:31,Direct,existingbusiness,9783079829,42,1.31,0,675.96,655,,,,,,,,,,,,,,,
31540,932122850v2,93,500,120,10,44932,11/28/2022 21:31,Direct,existingbusiness,9783079829,42,1.31,0,675.96,655,,,,,,,,,,,,,,,
31540,932122851v3,93,500,120,10,44932,11/28/2022 21:31,Direct,existingbusiness,9783079829,42,1.31,0,675.96,655,,,,,,,,,,,,,,,
31541,10.02115976v2,10,,2,4,,12/1/2022 18:53,,,,5,,,,,60,2.58,185.76,,,,,,,,,,,,
31541,10.02115976v1,10,,2,4,,12/1/2022 18:53,,,,5,,,,,60,2.58,185.76,,,,,,,,,,,,
31542,10.02129259v1,10,,2,3,,11/28/2022 21:48,,,,21,,,,,250,2.41,636.24,,,,,,,,,,,,
31543,10.0220628v1,10,,2,1,,11/28/2022 21:31,,,,20,,,,,240,1.96,493.92,,,,,,,,,,,,
31544,10.0223202v1,10,,2,3,,11/28/2022 21:48,,,,20,,,,,240,2.41,607.32,,,,,,,,,,,,
31545,10.02129197v1,10,,2,3,,11/28/2022 21:51,,,,9,,,,,100,3.58,429.6,,,,,,,,,,,,
31546,10.0217282v1,10,,2,3,,11/28/2022 22:47,,,,20,,,,,240,2.41,607.32,,,,,,,,,,,,
31547,10.0247123v1,10,,2,3,,11/28/2022 21:48,,,,20,,,,,240,2.41,607.32,,,,,,,,,,,,
31548,10.0274432v1,10,,2,3,,11/28/2022 21:50,,,,20,,,,,240,2.41,607.32,,,,,,,,,,,,
31549,10.02129254v3,10,,2,1,,11/30/2022 19:19,,,,18,,,,,215,1.96,446.88,,,,,,,,,,,,
31550,10.0243865v1,10,,2,3,,11/29/2022 22:13,,,,10,,,,,120,2.58,340.56,,,,,,,,,,,,
31550,10.0243866v1,10,,2,3,,11/29/2022 22:13,,,,10,,,,,120,2.58,340.56,,,,,,,,,,,,
31551,10.02129288v1,10,,2,4,,11/28/2022 23:46,,,,7,,,,,75,2.58,247.68,,,,,,,,,,,,
31552,10.02129209v2,10,,2,1,,11/29/2022 15:50,,,,20,,,,,240,1.96,493.92,,,,,,,,,,,,
31553,10.02128644v1,10,,2,1,,11/29/2022 22:49,,,,8,,,,,96,2.56,276.48,,,,,,,,,,,,
31554,15.02112837v2,15,,7,3,,11/28/2022 23:11,,,,10,,,,,120,3.7,488.4,,,,,,,,,,,,
31555,10.02126613v2,10,,2,1,,11/29/2022 20:26,,,,10,,,,,120,2.23,294.36,,,,,,,,,,,,
31556,10.02129273v1,10,,2,4,,11/30/2022 15:26,,,,5,,,,,60,2.58,185.76,,,,,,,,,,,,
31556,10.02129274v1,10,,2,4,,11/30/2022 15:26,,,,5,,,,,60,2.58,185.76,,,,,,,,,,,,
31557,10.02128736v4,10,,2,4,,11/28/2022 23:29,,,,5,,,,,60,2.58,185.76,,,,,,,,,,,,
31558,10.02126476v1,10,,2,1,,11/29/2022 17:11,,,,47,,,,,564,1.88,1082.88,,,,,,,,,,,,
31559,44.02129289v1,44,,21,1,,11/29/2022 15:16,,,,10,,,,,120,2.23,294.36,,,,,,,,,,,,
31561,10.0259148v1,10,,2,3,,11/30/2022 23:54,,,,5,,,,,60,3.66,263.52,,,,,,,,,,,,
31561,10.02128720v1,10,,2,3,,11/30/2022 23:54,,,,5,,,,,60,3.66,263.52,,,,,,,,,,,,
31562,10.02128040v1,10,,2,3,,11/29/2022 15:39,,,,44,,,,,525,2.41,1301.4,,,,,,,,,,,,
31563,10.02128322v2,10,,2,4,,11/29/2022 3:43,,,,5,,,,,60,2.58,185.76,,,,,,,,,,,,
31564,10.02128335v2,10,,2,3,,11/29/2022 15:33,,,,21,,,,,250,2.41,636.24,,,,,,,,,,,,
31564,12.02128315v1,12,,4,3,,11/29/2022 15:33,,,,21,,,,,250,2.16,570.24,,,,,,,,,,,,
31565,10.02129247v1,10,,2,3,,11/29/2022 15:47,,,,5,,,,,60,3.66,263.52,,,,,,,,,,,,
31566,10.02129151v3,10,,2,4,,11/29/2022 19:09,,,,20,,,,,240,2.41,607.32,,,,,,,,,,,,
31567,10.02129283v1,10,,2,3,,11/29/2022 16:55,,,,42,,,,,500,2.41,1243.56,,,,,,,,,,,,
31568,55.02129018v1,55,,114,1,,11/29/2022 15:12,,,,10,,,,,120,2.23,294.36,,,,,,,,,,,,
31569,10.02128650v3,10,,2,1,,11/29/2022 15:30,,,,24,,,,,280,1.96,588,,,,,,,,,,,,
31570,10.02129256v2,10,,2,1,,11/29/2022 16:20,,,,25,,,,,300,1.96,611.52,,,,,,,,,,,,
31571,10.02116800v1,10,,2,3,,11/29/2022 17:03,,,,27,,,,,315,2.41,809.76,,,,,,,,,,,,
31573,10.02129272v1,10,,2,3,,11/29/2022 18:42,,,,5,,,,,60,3.66,263.52,,,,,,,,,,,,
31574,10.02111530v1,10,,2,3,,11/29/2022 17:47,,,,5,,,,,60,3.66,263.52,,,,,,,,,,,,
31575,10.02128805v1,10,,2,4,,11/29/2022 16:28,,,,5,,,,,60,2.58,185.76,,,,,,,,,,,,
31576,10.02128666v2,10,,2,1,,11/30/2022 16:41,,,,111,,,,,1327,1.71,2298.24,,,,,,,,,,,,
31576,10.02128667v1,10,,2,1,,11/30/2022 16:41,,,,111,,,,,1327,1.71,2298.24,,,,,,,,,,,,
31577,10.02129403v1,10,,2,4,,11/29/2022 17:25,,,,6,,,,,70,2.58,216.72,,,,,,,,,,,,
31578,10.0288955v2,10,,2,4,,11/29/2022 18:40,,,,5,,,,,60,2.58,185.76,,,,,,,,,,,,
31579,10.02128358v2,10,,2,4,,11/30/2022 23:32,,,,9,,,,,101,2.58,309.6,,,,,,,,,,,,
31580,10.02100224v1,10,,2,4,,11/29/2022 19:13,,,,9,,,,,99,2.58,309.6,,,,,,,,,,,,
31581,10.02119237v1,10,,2,4,,11/29/2022 23:07,,,,5,,,,,60,2.58,185.76,,,,,,,,,,,,
31582,10.02129200v1,10,,2,1,,11/29/2022 18:20,,,,5,,,,,60,2.56,184.32,,,,,,,,,,,,
31583,10.02129060v1,10,,2,1,,11/30/2022 1:36,,,,30,,,,,360,1.96,729.12,,,,,,,,,,,,
31584,10.02128872v2,10,,2,4,,11/29/2022 18:53,,,,10,,,,,120,2.58,340.56,,,,,,,,,,,,
31585,10.02127786v1,10,,2,4,,11/29/2022 22:34,,,,7,,,,,75,2.58,247.68,,,,,,,,,,,,
31585,10.02127753v1,10,,2,4,,11/29/2022 22:34,,,,7,,,,,75,2.58,247.68,,,,,,,,,,,,
31586,15.02126811v2,15,,7,3,,11/29/2022 18:39,,,,11,,,,,125,3.7,532.8,,,,,,,,,,,,
31588,10.02128839v1,10,,2,1,,11/29/2022 19:06,,,,5,,,,,60,2.56,184.32,,,,,,,,,,,,
31589,10.021342v1,10,,2,1,,11/29/2022 20:01,,,,40,,,,,480,1.96,964.32,,,,,,,,,,,,
31590,55.02129502v1,55,,114,3,,11/29/2022 21:39,,,,5,,,,,60,3.74,269.28,,,,,,,,,,,,
31591,44.02128990v1,44,,21,3,,11/29/2022 19:27,,,,22,,,,,260,2.49,687.24,,,,,,,,,,,,
31592,10.02100891v3,10,,2,4,,11/29/2022 19:32,,,,5,,,,,60,2.58,185.76,,,,,,,,,,,,
31593,10.02128623v2,10,,2,4,,11/29/2022 21:37,,,,9,,,,,100,2.58,309.6,,,,,,,,,,,,
31594,15.02129325v3,15,,7,3,,12/19/2022 20:29,,,,10,,,,,120,3.7,488.4,,,,,,,,,,,,
31595,9102127264v4,910,500,25,5,44939,12/12/2022 20:22,Direct,existingbusiness,10985090849,42,0.76,90,482.16,470,,,,,,,,,,,,,,,
31595,9102127269v5,910,500,25,5,44939,12/12/2022 20:22,Direct,existingbusiness,10985090849,42,0.76,90,482.16,470,,,,,,,,,,,,,,,
31596,10.0284817v1,10,,2,3,,11/29/2022 21:27,,,,17,,,,,200,2.41,520.56,,,,,,,,,,,,
31597,10.02101188v2,10,,2,3,,11/30/2022 18:54,,,,100,,,,,1200,1.91,2314.92,,,,,,,,,,,,
31598,10.02120347v1,10,,2,3,,11/29/2022 21:23,,,,10,,,,,120,2.58,340.56,,,,,,,,,,,,
31599,10.02101186v4,10,,2,3,,11/30/2022 18:54,,,,100,,,,,1200,1.91,2314.92,,,,,,,,,,,,
31600,10.02112209v4,10,,2,1,,12/6/2022 19:36,,,,92,,,,,1100,1.79,1997.64,,,,,,,,,,,,
31601,10.02126242v1,10,,2,3,,11/29/2022 22:31,,,,20,,,,,240,2.41,607.32,,,,,,,,,,,,
31602,10.02126393v1,10,,2,1,,12/1/2022 15:20,,,,10,,,,,120,2.23,294.36,,,,,,,,,,,,
31602,10.02126391v1,10,,2,1,,12/1/2022 15:20,,,,10,,,,,120,2.23,294.36,,,,,,,,,,,,
31602,10.02126392v1,10,,2,1,,12/1/2022 15:20,,,,10,,,,,120,2.23,294.36,,,,,,,,,,,,
31602,10.02125759v2,10,,2,1,,12/1/2022 15:20,,,,10,,,,,120,2.23,294.36,,,,,,,,,,,,
31603,10.02128135v1,10,,2,3,,11/29/2022 22:09,,,,17,,,,,200,2.41,520.56,,,,,,,,,,,,
31604,10.02128736v5,10,,2,1,,11/29/2022 22:17,,,,5,,,,,60,2.56,184.32,,,,,,,,,,,,
31605,10.02105496v1,10,,2,1,,11/29/2022 22:25,,,,9,,,,,100,2.56,307.2,,,,,,,,,,,,
31606,10.0278250v1,10,,2,3,,11/30/2022 23:34,,,,10,,,,,120,2.58,340.56,,,,,,,,,,,,
31607,10.0223662v2,10,,2,1,,11/29/2022 22:32,,,,13,,,,,150,1.96,329.28,,,,,,,,,,,,
31608,,70,,,1,44907,11/30/2022 20:28,,,,,,,,,,2.56,,28866,60,14008,31930,118,11864,72,101787,11/30/2022 20:26,12/12/2022,5,184.32
31609,10.0224743v2,10,,2,1,,11/29/2022 22:50,,,,7,,,,,80,2.56,245.76,,,,,,,,,,,,
31610,10.02129571v1,10,,2,3,,11/29/2022 22:47,,,,13,,,,,150,2.41,404.88,,,,,,,,,,,,
31611,10.02122289v1,10,,2,4,,11/29/2022 23:05,,,,10,,,,,120,2.58,340.56,,,,,,,,,,,,
31612,55.02126014v3,55,,114,1,,11/29/2022 23:15,,,,13,,,,,150,1.96,329.28,,,,,,,,,,,,
31613,10.02129083v1,10,,2,3,,11/30/2022 0:12,,,,8,,,,,90,3.58,386.64,,,,,,,,,,,,
31614,10.02100130v3,10,,2,4,,11/30/2022 14:34,,,,5,,,,,60,2.58,185.76,,,,,,,,,,,,
31615,10.02129555v1,10,,2,3,,11/30/2022 3:26,,,,8,,,,,90,3.58,386.64,,,,,,,,,,,,
31616,10.02129513v1,10,,2,3,,11/30/2022 13:40,,,,6,,,,,65,3.66,307.44,,,,,,,,,,,,
31617,10.02127763v3,10,,2,1,,11/30/2022 18:14,,,,13,,,,,150,1.96,329.28,,,,,,,,,,,,
31618,10.02118592v1,10,,2,1,,11/30/2022 22:33,,,,80,,,,,950,1.79,1739.88,,,,,,,,,,,,
31619,10.02127845v1,10,,2,1,,12/1/2022 23:55,,,,5,,,,,60,2.56,184.32,,,,,,,,,,,,
31620,10.02122876v3,10,,2,1,,11/30/2022 17:12,,,,5,,,,,60,2.56,184.32,,,,,,,,,,,,
31621,17.02130324v1,17,,9,4,,12/5/2022 20:06,,,,30,,,,,360,2.41,896.52,,,,,,,,,,,,
31622,10.02122292v3,10,,2,1,,11/30/2022 16:58,,,,5,,,,,60,2.56,184.32,,,,,,,,,,,,
31624,10.02127947v1,10,,2,1,,12/1/2022 20:21,,,,42,,,,,500,1.96,1011.36,,,,,,,,,,,,
31626,10.02128131v1,10,,2,1,,12/2/2022 16:47,,,,67,,,,,800,1.79,1460.64,,,,,,,,,,,,
31627,10.02129615v1,10,,2,1,,11/30/2022 21:36,,,,10,,,,,120,2.23,294.36,,,,,,,,,,,,
31628,10.02129442v2,10,,2,1,,11/30/2022 16:13,,,,10,,,,,120,2.23,294.36,,,,,,,,,,,,
31629,10.02127214v1,10,,2,1,,11/30/2022 18:29,,,,15,,,,,175,1.96,376.32,,,,,,,,,,,,
31630,10.02129369v1,10,,2,1,,11/30/2022 18:17,,,,5,,,,,60,2.56,184.32,,,,,,,,,,,,
31631,10.02128553v1,10,,2,3,,11/30/2022 19:59,,,,10,,,,,120,2.58,340.56,,,,,,,,,,,,
31632,10.02128873v1,10,,2,1,,12/1/2022 17:18,,,,10,,,,,120,2.23,294.36,,,,,,,,,,,,
31633,10.0270274v1,10,,2,1,,12/1/2022 22:07,,,,46,,,,,550,1.88,1060.32,,,,,,,,,,,,
31634,10.02129477v1,10,,2,4,,11/30/2022 22:10,,,,9,,,,,100,2.58,309.6,,,,,,,,,,,,
31635,10.02129716v1,10,,2,4,,11/30/2022 19:42,,,,5,,,,,60,2.58,185.76,,,,,,,,,,,,
31636,10.0268088v2,10,,2,3,,11/30/2022 20:37,,,,10,,,,,120,2.58,340.56,,,,,,,,,,,,
31637,10.02130621v2,10,,2,4,,12/8/2022 16:20,,,,63,,,,,750,1.91,1466.88,,,,,,,,,,,,
31638,10.02102252v1,10,,2,1,,12/1/2022 19:04,,,,10,,,,,120,2.23,294.36,,,,,,,,,,,,
31639,10.02128309v2,10,,2,3,,12/1/2022 17:32,,,,10,,,,,120,2.58,340.56,,,,,,,,,,,,
31640,17.02127535v2,17,,9,1,,11/30/2022 21:19,,,,7,,,,,74,2.56,245.76,,,,,,,,,,,,
31640,17.02127536v2,17,,9,1,,11/30/2022 21:19,,,,7,,,,,74,2.56,245.76,,,,,,,,,,,,
31641,10.02126791v1,10,,2,3,,11/30/2022 22:34,,,,5,,,,,60,3.66,263.52,,,,,,,,,,,,
31641,10.02126786v1,10,,2,3,,11/30/2022 22:34,,,,5,,,,,60,3.66,263.52,,,,,,,,,,,,
31642,46.02129745v1,46,,113,3,,11/30/2022 22:58,,,,10,,,,,120,2.58,340.56,,,,,,,,,,,,
31643,10.02125287v1,10,,2,1,,11/30/2022 22:33,,,,9,,,,,100,2.56,307.2,,,,,,,,,,,,
31644,10.02128637v1,10,,2,1,,11/30/2022 22:51,,,,35,,,,,420,1.96,846.72,,,,,,,,,,,,
31650,10.02129287v2,10,,2,3,,12/1/2022 21:17,,,,15,,,,,180,2.41,462.72,,,,,,,,,,,,
31651,10.02126348v2,10,,2,1,,12/1/2022 17:35,,,,7,,,,,75,2.56,245.76,,,,,,,,,,,,
31652,10.02126604v1,10,,2,4,,12/1/2022 16:26,,,,6,,,,,62,2.58,216.72,,,,,,,,,,,,
31653,10.02129845v1,10,,2,1,,12/1/2022 15:55,,,,5,,,,,60,2.56,184.32,,,,,,,,,,,,
31654,10.0291932v3,10,,2,1,,12/1/2022 1:35,,,,5,,,,,60,2.56,184.32,,,,,,,,,,,,
31655,10.02127615v3,10,,2,1,,12/1/2022 1:38,,,,5,,,,,60,2.56,184.32,,,,,,,,,,,,
31657,10.02129284v1,10,,2,3,,12/1/2022 2:13,,,,5,,,,,60,3.66,263.52,,,,,,,,,,,,
31657,10.02129285v1,10,,2,3,,12/1/2022 2:13,,,,5,,,,,60,3.66,263.52,,,,,,,,,,,,
31658,10.0275729v1,10,,2,3,,12/1/2022 3:04,,,,21,,,,,250,2.41,636.24,,,,,,,,,,,,
31660,10.02122260v1,10,,2,4,,12/20/2022 17:56,,,,84,,,,,1000,1.91,1948.2,,,,,,,,,,,,
31661,55.02130581v1,55,,114,4,,12/5/2022 18:45,,,,6,,,,,62,2.75,231,,,,,,,,,,,,
31662,55.02118940v1,55,,114,4,,1/3/2023 20:07,,,,5,,,,,60,3,216,,,,,,,,,,,,
31662,10.02118455v1,10,,2,4,,1/3/2023 20:07,,,,5,,,,,60,2.83,203.76,,,,,,,,,,,,
31663,10.02121285v2,10,,2,1,,12/1/2022 19:59,,,,34,,,,,400,1.96,823.2,,,,,,,,,,,,
31664,10.0271823v2,10,,2,3,,12/1/2022 20:23,,,,20,,,,,240,2.41,607.32,,,,,,,,,,,,
31664,10.0271824v2,10,,2,3,,12/1/2022 20:23,,,,20,,,,,240,2.41,607.32,,,,,,,,,,,,
31664,10.0271825v2,10,,2,3,,12/1/2022 20:23,,,,20,,,,,240,2.41,607.32,,,,,,,,,,,,
31666,12.02129277v2,12,,4,1,,12/1/2022 21:20,,,,10,,,,,120,1.77,233.64,,,,,,,,,,,,
31668,10.0222068v3,10,,2,1,,12/1/2022 22:40,,,,100,,,,,1200,1.71,2072.52,,,,,,,,,,,,
31670,10.0288654v1,10,,2,4,,12/1/2022 20:18,,,,10,,,,,120,2.58,340.56,,,,,,,,,,,,
31671,10.02122215v2,10,,2,3,,12/1/2022 19:47,,,,13,,,,,150,2.41,404.88,,,,,,,,,,,,
31672,10.02130045v1,10,,2,4,,12/1/2022 21:58,,,,5,,,,,60,2.58,185.76,,,,,,,,,,,,
31673,10.0216094v1,10,,2,1,,12/1/2022 20:03,,,,5,,,,,60,2.56,184.32,,,,,,,,,,,,
31673,10.0216095v1,10,,2,1,,12/1/2022 20:03,,,,5,,,,,60,2.56,184.32,,,,,,,,,,,,
31673,10.0216100v1,10,,2,1,,12/1/2022 20:03,,,,5,,,,,60,2.56,184.32,,,,,,,,,,,,
31673,10.0216102v1,10,,2,1,,12/1/2022 20:03,,,,5,,,,,60,2.56,184.32,,,,,,,,,,,,
31674,10.02129867v2,10,,2,4,,12/5/2022 18:02,,,,5,,,,,60,2.58,185.76,,,,,,,,,,,,
31675,12.02115194v1,12,,4,1,,12/1/2022 21:03,,,,10,,,,,120,1.77,233.64,,,,,,,,,,,,
31676,55.02120666v1,55,,114,3,,12/1/2022 20:31,,,,10,,,,,120,2.66,351.12,,,,,,,,,,,,
31677,10.02129372v3,10,,2,4,,12/1/2022 21:15,,,,6,,,,,70,2.58,216.72,,,,,,,,,,,,
31678,55.02129788v2,55,,114,4,,12/1/2022 21:00,,,,5,,,,,60,2.75,198,,,,,,,,,,,,
31679,10.02130037v1,10,,2,4,,12/1/2022 20:59,,,,5,,,,,60,2.58,185.76,,,,,,,,,,,,
31680,10.02130052v1,10,,2,4,,12/1/2022 21:21,,,,8,,,,,85,2.58,278.64,,,,,,,,,,,,
31681,10.02129629v2,10,,2,1,,12/1/2022 23:45,,,,13,,,,,150,1.96,329.28,,,,,,,,,,,,
31682,10.0227352v2,10,,2,3,,12/1/2022 21:58,,,,50,,,,,600,2.16,1321.92,,,,,,,,,,,,
31682,10.0295644v2,10,,2,3,,12/1/2022 21:58,,,,50,,,,,600,2.16,1321.92,,,,,,,,,,,,
31683,10.0272584v2,10,,2,4,,12/1/2022 22:29,,,,5,,,,,60,2.58,185.76,,,,,,,,,,,,
31684,10.02129484v1,10,,2,1,,12/1/2022 21:58,,,,6,,,,,70,2.56,215.04,,,,,,,,,,,,
31684,10.02129483v1,10,,2,1,,12/1/2022 21:58,,,,6,,,,,70,2.56,215.04,,,,,,,,,,,,
31685,10.02129678v4,10,,2,1,,12/1/2022 22:00,,,,17,,,,,200,1.96,423.36,,,,,,,,,,,,
31686,10.02127887v5,10,,2,3,,12/2/2022 17:56,,,,12,,,,,140,2.41,375.96,,,,,,,,,,,,
31687,10.02129170v2,10,,2,1,,12/1/2022 23:21,,,,5,,,,,60,2.56,184.32,,,,,,,,,,,,
31687,10.02125658v2,10,,2,1,,12/1/2022 23:21,,,,5,,,,,60,2.56,184.32,,,,,,,,,,,,
31687,10.02129171v2,10,,2,1,,12/1/2022 23:21,,,,5,,,,,60,2.56,184.32,,,,,,,,,,,,
31688,10.02129986v1,10,,2,1,,12/1/2022 22:52,,,,20,,,,,240,1.96,493.92,,,,,,,,,,,,
31689,10.02129710v1,10,,2,1,,12/2/2022 17:38,,,,10,,,,,120,2.23,294.36,,,,,,,,,,,,
31690,10.0265335v1,10,,2,3,,12/5/2022 21:09,,,,84,,,,,1000,1.91,1948.2,,,,,,,,,,,,
31691,10.02129313v3,10,,2,1,,12/2/2022 16:08,,,,5,,,,,60,2.56,184.32,,,,,,,,,,,,
31692,10.02130122v1,10,,2,3,,12/7/2022 19:05,,,,10,,,,,120,2.58,340.56,,,,,,,,,,,,
31693,10.02130104v1,10,,2,1,,12/2/2022 15:58,,,,25,,,,,300,1.96,611.52,,,,,,,,,,,,
31694,10.02126341v1,10,,2,1,,12/2/2022 0:02,,,,42,,,,,500,1.96,1011.36,,,,,,,,,,,,
31695,10.02128636v2,10,,2,1,,12/2/2022 0:14,,,,10,,,,,120,2.23,294.36,,,,,,,,,,,,
31696,55.03130178v2,55,,114,1,,12/2/2022 15:52,,,,16,,,,,190,1.96,399.84,,,,,,,,,,,,
31697,10.02128929v1,10,,2,4,,12/2/2022 16:54,,,,5,,,,,60,2.58,185.76,,,,,,,,,,,,
31698,10.02130079v1,10,,2,4,,12/2/2022 13:23,,,,5,,,,,60,2.58,185.76,,,,,,,,,,,,
31699,10.02130142v3,10,,2,4,,12/2/2022 23:53,,,,5,,,,,60,2.58,185.76,,,,,,,,,,,,
31700,55.02126684v1,55,,114,1,,12/2/2022 15:59,,,,15,,,,,175,1.96,376.32,,,,,,,,,,,,
31701,10.02129973v1,10,,2,3,,12/2/2022 17:22,,,,6,,,,,62,3.66,307.44,,,,,,,,,,,,
31702,10.02130135v1,10,,2,1,,12/2/2022 15:50,,,,6,,,,,61,2.56,215.04,,,,,,,,,,,,
31703,10.0231807v1,10,,2,1,,12/2/2022 15:47,,,,10,,,,,120,2.23,294.36,,,,,,,,,,,,
31704,10.0269433v1,10,,2,1,,12/2/2022 15:45,,,,15,,,,,178,1.96,376.32,,,,,,,,,,,,
31705,12.02125061v2,12,,4,3,,12/5/2022 16:22,,,,10,,,,,120,2.33,307.56,,,,,,,,,,,,
31705,10.02127271v1,10,,2,3,,12/5/2022 16:22,,,,10,,,,,120,2.58,340.56,,,,,,,,,,,,
31706,55.02107715v1,55,,114,1,,12/2/2022 17:16,,,,7,,,,,75,2.56,245.76,,,,,,,,,,,,
31707,17.02129579v1,17,,9,1,,12/2/2022 16:25,,,,5,,,,,60,2.56,184.32,,,,,,,,,,,,
31707,17.02129581v1,17,,9,1,,12/2/2022 16:25,,,,5,,,,,60,2.56,184.32,,,,,,,,,,,,
31708,55.0294696v2,55,,114,3,,12/2/2022 16:52,,,,8,,,,,90,3.66,395.28,,,,,,,,,,,,
31709,12.02119940v1,12,,4,3,,12/2/2022 17:33,,,,2,,,,,16,3.41,122.76,,,,,,,,,,,,
31710,10.0270148v1,10,,2,3,,12/2/2022 17:40,,,,10,,,,,120,2.58,340.56,,,,,,,,,,,,
31710,10.0270149v1,10,,2,3,,12/2/2022 17:40,,,,10,,,,,120,2.58,340.56,,,,,,,,,,,,
31711,,70,,,1,44904,12/2/2022 23:31,,,,,,,,,,1.88,,28896,555,14108,32154,118,11957,576,102662,12/2/2022 23:30,12/9/2022,47,1082.88
31712,10.02129880v2,10,,2,4,,12/2/2022 18:03,,,,5,,,,,60,2.58,185.76,,,,,,,,,,,,
31712,10.02129877v2,10,,2,4,,12/2/2022 18:03,,,,5,,,,,60,2.58,185.76,,,,,,,,,,,,
31713,10.02128473v1,10,,2,1,,12/2/2022 18:08,,,,10,,,,,120,2.23,294.36,,,,,,,,,,,,
31714,10.02129892v1,10,,2,3,,12/7/2022 23:01,,,,60,,,,,720,1.91,1398.12,,,,,,,,,,,,
31715,10.02125798v1,10,,2,1,,12/2/2022 19:15,,,,13,,,,,150,1.96,329.28,,,,,,,,,,,,
31716,10.02118026v1,10,,2,3,,12/2/2022 20:10,,,,13,,,,,150,2.41,404.88,,,,,,,,,,,,
31717,10.02128783v2,10,,2,3,,12/5/2022 17:04,,,,17,,,,,200,2.41,520.56,,,,,,,,,,,,
31718,10.02130218v1,10,,2,1,,12/5/2022 20:43,,,,42,,,,,500,1.96,1011.36,,,,,,,,,,,,
31719,10.02126077v2,10,,2,4,,12/2/2022 19:59,,,,5,,,,,60,2.58,185.76,,,,,,,,,,,,
31720,10.0266665v1,10,,2,1,,12/5/2022 15:10,,,,5,,,,,60,2.56,184.32,,,,,,,,,,,,
31721,10.02118411v1,10,,2,4,,12/2/2022 21:47,,,,6,,,,,63,2.58,216.72,,,,,,,,,,,,
31722,10.03126757v1,10,,2,3,,12/2/2022 21:01,,,,5,,,,,60,3.66,263.52,,,,,,,,,,,,
31723,10.0236742v1,10,,2,3,,12/2/2022 21:31,,,,34,,,,,408,2.41,1012.2,,,,,,,,,,,,
31724,10.02130109v2,10,,2,3,,12/2/2022 21:16,,,,17,,,,,200,2.41,520.56,,,,,,,,,,,,
31725,10.02130279v1,10,,2,4,,12/2/2022 21:11,,,,5,,,,,60,2.58,185.76,,,,,,,,,,,,
31726,10.02129022v1,10,,2,1,,12/3/2022 4:09,,,,59,,,,,700,1.88,1353.6,,,,,,,,,,,,
31727,10.02130059v2,10,,2,4,,12/2/2022 21:42,,,,5,,,,,60,2.58,185.76,,,,,,,,,,,,
31728,10.01130283v1,10,,2,4,,12/2/2022 21:44,,,,6,,,,,62,2.58,216.72,,,,,,,,,,,,
31728,10.03130285v1,10,,2,4,,12/2/2022 21:44,,,,7,,,,,77,2.58,247.68,,,,,,,,,,,,
31729,10.0220719v13,10,,2,3,,12/3/2022 14:59,,,,5,,,,,60,3.66,263.52,,,,,,,,,,,,
31730,10.0276603v1,10,,2,4,,12/6/2022 0:31,,,,10,,,,,120,2.58,340.56,,,,,,,,,,,,
31731,10.02130323v2,10,,2,3,,12/7/2022 17:47,,,,18,,,,,205,2.41,549.48,,,,,,,,,,,,
31732,10.0261778v1,10,,2,3,,12/2/2022 22:10,,,,5,,,,,60,3.66,263.52,,,,,,,,,,,,
31734,10.02129825v1,10,,2,4,,12/5/2022 15:00,,,,5,,,,,60,2.58,185.76,,,,,,,,,,,,
31735,10.02130303v1,10,,2,3,,12/6/2022 17:13,,,,11,,,,,125,2.58,371.52,,,,,,,,,,,,
31736,10.02130116v1,10,,2,3,,12/5/2022 18:02,,,,6,,,,,61,3.66,307.44,,,,,,,,,,,,
31736,10.0223687v1,10,,2,3,,12/5/2022 18:02,,,,6,,,,,61,3.66,307.44,,,,,,,,,,,,
31736,10.0223689v1,10,,2,3,,12/5/2022 18:02,,,,6,,,,,61,3.66,307.44,,,,,,,,,,,,
31736,10.0223688v2,10,,2,3,,12/5/2022 18:02,,,,6,,,,,61,3.66,307.44,,,,,,,,,,,,
31737,10.0263335v5,10,,2,1,,12/6/2022 19:39,,,,40,,,,,470,1.96,964.32,,,,,,,,,,,,
31738,10.02130217v6,10,,2,3,,12/3/2022 0:10,,,,10,,,,,120,2.58,340.56,,,,,,,,,,,,
31739,10.02130198v1,10,,2,4,,12/3/2022 0:59,,,,5,,,,,60,2.58,185.76,,,,,,,,,,,,
31740,10.02128971v1,10,,2,3,,12/3/2022 0:17,,,,13,,,,,145,2.41,404.88,,,,,,,,,,,,
31741,10.02128970v3,10,,2,3,,12/3/2022 0:18,,,,13,,,,,145,2.41,404.88,,,,,,,,,,,,
31742,10.02113984v2,10,,2,1,,12/3/2022 17:43,,,,5,,,,,60,2.56,184.32,,,,,,,,,,,,
31742,10.0248823v3,10,,2,1,,12/3/2022 17:43,,,,5,,,,,60,2.56,184.32,,,,,,,,,,,,
31743,10.0248823v2,10,,2,4,,12/3/2022 17:44,,,,5,,,,,60,2.58,185.76,,,,,,,,,,,,
31744,10.02130246v1,10,,2,1,,12/3/2022 20:32,,,,7,,,,,80,2.56,245.76,,,,,,,,,,,,
31745,10.02128982v3,10,,2,3,,12/6/2022 16:56,,,,10,,,,,120,2.58,340.56,,,,,,,,,,,,
31746,55.02130604v1,55,,114,4,,12/5/2022 22:27,,,,5,,,,,60,2.75,198,,,,,,,,,,,,
31747,10.0279520v3,10,,2,4,,12/5/2022 19:35,,,,13,,,,,150,2.41,404.88,,,,,,,,,,,,
31748,55.02130674v1,55,,114,1,,12/6/2022 15:36,,,,70,,,,,840,1.79,1525.08,,,,,,,,,,,,
31749,10.02129645v2,10,,2,3,,12/6/2022 12:29,,,,20,,,,,240,2.41,607.32,,,,,,,,,,,,
31750,12.0244076v4,12,,4,3,,12/5/2022 15:43,,,,40,,,,,480,2.16,1062.72,,,,,,,,,,,,
31751,55.02130210v2,55,,114,4,,12/5/2022 15:39,,,,7,,,,,75,2.75,264,,,,,,,,,,,,
31751,55.02130210v1,55,,114,4,,12/5/2022 15:39,,,,7,,,,,75,2.75,264,,,,,,,,,,,,
31752,10.02101188v2,10,,2,3,,12/7/2022 16:08,,,,140,,,,,1680,1.91,3231.72,,,,,,,,,,,,
31753,17.02130003v1,17,,9,3,,12/6/2022 2:16,,,,20,,,,,240,2.41,607.32,,,,,,,,,,,,
31754,10.02101186v4,10,,2,3,,12/7/2022 16:08,,,,140,,,,,1680,1.91,3231.72,,,,,,,,,,,,
31756,10.0215895v8,10,,2,1,,12/6/2022 14:07,,,,60,,,,,720,1.79,1310.28,,,,,,,,,,,,
31757,10.0232805v1,10,,2,3,,12/6/2022 18:49,,,,30,,,,,360,2.41,896.52,,,,,,,,,,,,
31758,55.02125240v1,55,,114,1,,12/5/2022 19:37,,,,5,,,,,60,2.56,184.32,,,,,,,,,,,,
31759,10.02117668v3,10,,2,1,,12/5/2022 17:01,,,,30,,,,,360,1.96,729.12,,,,,,,,,,,,
31760,10.02129809v2,10,,2,1,,12/5/2022 17:10,,,,13,,,,,150,1.96,329.28,,,,,,,,,,,,
31761,55.02130199v1,55,,114,1,,12/5/2022 17:59,,,,42,,,,,500,1.96,1011.36,,,,,,,,,,,,
31762,10.02130026v1,10,,2,4,,12/5/2022 21:40,,,,7,,,,,75,2.58,247.68,,,,,,,,,,,,
31763,10.02127951v1,10,,2,1,,12/8/2022 22:07,,,,30,,,,,360,1.96,729.12,,,,,,,,,,,,
31764,10.02127768v4,10,,2,1,,12/5/2022 19:16,,,,5,,,,,60,2.56,184.32,,,,,,,,,,,,
31765,10.0211864v1,10,,2,1,,12/5/2022 20:04,,,,10,,,,,120,2.23,294.36,,,,,,,,,,,,
31765,10.0211866v2,10,,2,1,,12/5/2022 20:04,,,,10,,,,,120,2.23,294.36,,,,,,,,,,,,
31766,10.02116808v1,10,,2,4,,12/5/2022 20:04,,,,9,,,,,100,2.58,309.6,,,,,,,,,,,,
31766,10.02116809v1,10,,2,4,,12/5/2022 20:04,,,,9,,,,,100,2.58,309.6,,,,,,,,,,,,
31767,10.02130552v3,10,,2,4,,12/22/2022 21:37,,,,5,,,,,60,2.58,185.76,,,,,,,,,,,,
31768,55.02130596v1,55,,114,4,,12/5/2022 22:21,,,,20,,,,,240,2.58,650.16,,,,,,,,,,,,
31769,10.02130611v1,10,,2,4,,12/8/2022 20:30,,,,7,,,,,75,2.58,247.68,,,,,,,,,,,,
31770,10.02130550v2,10,,2,4,,12/5/2022 20:31,,,,5,,,,,60,2.58,185.76,,,,,,,,,,,,
31771,10.02129056v1,10,,2,4,,12/19/2022 16:08,,,,13,,,,,150,2.41,404.88,,,,,,,,,,,,
31772,10.02130190v2,10,,2,3,,12/19/2022 16:01,,,,11,,,,,127,2.58,371.52,,,,,,,,,,,,
31774,10.02126052v1,10,,2,4,,12/6/2022 15:58,,,,10,,,,,120,2.58,340.56,,,,,,,,,,,,
31775,10.02130228v1,10,,2,4,,12/5/2022 22:33,,,,19,,,,,222,2.41,578.4,,,,,,,,,,,,
31776,10.0294607v4,10,,2,4,,12/6/2022 19:25,,,,9,,,,,100,2.58,309.6,,,,,,,,,,,,
31777,55.02130673v1,55,,114,1,,12/6/2022 15:33,,,,20,,,,,240,1.96,493.92,,,,,,,,,,,,
31778,10.02112469v4,10,,2,4,,12/6/2022 14:19,,,,5,,,,,60,2.58,185.76,,,,,,,,,,,,
31779,10.02130567v1,10,,2,1,,12/6/2022 20:35,,,,6,,,,,70,2.56,215.04,,,,,,,,,,,,
31779,10.02130566v1,10,,2,1,,12/6/2022 20:35,,,,6,,,,,70,2.56,215.04,,,,,,,,,,,,
31779,10.02130563v1,10,,2,1,,12/6/2022 20:35,,,,6,,,,,70,2.56,215.04,,,,,,,,,,,,
31781,10.02124659v1,10,,2,1,,12/6/2022 15:48,,,,7,,,,,80,2.56,245.76,,,,,,,,,,,,
31782,10.02130609v1,10,,2,1,,12/5/2022 22:53,,,,19,,,,,224,1.96,470.4,,,,,,,,,,,,
31783,10.02129799v2,10,,2,1,,12/6/2022 0:33,,,,5,,,,,60,2.56,184.32,,,,,,,,,,,,
31784,10.03118722v1,10,,2,1,,12/5/2022 23:18,,,,25,,,,,300,1.96,611.52,,,,,,,,,,,,
31785,10.02128512v4,10,,2,4,,12/6/2022 18:29,,,,5,,,,,60,2.58,185.76,,,,,,,,,,,,
31787,10.0222029v1,10,,2,4,,12/6/2022 14:17,,,,17,,,,,200,2.41,520.56,,,,,,,,,,,,
31788,10.0247459v2,10,,2,4,,12/6/2022 14:19,,,,17,,,,,200,2.41,520.56,,,,,,,,,,,,
31789,10.0247476v1,10,,2,4,,12/6/2022 16:07,,,,17,,,,,200,2.41,520.56,,,,,,,,,,,,
31790,10.02130208v4,10,,2,3,,12/6/2022 22:44,,,,30,,,,,360,2.41,896.52,,,,,,,,,,,,
31791,10.0248222v2,10,,2,4,,12/6/2022 0:52,,,,30,,,,,360,2.41,896.52,,,,,,,,,,,,
31792,10.0268956v1,10,,2,3,,12/20/2022 21:23,,,,14,,,,,160,2.41,433.8,,,,,,,,,,,,
31792,10.029297v1,10,,2,3,,12/20/2022 21:23,,,,25,,,,,300,2.41,751.92,,,,,,,,,,,,
31792,10.02110275v1,10,,2,3,,12/20/2022 21:23,,,,19,,,,,220,2.41,578.4,,,,,,,,,,,,
31792,10.0257502v1,10,,2,3,,12/20/2022 21:23,,,,9,,,,,97,3.58,429.6,,,,,,,,,,,,
31792,10.0269073v1,10,,2,3,,12/20/2022 21:23,,,,14,,,,,160,2.41,433.8,,,,,,,,,,,,
31792,10.0268900v1,10,,2,3,,12/20/2022 21:23,,,,12,,,,,140,2.41,375.96,,,,,,,,,,,,
31792,10.0268913v1,10,,2,3,,12/20/2022 21:23,,,,7,,,,,80,3.66,351.36,,,,,,,,,,,,
31793,9102130181v1,910,500,25,5,44939,12/6/2022 15:12,Distributor,existingbusiness,11179768962,42,0.76,90,482.16,470,,,,,,,,,,,,,,,
31794,10.02130222v2,10,,2,1,,12/6/2022 17:33,,,,21,,,,,250,1.96,517.44,,,,,,,,,,,,
31794,10.02130313v2,10,,2,1,,12/6/2022 17:33,,,,21,,,,,250,1.96,517.44,,,,,,,,,,,,
31795,55.02129322v1,55,,114,4,,12/6/2022 15:53,,,,5,,,,,60,2.75,198,,,,,,,,,,,,
31796,11.02130425v1,11,,3,4,,12/6/2022 15:45,,,,5,,,,,60,2.83,203.76,,,,,,,,,,,,
31797,10.02129830v1,10,,2,1,,12/6/2022 18:18,,,,42,,,,,500,1.96,1011.36,,,,,,,,,,,,
31798,46.02116851v2,46,,113,3,,12/8/2022 13:37,,,,6,,,,,70,3.66,307.44,,,,,,,,,,,,
31799,10.02130073v1,10,,2,1,,12/6/2022 16:21,,,,27,,,,,320,1.96,658.56,,,,,,,,,,,,
31801,932130881v1,93,360,120,10,44924,12/6/2022 22:09,Distributor,existingbusiness,11128842875,30,1.42,0,528.24,511.2,,,,,,,,,,,,,,,
31802,10.02130302v1,10,,2,4,,12/6/2022 20:50,,,,5,,,,,60,2.58,185.76,,,,,,,,,,,,
31802,10.02130301v1,10,,2,4,,12/6/2022 20:50,,,,5,,,,,60,2.58,185.76,,,,,,,,,,,,
31803,10.02130364v5,10,,2,3,,12/6/2022 19:03,,,,13,,,,,150,2.41,404.88,,,,,,,,,,,,
31804,12.02130503v1,12,,4,4,,12/6/2022 16:33,,,,5,,,,,60,2.83,203.76,,,,,,,,,,,,
31805,10.02130582v1,10,,2,4,,12/6/2022 17:17,,,,5,,,,,60,2.58,185.76,,,,,,,,,,,,
31806,55.02130706v1,55,,114,3,,12/6/2022 18:28,,,,40,,,,,480,2.49,1225.08,,,,,,,,,,,,
31807,10.02126648v2,10,,2,3,,12/6/2022 21:37,,,,11,,,,,124,2.58,371.52,,,,,,,,,,,,
31808,10.02130703v1,10,,2,4,,12/6/2022 20:40,,,,5,,,,,60,2.58,185.76,,,,,,,,,,,,
31809,10.02130270v1,10,,2,4,,12/6/2022 21:11,,,,9,,,,,100,2.58,309.6,,,,,,,,,,,,
31809,10.02130239v1,10,,2,4,,12/6/2022 21:11,,,,9,,,,,100,2.58,309.6,,,,,,,,,,,,
31809,10.02130227v1,10,,2,4,,12/6/2022 21:11,,,,9,,,,,100,2.58,309.6,,,,,,,,,,,,
31810,10.02130162v1,10,,2,4,,12/6/2022 22:36,,,,5,,,,,60,2.58,185.76,,,,,,,,,,,,
31810,10.02126564v1,10,,2,4,,12/6/2022 22:36,,,,5,,,,,60,2.58,185.76,,,,,,,,,,,,
31811,10.0258859v2,10,,2,1,,12/16/2022 18:52,,,,10,,,,,120,2.23,294.36,,,,,,,,,,,,
31812,10.02129068v1,10,,2,3,,12/7/2022 20:53,,,,63,,,,,750,1.91,1466.88,,,,,,,,,,,,
31813,10.02131146v1,10,,2,1,,12/13/2022 21:18,,,,13,,,,,155,1.96,329.28,,,,,,,,,,,,
31814,10.0282074v1,10,,2,4,,12/6/2022 18:23,,,,9,,,,,100,2.58,309.6,,,,,,,,,,,,
31815,10.02127957v1,10,,2,3,,12/6/2022 23:36,,,,11,,,,,124,2.58,371.52,,,,,,,,,,,,
31815,10.02129674v1,10,,2,3,,12/6/2022 23:36,,,,11,,,,,124,2.58,371.52,,,,,,,,,,,,
31815,10.02127959v1,10,,2,3,,12/6/2022 23:36,,,,11,,,,,124,2.58,371.52,,,,,,,,,,,,
31816,10.0288617v1,10,,2,1,,12/6/2022 18:44,,,,42,,,,,500,1.96,1011.36,,,,,,,,,,,,
31817,10.02127348v2,10,,2,3,,12/7/2022 20:49,,,,10,,,,,120,2.58,340.56,,,,,,,,,,,,
31818,10.02130413v2,10,,2,4,,12/6/2022 20:41,,,,5,,,,,60,2.58,185.76,,,,,,,,,,,,
31819,10.0216066v6,10,,2,4,,12/6/2022 18:41,,,,8,,,,,90,2.58,278.64,,,,,,,,,,,,
31820,10.02130213v1,10,,2,1,,12/7/2022 22:08,,,,310,,,,,3710,1.6,5971.2,,,,,,,,,,,,
31821,10.02120871v2,10,,2,4,,12/7/2022 17:31,,,,5,,,,,60,2.58,185.76,,,,,,,,,,,,
31822,10.0241214v2,10,,2,3,,12/7/2022 16:49,,,,10,,,,,120,2.58,340.56,,,,,,,,,,,,
31823,10.0232494v1,10,,2,3,,12/7/2022 23:19,,,,42,,,,,500,2.41,1243.56,,,,,,,,,,,,
31824,10.0255549v2,10,,2,1,,12/6/2022 19:39,,,,42,,,,,500,1.96,1011.36,,,,,,,,,,,,
31826,10.02127649v5,10,,2,3,,12/6/2022 19:32,,,,12,,,,,135,2.41,375.96,,,,,,,,,,,,
31827,10.02127200v1,10,,2,4,,12/6/2022 20:55,,,,5,,,,,60,2.58,185.76,,,,,,,,,,,,
31829,10.02130717v1,10,,2,4,,12/7/2022 18:06,,,,5,,,,,60,2.58,185.76,,,,,,,,,,,,
31831,10.02130711v1,10,,2,3,,12/6/2022 20:49,,,,10,,,,,120,2.58,340.56,,,,,,,,,,,,
31831,10.02130316v2,10,,2,3,,12/6/2022 20:49,,,,10,,,,,120,2.58,340.56,,,,,,,,,,,,
31832,10.02130508v2,10,,2,3,,12/6/2022 21:38,,,,10,,,,,120,2.58,340.56,,,,,,,,,,,,
31833,10.0273917v2,10,,2,4,,12/8/2022 16:11,,,,20,,,,,240,2.41,607.32,,,,,,,,,,,,
31834,55.02130526v4,55,,114,4,,12/6/2022 22:42,,,,100,,,,,1200,2.18,2642.16,,,,,,,,,,,,
31836,55.02110847v1,55,,114,3,,12/6/2022 21:32,,,,5,,,,,60,3.74,269.28,,,,,,,,,,,,
31836,10.02110957v1,10,,2,3,,12/6/2022 21:32,,,,5,,,,,60,3.66,263.52,,,,,,,,,,,,
31837,10.02125345v1,10,,2,3,,12/7/2022 23:18,,,,11,,,,,130,2.58,371.52,,,,,,,,,,,,
31838,55.02130842v1,55,,114,4,,12/6/2022 22:16,,,,6,,,,,70,2.75,231,,,,,,,,,,,,
31839,10.029026v1,10,,2,1,,12/9/2022 23:38,,,,10,,,,,120,2.23,294.36,,,,,,,,,,,,
31840,10.0244679v1,10,,2,3,,12/7/2022 2:36,,,,10,,,,,120,2.58,340.56,,,,,,,,,,,,
31841,10.02130871v1,10,,2,4,,12/7/2022 16:53,,,,6,,,,,63,2.58,216.72,,,,,,,,,,,,
31842,10.02130463v1,10,,2,1,,12/7/2022 16:07,,,,21,,,,,250,1.96,517.44,,,,,,,,,,,,
31843,55.02130830v2,55,,114,4,,12/7/2022 16:22,,,,7,,,,,80,2.75,264,,,,,,,,,,,,
31844,10.02130140v1,10,,2,3,,12/7/2022 15:42,,,,11,,,,,131,2.58,371.52,,,,,,,,,,,,
31845,10.02130808v1,10,,2,4,,12/7/2022 0:59,,,,8,,,,,90,2.58,278.64,,,,,,,,,,,,
31846,10.02130579v1,10,,2,3,,12/7/2022 17:24,,,,13,,,,,150,2.41,404.88,,,,,,,,,,,,
31847,10.0232345v2,10,,2,3,,12/7/2022 12:48,,,,5,,,,,60,3.66,263.52,,,,,,,,,,,,
31848,10.02128369v2,10,,2,3,,12/7/2022 15:54,,,,10,,,,,120,2.58,340.56,,,,,,,,,,,,
31849,55.02130517v1,55,,114,4,,12/7/2022 17:21,,,,5,,,,,60,2.75,198,,,,,,,,,,,,
31850,10.02129999v1,10,,2,4,,12/7/2022 18:22,,,,9,,,,,100,2.58,309.6,,,,,,,,,,,,
31850,10.02130707v1,10,,2,4,,12/7/2022 18:22,,,,9,,,,,100,2.58,309.6,,,,,,,,,,,,
31850,10.02129879v1,10,,2,4,,12/7/2022 18:22,,,,9,,,,,100,2.58,309.6,,,,,,,,,,,,
31850,10.02130708v1,10,,2,4,,12/7/2022 18:22,,,,9,,,,,100,2.58,309.6,,,,,,,,,,,,
31851,10.02127177v1,10,,2,1,,12/7/2022 18:25,,,,5,,,,,60,2.56,184.32,,,,,,,,,,,,
31852,12.02128918v1,12,,4,1,,12/7/2022 16:09,,,,21,,,,,250,1.55,409.2,,,,,,,,,,,,
31853,55.02130839v1,55,,114,3,,12/7/2022 15:40,,,,10,,,,,120,2.66,351.12,,,,,,,,,,,,
31854,10.02111697v3,10,,2,3,,12/7/2022 19:30,,,,5,,,,,60,3.66,263.52,,,,,,,,,,,,
31856,10.02130776v1,10,,2,4,,12/7/2022 16:16,,,,5,,,,,60,2.58,185.76,,,,,,,,,,,,
31857,10.02130769v1,10,,2,4,,12/7/2022 16:13,,,,14,,,,,160,2.41,433.8,,,,,,,,,,,,
31858,932130720v1,93,1000,120,10,44929,12/8/2022 16:19,Distributor,newbusiness,11130437124,84,1.24,0,1264.8,1240,,,,,,,,,,,,,,,
31859,10.02130681v1,10,,2,3,,12/7/2022 20:25,,,,68,,,,,805,1.91,1581.48,,,,,,,,,,,,
31860,10.02130675v2,10,,2,4,,12/7/2022 17:21,,,,5,,,,,60,2.58,185.76,,,,,,,,,,,,
31861,55.02130935v2,55,,114,3,,12/7/2022 20:45,,,,71,,,,,850,2.1,1814.4,,,,,,,,,,,,
31861,55.02130917v1,55,,114,3,,12/7/2022 20:45,,,,71,,,,,850,2.1,1814.4,,,,,,,,,,,,
31862,10.02130490v1,10,,2,3,,12/7/2022 19:02,,,,10,,,,,120,2.58,340.56,,,,,,,,,,,,
31863,17.03126333v1,17,,9,3,,12/7/2022 20:51,,,,9,,,,,100,3.58,429.6,,,,,,,,,,,,
31863,17.03126332v1,17,,9,3,,12/7/2022 20:51,,,,9,,,,,100,3.58,429.6,,,,,,,,,,,,
31864,55.02125420v3,55,,114,1,,12/7/2022 19:34,,,,125,,,,,1500,1.71,2585.52,,,,,,,,,,,,
31865,10.02130981v1,10,,2,3,,12/15/2022 19:56,,,,21,,,,,250,2.41,636.24,,,,,,,,,,,,
31866,10.02129713v1,10,,2,4,,12/7/2022 19:29,,,,21,,,,,250,2.41,636.24,,,,,,,,,,,,
31867,,70,,,3,44958,1/9/2023 23:23,,,,,,,,,,2.54,,28981,515,15076,34714,64,12812,528,103056,1/9/2023 23:18,2/1/2023,43,1341.12
31869,17.02121776v3,17,,9,3,,12/7/2022 20:55,,,,42,,,,,500,2.41,1243.56,,,,,,,,,,,,
31870,10.02130288v1,10,,2,1,,12/8/2022 0:10,,,,6,,,,,70,2.56,215.04,,,,,,,,,,,,
31872,55.02131083v3,55,,114,1,,12/12/2022 19:13,,,,5,,,,,60,2.56,184.32,,,,,,,,,,,,
31873,10.0282074v1,10,,2,1,,12/7/2022 21:20,,,,9,,,,,100,2.56,307.2,,,,,,,,,,,,
31874,10.0282074v1,10,,2,1,,12/7/2022 21:24,,,,9,,,,,100,2.56,307.2,,,,,,,,,,,,
31875,10.02116953v1,10,,2,1,,12/12/2022 19:54,,,,10,,,,,120,2.23,294.36,,,,,,,,,,,,
31875,55.02116939v3,55,,114,1,,12/12/2022 19:54,,,,10,,,,,120,2.23,294.36,,,,,,,,,,,,
31876,10.0282074v1,10,,2,1,,12/7/2022 21:32,,,,9,,,,,100,2.56,307.2,,,,,,,,,,,,
31877,10.02131102v1,10,,2,3,,12/8/2022 22:43,,,,10,,,,,120,2.58,340.56,,,,,,,,,,,,
31878,44.02127284v1,44,,21,3,,12/7/2022 21:51,,,,5,,,,,60,3.74,269.28,,,,,,,,,,,,
31879,10.02130969v1,10,,2,1,,12/8/2022 19:36,,,,5,,,,,60,2.56,184.32,,,,,,,,,,,,
31880,10.02113825v1,10,,2,3,,12/7/2022 22:20,,,,17,,,,,200,2.41,520.56,,,,,,,,,,,,
31881,10.02126382v2,10,,2,1,,12/7/2022 22:40,,,,10,,,,,120,2.23,294.36,,,,,,,,,,,,
31882,10.02128486v3,10,,2,3,,12/8/2022 0:00,,,,15,,,,,175,2.41,462.72,,,,,,,,,,,,
31882,10.02129684v3,10,,2,3,,12/8/2022 0:00,,,,15,,,,,175,2.41,462.72,,,,,,,,,,,,
31883,55.02131466v1,55,,114,1,,12/9/2022 15:54,,,,10,,,,,120,2.23,294.36,,,,,,,,,,,,
31884,10.02130726v1,10,,2,1,,12/8/2022 13:50,,,,10,,,,,120,2.23,294.36,,,,,,,,,,,,
31885,10.02131159v1,10,,2,3,,12/7/2022 23:12,,,,5,,,,,60,3.66,263.52,,,,,,,,,,,,
31886,10.0226580v1,10,,2,3,,12/14/2022 16:43,,,,100,,,,,1200,1.91,2314.92,,,,,,,,,,,,
31887,10.02129258v1,10,,2,3,,12/8/2022 15:32,,,,10,,,,,120,2.58,340.56,,,,,,,,,,,,
31888,10.02127572v1,10,,2,3,,12/8/2022 18:06,,,,7,,,,,75,3.66,351.36,,,,,,,,,,,,
31889,10.0211058v1,10,,2,3,,12/14/2022 16:44,,,,100,,,,,1200,1.91,2314.92,,,,,,,,,,,,
31890,55.02131026v1,55,,114,1,,12/7/2022 23:58,,,,5,,,,,60,2.56,184.32,,,,,,,,,,,,
31891,10.02117961v2,10,,2,1,,12/8/2022 14:00,,,,10,,,,,120,2.23,294.36,,,,,,,,,,,,
31892,10.02118357v1,10,,2,3,,12/9/2022 23:08,,,,30,,,,,360,2.41,896.52,,,,,,,,,,,,
31893,10.02107196v2,10,,2,1,,12/8/2022 15:05,,,,25,,,,,300,1.96,611.52,,,,,,,,,,,,
31894,10.02127562v3,10,,2,3,,12/8/2022 15:15,,,,5,,,,,60,3.66,263.52,,,,,,,,,,,,
31895,10.02105331v1,10,,2,3,,12/8/2022 17:03,,,,10,,,,,120,2.58,340.56,,,,,,,,,,,,
31896,10.02120239v6,10,,2,4,,12/8/2022 16:09,,,,40,,,,,480,2.41,1185.72,,,,,,,,,,,,
31897,10.02118269v1,10,,2,3,,12/8/2022 20:10,,,,25,,,,,300,2.41,751.92,,,,,,,,,,,,
31898,10.0225335v3,10,,2,3,,12/8/2022 17:24,,,,67,,,,,800,1.91,1558.56,,,,,,,,,,,,
31899,10.0235351v3,10,,2,4,,12/8/2022 15:41,,,,5,,,,,60,2.58,185.76,,,,,,,,,,,,
31899,10.02130866v1,10,,2,4,,12/8/2022 15:41,,,,5,,,,,60,2.58,185.76,,,,,,,,,,,,
31900,10.0261838v1,10,,2,3,,12/9/2022 15:56,,,,10,,,,,120,2.58,340.56,,,,,,,,,,,,
31901,10.02121956v1,10,,2,1,,12/8/2022 15:47,,,,5,,,,,60,2.56,184.32,,,,,,,,,,,,
31902,10.0258348v3,10,,2,3,,12/14/2022 20:21,,,,10,,,,,110,2.58,340.56,,,,,,,,,,,,
31903,10.02130341v1,10,,2,3,,12/8/2022 17:59,,,,25,,,,,300,2.41,751.92,,,,,,,,,,,,
31904,12.0232679v3,12,,4,4,,12/9/2022 14:08,,,,84,,,,,1000,2.01,2050.2,,,,,,,,,,,,
31904,10.0232553v3,10,,2,4,,12/9/2022 14:08,,,,84,,,,,1000,1.91,1948.2,,,,,,,,,,,,
31905,10.0293515v2,10,,2,1,,12/8/2022 17:30,,,,15,,,,,175,1.96,376.32,,,,,,,,,,,,
31906,10.02131180v1,10,,2,3,,12/8/2022 16:24,,,,10,,,,,120,2.58,340.56,,,,,,,,,,,,
31907,10.02127812v1,10,,2,3,,12/8/2022 16:40,,,,17,,,,,200,2.41,520.56,,,,,,,,,,,,
31908,10.02114765v1,10,,2,3,,12/8/2022 17:06,,,,10,,,,,120,2.58,340.56,,,,,,,,,,,,
31909,10.02102186v1,10,,2,4,,12/13/2022 23:50,,,,10,,,,,120,2.58,340.56,,,,,,,,,,,,
31910,15.02131317v2,15,,7,3,,12/8/2022 23:39,,,,21,,,,,250,3.53,931.92,,,,,,,,,,,,
31911,10.02102826v1,10,,2,3,,12/8/2022 17:22,,,,13,,,,,150,2.41,404.88,,,,,,,,,,,,
31912,,70,,,1,44915,12/13/2022 21:45,,,,,,,,,,2.56,,28947,60,14447,32979,107,12255,72,100994,12/13/2022 21:43,12/20/2022,5,184.32
31912,,70,,,1,44915,12/13/2022 21:45,,,,,,,,,,2.56,,28937,60,14447,32978,107,12255,72,100994,12/13/2022 21:43,12/20/2022,5,184.32
31913,10.0282074v1,10,,2,1,,12/8/2022 18:06,,,,9,,,,,100,2.56,307.2,,,,,,,,,,,,
31914,10.0282074v1,10,,2,1,,12/8/2022 18:09,,,,9,,,,,100,2.56,307.2,,,,,,,,,,,,
31915,10.0282074v1,10,,2,1,,12/8/2022 18:13,,,,9,,,,,100,2.56,307.2,,,,,,,,,,,,
31916,10.0282074v1,10,,2,1,,12/8/2022 18:16,,,,9,,,,,100,2.56,307.2,,,,,,,,,,,,
31917,10.0231419v2,10,,2,1,,12/8/2022 19:50,,,,5,,,,,60,2.56,184.32,,,,,,,,,,,,
31918,55.02130351v2,55,,114,1,,12/8/2022 18:36,,,,5,,,,,60,2.56,184.32,,,,,,,,,,,,
31919,10.03128012v3,10,,2,1,,12/8/2022 18:45,,,,5,,,,,60,2.56,184.32,,,,,,,,,,,,
31920,10.02130455v1,10,,2,3,,12/8/2022 19:21,,,,10,,,,,120,2.58,340.56,,,,,,,,,,,,
31921,10.02128124v2,10,,2,4,,12/8/2022 21:48,,,,5,,,,,60,2.58,185.76,,,,,,,,,,,,
31922,10.0278741v1,10,,2,3,,12/8/2022 20:42,,,,30,,,,,360,2.41,896.52,,,,,,,,,,,,
31923,10.02131135v2,10,,2,1,,12/8/2022 21:47,,,,5,,,,,60,2.56,184.32,,,,,,,,,,,,
31924,55.03131369v1,55,,114,3,,12/8/2022 22:20,,,,10,,,,,120,2.66,351.12,,,,,,,,,,,,
31924,55.03131367v1,55,,114,3,,12/8/2022 22:20,,,,10,,,,,120,2.66,351.12,,,,,,,,,,,,
31925,10.02131206v1,10,,2,1,,12/9/2022 20:18,,,,21,,,,,250,1.96,517.44,,,,,,,,,,,,
31926,10.0238218v1,10,,2,1,,12/12/2022 19:36,,,,10,,,,,120,2.23,294.36,,,,,,,,,,,,
31927,10.02130220v1,10,,2,1,,12/9/2022 17:32,,,,10,,,,,120,2.23,294.36,,,,,,,,,,,,
31928,10.02130212v2,10,,2,1,,12/8/2022 22:06,,,,13,,,,,150,1.96,329.28,,,,,,,,,,,,
31929,10.03131363v1,10,,2,1,,12/8/2022 22:04,,,,26,,,,,306,1.96,635.04,,,,,,,,,,,,
31929,10.01131362v1,10,,2,1,,12/8/2022 22:04,,,,9,,,,,102,2.56,307.2,,,,,,,,,,,,
31930,10.02131389v1,10,,2,1,,12/8/2022 22:30,,,,59,,,,,700,1.88,1353.6,,,,,,,,,,,,
31931,10.0213785v1,10,,2,1,,12/8/2022 23:32,,,,17,,,,,200,1.96,423.36,,,,,,,,,,,,
31932,10.02131025v1,10,,2,4,,12/8/2022 22:39,,,,5,,,,,60,2.58,185.76,,,,,,,,,,,,
31934,10.0274803v2,10,,2,4,,12/8/2022 22:44,,,,5,,,,,60,2.58,185.76,,,,,,,,,,,,
31935,10.02130700v3,10,,2,1,,12/8/2022 23:34,,,,14,,,,,160,1.96,352.8,,,,,,,,,,,,
31936,10.02131441v1,10,,2,4,,12/8/2022 23:47,,,,6,,,,,62,2.58,216.72,,,,,,,,,,,,
31937,10.02123881v3,10,,2,3,,12/8/2022 23:49,,,,15,,,,,170,2.41,462.72,,,,,,,,,,,,
31937,10.02122408v2,10,,2,3,,12/8/2022 23:49,,,,15,,,,,170,2.41,462.72,,,,,,,,,,,,
31937,10.02122409v6,10,,2,3,,12/8/2022 23:49,,,,15,,,,,170,2.41,462.72,,,,,,,,,,,,
31938,10.02112340v1,10,,2,3,,12/9/2022 0:19,,,,20,,,,,240,2.41,607.32,,,,,,,,,,,,
31939,10.02131227v4,10,,2,1,,12/9/2022 15:52,,,,5,,,,,60,2.56,184.32,,,,,,,,,,,,
31940,10.02131394v1,10,,2,1,,12/9/2022 0:53,,,,5,,,,,60,2.56,184.32,,,,,,,,,,,,
31941,10.02100646v3,10,,2,4,,12/9/2022 16:25,,,,5,,,,,60,2.58,185.76,,,,,,,,,,,,
31942,10.02130939v2,10,,2,1,,12/9/2022 15:04,,,,20,,,,,240,1.96,493.92,,,,,,,,,,,,
31943,10.0251075v1,10,,2,3,,12/9/2022 14:59,,,,30,,,,,360,2.41,896.52,,,,,,,,,,,,
31944,10.02131447v1,10,,2,1,,12/9/2022 16:24,,,,5,,,,,60,2.56,184.32,,,,,,,,,,,,
31945,10.0291558v1,10,,2,3,,12/9/2022 17:22,,,,34,,,,,400,2.41,1012.2,,,,,,,,,,,,
31946,10.02128775v2,10,,2,4,,12/13/2022 18:00,,,,5,,,,,60,2.58,185.76,,,,,,,,,,,,
31946,10.02128772v1,10,,2,4,,12/13/2022 18:00,,,,5,,,,,60,2.58,185.76,,,,,,,,,,,,
31947,10.02130713v1,10,,2,1,,12/9/2022 21:29,,,,10,,,,,120,2.23,294.36,,,,,,,,,,,,
31948,10.01131464v1,10,,2,4,,12/9/2022 16:27,,,,5,,,,,60,2.58,185.76,,,,,,,,,,,,
31948,10.03131462v1,10,,2,4,,12/9/2022 16:27,,,,8,,,,,90,2.58,278.64,,,,,,,,,,,,
31949,10.02332v5,10,,2,1,,12/9/2022 17:39,,,,10,,,,,120,2.23,294.36,,,,,,,,,,,,
31949,10.02331v4,10,,2,1,,12/9/2022 17:39,,,,10,,,,,120,2.23,294.36,,,,,,,,,,,,
31949,10.02333v4,10,,2,1,,12/9/2022 17:39,,,,10,,,,,120,2.23,294.36,,,,,,,,,,,,
31950,10.02109221v1,10,,2,3,,12/9/2022 17:10,,,,10,,,,,120,2.58,340.56,,,,,,,,,,,,
31951,55.02123669v3,55,,114,1,,12/9/2022 18:59,,,,63,,,,,750,1.79,1374.72,,,,,,,,,,,,
31952,55.02122232v1,55,,114,1,,12/9/2022 21:32,,,,10,,,,,120,2.23,294.36,,,,,,,,,,,,
31952,46.02128477v1,46,,113,1,,12/9/2022 21:32,,,,5,,,,,60,2.56,184.32,,,,,,,,,,,,
31953,10.02127520v3,10,,2,1,,12/9/2022 19:10,,,,20,,,,,240,1.96,493.92,,,,,,,,,,,,
31954,,70,,,3,44932,12/9/2022 23:27,,,,,,,,,,2.41,,28930,400,14368,33691,64,12183,420,99256,12/9/2022 23:22,1/6/2023,34,1012.2
31955,10.02130244v1,10,,2,1,,12/9/2022 21:06,,,,8,,,,,90,2.56,276.48,,,,,,,,,,,,
31956,10.02131195v1,10,,2,4,,12/12/2022 14:34,,,,5,,,,,60,2.58,185.76,,,,,,,,,,,,
31957,17.0271578v4,17,,9,1,,12/12/2022 18:11,,,,13,,,,,150,1.96,329.28,,,,,,,,,,,,
31958,10.02130582v1,10,,2,4,,12/9/2022 19:50,,,,5,,,,,60,2.58,185.76,,,,,,,,,,,,
31959,10.02131033v1,10,,2,4,,12/9/2022 21:21,,,,5,,,,,60,2.58,185.76,,,,,,,,,,,,
31959,10.02131032v1,10,,2,4,,12/9/2022 21:21,,,,5,,,,,60,2.58,185.76,,,,,,,,,,,,
31959,10.02131030v1,10,,2,4,,12/9/2022 21:21,,,,5,,,,,60,2.58,185.76,,,,,,,,,,,,
31960,10.0282074v1,10,,2,1,,12/9/2022 20:15,,,,9,,,,,100,2.56,307.2,,,,,,,,,,,,
31961,10.02131461v1,10,,2,1,,12/12/2022 19:08,,,,25,,,,,300,1.96,611.52,,,,,,,,,,,,
31961,10.02131460v5,10,,2,1,,12/12/2022 19:08,,,,25,,,,,300,1.96,611.52,,,,,,,,,,,,
31962,10.02131350v2,10,,2,3,,12/9/2022 21:13,,,,55,,,,,650,2.16,1451.52,,,,,,,,,,,,
31963,10.02126408v1,10,,2,1,,12/12/2022 22:49,,,,119,,,,,1425,1.71,2462.4,,,,,,,,,,,,
31963,10.02126488v1,10,,2,1,,12/12/2022 22:49,,,,184,,,,,2200,1.71,3796.2,,,,,,,,,,,,
31963,10.02126438v1,10,,2,1,,12/12/2022 22:49,,,,40,,,,,480,1.96,964.32,,,,,,,,,,,,
31963,10.02126274v1,10,,2,1,,12/12/2022 22:49,,,,21,,,,,250,1.96,517.44,,,,,,,,,,,,
31963,10.02126564v1,10,,2,1,,12/12/2022 22:49,,,,100,,,,,1200,1.71,2072.52,,,,,,,,,,,,
31963,10.02128882v1,10,,2,1,,12/12/2022 22:49,,,,209,,,,,2500,1.6,4032,,,,,,,,,,,,
31963,10.02125696v1,10,,2,1,,12/12/2022 22:49,,,,180,,,,,2150,1.71,3714.12,,,,,,,,,,,,
31963,10.02130570v1,10,,2,1,,12/12/2022 22:49,,,,130,,,,,1550,1.71,2688.12,,,,,,,,,,,,
31963,10.02127475v2,10,,2,1,,12/12/2022 22:49,,,,63,,,,,750,1.79,1374.72,,,,,,,,,,,,
31963,10.02127492v1,10,,2,1,,12/12/2022 22:49,,,,21,,,,,250,1.96,517.44,,,,,,,,,,,,
31963,10.02125806v1,10,,2,1,,12/12/2022 22:49,,,,21,,,,,250,1.96,517.44,,,,,,,,,,,,
31963,10.02125729v1,10,,2,1,,12/12/2022 22:49,,,,225,,,,,2700,1.6,4339.2,,,,,,,,,,,,
31963,10.02127524v1,10,,2,1,,12/12/2022 22:49,,,,40,,,,,480,1.96,964.32,,,,,,,,,,,,
31963,10.02125745v1,10,,2,1,,12/12/2022 22:49,,,,80,,,,,950,1.79,1739.88,,,,,,,,,,,,
31963,10.02125770v1,10,,2,1,,12/12/2022 22:49,,,,121,,,,,1450,1.71,2503.44,,,,,,,,,,,,
31963,10.02125898v1,10,,2,1,,12/12/2022 22:49,,,,117,,,,,1400,1.71,2421.36,,,,,,,,,,,,
31963,10.02126547v1,10,,2,1,,12/12/2022 22:49,,,,184,,,,,2200,1.71,3796.2,,,,,,,,,,,,
31963,10.02126559v1,10,,2,1,,12/12/2022 22:49,,,,242,,,,,2900,1.6,4665.6,,,,,,,,,,,,
31964,10.02112213v8,10,,2,1,,12/12/2022 17:39,,,,92,,,,,1100,1.79,1997.64,,,,,,,,,,,,
31965,10.0231470v5,10,,2,3,,12/9/2022 21:55,,,,13,,,,,150,2.41,404.88,,,,,,,,,,,,
31966,10.0290909v1,10,,2,4,,12/12/2022 16:45,,,,25,,,,,300,2.41,751.92,,,,,,,,,,,,
31967,10.02131469v1,10,,2,1,,12/10/2022 0:55,,,,5,,,,,60,2.56,184.32,,,,,,,,,,,,
31968,10.02112210v2,10,,2,1,,12/12/2022 17:50,,,,92,,,,,1100,1.79,1997.64,,,,,,,,,,,,
31969,10.02132572v2,10,,2,1,,12/9/2022 21:34,,,,5,,,,,60,2.56,184.32,,,,,,,,,,,,
31970,10.02130655v1,10,,2,1,,12/12/2022 16:07,,,,42,,,,,500,1.96,1011.36,,,,,,,,,,,,
31971,10.02112212v5,10,,2,3,,12/12/2022 16:57,,,,92,,,,,1100,1.91,2131.56,,,,,,,,,,,,
31972,10.02112210v2,10,,2,1,,12/12/2022 19:19,,,,92,,,,,1100,1.79,1997.64,,,,,,,,,,,,
31973,10.02131593v1,10,,2,4,,12/9/2022 21:53,,,,5,,,,,60,2.58,185.76,,,,,,,,,,,,
31975,20.02131560v1,20,,11,1,,12/10/2022 0:24,,,,42,,,,,500,2.96,1527.36,,,,,,,,,,,,
31976,10.0231907v2,10,,2,3,,12/12/2022 15:34,,,,9,,,,,100,3.58,429.6,,,,,,,,,,,,
31977,10.02130086v10,10,,2,4,,12/10/2022 0:12,,,,7,,,,,80,2.58,247.68,,,,,,,,,,,,
31978,10.02130867v1,10,,2,1,,12/12/2022 16:06,,,,13,,,,,150,1.96,329.28,,,,,,,,,,,,
31979,10.02129428v5,10,,2,4,,12/12/2022 20:10,,,,9,,,,,100,2.58,309.6,,,,,,,,,,,,
31979,10.02128593v5,10,,2,4,,12/12/2022 20:10,,,,9,,,,,100,2.58,309.6,,,,,,,,,,,,
31980,10.02130925v1,10,,2,1,,12/12/2022 14:22,,,,25,,,,,300,1.96,611.52,,,,,,,,,,,,
31981,10.02128956v1,10,,2,3,,12/12/2022 19:20,,,,5,,,,,60,3.66,263.52,,,,,,,,,,,,
31982,10.02131625v1,10,,2,1,,1/25/2023 19:15,,,,13,,,,,147,1.96,329.28,,,,,,,,,,,,
31983,10.0229935v1,10,,2,4,,12/12/2022 16:52,,,,5,,,,,60,2.58,185.76,,,,,,,,,,,,
31984,10.02121271v1,10,,2,4,,12/12/2022 19:29,,,,5,,,,,60,2.58,185.76,,,,,,,,,,,,
31986,10.02118469v1,10,,2,1,,12/13/2022 15:20,,,,28,,,,,325,1.96,682.08,,,,,,,,,,,,
31987,10.0292747v1,10,,2,4,,12/12/2022 19:52,,,,5,,,,,60,2.58,185.76,,,,,,,,,,,,
31988,10.02128530v1,10,,2,4,,12/12/2022 18:16,,,,25,,,,,300,2.41,751.92,,,,,,,,,,,,
31989,10.02131703v1,10,,2,1,,12/12/2022 19:10,,,,5,,,,,60,2.56,184.32,,,,,,,,,,,,
31990,10.02124302v1,10,,2,1,,12/12/2022 20:55,,,,7,,,,,76,2.56,245.76,,,,,,,,,,,,
31991,10.02131024v1,10,,2,3,,12/12/2022 18:13,,,,59,,,,,700,2.16,1555.2,,,,,,,,,,,,
31992,55.02131718v1,55,,114,1,,12/12/2022 18:20,,,,6,,,,,61,2.56,215.04,,,,,,,,,,,,
31993,10.02107106v1,10,,2,1,,12/12/2022 18:38,,,,20,,,,,240,1.96,493.92,,,,,,,,,,,,
31994,10.02129894v2,10,,2,1,,12/28/2022 19:40,,,,42,,,,,500,1.96,1011.36,,,,,,,,,,,,
31995,10.02127648v2,10,,2,3,,12/12/2022 20:15,,,,20,,,,,240,2.41,607.32,,,,,,,,,,,,
31995,10.02128206v1,10,,2,3,,12/12/2022 20:15,,,,20,,,,,240,2.41,607.32,,,,,,,,,,,,
31996,10.02131072v1,10,,2,1,,12/12/2022 19:20,,,,7,,,,,75,2.56,245.76,,,,,,,,,,,,
31997,10.02131775v1,10,,2,1,,12/12/2022 21:06,,,,5,,,,,60,2.56,184.32,,,,,,,,,,,,
31998,10.04131576v2,10,,2,4,,12/12/2022 19:26,,,,5,,,,,60,2.58,185.76,,,,,,,,,,,,
31998,10.02130014v2,10,,2,4,,12/12/2022 19:26,,,,5,,,,,60,2.58,185.76,,,,,,,,,,,,
31999,10.02131357v1,10,,2,1,,12/12/2022 22:13,,,,5,,,,,60,2.56,184.32,,,,,,,,,,,,
32000,10.02129615v1,10,,2,1,,12/12/2022 20:19,,,,10,,,,,120,2.23,294.36,,,,,,,,,,,,
32001,10.023044v1,10,,2,1,,12/12/2022 21:39,,,,5,,,,,60,2.56,184.32,,,,,,,,,,,,
32002,10.02130151v1,10,,2,3,,12/14/2022 21:09,,,,10,,,,,120,2.58,340.56,,,,,,,,,,,,
32003,10.02125957v2,10,,2,4,,12/12/2022 22:34,,,,5,,,,,60,2.58,185.76,,,,,,,,,,,,
32003,10.02127892v1,10,,2,4,,12/12/2022 22:34,,,,5,,,,,60,2.58,185.76,,,,,,,,,,,,
32003,10.02127891v1,10,,2,4,,12/12/2022 22:34,,,,5,,,,,60,2.58,185.76,,,,,,,,,,,,
32003,10.02130390v1,10,,2,4,,12/12/2022 22:34,,,,5,,,,,60,2.58,185.76,,,,,,,,,,,,
32004,10.02129273v1,10,,2,4,,12/12/2022 22:35,,,,10,,,,,120,2.58,340.56,,,,,,,,,,,,
32005,10.02131224v1,10,,2,3,,12/13/2022 22:24,,,,7,,,,,84,3.58,343.68,,,,,,,,,,,,
32006,55.02130352v2,55,,114,4,,12/15/2022 0:14,,,,5,,,,,60,2.75,198,,,,,,,,,,,,
32006,55.02130368v2,55,,114,4,,12/15/2022 0:14,,,,5,,,,,60,2.75,198,,,,,,,,,,,,
32006,55.02130370v1,55,,114,4,,12/15/2022 0:14,,,,5,,,,,60,2.75,198,,,,,,,,,,,,
32006,55.02129752v1,55,,114,4,,12/15/2022 0:14,,,,5,,,,,60,2.75,198,,,,,,,,,,,,
32007,10.02131700v1,10,,2,3,,12/13/2022 1:02,,,,5,,,,,60,3.66,263.52,,,,,,,,,,,,
32008,10.02131158v2,10,,2,3,,12/13/2022 0:07,,,,11,,,,,121,2.58,371.52,,,,,,,,,,,,
32008,10.02131161v2,10,,2,3,,12/13/2022 0:07,,,,11,,,,,121,2.58,371.52,,,,,,,,,,,,
32009,10.02131730v1,10,,2,3,,12/13/2022 15:02,,,,34,,,,,400,2.41,1012.2,,,,,,,,,,,,
32010,10.02130409v2,10,,2,3,,12/13/2022 15:17,,,,9,,,,,100,3.58,429.6,,,,,,,,,,,,
32011,10.02131873v1,10,,2,1,,12/13/2022 16:07,,,,5,,,,,60,2.56,184.32,,,,,,,,,,,,
32012,10.0253960v1,10,,2,3,,12/13/2022 16:05,,,,20,,,,,240,2.41,607.32,,,,,,,,,,,,
32013,10.04131701v2,10,,2,4,,12/13/2022 16:08,,,,5,,,,,60,2.58,185.76,,,,,,,,,,,,
32013,10.02131818v5,10,,2,4,,12/13/2022 16:08,,,,5,,,,,60,2.58,185.76,,,,,,,,,,,,
32013,10.02131818v4,10,,2,4,,12/13/2022 16:08,,,,5,,,,,60,2.58,185.76,,,,,,,,,,,,
32014,10.02129203v8,10,,2,1,,12/13/2022 16:22,,,,84,,,,,1000,1.79,1825.8,,,,,,,,,,,,
32015,10.02130250v1,10,,2,3,,12/13/2022 16:14,,,,13,,,,,150,2.41,404.88,,,,,,,,,,,,
32016,10.02131679v1,10,,2,3,,12/13/2022 17:38,,,,5,,,,,60,3.66,263.52,,,,,,,,,,,,
32017,10.02131927v1,10,,2,3,,12/13/2022 17:02,,,,5,,,,,60,3.66,263.52,,,,,,,,,,,,
32018,17.02131794v2,17,,9,3,,12/13/2022 22:31,,,,11,,,,,125,2.58,371.52,,,,,,,,,,,,
32019,10.03131836v1,10,,2,3,,12/13/2022 17:44,,,,9,,,,,100,3.58,429.6,,,,,,,,,,,,
32020,10.02109285v1,10,,2,3,,12/14/2022 23:47,,,,13,,,,,150,2.41,404.88,,,,,,,,,,,,
32022,55.02131816v2,55,,114,3,,12/13/2022 18:09,,,,5,,,,,60,3.74,269.28,,,,,,,,,,,,
32023,10.02131803v3,10,,2,3,,12/13/2022 17:55,,,,30,,,,,360,2.41,896.52,,,,,,,,,,,,
32024,10.02130465v1,10,,2,3,,12/13/2022 18:29,,,,5,,,,,60,3.66,263.52,,,,,,,,,,,,
32025,10.02131963v1,10,,2,3,,12/13/2022 18:46,,,,9,,,,,100,3.58,429.6,,,,,,,,,,,,
32026,10.02126623v1,10,,2,3,,12/13/2022 19:02,,,,10,,,,,120,2.58,340.56,,,,,,,,,,,,
32027,10.0253052v1,10,,2,1,,12/13/2022 18:59,,,,9,,,,,100,2.56,307.2,,,,,,,,,,,,
32028,10.02131095v1,10,,2,3,,12/13/2022 20:51,,,,5,,,,,60,3.66,263.52,,,,,,,,,,,,
32028,10.02126119v1,10,,2,3,,12/13/2022 20:51,,,,5,,,,,60,3.66,263.52,,,,,,,,,,,,
32029,10.02131589v1,10,,2,1,,12/13/2022 23:19,,,,13,,,,,150,1.96,329.28,,,,,,,,,,,,
32030,55.023686v5,55,,114,3,,12/13/2022 19:20,,,,30,,,,,360,2.49,926.28,,,,,,,,,,,,
32031,10.02131975v2,10,,2,1,,12/14/2022 21:47,,,,5,,,,,60,2.56,184.32,,,,,,,,,,,,
32032,21.02131814v1,21,,12,3,,12/13/2022 21:08,,,,40,,,,,480,2.99,1471.08,,,,,,,,,,,,
32033,10.0214595v1,10,,2,1,,12/13/2022 20:01,,,,10,,,,,120,2.23,294.36,,,,,,,,,,,,
32034,10.0243834v1,10,,2,3,,12/13/2022 20:02,,,,10,,,,,120,2.58,340.56,,,,,,,,,,,,
32035,10.02127129v1,10,,2,3,,12/13/2022 21:37,,,,34,,,,,400,2.41,1012.2,,,,,,,,,,,,
32036,12.0248037v1,12,,4,3,,12/14/2022 19:07,,,,10,,,,,120,2.33,307.56,,,,,,,,,,,,
32036,46.02103327v1,46,,113,3,,12/14/2022 19:07,,,,5,,,,,60,3.66,263.52,,,,,,,,,,,,
32037,10.02131845v1,10,,2,3,,12/13/2022 22:58,,,,5,,,,,60,3.66,263.52,,,,,,,,,,,,
32038,10.02131732v1,10,,2,3,,12/13/2022 20:41,,,,6,,,,,72,3.66,307.44,,,,,,,,,,,,
32039,17.02131953v1,17,,9,1,,12/13/2022 21:38,,,,50,,,,,600,1.88,1150.56,,,,,,,,,,,,
32040,10.02124037v2,10,,2,1,,12/14/2022 17:01,,,,5,,,,,60,2.56,184.32,,,,,,,,,,,,
32041,10.02131964v3,10,,2,3,,12/13/2022 22:01,,,,8,,,,,95,3.58,386.64,,,,,,,,,,,,
32042,10.02127706v3,10,,2,1,,12/14/2022 19:37,,,,42,,,,,500,1.96,1011.36,,,,,,,,,,,,
32043,55.02127536v3,55,,114,3,,12/13/2022 22:35,,,,7,,,,,74,3.74,359.04,,,,,,,,,,,,
32043,55.02127535v3,55,,114,3,,12/13/2022 22:35,,,,7,,,,,74,3.74,359.04,,,,,,,,,,,,
32044,10.02130622v4,10,,2,3,,12/14/2022 17:29,,,,5,,,,,60,3.66,263.52,,,,,,,,,,,,
32045,15.02127652v1,15,,7,3,,12/13/2022 23:47,,,,10,,,,,120,3.7,488.4,,,,,,,,,,,,
32046,10.02131996v1,10,,2,4,,12/14/2022 0:08,,,,9,,,,,101,2.58,309.6,,,,,,,,,,,,
32047,10.02130779v2,10,,2,4,,12/14/2022 0:09,,,,5,,,,,60,2.58,185.76,,,,,,,,,,,,
32048,10.02128713v2,10,,2,1,,12/14/2022 13:42,,,,10,,,,,120,2.23,294.36,,,,,,,,,,,,
32049,10.02131955v2,10,,2,4,,12/14/2022 14:35,,,,5,,,,,60,2.58,185.76,,,,,,,,,,,,
32050,10.02131662v3,10,,2,3,,12/14/2022 15:52,,,,17,,,,,200,2.41,520.56,,,,,,,,,,,,
32051,10.02132164v1,10,,2,3,,12/14/2022 16:26,,,,5,,,,,60,3.66,263.52,,,,,,,,,,,,
32052,10.02102434v1,10,,2,1,,12/14/2022 17:04,,,,100,,,,,1200,1.71,2072.52,,,,,,,,,,,,
32053,10.02126525v4,10,,2,4,,2/3/2023 16:16,,,,10,,,,,120,2.71,357.72,,,,,,,,,,,,
32053,10.0210075v3,10,,2,3,,12/16/2022 3:30,,,,34,,,,,400,2.41,1012.2,,,,,,,,,,,,
32053,10.0210074v2,10,,2,3,,12/16/2022 3:30,,,,34,,,,,400,2.41,1012.2,,,,,,,,,,,,
32054,10.0228320v2,10,,2,1,,12/14/2022 20:37,,,,9,,,,,100,2.56,307.2,,,,,,,,,,,,
32055,10.0234405v1,10,,2,1,,12/14/2022 18:35,,,,5,,,,,60,2.56,184.32,,,,,,,,,,,,
32055,10.0234415v1,10,,2,1,,12/14/2022 18:35,,,,5,,,,,60,2.56,184.32,,,,,,,,,,,,
32056,10.0283167v2,10,,2,3,,12/14/2022 18:45,,,,30,,,,,360,2.41,896.52,,,,,,,,,,,,
32057,13.0533439v1,13,,5,3,,12/14/2022 19:16,,,,21,,,,,250,1.45,382.8,,,,,,,,,,,,
32059,10.0291922v2,10,,2,1,,12/14/2022 20:10,,,,10,,,,,120,2.23,294.36,,,,,,,,,,,,
32060,10.02122765v1,10,,2,3,,12/14/2022 20:35,,,,15,,,,,180,2.41,462.72,,,,,,,,,,,,
32061,10.02131705v4,10,,2,1,,12/14/2022 20:22,,,,5,,,,,60,2.56,184.32,,,,,,,,,,,,
32062,10.02131448v4,10,,2,3,,12/20/2022 16:09,,,,84,,,,,1000,1.91,1948.2,,,,,,,,,,,,
32063,10.02132215v1,10,,2,3,,12/14/2022 20:08,,,,10,,,,,120,2.58,340.56,,,,,,,,,,,,
32064,55.02132062v1,55,,114,4,,12/14/2022 20:12,,,,5,,,,,60,2.75,198,,,,,,,,,,,,
32064,55.02132061v1,55,,114,4,,12/14/2022 20:12,,,,5,,,,,60,2.75,198,,,,,,,,,,,,
32065,10.0215900v10,10,,2,1,,12/15/2022 17:54,,,,60,,,,,720,1.79,1310.28,,,,,,,,,,,,
32066,10.02126916v2,10,,2,3,,12/14/2022 23:37,,,,10,,,,,120,2.58,340.56,,,,,,,,,,,,
32067,10.02107672v1,10,,2,1,,12/14/2022 20:48,,,,10,,,,,120,2.23,294.36,,,,,,,,,,,,
32068,10.0270739v2,10,,2,3,,12/14/2022 21:25,,,,20,,,,,240,2.41,607.32,,,,,,,,,,,,
32069,10.0295113v1,10,,2,1,,12/15/2022 22:02,,,,6,,,,,64,2.56,215.04,,,,,,,,,,,,
32070,10.02122966v1,10,,2,1,,12/14/2022 21:42,,,,10,,,,,120,2.23,294.36,,,,,,,,,,,,
32071,10.02129280v3,10,,2,4,,12/14/2022 22:03,,,,6,,,,,62,2.58,216.72,,,,,,,,,,,,
32071,10.02129279v3,10,,2,4,,12/14/2022 22:03,,,,6,,,,,62,2.58,216.72,,,,,,,,,,,,
32072,10.0253235v9,10,,2,4,,12/14/2022 21:49,,,,20,,,,,240,2.41,607.32,,,,,,,,,,,,
32073,10.02132149v2,10,,2,1,,12/15/2022 0:03,,,,9,,,,,100,2.56,307.2,,,,,,,,,,,,
32074,10.02129979v1,10,,2,1,,12/14/2022 22:07,,,,5,,,,,60,2.56,184.32,,,,,,,,,,,,
32075,10.02457v3,10,,2,1,,12/15/2022 13:56,,,,5,,,,,60,2.56,184.32,,,,,,,,,,,,
32076,10.02127908v1,10,,2,3,,12/15/2022 16:45,,,,19,,,,,217,2.41,578.4,,,,,,,,,,,,
32076,10.02127920v1,10,,2,3,,12/15/2022 16:45,,,,19,,,,,217,2.41,578.4,,,,,,,,,,,,
32076,10.02127907v1,10,,2,3,,12/15/2022 16:45,,,,19,,,,,217,2.41,578.4,,,,,,,,,,,,
32077,10.0246604v1,10,,2,3,,12/14/2022 22:31,,,,30,,,,,360,2.41,896.52,,,,,,,,,,,,
32078,10.02131803v3,10,,2,3,,12/20/2022 15:02,,,,6,,,,,70,3.66,307.44,,,,,,,,,,,,
32079,10.02128222v2,10,,2,4,,12/14/2022 23:36,,,,5,,,,,60,2.58,185.76,,,,,,,,,,,,
32079,10.02128220v1,10,,2,4,,12/14/2022 23:36,,,,5,,,,,60,2.58,185.76,,,,,,,,,,,,
32080,10.02131851v1,10,,2,3,,12/14/2022 23:57,,,,11,,,,,123,2.58,371.52,,,,,,,,,,,,
32081,10.02132286v1,10,,2,4,,12/27/2022 18:04,,,,9,,,,,100,2.58,309.6,,,,,,,,,,,,
32082,10.0264753v2,10,,2,1,,12/15/2022 17:09,,,,30,,,,,360,1.96,729.12,,,,,,,,,,,,
32083,10.02131981v1,10,,2,1,,12/15/2022 14:49,,,,5,,,,,60,2.56,184.32,,,,,,,,,,,,
32084,10.0232611v10,10,,2,4,,12/15/2022 15:16,,,,10,,,,,120,2.58,340.56,,,,,,,,,,,,
32085,10.02119911v3,10,,2,3,,12/15/2022 19:22,,,,5,,,,,60,3.66,263.52,,,,,,,,,,,,
32086,10.02107340v1,10,,2,4,,12/17/2022 20:11,,,,6,,,,,62,2.58,216.72,,,,,,,,,,,,
32087,10.02107052v1,10,,2,4,,12/20/2022 21:34,,,,6,,,,,62,2.58,216.72,,,,,,,,,,,,
32088,10.02122249v2,10,,2,1,,12/15/2022 23:18,,,,28,,,,,325,1.96,682.08,,,,,,,,,,,,
32089,10.02132255v1,10,,2,1,,12/15/2022 16:56,,,,5,,,,,60,2.56,184.32,,,,,,,,,,,,
32090,46.02132270v1,46,,113,1,,12/15/2022 17:31,,,,21,,,,,250,1.96,517.44,,,,,,,,,,,,
32091,10.02132269v1,10,,2,3,,12/15/2022 17:42,,,,21,,,,,250,2.41,636.24,,,,,,,,,,,,
32092,10.02132084v1,10,,2,3,,12/15/2022 23:41,,,,20,,,,,240,2.41,607.32,,,,,,,,,,,,
32093,10.02131821v1,10,,2,4,,12/17/2022 12:33,,,,7,,,,,80,2.58,247.68,,,,,,,,,,,,
32094,10.02130155v1,10,,2,1,,12/16/2022 22:10,,,,5,,,,,60,2.56,184.32,,,,,,,,,,,,
32095,10.02105221v2,10,,2,1,,12/15/2022 19:19,,,,5,,,,,60,2.56,184.32,,,,,,,,,,,,
32096,10.02132179v5,10,,2,1,,12/15/2022 20:02,,,,5,,,,,60,2.56,184.32,,,,,,,,,,,,
32097,10.0291098v1,10,,2,3,,12/15/2022 20:07,,,,9,,,,,100,3.58,429.6,,,,,,,,,,,,
32098,10.02110932v2,10,,2,3,,12/15/2022 19:46,,,,9,,,,,100,3.58,429.6,,,,,,,,,,,,
32099,55.02126684v1,55,,114,1,,12/15/2022 20:16,,,,3,,,,,35,2.56,122.88,,,,,,,,,,,,
32100,17.02107607v3,17,,9,3,,12/15/2022 20:14,,,,9,,,,,100,3.58,429.6,,,,,,,,,,,,
32101,10.02132472v1,10,,2,3,,12/15/2022 20:28,,,,15,,,,,180,2.41,462.72,,,,,,,,,,,,
32102,10.02129764v1,10,,2,3,,12/16/2022 18:43,,,,16,,,,,191,2.41,491.64,,,,,,,,,,,,
32103,10.0216100v1,10,,2,1,,12/15/2022 21:47,,,,10,,,,,120,2.23,294.36,,,,,,,,,,,,
32103,10.0216102v1,10,,2,1,,12/15/2022 21:47,,,,10,,,,,120,2.23,294.36,,,,,,,,,,,,
32104,10.0262674v3,10,,2,1,,12/15/2022 21:14,,,,20,,,,,240,1.96,493.92,,,,,,,,,,,,
32105,10.03132471v2,10,,2,3,,12/17/2022 0:19,,,,30,,,,,360,2.41,896.52,,,,,,,,,,,,
32106,10.02132121v4,10,,2,3,,12/15/2022 21:53,,,,21,,,,,250,2.41,636.24,,,,,,,,,,,,
32107,10.0226618v1,10,,2,4,,12/15/2022 22:19,,,,10,,,,,120,2.58,340.56,,,,,,,,,,,,
32108,10.02131741v1,10,,2,4,,12/15/2022 22:21,,,,6,,,,,70,2.58,216.72,,,,,,,,,,,,
32109,10.02132225v1,10,,2,3,,12/19/2022 15:48,,,,21,,,,,250,2.41,636.24,,,,,,,,,,,,
32110,10.0226512v1,10,,2,1,,12/15/2022 22:30,,,,5,,,,,60,2.56,184.32,,,,,,,,,,,,
32111,10.02132386v2,10,,2,1,,12/16/2022 0:41,,,,17,,,,,200,1.96,423.36,,,,,,,,,,,,
32112,10.02123341v2,10,,2,3,,12/16/2022 23:05,,,,10,,,,,120,2.58,340.56,,,,,,,,,,,,
32113,10.02129553v3,10,,2,3,,12/16/2022 19:53,,,,10,,,,,120,2.58,340.56,,,,,,,,,,,,
32114,10.0296577v3,10,,2,1,,12/16/2022 16:43,,,,17,,,,,200,1.96,423.36,,,,,,,,,,,,
32115,46.02132524v1,46,,113,3,,12/16/2022 0:01,,,,7,,,,,75,3.66,351.36,,,,,,,,,,,,
32116,10.02132766v1,10,,2,4,,12/20/2022 15:58,,,,63,,,,,750,1.91,1466.88,,,,,,,,,,,,
32117,10.02123087v3,10,,2,1,,12/16/2022 17:11,,,,21,,,,,250,1.96,517.44,,,,,,,,,,,,
32118,10.02127125v1,10,,2,3,,12/19/2022 23:26,,,,17,,,,,200,2.41,520.56,,,,,,,,,,,,
32119,10.02127352v2,10,,2,3,,12/16/2022 15:53,,,,34,,,,,397,2.41,1012.2,,,,,,,,,,,,
32120,10.02131092v2,10,,2,3,,12/16/2022 15:17,,,,21,,,,,250,2.41,636.24,,,,,,,,,,,,
32120,10.02131091v1,10,,2,3,,12/16/2022 15:17,,,,21,,,,,250,2.41,636.24,,,,,,,,,,,,
32121,10.02132409v1,10,,2,4,,12/16/2022 17:20,,,,20,,,,,240,2.41,607.32,,,,,,,,,,,,
32122,10.02131835v2,10,,2,3,,12/16/2022 16:23,,,,10,,,,,120,2.58,340.56,,,,,,,,,,,,
32122,10.02131840v2,10,,2,3,,12/16/2022 16:23,,,,10,,,,,120,2.58,340.56,,,,,,,,,,,,
32122,10.0288250v5,10,,2,3,,12/16/2022 16:23,,,,10,,,,,120,2.58,340.56,,,,,,,,,,,,
32123,55.02132528v2,55,,114,1,,12/21/2022 11:34,,,,42,,,,,500,1.96,1011.36,,,,,,,,,,,,
32124,10.02117156v1,10,,2,1,,12/16/2022 20:06,,,,10,,,,,120,2.23,294.36,,,,,,,,,,,,
32125,10.02108599v1,10,,2,3,,12/16/2022 16:35,,,,34,,,,,400,2.41,1012.2,,,,,,,,,,,,
32126,12.02130695v1,12,,4,1,,12/19/2022 16:18,,,,13,,,,,150,1.55,260.4,,,,,,,,,,,,
32126,10.02130241v2,10,,2,1,,12/19/2022 16:18,,,,17,,,,,200,1.96,423.36,,,,,,,,,,,,
32127,10.02132439v1,10,,2,4,,12/16/2022 16:49,,,,6,,,,,64,2.58,216.72,,,,,,,,,,,,
32128,10.02101176v2,10,,2,1,,12/16/2022 17:54,,,,5,,,,,60,2.56,184.32,,,,,,,,,,,,
32128,10.02101325v2,10,,2,1,,12/16/2022 17:54,,,,5,,,,,60,2.56,184.32,,,,,,,,,,,,
32129,44.0251553v1,44,,21,3,,12/16/2022 17:54,,,,10,,,,,120,2.66,351.12,,,,,,,,,,,,
32129,44.0218884v7,44,,21,3,,12/16/2022 17:54,,,,10,,,,,120,2.66,351.12,,,,,,,,,,,,
32129,44.0232934v1,44,,21,3,,12/16/2022 17:54,,,,10,,,,,120,2.66,351.12,,,,,,,,,,,,
32129,44.0232944v1,44,,21,3,,12/16/2022 17:54,,,,10,,,,,120,2.66,351.12,,,,,,,,,,,,
32129,44.0237385v1,44,,21,3,,12/16/2022 17:54,,,,10,,,,,120,2.66,351.12,,,,,,,,,,,,
32129,44.02132242v3,44,,21,3,,12/16/2022 17:54,,,,10,,,,,120,2.66,351.12,,,,,,,,,,,,
32131,10.02132474v1,10,,2,4,,12/16/2022 17:30,,,,10,,,,,120,2.58,340.56,,,,,,,,,,,,
32132,10.03132605v1,10,,2,4,,12/16/2022 17:30,,,,5,,,,,60,2.58,185.76,,,,,,,,,,,,
32133,10.02132607v1,10,,2,4,,12/16/2022 18:20,,,,50,,,,,600,2.16,1321.92,,,,,,,,,,,,
32134,10.02100211v1,10,,2,4,,12/19/2022 17:29,,,,5,,,,,60,2.58,185.76,,,,,,,,,,,,
32135,10.02129571v1,10,,2,3,,12/16/2022 19:06,,,,84,,,,,1000,1.91,1948.2,,,,,,,,,,,,
32136,10.0225572v1,10,,2,3,,12/16/2022 19:39,,,,20,,,,,240,2.41,607.32,,,,,,,,,,,,
32137,10.02105031v1,10,,2,1,,12/16/2022 19:34,,,,20,,,,,240,1.96,493.92,,,,,,,,,,,,
32139,10.02132536v1,10,,2,4,,12/16/2022 19:12,,,,17,,,,,200,2.41,520.56,,,,,,,,,,,,
32139,10.02132536v2,10,,2,4,,12/16/2022 19:12,,,,17,,,,,200,2.41,520.56,,,,,,,,,,,,
32140,55.02130458v1,55,,114,4,,12/16/2022 19:32,,,,10,,,,,120,2.75,363,,,,,,,,,,,,
32141,55.02132638v1,55,,114,4,,12/16/2022 19:29,,,,5,,,,,60,2.75,198,,,,,,,,,,,,
32142,10.02131750v3,10,,2,4,,12/16/2022 19:52,,,,5,,,,,60,2.58,185.76,,,,,,,,,,,,
32143,,70,,,1,44942,1/5/2023 20:19,,,,,,,,,,1.96,,28988,150,14996,34114,107,12738,168,103815,1/5/2023 18:52,1/16/2023,13,329.28
32144,10.0235500v5,10,,2,4,,12/19/2022 16:56,,,,9,,,,,100,2.58,309.6,,,,,,,,,,,,
32144,10.0235217v2,10,,2,4,,12/19/2022 16:56,,,,9,,,,,100,2.58,309.6,,,,,,,,,,,,
32145,10.02132563v1,10,,2,4,,12/16/2022 23:27,,,,7,,,,,75,2.58,247.68,,,,,,,,,,,,
32146,20.02131405v2,20,,11,3,,12/19/2022 15:05,,,,20,,,,,240,2.99,753.48,,,,,,,,,,,,
32147,10.02130328v1,10,,2,4,,12/16/2022 21:56,,,,5,,,,,60,2.58,185.76,,,,,,,,,,,,
32148,55.02131582v1,55,,114,1,,12/20/2022 18:14,,,,28,,,,,325,1.96,682.08,,,,,,,,,,,,
32149,10.0232494v1,10,,2,1,,12/20/2022 15:33,,,,25,,,,,300,1.96,611.52,,,,,,,,,,,,
32150,10.0267342v1,10,,2,3,,12/19/2022 15:27,,,,5,,,,,60,3.66,263.52,,,,,,,,,,,,
32151,12.02132692v1,12,,4,1,,12/19/2022 19:46,,,,5,,,,,60,2.1,151.2,,,,,,,,,,,,
32152,10.02132253v1,10,,2,1,,12/20/2022 16:55,,,,20,,,,,240,1.96,493.92,,,,,,,,,,,,
32153,10.02130936v2,10,,2,3,,12/17/2022 1:51,,,,25,,,,,300,2.41,751.92,,,,,,,,,,,,
32154,55.02132764v1,55,,114,4,,12/19/2022 16:56,,,,34,,,,,400,2.58,1083.6,,,,,,,,,,,,
32155,10.02118947v2,10,,2,3,,12/17/2022 1:14,,,,21,,,,,250,2.41,636.24,,,,,,,,,,,,
32156,10.02118949v1,10,,2,3,,12/17/2022 1:14,,,,21,,,,,250,2.41,636.24,,,,,,,,,,,,
32157,932132623v3,93,1000,120,10,44936,12/19/2022 18:00,Direct,existingbusiness,11369247512,84,1.24,0,1264.8,1240,,,,,,,,,,,,,,,
32158,10.02112783v2,10,,2,3,,12/19/2022 16:30,,,,25,,,,,300,2.41,751.92,,,,,,,,,,,,
32159,10.02132576v2,10,,2,4,,12/19/2022 22:24,,,,5,,,,,60,2.58,185.76,,,,,,,,,,,,
32160,10.02131531v1,10,,2,3,,12/19/2022 16:57,,,,32,,,,,375,2.41,954.36,,,,,,,,,,,,
32161,10.0215208v1,10,,2,1,,12/19/2022 17:10,,,,34,,,,,400,1.96,823.2,,,,,,,,,,,,
32162,10.0259158v2,10,,2,3,,12/19/2022 20:56,,,,13,,,,,150,2.41,404.88,,,,,,,,,,,,
32163,10.02132667v1,10,,2,4,,12/19/2022 20:18,,,,34,,,,,402,2.41,1012.2,,,,,,,,,,,,
32164,10.02126352v2,10,,2,4,,12/20/2022 22:18,,,,6,,,,,66,2.58,216.72,,,,,,,,,,,,
32165,10.0228320v2,10,,2,3,,12/20/2022 15:45,,,,10,,,,,120,2.58,340.56,,,,,,,,,,,,
32166,10.02132627v1,10,,2,3,,12/19/2022 18:21,,,,17,,,,,200,2.41,520.56,,,,,,,,,,,,
32168,10.02132478v2,10,,2,3,,12/19/2022 19:13,,,,10,,,,,120,2.58,340.56,,,,,,,,,,,,
32169,10.02132172v1,10,,2,4,,12/20/2022 15:58,,,,9,,,,,100,2.58,309.6,,,,,,,,,,,,
32170,10.02112124v1,10,,2,1,,12/19/2022 19:08,,,,20,,,,,240,1.96,493.92,,,,,,,,,,,,
32172,10.0241447v1,10,,2,3,,12/19/2022 23:36,,,,13,,,,,150,2.41,404.88,,,,,,,,,,,,
32173,10.0282074v1,10,,2,4,,12/19/2022 19:41,,,,9,,,,,100,2.58,309.6,,,,,,,,,,,,
32174,10.02129554v1,10,,2,1,,12/19/2022 21:00,,,,17,,,,,198,1.96,423.36,,,,,,,,,,,,
32175,10.02132122v2,10,,2,3,,12/19/2022 21:01,,,,10,,,,,120,2.58,340.56,,,,,,,,,,,,
32176,10.02132782v1,10,,2,3,,12/20/2022 0:13,,,,21,,,,,250,2.41,636.24,,,,,,,,,,,,
32177,10.0261417v1,10,,2,4,,12/19/2022 21:45,,,,17,,,,,200,2.41,520.56,,,,,,,,,,,,
32178,55.02136287v4,55,,114,1,,1/23/2023 19:03,,,,17,,,,,200,1.96,423.36,,,,,,,,,,,,
32179,10.02132606v2,10,,2,3,,12/19/2022 22:43,,,,38,,,,,450,2.41,1127.88,,,,,,,,,,,,
32180,10.0296405v2,10,,2,1,,12/19/2022 22:28,,,,5,,,,,60,2.56,184.32,,,,,,,,,,,,
32181,44.0210897v3,44,,21,3,,12/22/2022 18:32,,,,17,,,,,200,2.49,537.84,,,,,,,,,,,,
32181,44.0210897v4,44,,21,3,,12/22/2022 18:32,,,,17,,,,,200,2.49,537.84,,,,,,,,,,,,
32183,10.0247476v3,10,,2,4,,12/20/2022 15:07,,,,42,,,,,500,2.41,1243.56,,,,,,,,,,,,
32184,10.0244679v1,10,,2,3,,12/22/2022 18:24,,,,10,,,,,120,2.58,340.56,,,,,,,,,,,,
32185,10.02132650v2,10,,2,3,,12/19/2022 23:14,,,,17,,,,,200,2.41,520.56,,,,,,,,,,,,
32185,10.02132651v2,10,,2,3,,12/19/2022 23:14,,,,17,,,,,200,2.41,520.56,,,,,,,,,,,,
32186,10.02127356v1,10,,2,3,,12/20/2022 18:46,,,,20,,,,,240,2.41,607.32,,,,,,,,,,,,
32187,55.02132805v1,55,,114,4,,12/19/2022 23:17,,,,9,,,,,100,2.75,330,,,,,,,,,,,,
32188,55.0298075v2,55,,114,1,,12/20/2022 0:26,,,,30,,,,,360,1.96,729.12,,,,,,,,,,,,
32189,10.02133279v1,10,,2,3,,12/19/2022 23:37,,,,20,,,,,240,2.41,607.32,,,,,,,,,,,,
32190,10.02132901v1,10,,2,3,,12/19/2022 23:42,,,,20,,,,,238,2.41,607.32,,,,,,,,,,,,
32191,55.02132773v2,55,,114,4,,12/20/2022 13:45,,,,60,,,,,720,2.18,1595.76,,,,,,,,,,,,
32192,10.02132948v1,10,,2,4,,12/20/2022 14:41,,,,5,,,,,60,2.58,185.76,,,,,,,,,,,,
32193,10.02130321v2,10,,2,4,,12/20/2022 17:54,,,,30,,,,,360,2.41,896.52,,,,,,,,,,,,
32194,10.02124589v1,10,,2,4,,12/20/2022 20:13,,,,5,,,,,60,2.58,185.76,,,,,,,,,,,,
32195,10.02130183v2,10,,2,4,,12/20/2022 18:56,,,,5,,,,,60,2.58,185.76,,,,,,,,,,,,
32195,10.02130184v2,10,,2,4,,12/20/2022 18:56,,,,5,,,,,60,2.58,185.76,,,,,,,,,,,,
32196,10.02132056v2,10,,2,1,,12/20/2022 16:15,,,,17,,,,,200,1.96,423.36,,,,,,,,,,,,
32197,10.02133258v1,10,,2,3,,1/3/2023 20:53,,,,42,,,,,500,2.54,1310.64,,,,,,,,,,,,
32198,10.02132924v1,10,,2,3,,12/20/2022 17:51,,,,21,,,,,250,2.41,636.24,,,,,,,,,,,,
32199,10.0244586v1,10,,2,3,,1/4/2023 20:19,,,,148,,,,,1775,2.01,3593.88,,,,,,,,,,,,
32200,10.02131142v4,10,,2,4,,12/20/2022 16:49,,,,9,,,,,101,2.58,309.6,,,,,,,,,,,,
32201,10.02126469v1,10,,2,1,,12/27/2022 20:05,,,,5,,,,,60,2.56,184.32,,,,,,,,,,,,
32203,10.02128886v5,10,,2,1,,12/20/2022 17:51,,,,13,,,,,150,1.96,329.28,,,,,,,,,,,,
32204,10.0234010v1,10,,2,4,,12/20/2022 19:14,,,,30,,,,,360,2.41,896.52,,,,,,,,,,,,
32205,10.02131968v3,10,,2,3,,12/21/2022 17:46,,,,10,,,,,120,2.58,340.56,,,,,,,,,,,,
32206,10.02130153v1,10,,2,1,,12/21/2022 18:14,,,,5,,,,,60,2.56,184.32,,,,,,,,,,,,
32207,10.02130017v4,10,,2,4,,12/20/2022 18:46,,,,5,,,,,60,2.58,185.76,,,,,,,,,,,,
32208,10.02106959v2,10,,2,3,,12/20/2022 19:01,,,,40,,,,,480,2.41,1185.72,,,,,,,,,,,,
32209,10.02132833v5,10,,2,1,,12/20/2022 19:27,,,,5,,,,,60,2.56,184.32,,,,,,,,,,,,
32209,55.02132830v2,55,,114,1,,12/20/2022 19:27,,,,5,,,,,60,2.56,184.32,,,,,,,,,,,,
32210,10.02132695v1,10,,2,4,,12/20/2022 19:24,,,,6,,,,,64,2.58,216.72,,,,,,,,,,,,
32211,10.02128119v1,10,,2,4,,12/20/2022 19:45,,,,5,,,,,60,2.58,185.76,,,,,,,,,,,,
32212,10.02132382v1,10,,2,3,,12/20/2022 22:39,,,,21,,,,,250,2.41,636.24,,,,,,,,,,,,
32213,10.02120794v2,10,,2,3,,12/20/2022 19:52,,,,10,,,,,120,2.58,340.56,,,,,,,,,,,,
32214,10.02132954v1,10,,2,4,,12/21/2022 17:15,,,,7,,,,,80,2.58,247.68,,,,,,,,,,,,
32215,55.02132690v1,55,,114,1,,12/21/2022 16:42,,,,17,,,,,200,1.96,423.36,,,,,,,,,,,,
32216,10.02109850v2,10,,2,4,,12/20/2022 20:44,,,,9,,,,,100,2.58,309.6,,,,,,,,,,,,
32217,10.0218490v1,10,,2,3,,12/20/2022 20:33,,,,50,,,,,600,2.16,1321.92,,,,,,,,,,,,
32218,10.02127808v1,10,,2,3,,12/20/2022 20:25,,,,13,,,,,150,2.41,404.88,,,,,,,,,,,,
32219,10.02132465v1,10,,2,3,,12/20/2022 21:43,,,,21,,,,,250,2.41,636.24,,,,,,,,,,,,
32220,10.0255367v4,10,,2,3,,12/20/2022 20:54,,,,10,,,,,120,2.58,340.56,,,,,,,,,,,,
32221,10.02127394v2,10,,2,3,,12/20/2022 21:24,,,,10,,,,,120,2.58,340.56,,,,,,,,,,,,
32222,10.02122570v1,10,,2,4,,12/20/2022 21:26,,,,5,,,,,60,2.58,185.76,,,,,,,,,,,,
32223,10.02131945v4,10,,2,4,,12/21/2022 0:27,,,,7,,,,,75,2.58,247.68,,,,,,,,,,,,
32225,10.021093v1,10,,2,3,,12/20/2022 22:25,,,,20,,,,,240,2.41,607.32,,,,,,,,,,,,
32226,10.0265335v1,10,,2,3,,12/22/2022 15:33,,,,10,,,,,120,2.58,340.56,,,,,,,,,,,,
32227,10.02132941v1,10,,2,4,,12/21/2022 14:49,,,,5,,,,,60,2.58,185.76,,,,,,,,,,,,
32228,10.02133076v1,10,,2,4,,12/20/2022 22:18,,,,6,,,,,61,2.58,216.72,,,,,,,,,,,,
32229,10.02132962v1,10,,2,4,,12/20/2022 23:49,,,,42,,,,,500,2.41,1243.56,,,,,,,,,,,,
32230,10.02110379v1,10,,2,3,,12/20/2022 23:33,,,,11,,,,,125,2.58,371.52,,,,,,,,,,,,
32230,10.02110591v1,10,,2,3,,12/20/2022 23:33,,,,11,,,,,125,2.58,371.52,,,,,,,,,,,,
32232,10.02130682v2,10,,2,3,,12/20/2022 23:51,,,,30,,,,,360,2.41,896.52,,,,,,,,,,,,
32232,10.02130992v1,10,,2,3,,12/20/2022 23:51,,,,30,,,,,360,2.41,896.52,,,,,,,,,,,,
32234,10.02117030v2,10,,2,3,,12/21/2022 0:17,,,,10,,,,,120,2.58,340.56,,,,,,,,,,,,
32235,55.02131791v2,55,,114,1,,12/21/2022 15:55,,,,20,,,,,240,1.96,493.92,,,,,,,,,,,,
32236,10.0270323v4,10,,2,3,,12/21/2022 13:31,,,,20,,,,,240,2.41,607.32,,,,,,,,,,,,
32236,10.0270323v5,10,,2,3,,12/21/2022 13:31,,,,10,,,,,120,2.58,340.56,,,,,,,,,,,,
32237,10.02132929v1,10,,2,4,,12/21/2022 14:15,,,,5,,,,,60,2.58,185.76,,,,,,,,,,,,
32238,10.02133002v1,10,,2,1,,12/21/2022 15:13,,,,15,,,,,170,1.96,376.32,,,,,,,,,,,,
32239,10.02133068v1,10,,2,3,,12/21/2022 16:46,,,,50,,,,,600,2.16,1321.92,,,,,,,,,,,,
32240,9102132985v1,910,725,25,5,44944,12/21/2022 16:40,Distributor,existingbusiness,11258020212,61,0.76,90,655.44,641,,,,,,,,,,,,,,,
32240,9102133142v1,910,730,25,5,44944,12/21/2022 16:40,Distributor,existingbusiness,11258020212,61,0.76,90,655.44,644.8,,,,,,,,,,,,,,,
32241,10.02132451v1,10,,2,1,,12/21/2022 20:53,,,,17,,,,,200,1.96,423.36,,,,,,,,,,,,
32242,55.02132814v4,55,,114,1,,12/21/2022 23:33,,,,25,,,,,300,1.96,611.52,,,,,,,,,,,,
32243,10.02132767v1,10,,2,3,,12/22/2022 10:07,,,,10,,,,,120,2.58,340.56,,,,,,,,,,,,
32244,13.05131875v1,13,,5,3,,12/21/2022 20:03,,,,17,,,,,200,1.45,313.2,,,,,,,,,,,,
32245,10.0268584v1,10,,2,3,,12/21/2022 22:09,,,,100,,,,,1200,1.91,2314.92,,,,,,,,,,,,
32246,10.02112476v1,10,,2,3,,12/21/2022 17:51,,,,67,,,,,800,1.91,1558.56,,,,,,,,,,,,
32247,10.02132624v5,10,,2,3,,12/21/2022 17:48,,,,25,,,,,300,2.41,751.92,,,,,,,,,,,,
32248,10.02133166v1,10,,2,1,,12/21/2022 18:13,,,,9,,,,,100,2.56,307.2,,,,,,,,,,,,
32249,55.02106927v1,55,,114,1,,12/21/2022 19:50,,,,42,,,,,500,1.96,1011.36,,,,,,,,,,,,
32251,10.02126851v4,10,,2,1,,12/21/2022 19:10,,,,20,,,,,240,1.96,493.92,,,,,,,,,,,,
32252,10.0298238v1,10,,2,3,,12/21/2022 19:25,,,,21,,,,,250,2.41,636.24,,,,,,,,,,,,
32252,10.0298239v1,10,,2,3,,12/21/2022 19:25,,,,21,,,,,250,2.41,636.24,,,,,,,,,,,,
32253,10.02130682v5,10,,2,3,,12/21/2022 19:20,,,,30,,,,,360,2.41,896.52,,,,,,,,,,,,
32253,10.02130992v3,10,,2,3,,12/21/2022 19:20,,,,30,,,,,360,2.41,896.52,,,,,,,,,,,,
32254,10.02133145v2,10,,2,4,,12/21/2022 19:49,,,,6,,,,,63,2.58,216.72,,,,,,,,,,,,
32255,10.02132585v2,10,,2,1,,12/22/2022 21:31,,,,30,,,,,350,1.96,729.12,,,,,,,,,,,,
32256,10.02112543v1,10,,2,1,,12/21/2022 19:32,,,,13,,,,,150,1.96,329.28,,,,,,,,,,,,
32256,12.02112544v1,12,,4,1,,12/21/2022 19:32,,,,13,,,,,150,1.55,260.4,,,,,,,,,,,,
32257,10.02121806v1,10,,2,3,,12/21/2022 19:44,,,,13,,,,,150,2.41,404.88,,,,,,,,,,,,
32258,10.02129623v1,10,,2,1,,12/21/2022 19:40,,,,42,,,,,500,1.96,1011.36,,,,,,,,,,,,
32259,10.02128279v1,10,,2,1,,12/21/2022 23:18,,,,6,,,,,61,2.56,215.04,,,,,,,,,,,,
32260,10.02133238v1,10,,2,4,,12/22/2022 15:19,,,,5,,,,,60,2.58,185.76,,,,,,,,,,,,
32261,10.02126162v1,10,,2,4,,12/21/2022 20:48,,,,5,,,,,60,2.58,185.76,,,,,,,,,,,,
32262,932124830v3,93,500,120,10,44956,12/27/2022 18:37,Direct,existingbusiness,10527809954,42,1.31,0,675.96,655,,,,,,,,,,,,,,,
32263,10.02132444v2,10,,2,1,,12/22/2022 14:00,,,,9,,,,,100,2.56,307.2,,,,,,,,,,,,
32263,10.02132443v2,10,,2,1,,12/22/2022 14:00,,,,9,,,,,100,2.56,307.2,,,,,,,,,,,,
32264,10.02130278v2,10,,2,1,,12/22/2022 16:28,,,,42,,,,,500,1.96,1011.36,,,,,,,,,,,,
32265,10.024869v2,10,,2,3,,12/22/2022 17:47,,,,20,,,,,240,2.41,607.32,,,,,,,,,,,,
32266,10.02123526v3,10,,2,3,,12/21/2022 22:31,,,,21,,,,,250,2.41,636.24,,,,,,,,,,,,
32267,10.02129366v1,10,,2,3,,12/22/2022 15:49,,,,13,,,,,150,2.41,404.88,,,,,,,,,,,,
32269,17.02107607v3,17,,9,3,,12/21/2022 22:33,,,,30,,,,,360,2.41,896.52,,,,,,,,,,,,
32270,10.02133141v1,10,,2,3,,12/22/2022 17:00,,,,21,,,,,250,2.41,636.24,,,,,,,,,,,,
32271,46.02133163v1,46,,113,3,,12/22/2022 17:37,,,,5,,,,,60,3.66,263.52,,,,,,,,,,,,
32272,55.02133322v1,55,,114,1,,12/23/2022 19:03,,,,5,,,,,60,2.56,184.32,,,,,,,,,,,,
32273,10.02133288v1,10,,2,3,,12/22/2022 0:18,,,,10,,,,,120,2.58,340.56,,,,,,,,,,,,
32274,10.02130847v1,10,,2,3,,12/22/2022 15:48,,,,10,,,,,120,2.58,340.56,,,,,,,,,,,,
32275,10.02120176v1,10,,2,4,,12/22/2022 17:11,,,,84,,,,,1000,1.91,1948.2,,,,,,,,,,,,
32276,10.02132862v1,10,,2,1,,12/22/2022 15:47,,,,42,,,,,500,1.96,1011.36,,,,,,,,,,,,
32277,10.0280012v1,10,,2,3,,12/30/2022 17:17,,,,42,,,,,500,2.41,1243.56,,,,,,,,,,,,
32277,10.0280885v3,10,,2,3,,12/30/2022 17:17,,,,42,,,,,500,2.41,1243.56,,,,,,,,,,,,
32277,10.0280886v2,10,,2,3,,12/30/2022 17:17,,,,84,,,,,1000,1.91,1948.2,,,,,,,,,,,,
32278,55.02133565v1,55,,114,3,,12/22/2022 21:33,,,,34,,,,,400,2.49,1045.8,,,,,,,,,,,,
32279,55.02130673v1,55,,114,1,,12/22/2022 20:51,,,,20,,,,,240,1.96,493.92,,,,,,,,,,,,
32280,10.02133055v1,10,,2,1,,12/22/2022 23:03,,,,17,,,,,200,1.96,423.36,,,,,,,,,,,,
32282,10.0238353v7,10,,2,1,,12/22/2022 18:34,,,,100,,,,,1200,1.71,2072.52,,,,,,,,,,,,
32283,10.02133406v1,10,,2,3,,12/28/2022 16:57,,,,25,,,,,300,2.41,751.92,,,,,,,,,,,,
32284,9102133244v1,910,500,25,5,44946,12/22/2022 17:34,Distributor,existingbusiness,11177058458,42,0.76,90,482.16,470,,,,,,,,,,,,,,,
32285,10.02130650v2,10,,2,1,,12/22/2022 19:17,,,,30,,,,,360,1.96,729.12,,,,,,,,,,,,
32286,10.02110357v2,10,,2,3,,12/27/2022 16:05,,,,10,,,,,120,2.58,340.56,,,,,,,,,,,,
32287,10.02116585v1,10,,2,3,,12/22/2022 17:42,,,,21,,,,,250,2.41,636.24,,,,,,,,,,,,
32288,10.02130295v2,10,,2,1,,12/22/2022 18:48,,,,20,,,,,240,1.96,493.92,,,,,,,,,,,,
32289,10.02112072v2,10,,2,4,,12/22/2022 18:05,,,,5,,,,,60,2.58,185.76,,,,,,,,,,,,
32290,10.02133273v1,10,,2,4,,12/22/2022 20:04,,,,9,,,,,100,2.58,309.6,,,,,,,,,,,,
32291,15.02133307v1,15,,7,3,,12/22/2022 18:38,,,,10,,,,,120,3.7,488.4,,,,,,,,,,,,
32292,17.02133425v2,17,,9,1,,1/5/2023 14:33,,,,5,,,,,60,2.56,184.32,,,,,,,,,,,,
32293,10.02112864v1,10,,2,4,,12/22/2022 19:11,,,,5,,,,,60,2.58,185.76,,,,,,,,,,,,
32294,55.02132777v2,55,,114,3,,12/22/2022 19:57,,,,21,,,,,250,2.49,657.36,,,,,,,,,,,,
32295,10.02131631v1,10,,2,1,,12/22/2022 22:05,,,,20,,,,,240,1.96,493.92,,,,,,,,,,,,
32295,10.02131634v1,10,,2,1,,12/22/2022 22:05,,,,20,,,,,240,1.96,493.92,,,,,,,,,,,,
32295,10.02131632v1,10,,2,1,,12/22/2022 22:05,,,,20,,,,,240,1.96,493.92,,,,,,,,,,,,
32296,10.02133462v1,10,,2,3,,12/22/2022 20:12,,,,10,,,,,120,2.58,340.56,,,,,,,,,,,,
32297,10.02133494v2,10,,2,3,,12/22/2022 22:12,,,,10,,,,,120,2.58,340.56,,,,,,,,,,,,
32298,10.02133075v1,10,,2,1,,12/27/2022 14:54,,,,25,,,,,300,1.96,611.52,,,,,,,,,,,,
32299,10.02133124v2,10,,2,1,,12/22/2022 20:23,,,,17,,,,,200,1.96,423.36,,,,,,,,,,,,
32300,10.02102198v2,10,,2,3,,12/22/2022 22:00,,,,42,,,,,500,2.41,1243.56,,,,,,,,,,,,
32301,932133466v1,93,500,120,10,44942,12/22/2022 21:34,Direct,newbusiness,9558332938,42,1.31,0,675.96,655,,,,,,,,,,,,,,,
32302,10.02133557v1,10,,2,1,,12/22/2022 22:34,,,,7,,,,,75,2.56,245.76,,,,,,,,,,,,
32303,17.02133408v2,17,,9,4,,12/23/2022 14:32,,,,5,,,,,60,2.58,185.76,,,,,,,,,,,,
32304,10.02129695v1,10,,2,3,,12/22/2022 22:47,,,,13,,,,,150,2.41,404.88,,,,,,,,,,,,
32305,46.0297272v2,46,,113,3,,12/22/2022 23:26,,,,20,,,,,240,2.41,607.32,,,,,,,,,,,,
32306,10.02123568v8,10,,2,3,,12/22/2022 23:17,,,,21,,,,,250,2.41,636.24,,,,,,,,,,,,
32307,10.028152v1,10,,2,3,,12/22/2022 22:50,,,,10,,,,,120,2.58,340.56,,,,,,,,,,,,
32308,55.02126933v6,55,,114,3,,12/22/2022 23:36,,,,10,,,,,120,2.66,351.12,,,,,,,,,,,,
32309,55.02132798v2,55,,114,1,,12/23/2022 17:18,,,,13,,,,,150,1.96,329.28,,,,,,,,,,,,
32310,10.02133367v2,10,,2,1,,12/22/2022 23:42,,,,5,,,,,60,2.56,184.32,,,,,,,,,,,,
32311,55.02133611v2,55,,114,3,,12/22/2022 23:57,,,,5,,,,,60,3.74,269.28,,,,,,,,,,,,
32311,55.02133611v1,55,,114,3,,12/22/2022 23:57,,,,5,,,,,60,3.74,269.28,,,,,,,,,,,,
32312,10.0236691v2,10,,2,4,,12/24/2022 2:20,,,,21,,,,,250,2.41,636.24,,,,,,,,,,,,
32313,10.0285046v1,10,,2,3,,12/28/2022 21:22,,,,5,,,,,60,3.66,263.52,,,,,,,,,,,,
32314,10.02133583v1,10,,2,3,,12/27/2022 20:44,,,,20,,,,,240,2.41,607.32,,,,,,,,,,,,
32315,10.02133489v2,10,,2,1,,12/23/2022 19:57,,,,17,,,,,200,1.96,423.36,,,,,,,,,,,,
32316,10.02133537v1,10,,2,1,,12/23/2022 15:36,,,,21,,,,,250,1.96,517.44,,,,,,,,,,,,
32317,10.02133595v1,10,,2,1,,12/23/2022 15:34,,,,10,,,,,120,2.23,294.36,,,,,,,,,,,,
32318,10.02120982v3,10,,2,3,,12/23/2022 17:00,,,,20,,,,,240,2.41,607.32,,,,,,,,,,,,
32319,10.0229062v1,10,,2,4,,12/23/2022 16:00,,,,6,,,,,68,2.58,216.72,,,,,,,,,,,,
32320,10.02133144v1,10,,2,1,,12/23/2022 16:05,,,,20,,,,,240,1.96,493.92,,,,,,,,,,,,
32321,10.02130103v2,10,,2,1,,12/23/2022 17:16,,,,37,,,,,440,1.96,893.76,,,,,,,,,,,,
32322,10.02132497v2,10,,2,4,,12/23/2022 17:03,,,,5,,,,,60,2.58,185.76,,,,,,,,,,,,
32323,10.02132235v1,10,,2,4,,12/23/2022 18:22,,,,7,,,,,79,2.58,247.68,,,,,,,,,,,,
32325,55.02133671v2,55,,114,1,,1/4/2023 18:43,,,,10,,,,,120,2.23,294.36,,,,,,,,,,,,
32327,10.0284007v1,10,,2,1,,12/23/2022 17:58,,,,100,,,,,1200,1.71,2072.52,,,,,,,,,,,,
32328,10.02133675v1,10,,2,4,,1/3/2023 17:47,,,,5,,,,,60,2.83,203.76,,,,,,,,,,,,
32328,10.02133686v1,10,,2,4,,1/3/2023 17:47,,,,5,,,,,60,2.83,203.76,,,,,,,,,,,,
32328,10.02133684v1,10,,2,4,,1/3/2023 17:47,,,,5,,,,,60,2.83,203.76,,,,,,,,,,,,
32330,10.02133673v2,10,,2,3,,1/3/2023 15:45,,,,17,,,,,200,2.54,548.64,,,,,,,,,,,,
32331,10.02133409v1,10,,2,4,,1/3/2023 13:54,,,,5,,,,,60,2.83,203.76,,,,,,,,,,,,
32332,10.02133702v1,10,,2,1,,12/28/2022 20:31,,,,5,,,,,60,2.56,184.32,,,,,,,,,,,,
32332,10.02133707v1,10,,2,1,,12/28/2022 20:31,,,,5,,,,,60,2.56,184.32,,,,,,,,,,,,
32332,10.02133697v1,10,,2,1,,12/28/2022 20:31,,,,5,,,,,60,2.56,184.32,,,,,,,,,,,,
32332,10.02133703v1,10,,2,1,,12/28/2022 20:31,,,,5,,,,,60,2.56,184.32,,,,,,,,,,,,
32332,10.02133699v1,10,,2,1,,12/28/2022 20:31,,,,5,,,,,60,2.56,184.32,,,,,,,,,,,,
32332,10.02133709v1,10,,2,1,,12/28/2022 20:31,,,,5,,,,,60,2.56,184.32,,,,,,,,,,,,
32333,10.02133717v1,10,,2,4,,12/28/2022 21:59,,,,9,,,,,100,2.58,309.6,,,,,,,,,,,,
32333,10.02133718v1,10,,2,4,,12/28/2022 21:59,,,,9,,,,,100,2.58,309.6,,,,,,,,,,,,
32334,10.02132147v2,10,,2,4,,12/24/2022 0:51,,,,10,,,,,120,2.58,340.56,,,,,,,,,,,,
32335,10.0283624v1,10,,2,4,,12/27/2022 14:37,,,,5,,,,,60,2.58,185.76,,,,,,,,,,,,
32336,10.0297192v2,10,,2,1,,12/27/2022 14:53,,,,10,,,,,120,2.23,294.36,,,,,,,,,,,,
32336,10.0297189v4,10,,2,1,,12/27/2022 14:53,,,,10,,,,,120,2.23,294.36,,,,,,,,,,,,
32337,10.02133007v2,10,,2,1,,12/27/2022 16:23,,,,21,,,,,250,1.96,517.44,,,,,,,,,,,,
32338,10.02133726v1,10,,2,4,,12/27/2022 15:24,,,,5,,,,,60,2.58,185.76,,,,,,,,,,,,
32339,10.02132612v5,10,,2,3,,12/29/2022 21:34,,,,13,,,,,150,2.41,404.88,,,,,,,,,,,,
32340,10.02132538v1,10,,2,1,,12/27/2022 15:33,,,,17,,,,,200,1.96,423.36,,,,,,,,,,,,
32341,10.0231292v2,10,,2,3,,12/27/2022 20:36,,,,30,,,,,350,2.41,896.52,,,,,,,,,,,,
32342,10.02133651v1,10,,2,4,,12/27/2022 21:11,,,,21,,,,,250,2.41,636.24,,,,,,,,,,,,
32344,10.0277700v2,10,,2,4,,12/27/2022 16:06,,,,5,,,,,60,2.58,185.76,,,,,,,,,,,,
32345,10.02132818v2,10,,2,1,,12/27/2022 20:16,,,,23,,,,,275,1.96,564.48,,,,,,,,,,,,
32346,10.02112716v1,10,,2,4,,12/27/2022 16:48,,,,334,,,,,4000,1.62,6512.4,,,,,,,,,,,,
32348,10.02131036v1,10,,2,1,,12/27/2022 18:59,,,,9,,,,,99,2.56,307.2,,,,,,,,,,,,
32349,10.02118748v2,10,,2,1,,12/28/2022 0:07,,,,9,,,,,100,2.56,307.2,,,,,,,,,,,,
32350,10.02133805v1,10,,2,3,,12/27/2022 21:24,,,,10,,,,,120,2.58,340.56,,,,,,,,,,,,
32351,10.02120378v1,10,,2,3,,12/27/2022 18:40,,,,9,,,,,100,3.58,429.6,,,,,,,,,,,,
32352,46.02133064v2,46,,113,1,,12/27/2022 23:41,,,,21,,,,,250,1.96,517.44,,,,,,,,,,,,
32352,10.02133054v6,10,,2,1,,12/27/2022 23:41,,,,21,,,,,250,1.96,517.44,,,,,,,,,,,,
32353,55.02133334v3,55,,114,3,,12/27/2022 19:22,,,,10,,,,,120,2.66,351.12,,,,,,,,,,,,
32354,10.02133464v1,10,,2,3,,12/27/2022 19:29,,,,21,,,,,250,2.41,636.24,,,,,,,,,,,,
32355,10.02129596v3,10,,2,3,,12/27/2022 22:09,,,,14,,,,,160,2.41,433.8,,,,,,,,,,,,
32356,17.02134017v1,17,,9,3,,12/29/2022 21:33,,,,7,,,,,84,3.58,343.68,,,,,,,,,,,,
32357,10.02131934v2,10,,2,1,,12/27/2022 19:59,,,,5,,,,,60,2.56,184.32,,,,,,,,,,,,
32358,55.02129491v3,55,,114,3,,12/27/2022 20:23,,,,13,,,,,150,2.49,418.32,,,,,,,,,,,,
32358,55.02129490v3,55,,114,3,,12/27/2022 20:23,,,,13,,,,,150,2.49,418.32,,,,,,,,,,,,
32360,17.0271461v2,17,,9,3,,12/27/2022 22:25,,,,150,,,,,1800,1.91,3460.92,,,,,,,,,,,,
32360,10.02133762v1,10,,2,3,,12/27/2022 22:25,,,,67,,,,,800,1.91,1558.56,,,,,,,,,,,,
32361,10.02133544v2,10,,2,1,,12/27/2022 22:59,,,,25,,,,,300,1.96,611.52,,,,,,,,,,,,
32361,10.02133544v3,10,,2,1,,12/27/2022 22:59,,,,9,,,,,100,2.56,307.2,,,,,,,,,,,,
32361,10.02133544v1,10,,2,1,,12/27/2022 22:59,,,,9,,,,,100,2.56,307.2,,,,,,,,,,,,
32362,10.02133733v1,10,,2,1,,12/28/2022 15:44,,,,5,,,,,60,2.56,184.32,,,,,,,,,,,,
32363,10.02122996v1,10,,2,4,,12/27/2022 21:21,,,,5,,,,,60,2.58,185.76,,,,,,,,,,,,
32364,10.02132989v2,10,,2,1,,12/29/2022 16:04,,,,6,,,,,65,2.56,215.04,,,,,,,,,,,,
32366,10.0227919v2,10,,2,4,,12/27/2022 23:21,,,,10,,,,,120,2.58,340.56,,,,,,,,,,,,
32367,10.02133856v1,10,,2,1,,12/28/2022 23:22,,,,9,,,,,100,2.56,307.2,,,,,,,,,,,,
32367,10.02101182v2,10,,2,1,,12/28/2022 23:22,,,,71,,,,,850,1.79,1546.56,,,,,,,,,,,,
32367,10.0415904v8,10,,2,1,,12/28/2022 23:22,,,,67,,,,,800,1.79,1460.64,,,,,,,,,,,,
32367,10.02133862v1,10,,2,1,,12/28/2022 23:22,,,,9,,,,,100,2.56,307.2,,,,,,,,,,,,
32367,10.0416533v3,10,,2,1,,12/28/2022 23:22,,,,67,,,,,800,1.79,1460.64,,,,,,,,,,,,
32367,10.0215900v10,10,,2,1,,12/28/2022 23:22,,,,100,,,,,1200,1.71,2072.52,,,,,,,,,,,,
32367,10.0216440v3,10,,2,1,,12/28/2022 23:22,,,,113,,,,,1350,1.71,2339.28,,,,,,,,,,,,
32368,10.0268059v2,10,,2,4,,12/28/2022 1:02,,,,5,,,,,60,2.58,185.76,,,,,,,,,,,,
32369,10.02133888v2,10,,2,4,,12/28/2022 1:10,,,,9,,,,,100,2.58,309.6,,,,,,,,,,,,
32370,932132579v1,93,120,120,10,44946,12/29/2022 17:49,Direct,newbusiness,11362595254,10,1.8,0,237.6,216,,,,,,,,,,,,,,,
32371,10.02125712v3,10,,2,1,,12/28/2022 16:03,,,,13,,,,,150,1.96,329.28,,,,,,,,,,,,
32372,10.0290479v1,10,,2,3,,12/28/2022 16:15,,,,60,,,,,720,1.91,1398.12,,,,,,,,,,,,
32373,10.02119575v1,10,,2,3,,12/28/2022 16:13,,,,10,,,,,120,2.58,340.56,,,,,,,,,,,,
32374,10.029627v4,10,,2,3,,12/28/2022 16:55,,,,17,,,,,200,2.41,520.56,,,,,,,,,,,,
32375,10.02102069v1,10,,2,3,,12/28/2022 18:08,,,,34,,,,,408,2.41,1012.2,,,,,,,,,,,,
32377,10.02133623v2,10,,2,1,,12/28/2022 18:52,,,,5,,,,,60,2.56,184.32,,,,,,,,,,,,
32378,10.02133484v2,10,,2,1,,12/28/2022 18:38,,,,42,,,,,500,1.96,1011.36,,,,,,,,,,,,
32379,10.02120982v1,10,,2,4,,12/28/2022 18:54,,,,20,,,,,240,2.41,607.32,,,,,,,,,,,,
32380,10.02101367v3,10,,2,1,,12/28/2022 22:37,,,,5,,,,,60,2.56,184.32,,,,,,,,,,,,
32380,10.02101363v1,10,,2,1,,12/28/2022 22:37,,,,5,,,,,60,2.56,184.32,,,,,,,,,,,,
32381,10.02133932v1,10,,2,4,,12/28/2022 19:24,,,,5,,,,,60,2.58,185.76,,,,,,,,,,,,
32381,10.02133918v1,10,,2,4,,12/28/2022 19:24,,,,5,,,,,60,2.58,185.76,,,,,,,,,,,,
32381,10.02133931v1,10,,2,4,,12/28/2022 19:24,,,,5,,,,,60,2.58,185.76,,,,,,,,,,,,
32382,10.02117294v1,10,,2,4,,12/28/2022 21:43,,,,10,,,,,120,2.58,340.56,,,,,,,,,,,,
32383,10.02133263v2,10,,2,4,,12/28/2022 21:13,,,,25,,,,,300,2.41,751.92,,,,,,,,,,,,
32384,10.02133965v1,10,,2,3,,12/28/2022 20:46,,,,5,,,,,60,3.66,263.52,,,,,,,,,,,,
32385,10.02117510v2,10,,2,3,,12/28/2022 22:33,,,,13,,,,,150,2.41,404.88,,,,,,,,,,,,
32386,10.02129616v2,10,,2,1,,12/28/2022 22:00,,,,5,,,,,60,2.56,184.32,,,,,,,,,,,,
32387,10.02133267v2,10,,2,3,,12/28/2022 22:09,,,,11,,,,,125,2.58,371.52,,,,,,,,,,,,
32388,10.0242508v1,10,,2,1,,1/5/2023 16:13,,,,60,,,,,720,1.79,1310.28,,,,,,,,,,,,
32389,55.02133188v2,55,,114,4,,12/29/2022 15:35,,,,5,,,,,60,2.75,198,,,,,,,,,,,,
32390,10.02133915v2,10,,2,3,,1/3/2023 15:26,,,,10,,,,,120,2.72,359.04,,,,,,,,,,,,
32391,55.02133298v2,55,,114,4,,12/29/2022 15:03,,,,5,,,,,60,2.75,198,,,,,,,,,,,,
32392,10.0264671v1,10,,2,4,,12/29/2022 15:11,,,,5,,,,,60,2.58,185.76,,,,,,,,,,,,
32393,10.02133731v1,10,,2,3,,11/16/2023 18:18,,,,13,,,,,153,2.54,426.72,,,,,,,,,,,,
32395,10.029026v1,10,,2,1,,12/29/2022 16:20,,,,10,,,,,120,2.23,294.36,,,,,,,,,,,,
32396,10.02133975v1,10,,2,3,,12/29/2022 17:02,,,,42,,,,,500,2.41,1243.56,,,,,,,,,,,,
32397,10.02129222v4,10,,2,4,,12/29/2022 16:49,,,,5,,,,,60,2.58,185.76,,,,,,,,,,,,
32398,932134030v1,93,2,120,10,44963,1/10/2023 15:20,Distributor,existingbusiness,11228088408,1,1.8,0,43.2,3.6,,,,,,,,,,,,,,,
32399,10.02134037v1,10,,2,4,,1/3/2023 22:35,,,,9,,,,,105,2.83,339.6,,,,,,,,,,,,
32400,10.02134034v1,10,,2,4,,12/29/2022 17:51,,,,5,,,,,60,2.58,185.76,,,,,,,,,,,,
32400,10.02134032v1,10,,2,4,,12/29/2022 17:51,,,,5,,,,,60,2.58,185.76,,,,,,,,,,,,
32401,932132762v2,93,120,120,10,44971,12/29/2022 20:20,Direct,newbusiness,11237636493,10,1.8,0,237.6,216,,,,,,,,,,,,,,,
32402,10.0272978v1,10,,2,1,,12/29/2022 20:36,,,,5,,,,,60,2.56,184.32,,,,,,,,,,,,
32403,10.0279952v1,10,,2,1,,1/12/2023 18:15,,,,17,,,,,200,1.96,423.36,,,,,,,,,,,,
32404,10.02112210v1,10,,2,1,,12/29/2022 20:31,,,,46,,,,,550,1.88,1060.32,,,,,,,,,,,,
32405,10.022728v4,10,,2,1,,1/17/2023 20:52,,,,84,,,,,1000,1.79,1825.8,,,,,,,,,,,,
32405,,70,,,1,44960,1/17/2023 20:52,,,,,,,,,,1.79,,28960,1000,15292,34679,118,12988,1032,96721,1/17/2023 20:48,2/3/2023,84,1825.8
32406,10.02133368v3,10,,2,3,,12/29/2022 22:38,,,,10,,,,,120,2.58,340.56,,,,,,,,,,,,
32408,10.02117510v2,10,,2,3,,12/30/2022 17:37,,,,13,,,,,150,2.41,404.88,,,,,,,,,,,,
32409,10.02130766v4,10,,2,3,,12/30/2022 17:17,,,,5,,,,,60,3.66,263.52,,,,,,,,,,,,
32410,10.0284374v6,10,,2,3,,12/30/2022 17:17,,,,85,,,,,1020,1.91,1971.12,,,,,,,,,,,,
32410,10.0284374v5,10,,2,3,,12/30/2022 17:17,,,,85,,,,,1020,1.91,1971.12,,,,,,,,,,,,
32410,10.0282121v4,10,,2,3,,12/30/2022 17:17,,,,85,,,,,1020,1.91,1971.12,,,,,,,,,,,,
32410,10.0282121v6,10,,2,3,,12/30/2022 17:17,,,,85,,,,,1020,1.91,1971.12,,,,,,,,,,,,
32411,55.02133433v1,55,,114,1,,1/5/2023 17:44,,,,6,,,,,61,2.56,215.04,,,,,,,,,,,,
32412,10.02133738v1,10,,2,3,,1/4/2023 14:40,,,,13,,,,,155,2.54,426.72,,,,,,,,,,,,
32412,10.0252551v1,10,,2,3,,1/4/2023 14:40,,,,13,,,,,150,2.54,426.72,,,,,,,,,,,,
32412,10.02133739v3,10,,2,3,,1/4/2023 14:40,,,,13,,,,,150,2.54,426.72,,,,,,,,,,,,
32413,10.0210629v1,10,,2,1,,1/5/2023 18:50,,,,20,,,,,240,1.96,493.92,,,,,,,,,,,,
32414,10.02133674v2,10,,2,3,,12/30/2022 21:47,,,,11,,,,,125,2.58,371.52,,,,,,,,,,,,
32414,10.02133672v2,10,,2,3,,12/30/2022 21:47,,,,11,,,,,125,2.58,371.52,,,,,,,,,,,,
32415,10.02134085v1,10,,2,4,,12/30/2022 16:46,,,,5,,,,,60,2.58,185.76,,,,,,,,,,,,
32416,10.02134154v1,10,,2,4,,12/30/2022 17:36,,,,5,,,,,60,2.58,185.76,,,,,,,,,,,,
32417,10.0232077v1,10,,2,1,,12/30/2022 15:55,,,,5,,,,,60,2.56,184.32,,,,,,,,,,,,
32417,10.0232076v1,10,,2,1,,12/30/2022 15:55,,,,5,,,,,60,2.56,184.32,,,,,,,,,,,,
32418,10.02133951v4,10,,2,3,,12/30/2022 17:23,,,,10,,,,,120,2.58,340.56,,,,,,,,,,,,
32420,10.02130978v4,10,,2,3,,12/30/2022 18:20,,,,5,,,,,60,3.66,263.52,,,,,,,,,,,,
32422,10.0215895v8,10,,2,1,,12/30/2022 19:06,,,,60,,,,,720,1.79,1310.28,,,,,,,,,,,,
32423,10.0280128v2,10,,2,4,,12/30/2022 19:18,,,,5,,,,,60,2.58,185.76,,,,,,,,,,,,
32424,10.02125291v1,10,,2,3,,12/30/2022 19:06,,,,5,,,,,60,3.66,263.52,,,,,,,,,,,,
32425,10.02112714v2,10,,2,3,,12/30/2022 21:51,,,,9,,,,,102,3.58,429.6,,,,,,,,,,,,
32426,10.02134191v1,10,,2,1,,12/30/2022 20:24,,,,16,,,,,189,1.96,399.84,,,,,,,,,,,,
32426,10.03134201v1,10,,2,1,,12/30/2022 20:24,,,,16,,,,,188,1.96,399.84,,,,,,,,,,,,
32428,10.02112571v4,10,,2,1,,1/2/2023 21:05,,,,42,,,,,500,1.96,1011.36,,,,,,,,,,,,
32429,10.02134199v1,10,,2,1,,12/30/2022 22:15,,,,7,,,,,75,2.56,245.76,,,,,,,,,,,,
32430,10.02125699v3,10,,2,3,,1/2/2023 21:33,,,,10,,,,,120,2.72,359.04,,,,,,,,,,,,
32430,,70,,,3,44935,1/2/2023 21:33,,,,,,,,,,2.72,,28882,120,14891,33901,118,12640,120,100181,12/30/2022 23:13,1/9/2023,10,359.04
32431,11.0288242v1,11,,3,3,,1/3/2023 15:12,,,,10,,,,,120,2.88,380.16,,,,,,,,,,,,
32432,10.02134121v2,10,,2,1,,1/3/2023 16:12,,,,30,,,,,360,1.96,729.12,,,,,,,,,,,,
32433,10.02134102v2,10,,2,3,,1/3/2023 15:47,,,,25,,,,,300,2.54,792.48,,,,,,,,,,,,
32434,10.02133806v3,10,,2,1,,1/3/2023 15:57,,,,15,,,,,180,1.96,376.32,,,,,,,,,,,,
32435,10.02134083v1,10,,2,3,,1/3/2023 14:35,,,,13,,,,,150,2.54,426.72,,,,,,,,,,,,
32436,10.0276984v1,10,,2,3,,1/3/2023 7:21,,,,16,,,,,190,2.54,518.16,,,,,,,,,,,,
32437,10.02134199v1,10,,2,4,,1/3/2023 13:00,,,,5,,,,,60,2.83,203.76,,,,,,,,,,,,
32438,10.02133240v4,10,,2,4,,1/3/2023 15:58,,,,20,,,,,240,2.54,640.08,,,,,,,,,,,,
32439,10.02133055v1,10,,2,1,,1/4/2023 13:32,,,,17,,,,,200,1.96,423.36,,,,,,,,,,,,
32440,10.0229990v1,10,,2,4,,1/3/2023 20:21,,,,5,,,,,60,2.83,203.76,,,,,,,,,,,,
32441,10.02133859v2,10,,2,3,,1/3/2023 19:03,,,,25,,,,,300,2.54,792.48,,,,,,,,,,,,
32442,10.0278346v1,10,,2,4,,1/3/2023 17:18,,,,10,,,,,120,2.71,357.72,,,,,,,,,,,,
32443,10.02133923v1,10,,2,4,,1/3/2023 19:59,,,,5,,,,,60,2.83,203.76,,,,,,,,,,,,
32444,10.02130725v1,10,,2,3,,1/3/2023 18:18,,,,167,,,,,2000,2.01,4052.16,,,,,,,,,,,,
32445,10.02131300v1,10,,2,3,,1/3/2023 18:59,,,,17,,,,,200,2.54,548.64,,,,,,,,,,,,
32446,17.02134543v1,17,,9,1,,1/4/2023 21:56,,,,10,,,,,120,2.23,294.36,,,,,,,,,,,,
32446,17.02134545v1,17,,9,1,,1/4/2023 21:56,,,,10,,,,,120,2.23,294.36,,,,,,,,,,,,
32447,55.02132441v2,55,,114,1,,1/12/2023 14:31,,,,10,,,,,120,2.23,294.36,,,,,,,,,,,,
32448,10.02133873v1,10,,2,3,,1/3/2023 19:24,,,,42,,,,,500,2.54,1310.64,,,,,,,,,,,,
32449,10.02108853v1,10,,2,3,,1/3/2023 20:26,,,,13,,,,,151,2.54,426.72,,,,,,,,,,,,
32450,17.02127205v4,17,,9,4,,1/3/2023 22:17,,,,12,,,,,144,2.54,396.24,,,,,,,,,,,,
32451,10.0282074v1,10,,2,4,,1/3/2023 20:37,,,,9,,,,,100,2.83,339.6,,,,,,,,,,,,
32452,10.0269873v3,10,,2,3,,1/3/2023 22:50,,,,34,,,,,400,2.54,1066.8,,,,,,,,,,,,
32453,10.0270060v1,10,,2,3,,1/3/2023 22:49,,,,17,,,,,200,2.54,548.64,,,,,,,,,,,,
32453,10.0270058v1,10,,2,3,,1/3/2023 22:49,,,,17,,,,,200,2.54,548.64,,,,,,,,,,,,
32454,10.02107609v1,10,,2,3,,1/3/2023 20:34,,,,5,,,,,60,3.8,273.6,,,,,,,,,,,,
32454,10.02100077v5,10,,2,3,,1/3/2023 20:34,,,,5,,,,,60,3.8,273.6,,,,,,,,,,,,
32455,10.02108170v2,10,,2,1,,1/4/2023 16:22,,,,25,,,,,300,1.96,611.52,,,,,,,,,,,,
32456,46.0299546v1,46,,113,1,,1/5/2023 15:30,,,,10,,,,,120,2.23,294.36,,,,,,,,,,,,
32457,55.02134408v1,55,,114,1,,1/4/2023 20:46,,,,11,,,,,125,2.23,321.12,,,,,,,,,,,,
32458,10.02134149v1,10,,2,1,,1/4/2023 18:07,,,,30,,,,,350,1.96,729.12,,,,,,,,,,,,
32459,55.02134333v1,55,,114,1,,1/4/2023 17:30,,,,10,,,,,120,2.23,294.36,,,,,,,,,,,,
32460,10.02133380v3,10,,2,4,,1/3/2023 23:34,,,,8,,,,,90,2.83,305.64,,,,,,,,,,,,
32461,10.02107583v2,10,,2,3,,1/3/2023 23:23,,,,214,,,,,2560,1.72,4437.6,,,,,,,,,,,,
32462,10.02134471v1,10,,2,4,,1/3/2023 23:00,,,,7,,,,,80,2.83,271.68,,,,,,,,,,,,
32463,55.02132961v1,55,,114,1,,1/3/2023 23:55,,,,34,,,,,400,1.96,823.2,,,,,,,,,,,,
32463,10.02132893v3,10,,2,1,,1/3/2023 23:55,,,,10,,,,,120,2.23,294.36,,,,,,,,,,,,
32464,10.0292069v1,10,,2,3,,1/4/2023 17:37,,,,31,,,,,365,2.54,975.36,,,,,,,,,,,,
32465,10.02134041v3,10,,2,1,,1/3/2023 23:57,,,,13,,,,,150,1.96,329.28,,,,,,,,,,,,
32466,10.02121457v2,10,,2,1,,1/4/2023 1:42,,,,7,,,,,80,2.56,245.76,,,,,,,,,,,,
32467,10.02127520v4,10,,2,1,,1/4/2023 17:44,,,,20,,,,,240,1.96,493.92,,,,,,,,,,,,
32469,10.0233995v1,10,,2,1,,1/4/2023 1:41,,,,5,,,,,60,2.56,184.32,,,,,,,,,,,,
32469,12.0284272v2,12,,4,1,,1/4/2023 1:41,,,,10,,,,,120,1.9,250.8,,,,,,,,,,,,
32469,10.0233992v1,10,,2,1,,1/4/2023 1:41,,,,5,,,,,60,2.56,184.32,,,,,,,,,,,,
32471,10.02134444v2,10,,2,1,,1/4/2023 15:08,,,,15,,,,,176,1.96,376.32,,,,,,,,,,,,
32473,10.02128341v3,10,,2,1,,1/4/2023 15:29,,,,5,,,,,60,2.56,184.32,,,,,,,,,,,,
32474,10.0230456v2,10,,2,4,,1/4/2023 16:30,,,,42,,,,,500,2.54,1310.64,,,,,,,,,,,,
32475,10.02132669v2,10,,2,1,,1/9/2023 22:41,,,,8,,,,,85,2.56,276.48,,,,,,,,,,,,
32476,10.0263832v2,10,,2,1,,1/4/2023 17:30,,,,5,,,,,60,2.56,184.32,,,,,,,,,,,,
32477,10.02133357v4,10,,2,1,,1/4/2023 18:17,,,,26,,,,,310,1.96,635.04,,,,,,,,,,,,
32478,9102130181v1,910,800,25,5,44993,1/4/2023 19:56,Distributor,existingbusiness,11579599918,67,0.76,90,710.16,698,,,,,,,,,,,,,,,
32479,10.02113324v1,10,,2,4,,1/10/2023 16:02,,,,10,,,,,120,2.71,357.72,,,,,,,,,,,,
32479,10.02113323v1,10,,2,4,,1/10/2023 16:02,,,,10,,,,,120,2.71,357.72,,,,,,,,,,,,
32480,10.02131811v2,10,,2,1,,1/5/2023 15:12,,,,14,,,,,158,1.96,352.8,,,,,,,,,,,,
32481,10.02132510v1,10,,2,1,,1/4/2023 19:43,,,,10,,,,,120,2.23,294.36,,,,,,,,,,,,
32482,10.02116952v1,10,,2,3,,1/4/2023 17:55,,,,5,,,,,60,3.8,273.6,,,,,,,,,,,,
32482,10.02116963v1,10,,2,3,,1/4/2023 17:55,,,,5,,,,,60,3.8,273.6,,,,,,,,,,,,
32483,10.0237418v1,10,,2,3,,1/4/2023 18:18,,,,5,,,,,60,3.8,273.6,,,,,,,,,,,,
32484,10.02134193v1,10,,2,1,,1/4/2023 18:10,,,,67,,,,,800,1.79,1460.64,,,,,,,,,,,,
32485,17.02119032v1,17,,9,1,,1/4/2023 18:16,,,,10,,,,,120,2.23,294.36,,,,,,,,,,,,
32486,,70,,,1,44942,1/4/2023 18:25,,,,,,,,,,2.56,,28978,60,14954,34508,73,12698,72,105070,1/4/2023 18:19,1/23/2023,5,184.32
32487,10.0247191v1,10,,2,4,,1/5/2023 17:30,,,,10,,,,,120,2.71,357.72,,,,,,,,,,,,
32488,55.02134567v1,55,,114,3,,1/4/2023 18:50,,,,11,,,,,125,2.8,403.2,,,,,,,,,,,,
32489,10.02134367v2,10,,2,4,,1/4/2023 19:18,,,,17,,,,,200,2.54,548.64,,,,,,,,,,,,
32489,10.02134118v1,10,,2,4,,1/4/2023 19:18,,,,17,,,,,200,2.54,548.64,,,,,,,,,,,,
32490,10.02133530v1,10,,2,4,,1/4/2023 19:00,,,,7,,,,,73,2.83,271.68,,,,,,,,,,,,
32491,10.0277035v1,10,,2,3,,1/4/2023 19:58,,,,10,,,,,120,2.72,359.04,,,,,,,,,,,,
32491,10.0277036v1,10,,2,3,,1/4/2023 19:58,,,,10,,,,,120,2.72,359.04,,,,,,,,,,,,
32491,10.0277037v2,10,,2,3,,1/4/2023 19:58,,,,10,,,,,120,2.72,359.04,,,,,,,,,,,,
32491,10.02134497v1,10,,2,3,,1/4/2023 19:58,,,,10,,,,,120,2.72,359.04,,,,,,,,,,,,
32491,10.0277046v2,10,,2,3,,1/4/2023 19:58,,,,10,,,,,120,2.72,359.04,,,,,,,,,,,,
32491,10.02134499v1,10,,2,3,,1/4/2023 19:58,,,,10,,,,,120,2.72,359.04,,,,,,,,,,,,
32492,10.02118382v1,10,,2,3,,1/4/2023 20:40,,,,42,,,,,500,2.54,1310.64,,,,,,,,,,,,
32492,10.02118391v1,10,,2,3,,1/4/2023 20:40,,,,42,,,,,500,2.54,1310.64,,,,,,,,,,,,
32493,55.02134569v1,55,,114,1,,1/4/2023 19:44,,,,17,,,,,200,1.96,423.36,,,,,,,,,,,,
32495,10.02101435v1,10,,2,4,,1/4/2023 20:23,,,,7,,,,,75,2.83,271.68,,,,,,,,,,,,
32496,10.02134584v1,10,,2,4,,1/4/2023 20:26,,,,5,,,,,60,2.83,203.76,,,,,,,,,,,,
32497,10.02119505v1,10,,2,3,,1/4/2023 21:34,,,,10,,,,,120,2.72,359.04,,,,,,,,,,,,
32498,55.02112333v3,55,,114,3,,1/4/2023 20:44,,,,5,,,,,60,3.88,279.36,,,,,,,,,,,,
32500,10.02134046v1,10,,2,4,,1/5/2023 20:40,,,,5,,,,,60,2.83,203.76,,,,,,,,,,,,
32501,10.02134443v1,10,,2,1,,1/5/2023 14:01,,,,20,,,,,240,1.96,493.92,,,,,,,,,,,,
32501,10.02134445v1,10,,2,1,,1/5/2023 14:01,,,,20,,,,,240,1.96,493.92,,,,,,,,,,,,
32501,10.02134442v1,10,,2,1,,1/5/2023 14:01,,,,20,,,,,240,1.96,493.92,,,,,,,,,,,,
32502,55.02134579v1,55,,114,1,,1/4/2023 21:59,,,,18,,,,,208,1.96,446.88,,,,,,,,,,,,
32503,10.02100873v1,10,,2,4,,1/4/2023 22:14,,,,42,,,,,500,2.54,1310.64,,,,,,,,,,,,
32504,10.02132192v6,10,,2,4,,1/5/2023 0:00,,,,5,,,,,60,2.83,203.76,,,,,,,,,,,,
32505,10.0290909v1,10,,2,4,,1/4/2023 23:08,,,,9,,,,,100,2.83,339.6,,,,,,,,,,,,
32506,,70,,,1,44938,1/4/2023 23:29,,,,,,,,,,1.96,,28982,300,14975,34069,118,12718,0,105179,1/4/2023 23:23,None,25,611.52
32507,10.0216687v2,10,,2,3,,1/6/2023 21:47,,,,25,,,,,300,2.54,792.48,,,,,,,,,,,,
32508,10.02134590v2,10,,2,3,,1/6/2023 19:17,,,,10,,,,,120,2.72,359.04,,,,,,,,,,,,
32509,17.02134591v2,17,,9,1,,1/5/2023 15:28,,,,30,,,,,360,1.96,729.12,,,,,,,,,,,,
32510,10.0231293v1,10,,2,3,,1/5/2023 16:12,,,,167,,,,,2000,2.01,4052.16,,,,,,,,,,,,
32511,10.02133118v1,10,,2,1,,1/5/2023 18:03,,,,13,,,,,150,1.96,329.28,,,,,,,,,,,,
32512,10.02129606v3,10,,2,1,,1/5/2023 15:08,,,,13,,,,,150,1.96,329.28,,,,,,,,,,,,
32513,10.02134522v1,10,,2,3,,1/5/2023 17:44,,,,21,,,,,250,2.54,670.56,,,,,,,,,,,,
32514,55.02133944v6,55,,114,4,,1/5/2023 16:20,,,,5,,,,,60,3,216,,,,,,,,,,,,
32515,55.02122705v2,55,,114,4,,1/9/2023 13:11,,,,5,,,,,60,3,216,,,,,,,,,,,,
32515,55.02122705v3,55,,114,4,,1/9/2023 13:11,,,,5,,,,,60,3,216,,,,,,,,,,,,
32516,55.02134712v1,55,,114,4,,1/5/2023 18:49,,,,7,,,,,75,3,288,,,,,,,,,,,,
32517,55.02134688v2,55,,114,4,,1/5/2023 20:09,,,,5,,,,,60,3,216,,,,,,,,,,,,
32518,10.02123080v1,10,,2,1,,1/5/2023 17:48,,,,9,,,,,100,2.56,307.2,,,,,,,,,,,,
32519,10.02133683v1,10,,2,1,,1/5/2023 21:40,,,,10,,,,,118,2.56,337.92,,,,,,,,,,,,
32520,10.02128644v1,10,,2,4,,1/5/2023 20:33,,,,5,,,,,60,2.83,203.76,,,,,,,,,,,,
32521,10.0213785v1,10,,2,1,,1/5/2023 21:17,,,,13,,,,,150,1.96,329.28,,,,,,,,,,,,
32522,10.02111154v1,10,,2,1,,1/5/2023 18:27,,,,5,,,,,60,2.56,184.32,,,,,,,,,,,,
32523,11.02134312v2,11,,3,3,,1/5/2023 18:37,,,,10,,,,,120,2.88,380.16,,,,,,,,,,,,
32523,11.02134322v2,11,,3,3,,1/5/2023 18:37,,,,10,,,,,120,2.88,380.16,,,,,,,,,,,,
32524,10.02134292v1,10,,2,3,,1/6/2023 17:53,,,,5,,,,,60,3.8,273.6,,,,,,,,,,,,
32525,55.02133046v4,55,,114,1,,1/9/2023 22:36,,,,10,,,,,120,2.23,294.36,,,,,,,,,,,,
32526,10.02133978v4,10,,2,1,,1/5/2023 19:36,,,,20,,,,,240,1.96,493.92,,,,,,,,,,,,
32527,10.0270329v2,10,,2,3,,1/5/2023 20:00,,,,20,,,,,240,2.54,640.08,,,,,,,,,,,,
32528,10.0277261v1,10,,2,3,,1/6/2023 15:34,,,,5,,,,,60,3.8,273.6,,,,,,,,,,,,
32530,10.02102522v3,10,,2,3,,1/9/2023 14:44,,,,5,,,,,60,3.8,273.6,,,,,,,,,,,,
32531,10.0227001v3,10,,2,4,,1/6/2023 18:45,,,,392,,,,,4695,1.71,8064.36,,,,,,,,,,,,
32532,10.02128039v1,10,,2,4,,1/5/2023 21:01,,,,7,,,,,80,2.83,271.68,,,,,,,,,,,,
32533,10.02111064v1,10,,2,1,,1/6/2023 12:43,,,,17,,,,,200,1.96,423.36,,,,,,,,,,,,
32534,10.02129360v1,10,,2,1,,1/5/2023 22:16,,,,10,,,,,120,2.23,294.36,,,,,,,,,,,,
32535,55.02132527v1,55,,114,1,,1/5/2023 22:32,,,,10,,,,,120,2.23,294.36,,,,,,,,,,,,
32537,10.02133122v1,10,,2,3,,1/6/2023 15:44,,,,30,,,,,360,2.54,944.88,,,,,,,,,,,,
32538,55.02134831v1,55,,114,1,,1/9/2023 17:38,,,,9,,,,,100,2.56,307.2,,,,,,,,,,,,
32539,55.02134884v1,55,,114,1,,1/5/2023 21:53,,,,10,,,,,120,2.23,294.36,,,,,,,,,,,,
32539,55.02134885v1,55,,114,1,,1/5/2023 21:53,,,,10,,,,,120,2.23,294.36,,,,,,,,,,,,
32540,17.02129736v3,17,,9,4,,1/6/2023 15:09,,,,5,,,,,60,2.83,203.76,,,,,,,,,,,,
32541,10.0295664v1,10,,2,3,,1/6/2023 14:06,,,,10,,,,,120,2.72,359.04,,,,,,,,,,,,
32541,10.0295662v2,10,,2,3,,1/6/2023 14:06,,,,10,,,,,120,2.72,359.04,,,,,,,,,,,,
32541,10.0295665v1,10,,2,3,,1/6/2023 14:06,,,,10,,,,,120,2.72,359.04,,,,,,,,,,,,
32541,10.0297539v2,10,,2,3,,1/6/2023 14:06,,,,10,,,,,120,2.72,359.04,,,,,,,,,,,,
32542,932133249v2,93,2,120,10,44946,1/6/2023 0:58,Distributor,existingbusiness,10033697976,1,1.8,0,43.2,3.6,,,,,,,,,,,,,,,
32543,10.02132872v1,10,,2,1,,1/5/2023 22:55,,,,13,,,,,150,1.96,329.28,,,,,,,,,,,,
32544,10.02109464v1,10,,2,1,,1/6/2023 3:03,,,,5,,,,,60,2.56,184.32,,,,,,,,,,,,
32544,10.02109464v3,10,,2,1,,1/6/2023 3:03,,,,5,,,,,60,2.56,184.32,,,,,,,,,,,,
32544,10.02109462v1,10,,2,1,,1/6/2023 3:03,,,,5,,,,,60,2.56,184.32,,,,,,,,,,,,
32544,10.02109464v2,10,,2,1,,1/6/2023 3:03,,,,5,,,,,60,2.56,184.32,,,,,,,,,,,,
32544,10.02109462v3,10,,2,1,,1/6/2023 3:03,,,,5,,,,,60,2.56,184.32,,,,,,,,,,,,
32544,10.02109462v2,10,,2,1,,1/6/2023 3:03,,,,5,,,,,60,2.56,184.32,,,,,,,,,,,,
32545,10.02118438v2,10,,2,3,,1/6/2023 21:51,,,,16,,,,,181,2.54,518.16,,,,,,,,,,,,
32547,55.02133286v2,55,,114,3,,1/6/2023 16:02,,,,7,,,,,80,3.88,372.48,,,,,,,,,,,,
32548,10.02102434v1,10,,2,1,,1/5/2023 23:10,,,,42,,,,,500,1.96,1011.36,,,,,,,,,,,,
32549,17.02134777v1,17,,9,3,,1/6/2023 14:16,,,,7,,,,,80,3.8,364.8,,,,,,,,,,,,
32550,46.02106797v2,46,,113,1,,1/6/2023 13:08,,,,10,,,,,120,2.23,294.36,,,,,,,,,,,,
32551,10.02134469v1,10,,2,1,,1/6/2023 16:05,,,,13,,,,,150,1.96,329.28,,,,,,,,,,,,
32552,55.02134983v1,55,,114,3,,1/6/2023 18:04,,,,13,,,,,150,2.62,440.16,,,,,,,,,,,,
32553,10.02134804v1,10,,2,1,,1/6/2023 15:25,,,,15,,,,,175,1.96,376.32,,,,,,,,,,,,
32554,10.0238151v5,10,,2,1,,1/19/2023 21:51,,,,11,,,,,124,2.23,321.12,,,,,,,,,,,,
32554,10.0238151v4,10,,2,1,,1/19/2023 21:51,,,,11,,,,,124,2.23,321.12,,,,,,,,,,,,
32555,10.0296397v2,10,,2,1,,1/6/2023 16:31,,,,10,,,,,120,2.23,294.36,,,,,,,,,,,,
32556,10.025977v2,10,,2,3,,1/6/2023 18:44,,,,10,,,,,120,2.72,359.04,,,,,,,,,,,,
32557,10.02133993v5,10,,2,1,,1/9/2023 19:50,,,,42,,,,,500,1.96,1011.36,,,,,,,,,,,,
32558,10.02134825v1,10,,2,4,,1/6/2023 17:53,,,,5,,,,,60,2.83,203.76,,,,,,,,,,,,
32558,10.02134824v1,10,,2,4,,1/6/2023 17:53,,,,5,,,,,60,2.83,203.76,,,,,,,,,,,,
32560,932134985v1,93,2,120,10,44950,1/6/2023 20:01,Distributor,newbusiness,11568542540,1,1.8,0,43.2,3.6,,,,,,,,,,,,,,,
32561,10.02131803v3,10,,2,3,,1/10/2023 20:15,,,,25,,,,,300,2.54,792.48,,,,,,,,,,,,
32562,11.02102980v2,11,,3,1,,1/6/2023 20:08,,,,5,,,,,60,3.33,239.76,,,,,,,,,,,,
32563,10.02127682v1,10,,2,1,,1/17/2023 16:52,,,,20,,,,,240,1.96,493.92,,,,,,,,,,,,
32564,10.02118203v1,10,,2,3,,1/6/2023 21:14,,,,20,,,,,240,2.54,640.08,,,,,,,,,,,,
32565,10.03132808v3,10,,2,1,,1/6/2023 19:30,,,,5,,,,,60,2.56,184.32,,,,,,,,,,,,
32566,55.02132529v3,55,,114,3,,1/6/2023 20:14,,,,21,,,,,250,2.62,691.68,,,,,,,,,,,,
32567,10.02134827v1,10,,2,3,,1/6/2023 21:09,,,,24,,,,,288,2.54,762,,,,,,,,,,,,
32569,10.02122518v1,10,,2,3,,1/6/2023 21:07,,,,10,,,,,120,2.72,359.04,,,,,,,,,,,,
32570,10.0288587v2,10,,2,3,,1/6/2023 20:45,,,,10,,,,,120,2.72,359.04,,,,,,,,,,,,
32571,55.02135341v1,55,,114,3,,1/11/2023 15:25,,,,7,,,,,75,3.88,372.48,,,,,,,,,,,,
32572,10.02124122v1,10,,2,3,,1/6/2023 21:19,,,,42,,,,,500,2.54,1310.64,,,,,,,,,,,,
32573,10.02134574v3,10,,2,1,,1/9/2023 15:22,,,,42,,,,,500,1.96,1011.36,,,,,,,,,,,,
32573,10.02122191v2,10,,2,1,,1/9/2023 15:22,,,,42,,,,,500,1.96,1011.36,,,,,,,,,,,,
32574,10.02134911v1,10,,2,3,,1/6/2023 22:57,,,,10,,,,,120,2.72,359.04,,,,,,,,,,,,
32575,10.02135086v2,10,,2,4,,1/9/2023 17:42,,,,9,,,,,100,2.83,339.6,,,,,,,,,,,,
32576,55.02134494v3,55,,114,1,,1/10/2023 17:46,,,,17,,,,,200,1.96,423.36,,,,,,,,,,,,
32577,10.02135060v1,10,,2,1,,1/11/2023 0:24,,,,5,,,,,60,2.56,184.32,,,,,,,,,,,,
32578,55.02135085v1,55,,114,1,,1/6/2023 23:49,,,,5,,,,,60,2.56,184.32,,,,,,,,,,,,
32579,10.02133788v1,10,,2,4,,1/9/2023 14:05,,,,10,,,,,120,2.71,357.72,,,,,,,,,,,,
32579,12.02133787v1,12,,4,4,,1/9/2023 14:05,,,,5,,,,,60,2.83,203.76,,,,,,,,,,,,
32581,10.02135016v1,10,,2,4,,1/9/2023 16:19,,,,5,,,,,60,2.83,203.76,,,,,,,,,,,,
32582,10.02128622v1,10,,2,1,,1/9/2023 17:57,,,,17,,,,,200,1.96,423.36,,,,,,,,,,,,
32583,10.02111065v1,10,,2,3,,1/9/2023 17:50,,,,20,,,,,240,2.54,640.08,,,,,,,,,,,,
32584,17.02135601v1,17,,9,1,,1/11/2023 22:56,,,,9,,,,,101,2.56,307.2,,,,,,,,,,,,
32584,17.02135594v1,17,,9,1,,1/11/2023 22:56,,,,9,,,,,101,2.56,307.2,,,,,,,,,,,,
32585,10.02108840v3,10,,2,1,,1/17/2023 21:46,,,,5,,,,,60,2.56,184.32,,,,,,,,,,,,
32585,10.02108840v5,10,,2,1,,1/17/2023 21:46,,,,7,,,,,80,2.56,245.76,,,,,,,,,,,,
32586,10.02130050v1,10,,2,1,,1/18/2023 16:14,,,,42,,,,,500,1.96,1011.36,,,,,,,,,,,,
32588,10.02121525v1,10,,2,4,,1/10/2023 15:38,,,,20,,,,,240,2.54,640.08,,,,,,,,,,,,
32588,10.02121524v1,10,,2,4,,1/10/2023 15:38,,,,20,,,,,240,2.54,640.08,,,,,,,,,,,,
32589,10.02134629v2,10,,2,1,,1/9/2023 20:13,,,,9,,,,,100,2.56,307.2,,,,,,,,,,,,
32590,10.02135159v1,10,,2,1,,1/9/2023 19:46,,,,10,,,,,120,2.23,294.36,,,,,,,,,,,,
32591,10.0296865v1,10,,2,1,,1/9/2023 20:11,,,,13,,,,,150,1.96,329.28,,,,,,,,,,,,
32592,10.02134386v3,10,,2,4,,1/13/2023 15:34,,,,5,,,,,60,2.83,203.76,,,,,,,,,,,,
32593,10.0299580v2,10,,2,1,,1/9/2023 20:52,,,,20,,,,,240,1.96,493.92,,,,,,,,,,,,
32594,10.0233373v1,10,,2,1,,1/10/2023 13:13,,,,5,,,,,60,2.56,184.32,,,,,,,,,,,,
32595,10.02132937v2,10,,2,1,,1/9/2023 22:20,,,,50,,,,,600,1.88,1150.56,,,,,,,,,,,,
32596,10.0277755v3,10,,2,1,,1/9/2023 21:50,,,,13,,,,,150,1.96,329.28,,,,,,,,,,,,
32597,10.0240412v1,10,,2,3,,1/9/2023 22:36,,,,125,,,,,1500,2.01,3039.12,,,,,,,,,,,,
32598,10.02111377v1,10,,2,1,,1/18/2023 15:10,,,,5,,,,,60,2.56,184.32,,,,,,,,,,,,
32599,55.02124312v1,55,,114,3,,1/9/2023 23:31,,,,5,,,,,60,3.88,279.36,,,,,,,,,,,,
32600,10.02133970v1,10,,2,1,,1/10/2023 5:42,,,,15,,,,,180,1.96,376.32,,,,,,,,,,,,
32601,10.02122266v1,10,,2,4,,1/10/2023 21:35,,,,6,,,,,70,2.83,237.72,,,,,,,,,,,,
32602,55.02135235v1,55,,114,1,,1/12/2023 20:02,,,,21,,,,,250,1.96,517.44,,,,,,,,,,,,
32603,55.02131010v1,55,,114,3,,1/9/2023 22:56,,,,34,,,,,400,2.62,1100.4,,,,,,,,,,,,
32604,10.02134145v2,10,,2,3,,1/10/2023 18:25,,,,5,,,,,60,3.8,273.6,,,,,,,,,,,,
32604,10.02134146v2,10,,2,3,,1/10/2023 18:25,,,,5,,,,,60,3.8,273.6,,,,,,,,,,,,
32605,10.02135242v1,10,,2,4,,1/10/2023 21:01,,,,6,,,,,70,2.83,237.72,,,,,,,,,,,,
32606,15.02135188v2,15,,7,3,,1/10/2023 0:01,,,,10,,,,,120,3.84,506.88,,,,,,,,,,,,
32607,10.02134530v2,10,,2,3,,1/10/2023 0:18,,,,32,,,,,380,2.54,1005.84,,,,,,,,,,,,
32608,932135269v1,93,500,120,10,44967,1/10/2023 15:48,Direct,existingbusiness,9870635616,42,1.31,0,675.96,655,,,,,,,,,,,,,,,
32609,10.02124445v2,10,,2,1,,1/10/2023 15:28,,,,24,,,,,280,1.96,588,,,,,,,,,,,,
32610,10.02134896v1,10,,2,1,,1/12/2023 15:31,,,,24,,,,,288,1.96,588,,,,,,,,,,,,
32611,12.02135135v1,12,,4,1,,1/10/2023 20:26,,,,9,,,,,100,2.23,267.6,,,,,,,,,,,,
32612,10.02108817v1,10,,2,1,,1/10/2023 15:49,,,,5,,,,,60,2.56,184.32,,,,,,,,,,,,
32613,10.0243334v1,10,,2,4,,1/10/2023 15:55,,,,10,,,,,120,2.71,357.72,,,,,,,,,,,,
32614,932107036v1,93,241,120,10,44967,1/10/2023 16:41,Direct,existingbusiness,11647670828,21,1.42,0,374.88,342.22,,,,,,,,,,,,,,,
32615,10.02135289v8,10,,2,3,,1/17/2023 18:06,,,,13,,,,,150,2.54,426.72,,,,,,,,,,,,
32616,10.02134345v2,10,,2,4,,1/10/2023 17:08,,,,5,,,,,60,2.83,203.76,,,,,,,,,,,,
32617,10.02134174v5,10,,2,1,,1/10/2023 18:24,,,,46,,,,,550,1.88,1060.32,,,,,,,,,,,,
32617,10.02134183v1,10,,2,1,,1/10/2023 18:24,,,,46,,,,,550,1.88,1060.32,,,,,,,,,,,,
32618,10.02113516v1,10,,2,4,,1/10/2023 16:55,,,,10,,,,,120,2.71,357.72,,,,,,,,,,,,
32618,10.02113523v1,10,,2,4,,1/10/2023 16:55,,,,5,,,,,60,2.83,203.76,,,,,,,,,,,,
32619,10.0285654v1,10,,2,3,,1/10/2023 23:17,,,,6,,,,,64,3.8,319.2,,,,,,,,,,,,
32620,55.02133911v2,55,,114,1,,1/10/2023 18:00,,,,10,,,,,120,2.23,294.36,,,,,,,,,,,,
32621,10.03135252v1,10,,2,4,,1/10/2023 21:01,,,,5,,,,,60,2.83,203.76,,,,,,,,,,,,
32622,10.02135058v2,10,,2,1,,1/13/2023 19:25,,,,10,,,,,120,2.23,294.36,,,,,,,,,,,,
32623,10.02135089v1,10,,2,1,,1/12/2023 8:15,,,,21,,,,,250,1.96,517.44,,,,,,,,,,,,
32624,10.02135350v2,10,,2,4,,1/10/2023 19:32,,,,7,,,,,80,2.83,271.68,,,,,,,,,,,,
32625,10.02133021v2,10,,2,4,,1/10/2023 20:08,,,,20,,,,,240,2.54,640.08,,,,,,,,,,,,
32626,55.03135527v1,55,,114,1,,1/11/2023 16:19,,,,10,,,,,120,2.23,294.36,,,,,,,,,,,,
32628,10.02134949v1,10,,2,1,,1/13/2023 16:47,,,,5,,,,,60,2.56,184.32,,,,,,,,,,,,
32629,10.0263397v2,10,,2,1,,1/11/2023 16:14,,,,20,,,,,240,1.96,493.92,,,,,,,,,,,,
32630,10.02135017v3,10,,2,1,,1/13/2023 16:04,,,,42,,,,,500,1.96,1011.36,,,,,,,,,,,,
32631,932129682v6,93,1200,120,10,44981,1/18/2023 22:09,Direct,existingbusiness,11606134564,100,1.2,0,1454.4,1440,,,,,,,,,,,,,,,
32632,10.0231445v1,10,,2,3,,1/11/2023 13:35,,,,21,,,,,250,2.54,670.56,,,,,,,,,,,,
32633,10.02125957v2,10,,2,4,,1/10/2023 23:44,,,,5,,,,,60,2.83,203.76,,,,,,,,,,,,
32634,10.0262601v1,10,,2,3,,1/11/2023 2:28,,,,20,,,,,240,2.54,640.08,,,,,,,,,,,,
32635,10.02135349v3,10,,2,1,,1/11/2023 18:19,,,,10,,,,,120,2.23,294.36,,,,,,,,,,,,
32636,10.02110053v2,10,,2,3,,1/12/2023 18:39,,,,5,,,,,60,3.8,273.6,,,,,,,,,,,,
32637,10.02134602v2,10,,2,4,,1/11/2023 2:34,,,,5,,,,,60,2.83,203.76,,,,,,,,,,,,
32638,10.02135570v1,10,,2,4,,1/11/2023 17:20,,,,5,,,,,60,2.83,203.76,,,,,,,,,,,,
32639,10.0298466v1,10,,2,1,,1/11/2023 13:02,,,,17,,,,,200,1.96,423.36,,,,,,,,,,,,
32640,10.02119313v2,10,,2,1,,1/11/2023 17:20,,,,117,,,,,1400,1.71,2421.36,,,,,,,,,,,,
32641,10.02135020v1,10,,2,1,,1/11/2023 16:22,,,,5,,,,,60,2.56,184.32,,,,,,,,,,,,
32641,10.02135019v1,10,,2,1,,1/11/2023 16:22,,,,5,,,,,60,2.56,184.32,,,,,,,,,,,,
32642,10.02134299v2,10,,2,1,,1/11/2023 16:32,,,,17,,,,,200,1.96,423.36,,,,,,,,,,,,
32643,10.02134547v2,10,,2,1,,1/11/2023 16:08,,,,25,,,,,300,1.96,611.52,,,,,,,,,,,,
32644,55.02106686v2,55,,114,3,,1/10/2023 19:53,,,,34,,,,,400,2.62,1100.4,,,,,,,,,,,,
32645,55.03134928v1,55,,114,1,,1/11/2023 16:24,,,,7,,,,,74,2.56,245.76,,,,,,,,,,,,
32645,55.03134926v1,55,,114,1,,1/11/2023 16:24,,,,7,,,,,74,2.56,245.76,,,,,,,,,,,,
32646,55.03135090v1,55,,114,1,,1/11/2023 16:37,,,,5,,,,,60,2.56,184.32,,,,,,,,,,,,
32646,55.03135088v1,55,,114,1,,1/11/2023 16:37,,,,5,,,,,60,2.56,184.32,,,,,,,,,,,,
32647,10.02135562v1,10,,2,1,,1/11/2023 19:28,,,,5,,,,,60,2.56,184.32,,,,,,,,,,,,
32648,,70,,,1,44939,1/11/2023 17:56,,,,,,,,,,1.96,,28982,200,15136,34393,118,12858,216,105760,1/11/2023 17:30,1/13/2023,17,423.36
32649,10.02118273v1,10,,2,3,,1/11/2023 17:41,,,,5,,,,,60,3.8,273.6,,,,,,,,,,,,
32650,10.0267032v6,10,,2,1,,1/11/2023 17:55,,,,20,,,,,240,1.96,493.92,,,,,,,,,,,,
32651,10.02135518v1,10,,2,4,,1/11/2023 18:08,,,,5,,,,,60,2.83,203.76,,,,,,,,,,,,
32651,10.02135498v1,10,,2,4,,1/11/2023 18:08,,,,6,,,,,61,2.83,237.72,,,,,,,,,,,,
32652,10.02122674v2,10,,2,1,,1/16/2023 21:20,,,,21,,,,,250,1.96,517.44,,,,,,,,,,,,
32653,10.03135346v2,10,,2,1,,1/12/2023 16:40,,,,5,,,,,60,2.56,184.32,,,,,,,,,,,,
32654,10.02135264v2,10,,2,1,,1/11/2023 19:15,,,,20,,,,,240,1.96,493.92,,,,,,,,,,,,
32655,10.0230871v1,10,,2,4,,1/11/2023 19:01,,,,9,,,,,100,2.83,339.6,,,,,,,,,,,,
32656,,70,,,3,44949,1/11/2023 20:15,,,,,,,,,,3.72,,28998,100,15146,34689,118,12866,120,105532,1/11/2023 20:06,1/19/2023,9,446.4
32656,,70,,,3,44949,1/11/2023 20:15,,,,,,,,,,3.72,,28994,100,15146,34690,118,12866,120,105532,1/11/2023 20:06,1/19/2023,9,446.4
32657,10.02134141v2,10,,2,1,,1/16/2023 15:41,,,,21,,,,,250,1.96,517.44,,,,,,,,,,,,
32657,10.02134140v2,10,,2,1,,1/16/2023 15:41,,,,21,,,,,250,1.96,517.44,,,,,,,,,,,,
32658,10.02111674v1,10,,2,1,,1/11/2023 21:35,,,,13,,,,,150,1.96,329.28,,,,,,,,,,,,
32659,10.02131287v1,10,,2,1,,1/11/2023 22:01,,,,25,,,,,300,1.96,611.52,,,,,,,,,,,,
32660,55.02135640v3,55,,114,1,,2/1/2023 20:11,,,,5,,,,,60,2.56,184.32,,,,,,,,,,,,
32661,10.02132809v2,10,,2,1,,1/11/2023 23:47,,,,7,,,,,75,2.56,245.76,,,,,,,,,,,,
32661,10.02132810v2,10,,2,1,,1/11/2023 23:47,,,,7,,,,,75,2.56,245.76,,,,,,,,,,,,
32662,10.02132877v1,10,,2,4,,1/11/2023 22:36,,,,5,,,,,60,2.83,203.76,,,,,,,,,,,,
32663,10.02135647v1,10,,2,1,,1/12/2023 0:45,,,,10,,,,,120,2.23,294.36,,,,,,,,,,,,
32664,10.02130222v2,10,,2,1,,1/12/2023 20:28,,,,9,,,,,103,2.56,307.2,,,,,,,,,,,,
32665,10.02135643v2,10,,2,3,,1/11/2023 23:40,,,,63,,,,,750,2.01,1543.68,,,,,,,,,,,,
32666,932135864v1,93,120,120,10,44971,1/13/2023 15:21,Distributor,existingbusiness,11664540014,10,1.8,0,237.6,216,,,,,,,,,,,,,,,
32667,10.02135284v2,10,,2,1,,1/12/2023 20:54,,,,5,,,,,60,2.56,184.32,,,,,,,,,,,,
32668,10.02132611v1,10,,2,1,,1/12/2023 16:50,,,,13,,,,,150,1.96,329.28,,,,,,,,,,,,
32669,10.0233942v1,10,,2,1,,1/12/2023 0:28,,,,17,,,,,200,1.96,423.36,,,,,,,,,,,,
32670,,70,,,1,44949,1/12/2023 12:23,,,,,,,,,,2.56,,29000,75,15154,34437,118,12873,96,103307,1/12/2023 0:27,1/23/2023,7,245.76
32670,,70,,,1,44949,1/12/2023 12:23,,,,,,,,,,2.56,,29001,75,15154,34439,118,12873,96,103307,1/12/2023 0:27,1/23/2023,7,245.76
32671,55.02135712v1,55,,114,1,,1/12/2023 12:22,,,,5,,,,,60,2.56,184.32,,,,,,,,,,,,
32672,932134967v3,93,824,120,10,44967,1/12/2023 17:34,Distributor,existingbusiness,11603193465,69,1.24,0,1041.6,1021.76,,,,,,,,,,,,,,,
32672,10.02134967v2,10,,2,3,,1/12/2023 17:34,,,,67,,,,,800,2.01,1640.16,,,,,,,,,,,,
32673,10.0274807v1,10,,2,3,,1/12/2023 18:16,,,,60,,,,,720,2.01,1471.32,,,,,,,,,,,,
32674,55.02135728v1,55,,114,4,,1/12/2023 17:33,,,,5,,,,,60,3,216,,,,,,,,,,,,
32674,55.02135739v1,55,,114,4,,1/12/2023 17:33,,,,5,,,,,60,3,216,,,,,,,,,,,,
32675,10.02105331v1,10,,2,3,,1/12/2023 16:40,,,,9,,,,,100,3.72,446.4,,,,,,,,,,,,
32676,10.0215748v3,10,,2,4,,1/12/2023 18:47,,,,10,,,,,120,2.71,357.72,,,,,,,,,,,,
32676,10.0230100v4,10,,2,4,,1/12/2023 18:47,,,,10,,,,,120,2.71,357.72,,,,,,,,,,,,
32677,10.0272962v1,10,,2,1,,1/12/2023 23:22,,,,5,,,,,60,2.56,184.32,,,,,,,,,,,,
32677,55.02135654v1,55,,114,1,,1/12/2023 23:22,,,,5,,,,,60,2.56,184.32,,,,,,,,,,,,
32678,10.02135690v2,10,,2,1,,1/12/2023 18:52,,,,5,,,,,60,2.56,184.32,,,,,,,,,,,,
32680,46.02131887v1,46,,113,1,,1/16/2023 21:15,,,,53,,,,,633,1.88,1218.24,,,,,,,,,,,,
32681,55.02121160v3,55,,114,1,,1/12/2023 19:49,,,,10,,,,,120,2.23,294.36,,,,,,,,,,,,
32683,10.02135425v1,10,,2,1,,1/16/2023 18:43,,,,10,,,,,120,2.23,294.36,,,,,,,,,,,,
32685,55.02129583v2,55,,114,1,,1/12/2023 21:32,,,,10,,,,,120,2.23,294.36,,,,,,,,,,,,
32686,920232657v3,920,500,26,5,44988,1/13/2023 20:39,Distributor,existingbusiness,11673876016,42,1.04,90,626.64,610,,,,,,,,,,,,,,,
32686,920232657v3,920,700,26,5,44993,1/13/2023 20:39,Distributor,existingbusiness,11673876016,59,1.04,90,838.8,818,,,,,,,,,,,,,,,
32687,10.02135845v1,10,,2,1,,1/12/2023 21:15,,,,5,,,,,60,2.56,184.32,,,,,,,,,,,,
32687,10.02135803v1,10,,2,1,,1/12/2023 21:15,,,,5,,,,,60,2.56,184.32,,,,,,,,,,,,
32687,10.02135813v1,10,,2,1,,1/12/2023 21:15,,,,5,,,,,60,2.56,184.32,,,,,,,,,,,,
32688,10.0245786v3,10,,2,1,,2/2/2023 21:27,,,,13,,,,,155,1.96,329.28,,,,,,,,,,,,
32689,10.02135847v1,10,,2,1,,1/12/2023 21:41,,,,10,,,,,120,2.23,294.36,,,,,,,,,,,,
32690,10.02140694v2,10,,2,3,,2/3/2023 23:58,,,,42,,,,,500,2.54,1310.64,,,,,,,,,,,,
32691,44.02135982v1,44,,21,3,,1/12/2023 22:26,,,,79,,,,,942,2.1,2016,,,,,,,,,,,,
32692,10.02133464v1,10,,2,3,,1/12/2023 22:33,,,,17,,,,,200,2.54,548.64,,,,,,,,,,,,
32693,10.02135791v1,10,,2,3,,1/12/2023 22:27,,,,42,,,,,500,2.54,1310.64,,,,,,,,,,,,
32694,10.0275585v4,10,,2,1,,1/12/2023 22:20,,,,42,,,,,500,1.96,1011.36,,,,,,,,,,,,
32695,46.0292083v1,46,,113,1,,1/19/2023 21:01,,,,36,,,,,425,1.96,870.24,,,,,,,,,,,,
32696,10.02135709v1,10,,2,3,,1/12/2023 22:18,,,,65,,,,,775,2.01,1591.92,,,,,,,,,,,,
32697,10.0226149v1,10,,2,1,,1/12/2023 22:23,,,,42,,,,,500,1.96,1011.36,,,,,,,,,,,,
32698,10.0226826v1,10,,2,1,,1/12/2023 22:45,,,,42,,,,,500,1.96,1011.36,,,,,,,,,,,,
32699,10.0233105v7,10,,2,1,,1/12/2023 22:28,,,,21,,,,,250,1.96,517.44,,,,,,,,,,,,
32700,10.0288654v1,10,,2,4,,1/13/2023 17:17,,,,10,,,,,120,2.71,357.72,,,,,,,,,,,,
32701,10.02112209v4,10,,2,1,,1/18/2023 18:02,,,,92,,,,,1100,1.79,1997.64,,,,,,,,,,,,
32702,10.0269217v4,10,,2,4,,1/13/2023 0:02,,,,10,,,,,120,2.71,357.72,,,,,,,,,,,,
32703,10.0274805v1,10,,2,4,,1/17/2023 13:46,,,,30,,,,,360,2.54,944.88,,,,,,,,,,,,
32705,55.02135161v1,55,,114,4,,1/16/2023 22:04,,,,5,,,,,60,3,216,,,,,,,,,,,,
32706,10.02112212v5,10,,2,3,,1/13/2023 14:19,,,,92,,,,,1100,2.01,2243.16,,,,,,,,,,,,
32708,10.02135118v1,10,,2,1,,1/13/2023 15:41,,,,13,,,,,150,1.96,329.28,,,,,,,,,,,,
32709,10.0289564v1,10,,2,3,,1/13/2023 0:18,,,,10,,,,,120,2.72,359.04,,,,,,,,,,,,
32710,10.02133848v1,10,,2,1,,1/13/2023 0:38,,,,10,,,,,120,2.23,294.36,,,,,,,,,,,,
32711,10.02112213v8,10,,2,1,,1/18/2023 18:02,,,,92,,,,,1100,1.79,1997.64,,,,,,,,,,,,
32712,55.02137174v1,55,,114,3,,1/18/2023 21:48,,,,5,,,,,60,3.88,279.36,,,,,,,,,,,,
32713,932134969v5,93,120,120,10,44973,1/13/2023 15:35,Wholesale,newbusiness,11501171623,10,1.8,0,237.6,216,,,,,,,,,,,,,,,
32714,10.02134738v1,10,,2,1,,1/13/2023 18:57,,,,13,,,,,150,1.96,329.28,,,,,,,,,,,,
32715,10.0268900v1,10,,2,3,,1/18/2023 17:12,,,,55,,,,,650,2.28,1532.16,,,,,,,,,,,,
32715,10.0268956v1,10,,2,3,,1/18/2023 17:12,,,,115,,,,,1380,2.01,2797.92,,,,,,,,,,,,
32715,10.0257502v1,10,,2,3,,1/18/2023 17:12,,,,64,,,,,760,2.01,1567.8,,,,,,,,,,,,
32716,10.02134677v3,10,,2,1,,1/13/2023 15:53,,,,21,,,,,250,1.96,517.44,,,,,,,,,,,,
32717,10.02135885v1,10,,2,3,,1/16/2023 16:22,,,,10,,,,,120,2.72,359.04,,,,,,,,,,,,
32718,10.02106491v1,10,,2,1,,1/13/2023 16:40,,,,42,,,,,500,1.96,1011.36,,,,,,,,,,,,
32718,10.0289307v1,10,,2,1,,1/13/2023 16:40,,,,42,,,,,500,1.96,1011.36,,,,,,,,,,,,
32719,46.02136021v1,46,,113,1,,1/13/2023 17:06,,,,17,,,,,200,1.96,423.36,,,,,,,,,,,,
32720,10.02135465v3,10,,2,1,,1/13/2023 16:49,,,,10,,,,,120,2.23,294.36,,,,,,,,,,,,
32722,55.02134994v4,55,,114,4,,1/13/2023 18:45,,,,5,,,,,60,3,216,,,,,,,,,,,,
32722,11.02135142v1,11,,3,4,,1/13/2023 18:45,,,,5,,,,,60,2.83,203.76,,,,,,,,,,,,
32723,10.02135238v2,10,,2,1,,1/13/2023 17:52,,,,5,,,,,60,2.56,184.32,,,,,,,,,,,,
32724,10.02136034v1,10,,2,1,,1/13/2023 18:17,,,,5,,,,,60,2.56,184.32,,,,,,,,,,,,
32725,55.02135980v1,55,,114,1,,1/13/2023 19:05,,,,5,,,,,60,2.56,184.32,,,,,,,,,,,,
32726,10.02135866v2,10,,2,1,,1/18/2023 15:07,,,,13,,,,,150,1.96,329.28,,,,,,,,,,,,
32727,10.02136052v1,10,,2,1,,1/13/2023 18:32,,,,17,,,,,200,1.96,423.36,,,,,,,,,,,,
32728,10.02135883v1,10,,2,1,,1/13/2023 19:22,,,,36,,,,,425,1.96,870.24,,,,,,,,,,,,
32728,10.02135882v1,10,,2,1,,1/13/2023 19:22,,,,36,,,,,425,1.96,870.24,,,,,,,,,,,,
32729,932136067v1,93,300,120,10,44972,1/13/2023 20:22,Direct,newbusiness,11660340619,25,1.42,0,443.04,426,,,,,,,,,,,,,,,
32730,10.02136077v1,10,,2,4,,1/13/2023 19:26,,,,5,,,,,60,2.83,203.76,,,,,,,,,,,,
32731,10.0231456v1,10,,2,3,,1/13/2023 19:34,,,,63,,,,,750,2.01,1543.68,,,,,,,,,,,,
32732,10.02134492v8,10,,2,1,,1/13/2023 20:04,,,,31,,,,,362,1.96,752.64,,,,,,,,,,,,
32733,10.02124137v1,10,,2,3,,1/18/2023 16:37,,,,13,,,,,156,2.54,426.72,,,,,,,,,,,,
32735,10.02135911v1,10,,2,1,,1/13/2023 21:49,,,,10,,,,,120,2.23,294.36,,,,,,,,,,,,
32736,10.02136120v1,10,,2,4,,1/16/2023 18:12,,,,5,,,,,60,2.83,203.76,,,,,,,,,,,,
32737,11.04119315v1,11,,3,4,,1/13/2023 21:49,,,,5,,,,,60,2.83,203.76,,,,,,,,,,,,
32738,10.02135826v1,10,,2,3,,1/16/2023 16:42,,,,5,,,,,60,3.8,273.6,,,,,,,,,,,,
32738,46.02135814v1,46,,113,3,,1/16/2023 16:42,,,,5,,,,,60,3.8,273.6,,,,,,,,,,,,
32739,55.02136066v1,55,,114,1,,1/13/2023 23:23,,,,230,,,,,2750,1.6,4435.2,,,,,,,,,,,,
32740,10.02135795v6,10,,2,1,,1/13/2023 22:31,,,,30,,,,,360,1.96,729.12,,,,,,,,,,,,
32741,10.02133193v3,10,,2,4,,1/16/2023 16:16,,,,8,,,,,90,2.83,305.64,,,,,,,,,,,,
32741,10.03136160v1,10,,2,4,,1/16/2023 16:16,,,,6,,,,,70,2.83,237.72,,,,,,,,,,,,
32742,10.02134538v2,10,,2,1,,1/16/2023 15:45,,,,17,,,,,200,1.96,423.36,,,,,,,,,,,,
32742,12.02134630v2,12,,4,1,,1/16/2023 15:45,,,,17,,,,,200,1.63,352.08,,,,,,,,,,,,
32744,10.0279832v1,10,,2,3,,1/13/2023 23:33,,,,23,,,,,275,2.54,731.52,,,,,,,,,,,,
32744,55.02134909v1,55,,114,3,,1/13/2023 23:33,,,,23,,,,,275,2.62,754.56,,,,,,,,,,,,
32745,10.02136163v1,10,,2,1,,1/15/2023 19:16,,,,34,,,,,400,1.96,823.2,,,,,,,,,,,,
32746,10.02112808v1,10,,2,3,,1/17/2023 15:49,,,,11,,,,,122,2.72,391.68,,,,,,,,,,,,
32747,10.0250290v2,10,,2,1,,1/16/2023 5:48,,,,5,,,,,60,2.56,184.32,,,,,,,,,,,,
32748,10.02112811v4,10,,2,3,,1/17/2023 21:58,,,,14,,,,,168,2.54,457.2,,,,,,,,,,,,
32751,10.0215208v1,10,,2,1,,1/15/2023 19:23,,,,34,,,,,400,1.96,823.2,,,,,,,,,,,,
32752,10.02135734v1,10,,2,4,,1/16/2023 10:39,,,,7,,,,,75,2.83,271.68,,,,,,,,,,,,
32753,10.02131596v3,10,,2,3,,1/16/2023 16:54,,,,10,,,,,120,2.72,359.04,,,,,,,,,,,,
32754,10.02103240v1,10,,2,4,,1/17/2023 18:54,,,,84,,,,,1000,2.01,2050.2,,,,,,,,,,,,
32755,10.02136478v1,10,,2,1,,1/17/2023 18:42,,,,5,,,,,60,2.56,184.32,,,,,,,,,,,,
32757,10.0296686v1,10,,2,3,,1/16/2023 18:11,,,,21,,,,,250,2.54,670.56,,,,,,,,,,,,
32759,10.02120628v2,10,,2,3,,1/16/2023 18:47,,,,10,,,,,120,2.72,359.04,,,,,,,,,,,,
32760,55.02136244v1,55,,114,4,,1/16/2023 18:49,,,,5,,,,,60,3,216,,,,,,,,,,,,
32761,10.02136299v1,10,,2,4,,1/16/2023 19:07,,,,5,,,,,60,2.83,203.76,,,,,,,,,,,,
32762,10.0299206v1,10,,2,4,,1/16/2023 18:59,,,,5,,,,,60,2.83,203.76,,,,,,,,,,,,
32763,10.02135850v1,10,,2,1,,1/16/2023 19:37,,,,10,,,,,120,2.23,294.36,,,,,,,,,,,,
32764,9102135125v2,910,600,25,5,44991,1/16/2023 22:18,Distributor,existingbusiness,10875405738,50,0.76,90,555.12,546,,,,,,,,,,,,,,,
32764,9102135126v2,910,600,25,5,44991,1/16/2023 22:18,Distributor,existingbusiness,10875405738,50,0.76,90,555.12,546,,,,,,,,,,,,,,,
32765,10.02135669v1,10,,2,4,,1/16/2023 22:31,,,,5,,,,,60,2.83,203.76,,,,,,,,,,,,
32766,10.02136375v1,10,,2,4,,1/16/2023 21:15,,,,5,,,,,60,2.83,203.76,,,,,,,,,,,,
32767,10.01136294v1,10,,2,4,,1/17/2023 15:41,,,,6,,,,,70,2.83,237.72,,,,,,,,,,,,
32767,10.03136293v1,10,,2,4,,1/17/2023 15:41,,,,11,,,,,130,2.71,390.24,,,,,,,,,,,,
32768,10.02133809v2,10,,2,1,,1/17/2023 15:23,,,,13,,,,,150,1.96,329.28,,,,,,,,,,,,
32769,10.0240299v1,10,,2,1,,1/16/2023 23:26,,,,5,,,,,60,2.56,184.32,,,,,,,,,,,,
32770,10.0216829v1,10,,2,1,,1/17/2023 21:12,,,,10,,,,,120,2.23,294.36,,,,,,,,,,,,
32771,13.0533439v1,13,,5,3,,1/18/2023 17:00,,,,21,,,,,250,1.58,417.12,,,,,,,,,,,,
32772,10.0296243v1,10,,2,3,,1/17/2023 17:11,,,,10,,,,,120,2.72,359.04,,,,,,,,,,,,
32772,10.0293065v2,10,,2,3,,1/17/2023 17:11,,,,10,,,,,120,2.72,359.04,,,,,,,,,,,,
32775,10.02132197v2,10,,2,1,,1/20/2023 17:18,,,,7,,,,,80,2.56,245.76,,,,,,,,,,,,
32777,10.02136351v1,10,,2,3,,1/18/2023 18:02,,,,20,,,,,240,2.54,640.08,,,,,,,,,,,,
32777,10.02136352v2,10,,2,3,,1/18/2023 18:02,,,,20,,,,,240,2.54,640.08,,,,,,,,,,,,
32778,10.03136348v1,10,,2,3,,1/17/2023 19:11,,,,10,,,,,120,2.72,359.04,,,,,,,,,,,,
32779,10.02135639v1,10,,2,4,,1/17/2023 18:51,,,,60,,,,,720,2.01,1471.32,,,,,,,,,,,,
32780,10.02121868v1,10,,2,1,,1/17/2023 19:10,,,,42,,,,,500,1.96,1011.36,,,,,,,,,,,,
32781,12.02136475v1,12,,4,3,,1/17/2023 20:29,,,,11,,,,,125,2.47,355.68,,,,,,,,,,,,
32781,12.02136476v1,12,,4,3,,1/17/2023 20:29,,,,11,,,,,125,2.47,355.68,,,,,,,,,,,,
32782,55.02136288v4,55,,114,1,,1/23/2023 19:24,,,,13,,,,,150,1.96,329.28,,,,,,,,,,,,
32783,10.02136423v1,10,,2,3,,1/17/2023 19:30,,,,25,,,,,300,2.54,792.48,,,,,,,,,,,,
32784,55.02136001v2,55,,114,1,,1/17/2023 20:35,,,,36,,,,,425,1.96,870.24,,,,,,,,,,,,
32785,10.02133591v1,10,,2,1,,1/17/2023 21:14,,,,9,,,,,100,2.56,307.2,,,,,,,,,,,,
32786,55.02119067v2,55,,114,1,,1/17/2023 21:20,,,,9,,,,,100,2.56,307.2,,,,,,,,,,,,
32787,10.02131147v1,10,,2,3,,1/17/2023 21:17,,,,17,,,,,200,2.54,548.64,,,,,,,,,,,,
32788,10.02136609v2,10,,2,1,,1/26/2023 18:15,,,,10,,,,,120,2.23,294.36,,,,,,,,,,,,
32789,932136855v1,93,300,120,10,44974,1/17/2023 23:26,Direct,existingbusiness,11733879910,25,1.42,0,443.04,426,,,,,,,,,,,,,,,
32790,10.02135591v1,10,,2,3,,1/19/2023 20:16,,,,30,,,,,360,2.54,944.88,,,,,,,,,,,,
32791,10.0286618v3,10,,2,1,,1/17/2023 21:55,,,,12,,,,,135,1.96,305.76,,,,,,,,,,,,
32792,10.0221917v1,10,,2,1,,1/17/2023 22:01,,,,12,,,,,135,1.96,305.76,,,,,,,,,,,,
32793,10.02134791v2,10,,2,3,,1/20/2023 19:03,,,,17,,,,,200,2.54,548.64,,,,,,,,,,,,
32794,10.02135184v4,10,,2,3,,1/17/2023 22:25,,,,20,,,,,240,2.54,640.08,,,,,,,,,,,,
32795,10.0354590v2,10,,2,1,,1/17/2023 22:32,,,,17,,,,,200,1.96,423.36,,,,,,,,,,,,
32795,10.0278252v1,10,,2,1,,1/17/2023 22:32,,,,17,,,,,200,1.96,423.36,,,,,,,,,,,,
32796,10.02131022v1,10,,2,1,,1/17/2023 23:34,,,,30,,,,,360,1.96,729.12,,,,,,,,,,,,
32797,10.02135337v1,10,,2,1,,1/18/2023 21:44,,,,17,,,,,200,1.96,423.36,,,,,,,,,,,,
32798,10.0356551v4,10,,2,3,,1/18/2023 14:11,,,,217,,,,,2600,1.72,4499.52,,,,,,,,,,,,
32799,10.02136644v2,10,,2,3,,1/20/2023 19:24,,,,11,,,,,125,2.72,391.68,,,,,,,,,,,,
32800,10.0215748v3,10,,2,4,,1/19/2023 18:29,,,,10,,,,,120,2.71,357.72,,,,,,,,,,,,
32800,10.0230100v4,10,,2,4,,1/19/2023 18:29,,,,10,,,,,120,2.71,357.72,,,,,,,,,,,,
32801,10.02131729v2,10,,2,4,,1/18/2023 18:02,,,,5,,,,,60,2.83,203.76,,,,,,,,,,,,
32802,55.02134907v1,55,,114,3,,1/18/2023 19:36,,,,21,,,,,250,2.62,691.68,,,,,,,,,,,,
32803,10.02134355v2,10,,2,4,,1/19/2023 23:05,,,,7,,,,,77,2.83,271.68,,,,,,,,,,,,
32804,10.02134961v4,10,,2,1,,1/18/2023 22:06,,,,5,,,,,60,2.56,184.32,,,,,,,,,,,,
32805,10.02136183v1,10,,2,1,,1/18/2023 14:23,,,,17,,,,,200,1.96,423.36,,,,,,,,,,,,
32805,10.02136186v1,10,,2,1,,1/18/2023 14:23,,,,17,,,,,200,1.96,423.36,,,,,,,,,,,,
32806,10.026879v2,10,,2,1,,1/18/2023 21:25,,,,25,,,,,300,1.96,611.52,,,,,,,,,,,,
32807,10.0322216v2,10,,2,1,,1/18/2023 15:13,,,,42,,,,,500,1.96,1011.36,,,,,,,,,,,,
32808,10.02132418v1,10,,2,3,,1/18/2023 17:23,,,,10,,,,,120,2.72,359.04,,,,,,,,,,,,
32809,10.02126247v2,10,,2,4,,1/18/2023 17:41,,,,5,,,,,60,2.83,203.76,,,,,,,,,,,,
32810,10.02134476v2,10,,2,1,,1/19/2023 16:27,,,,42,,,,,500,1.96,1011.36,,,,,,,,,,,,
32812,10.02131583v1,10,,2,3,,1/18/2023 15:43,,,,11,,,,,125,2.72,391.68,,,,,,,,,,,,
32813,10.02123905v2,10,,2,1,,1/18/2023 17:00,,,,7,,,,,82,2.56,245.76,,,,,,,,,,,,
32813,10.02123903v2,10,,2,1,,1/18/2023 17:00,,,,7,,,,,82,2.56,245.76,,,,,,,,,,,,
32814,10.02135455v1,10,,2,3,,1/20/2023 20:12,,,,34,,,,,400,2.54,1066.8,,,,,,,,,,,,
32815,10.02117316v1,10,,2,4,,1/18/2023 17:18,,,,30,,,,,350,2.54,944.88,,,,,,,,,,,,
32816,55.02136908v2,55,,114,4,,1/18/2023 17:29,,,,6,,,,,61,3,252,,,,,,,,,,,,
32817,10.02122338v5,10,,2,1,,1/18/2023 18:18,,,,21,,,,,250,1.96,517.44,,,,,,,,,,,,
32818,55.02136456v1,55,,114,4,,1/19/2023 15:18,,,,5,,,,,60,3,216,,,,,,,,,,,,
32819,10.0268268v2,10,,2,3,,1/18/2023 18:51,,,,5,,,,,60,3.8,273.6,,,,,,,,,,,,
32820,10.0322216v2,10,,2,1,,1/18/2023 18:20,,,,42,,,,,500,1.96,1011.36,,,,,,,,,,,,
32821,10.02133967v3,10,,2,1,,1/18/2023 20:08,,,,15,,,,,180,1.96,376.32,,,,,,,,,,,,
32822,10.02135383v5,10,,2,1,,1/18/2023 18:35,,,,20,,,,,240,1.96,493.92,,,,,,,,,,,,
32823,55.02136190v2,55,,114,3,,1/18/2023 20:45,,,,11,,,,,125,2.8,403.2,,,,,,,,,,,,
32824,55.02114419v1,55,,114,3,,1/18/2023 23:43,,,,10,,,,,120,2.8,369.6,,,,,,,,,,,,
32825,10.02135936v1,10,,2,1,,1/18/2023 22:42,,,,5,,,,,60,2.56,184.32,,,,,,,,,,,,
32826,10.02120975v1,10,,2,4,,1/18/2023 22:21,,,,6,,,,,62,2.83,237.72,,,,,,,,,,,,
32827,10.0265765v1,10,,2,3,,1/18/2023 20:01,,,,30,,,,,360,2.54,944.88,,,,,,,,,,,,
32828,17.02136337v2,17,,9,4,,1/18/2023 20:35,,,,5,,,,,60,2.83,203.76,,,,,,,,,,,,
32829,10.0225005v8,10,,2,4,,1/18/2023 20:37,,,,5,,,,,60,2.83,203.76,,,,,,,,,,,,
32829,10.0225005v7,10,,2,4,,1/18/2023 20:37,,,,5,,,,,60,2.83,203.76,,,,,,,,,,,,
32830,10.02136022v1,10,,2,3,,1/18/2023 21:38,,,,17,,,,,200,2.54,548.64,,,,,,,,,,,,
32831,55.02137013v1,55,,114,3,,1/18/2023 22:02,,,,55,,,,,650,2.36,1585.92,,,,,,,,,,,,
32832,,70,,,1,44951,1/19/2023 16:00,,,,,,,,,,1.96,,28965,275,15357,34819,118,13046,288,106690,1/19/2023 13:04,1/25/2023,23,564.48
32833,10.0288654v1,10,,2,4,,1/19/2023 16:46,,,,6,,,,,69,2.83,237.72,,,,,,,,,,,,
32834,10.02129471v1,10,,2,1,,1/19/2023 15:10,,,,21,,,,,250,1.96,517.44,,,,,,,,,,,,
32835,10.02107925v1,10,,2,4,,1/18/2023 22:55,,,,5,,,,,60,2.83,203.76,,,,,,,,,,,,
32836,10.02129973v1,10,,2,3,,1/18/2023 22:40,,,,5,,,,,60,3.8,273.6,,,,,,,,,,,,
32836,10.02134495v1,10,,2,3,,1/18/2023 22:40,,,,7,,,,,81,3.8,364.8,,,,,,,,,,,,
32836,10.02134496v1,10,,2,3,,1/18/2023 22:40,,,,5,,,,,60,3.8,273.6,,,,,,,,,,,,
32836,10.02131793v1,10,,2,3,,1/18/2023 22:40,,,,5,,,,,60,3.8,273.6,,,,,,,,,,,,
32836,10.02131792v1,10,,2,3,,1/18/2023 22:40,,,,5,,,,,60,3.8,273.6,,,,,,,,,,,,
32837,10.02125287v1,10,,2,1,,1/18/2023 22:36,,,,28,,,,,325,1.96,682.08,,,,,,,,,,,,
32839,10.02136884v2,10,,2,4,,1/18/2023 23:52,,,,50,,,,,600,2.28,1395.36,,,,,,,,,,,,
32839,10.02136884v1,10,,2,4,,1/18/2023 23:52,,,,50,,,,,600,2.28,1395.36,,,,,,,,,,,,
32840,10.02137338v1,10,,2,4,,1/19/2023 15:10,,,,7,,,,,75,2.83,271.68,,,,,,,,,,,,
32841,10.0237764v1,10,,2,1,,1/19/2023 1:38,,,,5,,,,,60,2.56,184.32,,,,,,,,,,,,
32841,10.0237749v1,10,,2,1,,1/19/2023 1:38,,,,5,,,,,60,2.56,184.32,,,,,,,,,,,,
32842,10.02137297v1,10,,2,4,,1/20/2023 16:00,,,,5,,,,,60,2.83,203.76,,,,,,,,,,,,
32843,10.02136939v1,10,,2,1,,1/19/2023 17:05,,,,11,,,,,124,2.23,321.12,,,,,,,,,,,,
32844,10.0373002v1,10,,2,4,,1/19/2023 17:24,,,,5,,,,,60,2.83,203.76,,,,,,,,,,,,
32845,10.02133867v1,10,,2,1,,1/20/2023 16:56,,,,6,,,,,63,2.56,215.04,,,,,,,,,,,,
32846,10.0232805v1,10,,2,1,,1/23/2023 19:36,,,,35,,,,,420,1.96,846.72,,,,,,,,,,,,
32847,10.02135957v3,10,,2,1,,1/20/2023 15:51,,,,21,,,,,250,1.96,517.44,,,,,,,,,,,,
32847,10.02135957v2,10,,2,1,,1/20/2023 15:51,,,,21,,,,,250,1.96,517.44,,,,,,,,,,,,
32848,10.02136118v1,10,,2,1,,1/19/2023 16:51,,,,21,,,,,250,1.96,517.44,,,,,,,,,,,,
32848,10.02135358v1,10,,2,1,,1/19/2023 16:51,,,,21,,,,,250,1.96,517.44,,,,,,,,,,,,
32849,10.02135750v2,10,,2,3,,1/19/2023 16:57,,,,7,,,,,80,3.8,364.8,,,,,,,,,,,,
32850,10.02116920v2,10,,2,1,,1/19/2023 17:14,,,,10,,,,,120,2.23,294.36,,,,,,,,,,,,
32851,10.0220333v3,10,,2,3,,1/19/2023 17:33,,,,50,,,,,600,2.28,1395.36,,,,,,,,,,,,
32852,10.02137354v2,10,,2,1,,1/19/2023 17:52,,,,13,,,,,150,1.96,329.28,,,,,,,,,,,,
32853,10.02136906v1,10,,2,4,,1/19/2023 20:49,,,,9,,,,,100,2.83,339.6,,,,,,,,,,,,
32854,10.02101182v2,10,,2,3,,1/26/2023 17:14,,,,25,,,,,300,2.54,792.48,,,,,,,,,,,,
32855,10.02139096v1,10,,2,1,,1/26/2023 15:03,,,,42,,,,,500,1.96,1011.36,,,,,,,,,,,,
32855,10.02139091v1,10,,2,1,,1/26/2023 15:03,,,,167,,,,,2000,1.71,3447.36,,,,,,,,,,,,
32856,10.02135711v3,10,,2,1,,1/19/2023 22:52,,,,21,,,,,250,1.96,517.44,,,,,,,,,,,,
32857,10.02137364v1,10,,2,1,,1/19/2023 19:08,,,,10,,,,,120,2.23,294.36,,,,,,,,,,,,
32858,10.02136008v2,10,,2,1,,1/19/2023 19:05,,,,5,,,,,60,2.56,184.32,,,,,,,,,,,,
32858,10.02136008v1,10,,2,1,,1/19/2023 19:05,,,,5,,,,,60,2.56,184.32,,,,,,,,,,,,
32859,10.02133983v1,10,,2,1,,1/19/2023 19:13,,,,10,,,,,120,2.23,294.36,,,,,,,,,,,,
32860,10.02136618v2,10,,2,4,,1/19/2023 21:11,,,,6,,,,,70,2.83,237.72,,,,,,,,,,,,
32861,14.06136554v2,14,,6,3,,1/19/2023 19:51,,,,20,,,,,240,1.58,398.16,,,,,,,,,,,,
32862,10.02131039v1,10,,2,4,,1/19/2023 21:54,,,,8,,,,,90,2.83,305.64,,,,,,,,,,,,
32863,46.02137664v1,46,,113,1,,1/19/2023 22:27,,,,21,,,,,250,1.96,517.44,,,,,,,,,,,,
32864,10.02137757v1,10,,2,1,,1/19/2023 22:46,,,,5,,,,,60,2.56,184.32,,,,,,,,,,,,
32865,10.02136687v3,10,,2,4,,1/20/2023 0:38,,,,117,,,,,1400,2.01,2846.16,,,,,,,,,,,,
32867,10.02137429v1,10,,2,4,,1/20/2023 12:55,,,,5,,,,,60,2.83,203.76,,,,,,,,,,,,
32867,10.02137432v1,10,,2,4,,1/20/2023 12:55,,,,5,,,,,60,2.83,203.76,,,,,,,,,,,,
32868,10.02137836v1,10,,2,1,,1/20/2023 1:41,,,,5,,,,,60,2.56,184.32,,,,,,,,,,,,
32869,10.02135607v1,10,,2,1,,1/24/2023 0:38,,,,25,,,,,300,1.96,611.52,,,,,,,,,,,,
32870,55.02135696v1,55,,114,1,,1/20/2023 23:18,,,,5,,,,,60,2.56,184.32,,,,,,,,,,,,
32870,46.02135699v1,46,,113,1,,1/20/2023 23:18,,,,5,,,,,60,2.56,184.32,,,,,,,,,,,,
32871,10.0248827v1,10,,2,1,,1/21/2023 18:54,,,,8,,,,,96,2.56,276.48,,,,,,,,,,,,
32873,10.029297v1,10,,2,1,,1/23/2023 14:56,,,,9,,,,,100,2.56,307.2,,,,,,,,,,,,
32874,10.0285954v4,10,,2,1,,1/20/2023 17:46,,,,5,,,,,60,2.56,184.32,,,,,,,,,,,,
32875,10.0227846v2,10,,2,1,,1/20/2023 16:19,,,,10,,,,,120,2.23,294.36,,,,,,,,,,,,
32876,10.0225476v1,10,,2,1,,1/23/2023 15:21,,,,20,,,,,240,1.96,493.92,,,,,,,,,,,,
32876,10.0225477v1,10,,2,1,,1/23/2023 15:21,,,,20,,,,,240,1.96,493.92,,,,,,,,,,,,
32877,10.02116918v3,10,,2,3,,1/23/2023 15:39,,,,21,,,,,250,2.54,670.56,,,,,,,,,,,,
32878,10.02108277v1,10,,2,3,,1/20/2023 23:42,,,,42,,,,,500,2.54,1310.64,,,,,,,,,,,,
32880,10.02137797v1,10,,2,4,,1/20/2023 19:57,,,,39,,,,,465,2.54,1219.2,,,,,,,,,,,,
32881,55.02136247v6,55,,114,3,,1/20/2023 20:39,,,,11,,,,,130,2.8,403.2,,,,,,,,,,,,
32882,10.0267032v2,10,,2,3,,1/20/2023 19:30,,,,10,,,,,120,2.72,359.04,,,,,,,,,,,,
32883,46.02133163v1,46,,113,1,,1/20/2023 21:30,,,,30,,,,,360,1.96,729.12,,,,,,,,,,,,
32884,10.02135089v1,10,,2,1,,1/23/2023 16:07,,,,21,,,,,250,1.96,517.44,,,,,,,,,,,,
32885,10.02137119v1,10,,2,3,,1/20/2023 21:03,,,,16,,,,,185,2.54,518.16,,,,,,,,,,,,
32886,10.02137980v1,10,,2,1,,1/20/2023 21:31,,,,105,,,,,1250,1.71,2175.12,,,,,,,,,,,,
32887,10.02134727v2,10,,2,4,,1/24/2023 15:32,,,,25,,,,,300,2.54,792.48,,,,,,,,,,,,
32887,10.02135215v2,10,,2,4,,1/24/2023 15:32,,,,25,,,,,300,2.54,792.48,,,,,,,,,,,,
32888,55.02138015v1,55,,114,3,,1/20/2023 21:14,,,,5,,,,,60,3.88,279.36,,,,,,,,,,,,
32889,10.02134411v1,10,,2,1,,1/20/2023 21:47,,,,5,,,,,60,2.56,184.32,,,,,,,,,,,,
32890,10.0231293v1,10,,2,3,,1/20/2023 22:04,,,,167,,,,,2000,2.01,4052.16,,,,,,,,,,,,
32891,17.02128504v3,17,,9,4,,1/23/2023 23:12,,,,20,,,,,240,2.54,640.08,,,,,,,,,,,,
32891,55.02128506v3,55,,114,4,,1/23/2023 23:12,,,,20,,,,,240,2.7,680.4,,,,,,,,,,,,
32892,10.0268273v1,10,,2,1,,1/20/2023 22:35,,,,5,,,,,60,2.56,184.32,,,,,,,,,,,,
32893,12.02136393v1,12,,4,1,,1/23/2023 16:35,,,,80,,,,,960,1.46,1419.12,,,,,,,,,,,,
32894,10.02133573v1,10,,2,1,,1/20/2023 23:12,,,,42,,,,,500,1.96,1011.36,,,,,,,,,,,,
32895,10.02119383v1,10,,2,3,,1/21/2023 0:14,,,,6,,,,,65,3.8,319.2,,,,,,,,,,,,
32895,10.02119378v1,10,,2,3,,1/21/2023 0:14,,,,6,,,,,65,3.8,319.2,,,,,,,,,,,,
32895,10.02119381v1,10,,2,3,,1/21/2023 0:14,,,,6,,,,,65,3.8,319.2,,,,,,,,,,,,
32895,10.02119386v1,10,,2,3,,1/21/2023 0:14,,,,6,,,,,65,3.8,319.2,,,,,,,,,,,,
32896,10.02119039v3,10,,2,4,,1/21/2023 0:21,,,,9,,,,,100,2.83,339.6,,,,,,,,,,,,
32897,10.02131925v1,10,,2,1,,1/23/2023 14:27,,,,5,,,,,60,2.56,184.32,,,,,,,,,,,,
32897,10.02136125v2,10,,2,1,,1/23/2023 14:27,,,,5,,,,,60,2.56,184.32,,,,,,,,,,,,
32897,10.02131923v1,10,,2,1,,1/23/2023 14:27,,,,5,,,,,60,2.56,184.32,,,,,,,,,,,,
32898,10.0269912v1,10,,2,3,,1/21/2023 1:26,,,,10,,,,,120,2.72,359.04,,,,,,,,,,,,
32899,10.02137145v1,10,,2,1,,1/21/2023 1:48,,,,5,,,,,60,2.56,184.32,,,,,,,,,,,,
32899,10.02137143v1,10,,2,1,,1/21/2023 1:48,,,,5,,,,,60,2.56,184.32,,,,,,,,,,,,
32900,55.02135804v3,55,,114,1,,1/22/2023 18:13,,,,21,,,,,250,1.96,517.44,,,,,,,,,,,,
32901,55.02137091v1,55,,114,1,,1/23/2023 0:59,,,,5,,,,,60,2.56,184.32,,,,,,,,,,,,
32902,10.02137414v2,10,,2,1,,1/23/2023 19:16,,,,34,,,,,401,1.96,823.2,,,,,,,,,,,,
32903,10.02137972v2,10,,2,3,,1/24/2023 17:11,,,,5,,,,,60,3.8,273.6,,,,,,,,,,,,
32904,10.02135001v2,10,,2,4,,1/23/2023 18:46,,,,21,,,,,250,2.54,670.56,,,,,,,,,,,,
32904,10.02136053v1,10,,2,4,,1/23/2023 18:46,,,,21,,,,,250,2.54,670.56,,,,,,,,,,,,
32905,10.02138259v1,10,,2,4,,1/23/2023 16:56,,,,106,,,,,1265,2.01,2580.84,,,,,,,,,,,,
32906,10.02136303v2,10,,2,1,,1/23/2023 16:53,,,,30,,,,,360,1.96,729.12,,,,,,,,,,,,
32907,10.02100873v1,10,,2,1,,1/23/2023 16:26,,,,30,,,,,360,1.96,729.12,,,,,,,,,,,,
32908,10.02131376v2,10,,2,4,,1/23/2023 17:26,,,,6,,,,,72,2.83,237.72,,,,,,,,,,,,
32909,10.02127971v1,10,,2,3,,1/23/2023 17:06,,,,21,,,,,250,2.54,670.56,,,,,,,,,,,,
32911,10.02138071v1,10,,2,1,,1/23/2023 20:38,,,,6,,,,,70,2.56,215.04,,,,,,,,,,,,
32912,10.02130854v5,10,,2,1,,1/23/2023 19:29,,,,5,,,,,60,2.56,184.32,,,,,,,,,,,,
32913,10.02136079v1,10,,2,1,,1/23/2023 21:20,,,,5,,,,,60,2.56,184.32,,,,,,,,,,,,
32913,10.02135602v3,10,,2,1,,1/23/2023 21:20,,,,5,,,,,60,2.56,184.32,,,,,,,,,,,,
32914,10.02135240v3,10,,2,1,,1/23/2023 20:11,,,,5,,,,,60,2.56,184.32,,,,,,,,,,,,
32915,46.02135905v2,46,,113,3,,1/23/2023 20:25,,,,5,,,,,60,3.8,273.6,,,,,,,,,,,,
32915,46.02135903v2,46,,113,3,,1/23/2023 20:25,,,,5,,,,,60,3.8,273.6,,,,,,,,,,,,
32915,10.02134724v3,10,,2,3,,1/23/2023 20:25,,,,5,,,,,60,3.8,273.6,,,,,,,,,,,,
32915,10.02134730v4,10,,2,3,,1/23/2023 20:25,,,,5,,,,,60,3.8,273.6,,,,,,,,,,,,
32916,10.02136019v3,10,,2,3,,1/23/2023 20:43,,,,8,,,,,90,3.72,401.76,,,,,,,,,,,,
32917,44.02137554v3,44,,21,3,,1/23/2023 20:55,,,,5,,,,,60,3.88,279.36,,,,,,,,,,,,
32917,44.02137546v3,44,,21,3,,1/23/2023 20:55,,,,5,,,,,60,3.88,279.36,,,,,,,,,,,,
32918,10.02137815v1,10,,2,3,,1/23/2023 21:08,,,,9,,,,,100,3.72,446.4,,,,,,,,,,,,
32920,10.02129495v1,10,,2,1,,1/23/2023 21:38,,,,17,,,,,200,1.96,423.36,,,,,,,,,,,,
32922,10.0287375v1,10,,2,3,,1/24/2023 11:52,,,,20,,,,,240,2.54,640.08,,,,,,,,,,,,
32923,10.02129551v4,10,,2,3,,1/23/2023 21:58,,,,5,,,,,60,3.8,273.6,,,,,,,,,,,,
32924,17.0247394v1,17,,9,3,,1/24/2023 15:09,,,,34,,,,,400,2.54,1066.8,,,,,,,,,,,,
32925,10.0268891v1,10,,2,3,,1/24/2023 16:48,,,,100,,,,,1200,2.01,2436.12,,,,,,,,,,,,
32926,10.0217376v5,10,,2,3,,1/24/2023 16:49,,,,100,,,,,1200,2.01,2436.12,,,,,,,,,,,,
32927,10.02118438v1,10,,2,1,,1/27/2023 0:15,,,,6,,,,,63,2.56,215.04,,,,,,,,,,,,
32928,10.02137771v1,10,,2,3,,1/24/2023 15:12,,,,7,,,,,75,3.8,364.8,,,,,,,,,,,,
32929,10.0298066v1,10,,2,4,,1/24/2023 17:02,,,,5,,,,,60,2.83,203.76,,,,,,,,,,,,
32930,10.02136493v1,10,,2,1,,1/24/2023 0:07,,,,10,,,,,120,2.23,294.36,,,,,,,,,,,,
32930,10.02136495v1,10,,2,1,,1/24/2023 0:07,,,,10,,,,,120,2.23,294.36,,,,,,,,,,,,
32931,10.02137998v1,10,,2,3,,1/24/2023 15:47,,,,84,,,,,1000,2.01,2050.2,,,,,,,,,,,,
32932,10.02136490v1,10,,2,3,,1/24/2023 15:44,,,,17,,,,,200,2.54,548.64,,,,,,,,,,,,
32933,10.0267861v1,10,,2,1,,1/24/2023 16:48,,,,100,,,,,1200,1.71,2072.52,,,,,,,,,,,,
32934,10.02126414v1,10,,2,3,,1/24/2023 3:26,,,,5,,,,,60,3.8,273.6,,,,,,,,,,,,
32935,10.02138369v5,10,,2,3,,1/24/2023 13:37,,,,5,,,,,60,3.8,273.6,,,,,,,,,,,,
32936,10.02138103v1,10,,2,3,,1/24/2023 22:19,,,,10,,,,,120,2.72,359.04,,,,,,,,,,,,
32937,10.02128468v2,10,,2,4,,1/24/2023 15:37,,,,5,,,,,60,2.83,203.76,,,,,,,,,,,,
32938,10.02116607v1,10,,2,4,,1/24/2023 18:34,,,,42,,,,,500,2.54,1310.64,,,,,,,,,,,,
32939,10.02103945v2,10,,2,3,,1/24/2023 16:52,,,,9,,,,,100,3.72,446.4,,,,,,,,,,,,
32940,10.02137288v2,10,,2,4,,1/24/2023 17:35,,,,19,,,,,225,2.54,609.6,,,,,,,,,,,,
32941,10.02118668v2,10,,2,4,,1/24/2023 20:52,,,,10,,,,,120,2.71,357.72,,,,,,,,,,,,
32942,10.02108395v1,10,,2,1,,1/24/2023 18:30,,,,10,,,,,120,2.23,294.36,,,,,,,,,,,,
32942,10.02108395v3,10,,2,1,,1/24/2023 18:30,,,,10,,,,,120,2.23,294.36,,,,,,,,,,,,
32942,10.02108395v2,10,,2,1,,1/24/2023 18:30,,,,10,,,,,120,2.23,294.36,,,,,,,,,,,,
32943,55.02137967v2,55,,114,4,,1/24/2023 18:20,,,,9,,,,,100,3,360,,,,,,,,,,,,
32945,10.02138539v1,10,,2,3,,1/24/2023 18:55,,,,17,,,,,200,2.54,548.64,,,,,,,,,,,,
32946,10.028200v3,10,,2,1,,1/24/2023 18:56,,,,17,,,,,200,1.96,423.36,,,,,,,,,,,,
32947,10.02136869v3,10,,2,1,,1/24/2023 20:47,,,,60,,,,,720,1.79,1310.28,,,,,,,,,,,,
32948,10.02139607v2,10,,2,4,,1/26/2023 16:46,,,,6,,,,,65,2.83,237.72,,,,,,,,,,,,
32949,10.027975v1,10,,2,3,,1/25/2023 16:47,,,,259,,,,,3100,1.72,5366.4,,,,,,,,,,,,
32950,10.02138404v1,10,,2,1,,1/24/2023 20:19,,,,10,,,,,120,2.23,294.36,,,,,,,,,,,,
32950,10.02138401v1,10,,2,1,,1/24/2023 20:19,,,,10,,,,,120,2.23,294.36,,,,,,,,,,,,
32950,10.02138396v2,10,,2,1,,1/24/2023 20:19,,,,10,,,,,120,2.23,294.36,,,,,,,,,,,,
32952,10.02118313v1,10,,2,3,,1/24/2023 22:20,,,,7,,,,,74,3.8,364.8,,,,,,,,,,,,
32953,10.02133679v1,10,,2,1,,1/31/2023 10:43,,,,21,,,,,250,1.96,517.44,,,,,,,,,,,,
32954,10.02118872v1,10,,2,1,,1/25/2023 21:37,,,,10,,,,,120,2.23,294.36,,,,,,,,,,,,
32955,10.02136342v3,10,,2,3,,1/27/2023 15:09,,,,23,,,,,265,2.54,731.52,,,,,,,,,,,,
32957,55.02138382v1,55,,114,3,,1/25/2023 0:01,,,,10,,,,,120,2.8,369.6,,,,,,,,,,,,
32957,55.02138383v1,55,,114,3,,1/25/2023 0:01,,,,10,,,,,120,2.8,369.6,,,,,,,,,,,,
32957,55.02138385v1,55,,114,3,,1/25/2023 0:01,,,,10,,,,,120,2.8,369.6,,,,,,,,,,,,
32958,10.029188v3,10,,2,3,,1/28/2023 0:35,,,,34,,,,,400,2.54,1066.8,,,,,,,,,,,,
32959,10.02132918v1,10,,2,1,,1/25/2023 18:30,,,,5,,,,,60,2.56,184.32,,,,,,,,,,,,
32960,10.02130856v1,10,,2,3,,2/13/2023 15:14,,,,6,,,,,70,2.85,239.4,,,,,,,,,,,,
32961,10.0196857v1,10,,2,1,,1/25/2023 14:00,,,,17,,,,,200,1.96,423.36,,,,,,,,,,,,
32961,10.0396858v1,10,,2,1,,1/25/2023 14:00,,,,17,,,,,200,1.96,423.36,,,,,,,,,,,,
32962,55.0298075v2,55,,114,1,,1/25/2023 22:00,,,,20,,,,,240,1.96,493.92,,,,,,,,,,,,
32963,55.02138064v2,55,,114,1,,1/25/2023 12:22,,,,17,,,,,200,1.96,423.36,,,,,,,,,,,,
32963,10.02138073v2,10,,2,1,,1/25/2023 12:22,,,,17,,,,,200,1.96,423.36,,,,,,,,,,,,
32964,10.0261947v4,10,,2,1,,1/25/2023 12:26,,,,20,,,,,240,1.96,493.92,,,,,,,,,,,,
32965,10.02138820v1,10,,2,3,,1/25/2023 15:55,,,,10,,,,,120,2.72,359.04,,,,,,,,,,,,
32966,10.0284377v1,10,,2,4,,1/25/2023 18:43,,,,11,,,,,127,2.71,390.24,,,,,,,,,,,,
32968,10.0294005v1,10,,2,3,,1/25/2023 15:45,,,,13,,,,,150,2.54,426.72,,,,,,,,,,,,
32969,10.02122502v1,10,,2,1,,1/25/2023 16:47,,,,20,,,,,240,1.96,493.92,,,,,,,,,,,,
32970,10.02138260v2,10,,2,1,,1/25/2023 17:41,,,,42,,,,,500,1.96,1011.36,,,,,,,,,,,,
32971,10.02116797v1,10,,2,4,,1/25/2023 16:10,,,,5,,,,,60,2.83,203.76,,,,,,,,,,,,
32972,10.02116655v1,10,,2,3,,1/26/2023 19:29,,,,17,,,,,200,2.54,548.64,,,,,,,,,,,,
32973,10.02137579v2,10,,2,3,,1/26/2023 15:14,,,,21,,,,,250,2.54,670.56,,,,,,,,,,,,
32974,10.0286960v1,10,,2,3,,1/25/2023 17:04,,,,13,,,,,153,2.54,426.72,,,,,,,,,,,,
32976,10.02134837v2,10,,2,4,,1/25/2023 22:30,,,,17,,,,,200,2.54,548.64,,,,,,,,,,,,
32977,12.02139450v1,12,,4,3,,1/27/2023 3:00,,,,17,,,,,200,2.29,494.64,,,,,,,,,,,,
32978,10.02138786v2,10,,2,1,,1/26/2023 15:54,,,,10,,,,,120,2.23,294.36,,,,,,,,,,,,
32979,10.02124589v1,10,,2,4,,1/25/2023 18:24,,,,49,,,,,585,2.28,1368,,,,,,,,,,,,
32980,10.02137838v2,10,,2,1,,1/25/2023 19:09,,,,40,,,,,480,1.96,964.32,,,,,,,,,,,,
32981,10.0259152v1,10,,2,1,,1/27/2023 17:59,,,,25,,,,,300,1.96,611.52,,,,,,,,,,,,
32982,10.02139203v1,10,,2,4,,1/26/2023 21:27,,,,10,,,,,120,2.71,357.72,,,,,,,,,,,,
32983,55.02123808v1,55,,114,1,,1/25/2023 22:00,,,,10,,,,,120,2.23,294.36,,,,,,,,,,,,
32983,55.02124487v1,55,,114,1,,1/25/2023 22:00,,,,10,,,,,120,2.23,294.36,,,,,,,,,,,,
32984,10.02139244v1,10,,2,3,,1/25/2023 20:01,,,,63,,,,,750,2.01,1543.68,,,,,,,,,,,,
32985,55.02138710v2,55,,114,4,,1/25/2023 21:06,,,,5,,,,,60,3,216,,,,,,,,,,,,
32986,10.02103152v1,10,,2,4,,1/25/2023 22:08,,,,84,,,,,1000,2.01,2050.2,,,,,,,,,,,,
32987,10.02124460v1,10,,2,4,,1/26/2023 19:58,,,,5,,,,,60,2.83,203.76,,,,,,,,,,,,
32988,55.02139298v1,55,,114,3,,1/25/2023 21:20,,,,10,,,,,120,2.8,369.6,,,,,,,,,,,,
32988,55.02138947v1,55,,114,3,,1/25/2023 21:20,,,,10,,,,,120,2.8,369.6,,,,,,,,,,,,
32990,10.02131771v1,10,,2,1,,1/25/2023 23:16,,,,5,,,,,60,2.56,184.32,,,,,,,,,,,,
32990,10.02131769v1,10,,2,1,,1/25/2023 23:16,,,,5,,,,,60,2.56,184.32,,,,,,,,,,,,
32990,46.02135789v1,46,,113,1,,1/25/2023 23:16,,,,5,,,,,60,2.56,184.32,,,,,,,,,,,,
32991,55.02138463v1,55,,114,4,,1/25/2023 22:55,,,,5,,,,,60,3,216,,,,,,,,,,,,
32991,55.02138477v1,55,,114,4,,1/25/2023 22:55,,,,5,,,,,60,3,216,,,,,,,,,,,,
32991,55.02138469v1,55,,114,4,,1/25/2023 22:55,,,,5,,,,,60,3,216,,,,,,,,,,,,
32991,55.02138475v1,55,,114,4,,1/25/2023 22:55,,,,5,,,,,60,3,216,,,,,,,,,,,,
32992,10.02139122v1,10,,2,4,,1/25/2023 22:48,,,,5,,,,,60,2.83,203.76,,,,,,,,,,,,
32992,10.02136483v2,10,,2,4,,1/25/2023 22:48,,,,5,,,,,60,2.83,203.76,,,,,,,,,,,,
32993,12.02133816v3,12,,4,1,,1/26/2023 15:12,,,,125,,,,,1500,1.38,2086.56,,,,,,,,,,,,
32993,10.02133157v8,10,,2,1,,1/26/2023 15:12,,,,250,,,,,3000,1.6,4819.2,,,,,,,,,,,,
32993,10.02133833v4,10,,2,1,,1/26/2023 15:12,,,,84,,,,,1000,1.79,1825.8,,,,,,,,,,,,
32994,10.02139093v1,10,,2,1,,1/25/2023 23:51,,,,5,,,,,60,2.56,184.32,,,,,,,,,,,,
32994,10.02139094v1,10,,2,1,,1/25/2023 23:51,,,,5,,,,,60,2.56,184.32,,,,,,,,,,,,
32995,46.02139102v1,46,,113,1,,1/25/2023 23:11,,,,5,,,,,60,2.56,184.32,,,,,,,,,,,,
32996,10.02138658v1,10,,2,1,,2/1/2023 17:42,,,,21,,,,,250,1.96,517.44,,,,,,,,,,,,
32997,,70,,,1,44958,1/26/2023 21:47,,,,,,,,,,1.96,,29057,240,15556,35255,118,13225,252,107491,1/26/2023 20:32,2/1/2023,20,493.92
32998,10.0298144v1,10,,2,3,,1/25/2023 23:32,,,,5,,,,,60,3.8,273.6,,,,,,,,,,,,
33000,10.02122501v1,10,,2,4,,1/26/2023 0:02,,,,5,,,,,60,2.83,203.76,,,,,,,,,,,,
33003,10.02138252v2,10,,2,3,,1/26/2023 15:46,,,,10,,,,,120,2.72,359.04,,,,,,,,,,,,
33004,10.02106614v3,10,,2,1,,1/26/2023 15:16,,,,32,,,,,380,1.96,776.16,,,,,,,,,,,,
33005,10.02139088v2,10,,2,4,,1/26/2023 13:47,,,,5,,,,,60,2.83,203.76,,,,,,,,,,,,
33006,12.02138716v1,12,,4,1,,1/26/2023 14:58,,,,22,,,,,253,1.63,449.88,,,,,,,,,,,,
33006,10.02138715v1,10,,2,1,,1/26/2023 14:58,,,,22,,,,,253,1.96,540.96,,,,,,,,,,,,
33007,10.0215899v8,10,,2,3,,1/26/2023 15:53,,,,60,,,,,720,2.01,1471.32,,,,,,,,,,,,
33008,55.02130538v1,55,,114,4,,1/30/2023 20:45,,,,6,,,,,61,3,252,,,,,,,,,,,,
33009,10.0242508v1,10,,2,1,,1/26/2023 16:00,,,,60,,,,,720,1.79,1310.28,,,,,,,,,,,,
33010,10.02119425v2,10,,2,4,,1/26/2023 20:36,,,,17,,,,,200,2.54,548.64,,,,,,,,,,,,
33011,10.02130409v2,10,,2,3,,1/26/2023 18:49,,,,9,,,,,100,3.72,446.4,,,,,,,,,,,,
33012,10.02136650v1,10,,2,4,,1/26/2023 20:49,,,,18,,,,,209,2.54,579.12,,,,,,,,,,,,
33013,10.02134721v8,10,,2,4,,1/26/2023 21:02,,,,5,,,,,60,2.83,203.76,,,,,,,,,,,,
33015,10.0283588v1,10,,2,3,,1/27/2023 17:23,,,,10,,,,,120,2.72,359.04,,,,,,,,,,,,
33015,10.02139068v1,10,,2,3,,1/27/2023 17:23,,,,16,,,,,185,2.54,518.16,,,,,,,,,,,,
33016,10.02137253v2,10,,2,4,,1/26/2023 22:58,,,,10,,,,,120,2.71,357.72,,,,,,,,,,,,
33017,10.0219046v2,10,,2,3,,1/26/2023 19:34,,,,17,,,,,200,2.54,548.64,,,,,,,,,,,,
33018,10.0237671v1,10,,2,1,,1/26/2023 19:36,,,,10,,,,,120,2.23,294.36,,,,,,,,,,,,
33019,10.0221901v2,10,,2,3,,1/26/2023 19:54,,,,10,,,,,120,2.72,359.04,,,,,,,,,,,,
33019,10.0246453v1,10,,2,3,,1/26/2023 19:54,,,,34,,,,,400,2.54,1066.8,,,,,,,,,,,,
33020,46.02137880v1,46,,113,3,,1/26/2023 21:20,,,,21,,,,,250,2.54,670.56,,,,,,,,,,,,
33021,12.0273472v1,12,,4,3,,1/27/2023 18:51,,,,12,,,,,136,2.29,357.24,,,,,,,,,,,,
33021,10.0271726v2,10,,2,3,,1/27/2023 18:51,,,,12,,,,,135,2.54,396.24,,,,,,,,,,,,
33022,10.02137927v2,10,,2,1,,1/26/2023 19:58,,,,8,,,,,95,2.56,276.48,,,,,,,,,,,,
33023,10.02130570v1,10,,2,1,,3/2/2023 16:21,,,,42,,,,,500,1.96,1011.36,,,,,,,,,,,,
33024,10.02137953v4,10,,2,4,,1/26/2023 21:09,,,,6,,,,,65,2.83,237.72,,,,,,,,,,,,
33025,12.01103311v2,12,,4,3,,1/26/2023 21:18,,,,5,,,,,60,3.55,255.6,,,,,,,,,,,,
33026,10.02139800v1,10,,2,4,,1/26/2023 21:23,,,,15,,,,,175,2.54,487.68,,,,,,,,,,,,
33027,10.02135397v1,10,,2,4,,1/26/2023 23:35,,,,38,,,,,450,2.54,1188.72,,,,,,,,,,,,
33028,10.02135436v3,10,,2,4,,1/26/2023 23:58,,,,5,,,,,60,2.83,203.76,,,,,,,,,,,,
33030,10.02136210v1,10,,2,4,,1/31/2023 21:26,,,,5,,,,,60,2.83,203.76,,,,,,,,,,,,
33030,10.02136211v1,10,,2,4,,1/31/2023 21:26,,,,5,,,,,60,2.83,203.76,,,,,,,,,,,,
33030,10.02136214v1,10,,2,4,,1/31/2023 21:26,,,,5,,,,,60,2.83,203.76,,,,,,,,,,,,
33030,10.02136209v1,10,,2,4,,1/31/2023 21:26,,,,5,,,,,60,2.83,203.76,,,,,,,,,,,,
33030,10.02136208v1,10,,2,4,,1/31/2023 21:26,,,,5,,,,,60,2.83,203.76,,,,,,,,,,,,
33031,10.02139650v1,10,,2,4,,1/26/2023 22:51,,,,10,,,,,120,2.71,357.72,,,,,,,,,,,,
33033,10.02138130v2,10,,2,4,,1/27/2023 23:07,,,,7,,,,,75,2.83,271.68,,,,,,,,,,,,
33033,10.02138128v2,10,,2,4,,1/27/2023 23:07,,,,7,,,,,75,2.83,271.68,,,,,,,,,,,,
33035,10.02139777v1,10,,2,4,,1/27/2023 17:52,,,,44,,,,,525,2.54,1371.6,,,,,,,,,,,,
33036,10.02139090v1,10,,2,1,,1/27/2023 16:32,,,,584,,,,,6999,1.56,10951.2,,,,,,,,,,,,
33037,11.02119309v1,11,,3,1,,1/27/2023 16:30,,,,5,,,,,60,3.33,239.76,,,,,,,,,,,,
33038,46.02139544v1,46,,113,3,,1/27/2023 19:32,,,,5,,,,,60,3.8,273.6,,,,,,,,,,,,
33039,17.02138481v2,17,,9,1,,1/27/2023 19:23,,,,25,,,,,300,1.96,611.52,,,,,,,,,,,,
33040,10.02139156v2,10,,2,1,,1/31/2023 16:40,,,,10,,,,,120,2.23,294.36,,,,,,,,,,,,
33040,10.02139154v1,10,,2,1,,1/31/2023 16:40,,,,20,,,,,240,1.96,493.92,,,,,,,,,,,,
33040,10.02139158v1,10,,2,1,,1/31/2023 16:40,,,,10,,,,,120,2.23,294.36,,,,,,,,,,,,
33040,10.02139153v1,10,,2,1,,1/31/2023 16:40,,,,20,,,,,240,1.96,493.92,,,,,,,,,,,,
33041,10.02139977v1,10,,2,4,,1/27/2023 18:36,,,,50,,,,,600,2.28,1395.36,,,,,,,,,,,,
33043,46.02112489v1,46,,113,1,,1/27/2023 19:32,,,,5,,,,,60,2.56,184.32,,,,,,,,,,,,
33044,10.0243675v11,10,,2,1,,1/27/2023 18:24,,,,13,,,,,150,1.96,329.28,,,,,,,,,,,,
33045,10.02139873v2,10,,2,4,,1/27/2023 18:27,,,,5,,,,,60,2.83,203.76,,,,,,,,,,,,
33046,20.02140046v1,20,,11,3,,1/27/2023 18:33,,,,26,,,,,302,3.12,1010.88,,,,,,,,,,,,
33047,10.02139395v2,10,,2,4,,1/27/2023 20:01,,,,7,,,,,75,2.83,271.68,,,,,,,,,,,,
33048,10.02138579v2,10,,2,4,,1/30/2023 15:58,,,,5,,,,,60,2.83,203.76,,,,,,,,,,,,
33049,10.0220564v3,10,,2,1,,1/27/2023 19:31,,,,20,,,,,240,1.96,493.92,,,,,,,,,,,,
33050,10.0261822v1,10,,2,3,,1/31/2023 14:12,,,,10,,,,,120,2.72,359.04,,,,,,,,,,,,
33051,10.02130122v1,10,,2,3,,1/27/2023 20:35,,,,32,,,,,375,2.54,1005.84,,,,,,,,,,,,
33052,10.03140503v1,10,,2,3,,1/30/2023 23:10,,,,5,,,,,60,3.8,273.6,,,,,,,,,,,,
33053,55.02130935v2,55,,114,3,,1/27/2023 21:21,,,,10,,,,,120,2.8,369.6,,,,,,,,,,,,
33053,55.02130917v1,55,,114,3,,1/27/2023 21:21,,,,10,,,,,120,2.8,369.6,,,,,,,,,,,,
33054,10.02139971v1,10,,2,1,,1/27/2023 21:43,,,,17,,,,,200,1.96,423.36,,,,,,,,,,,,
33055,10.02135520v1,10,,2,1,,1/27/2023 21:35,,,,10,,,,,120,2.23,294.36,,,,,,,,,,,,
33056,10.02134881v3,10,,2,1,,1/27/2023 23:34,,,,10,,,,,120,2.23,294.36,,,,,,,,,,,,
33056,10.02134887v2,10,,2,1,,1/27/2023 23:34,,,,10,,,,,120,2.23,294.36,,,,,,,,,,,,
33057,17.02121130v2,17,,9,4,,2/1/2023 16:55,,,,9,,,,,100,2.83,339.6,,,,,,,,,,,,
33057,17.02121137v2,17,,9,4,,2/1/2023 16:55,,,,9,,,,,100,2.83,339.6,,,,,,,,,,,,
33057,17.02121138v2,17,,9,4,,2/1/2023 16:55,,,,9,,,,,100,2.83,339.6,,,,,,,,,,,,
33057,17.02121135v2,17,,9,4,,2/1/2023 16:55,,,,9,,,,,100,2.83,339.6,,,,,,,,,,,,
33058,10.0236821v2,10,,2,1,,1/30/2023 17:12,,,,21,,,,,250,1.96,517.44,,,,,,,,,,,,
33059,10.02134978v1,10,,2,1,,1/30/2023 18:56,,,,5,,,,,60,2.56,184.32,,,,,,,,,,,,
33059,10.02136715v5,10,,2,1,,1/30/2023 18:56,,,,5,,,,,60,2.56,184.32,,,,,,,,,,,,
33059,10.02137053v2,10,,2,1,,1/30/2023 18:56,,,,5,,,,,60,2.56,184.32,,,,,,,,,,,,
33060,10.02139578v2,10,,2,4,,1/27/2023 22:57,,,,5,,,,,60,2.83,203.76,,,,,,,,,,,,
33060,10.02139785v2,10,,2,4,,1/27/2023 22:57,,,,5,,,,,60,2.83,203.76,,,,,,,,,,,,
33061,10.02140183v1,10,,2,3,,1/27/2023 23:18,,,,68,,,,,816,2.01,1664.28,,,,,,,,,,,,
33063,12.02137553v1,12,,4,4,,1/31/2023 19:33,,,,11,,,,,130,2.71,390.24,,,,,,,,,,,,
33063,10.02137536v2,10,,2,4,,1/31/2023 19:33,,,,11,,,,,130,2.71,390.24,,,,,,,,,,,,
33064,10.02140208v3,10,,2,4,,1/30/2023 18:32,,,,13,,,,,150,2.54,426.72,,,,,,,,,,,,
33064,10.02140208v2,10,,2,4,,1/30/2023 18:32,,,,13,,,,,150,2.54,426.72,,,,,,,,,,,,
33064,10.02140208v1,10,,2,4,,1/30/2023 18:32,,,,13,,,,,150,2.54,426.72,,,,,,,,,,,,
33065,46.0279047v1,46,,113,3,,1/31/2023 16:37,,,,10,,,,,120,2.72,359.04,,,,,,,,,,,,
33066,46.02139133v1,46,,113,3,,1/31/2023 16:07,,,,10,,,,,120,2.72,359.04,,,,,,,,,,,,
33068,10.0240686v1,10,,2,3,,1/30/2023 16:28,,,,12,,,,,140,2.54,396.24,,,,,,,,,,,,
33069,10.02137932v1,10,,2,4,,1/30/2023 14:27,,,,9,,,,,100,2.83,339.6,,,,,,,,,,,,
33070,10.02140299v1,10,,2,1,,1/30/2023 23:38,,,,100,,,,,1200,1.71,2072.52,,,,,,,,,,,,
33071,10.02105306v1,10,,2,4,,1/30/2023 15:47,,,,5,,,,,60,2.83,203.76,,,,,,,,,,,,
33072,10.0346874v1,10,,2,4,,1/30/2023 16:00,,,,5,,,,,60,2.83,203.76,,,,,,,,,,,,
33072,10.0246873v1,10,,2,4,,1/30/2023 16:00,,,,5,,,,,60,2.83,203.76,,,,,,,,,,,,
33072,10.0346875v1,10,,2,4,,1/30/2023 16:00,,,,5,,,,,60,2.83,203.76,,,,,,,,,,,,
33072,10.0246872v1,10,,2,4,,1/30/2023 16:00,,,,5,,,,,60,2.83,203.76,,,,,,,,,,,,
33073,55.02114762v1,55,,114,1,,1/9/2023 20:58,,,,250,,,,,3000,1.6,4819.2,,,,,,,,,,,,
33074,10.02140074v1,10,,2,1,,1/30/2023 19:24,,,,19,,,,,220,1.96,470.4,,,,,,,,,,,,
33075,10.02135408v5,10,,2,1,,1/30/2023 18:08,,,,10,,,,,120,2.23,294.36,,,,,,,,,,,,
33075,10.02135401v4,10,,2,1,,1/30/2023 18:08,,,,10,,,,,120,2.23,294.36,,,,,,,,,,,,
33077,10.02118897v1,10,,2,4,,1/31/2023 14:52,,,,7,,,,,75,2.83,271.68,,,,,,,,,,,,
33078,10.02118896v1,10,,2,3,,1/31/2023 14:52,,,,5,,,,,60,2.85,205.2,,,,,,,,,,,,
33079,10.02101435v1,10,,2,4,,1/30/2023 18:28,,,,7,,,,,75,2.83,271.68,,,,,,,,,,,,
33081,10.02140085v2,10,,2,1,,1/30/2023 21:39,,,,8,,,,,85,2.56,276.48,,,,,,,,,,,,
33082,10.02105843v6,10,,114,1,,1/30/2023 20:15,,,,7,,,,,80,2.56,245.76,,,,,,,,,,,,
33083,10.0296786v2,10,,2,3,,1/30/2023 19:15,,,,21,,,,,250,2.54,670.56,,,,,,,,,,,,
33085,46.02137583v1,46,,113,1,,1/30/2023 23:36,,,,21,,,,,251,1.96,517.44,,,,,,,,,,,,
33085,10.02139307v1,10,,2,1,,1/30/2023 23:36,,,,21,,,,,251,1.96,517.44,,,,,,,,,,,,
33086,10.0233994v1,10,,2,4,,1/30/2023 19:55,,,,5,,,,,60,2.83,203.76,,,,,,,,,,,,
33087,55.02139518v4,55,,114,1,,1/30/2023 19:57,,,,22,,,,,255,1.96,540.96,,,,,,,,,,,,
33088,55.02140637v2,55,,114,4,,1/31/2023 18:21,,,,10,,,,,120,2.88,380.16,,,,,,,,,,,,
33089,932135099v1,93,120,120,10,44979,1/31/2023 0:57,Distributor,existingbusiness,11608480384,10,1.8,0,237.6,216,,,,,,,,,,,,,,,
33089,932135101v1,93,120,120,10,44979,1/31/2023 0:57,Distributor,existingbusiness,11608480384,10,1.8,0,237.6,216,,,,,,,,,,,,,,,
33089,932135103v1,93,120,120,10,44979,1/31/2023 0:57,Distributor,existingbusiness,11608480384,10,1.8,0,237.6,216,,,,,,,,,,,,,,,
33089,932135104v1,93,120,120,10,44979,1/31/2023 0:57,Distributor,existingbusiness,11608480384,10,1.8,0,237.6,216,,,,,,,,,,,,,,,
33089,932135105v1,93,120,120,10,44979,1/31/2023 0:57,Distributor,existingbusiness,11608480384,10,1.8,0,237.6,216,,,,,,,,,,,,,,,
33089,932135106v1,93,120,120,10,44980,1/31/2023 0:57,Distributor,existingbusiness,11608480384,10,1.8,0,237.6,216,,,,,,,,,,,,,,,
33090,93260838v2,93,360,120,10,44988,1/31/2023 22:09,Distributor,existingbusiness,11892918831,30,1.42,0,528.24,511.2,,,,,,,,,,,,,,,
33091,10.02105221v2,10,,2,1,,1/30/2023 21:24,,,,13,,,,,150,1.96,329.28,,,,,,,,,,,,
33092,10.02138480v1,10,,2,1,,1/31/2023 0:34,,,,5,,,,,60,2.56,184.32,,,,,,,,,,,,
33093,10.02140508v1,10,,2,1,,1/30/2023 22:11,,,,50,,,,,600,1.88,1150.56,,,,,,,,,,,,
33094,10.02140515v1,10,,2,1,,1/31/2023 20:24,,,,5,,,,,60,2.56,184.32,,,,,,,,,,,,
33095,55.02132661v1,55,,114,3,,1/31/2023 15:10,,,,21,,,,,251,2.62,691.68,,,,,,,,,,,,
33096,10.02134791v2,10,,2,3,,1/31/2023 13:04,,,,34,,,,,400,2.54,1066.8,,,,,,,,,,,,
33097,20.02136541v1,20,,11,3,,1/31/2023 15:03,,,,334,,,,,4000,2.68,10773.6,,,,,,,,,,,,
33098,55.02140111v1,55,,114,3,,1/31/2023 11:24,,,,10,,,,,120,2.8,369.6,,,,,,,,,,,,
33099,10.02104679v3,10,,2,3,,2/3/2023 20:41,,,,42,,,,,500,2.54,1310.64,,,,,,,,,,,,
33100,10.02137958v1,10,,2,4,,2/3/2023 17:14,,,,21,,,,,250,2.54,670.56,,,,,,,,,,,,
33101,10.02140440v3,10,,2,1,,2/2/2023 17:50,,,,40,,,,,480,1.96,964.32,,,,,,,,,,,,
33102,10.02139097v1,10,,2,3,,1/31/2023 14:14,,,,10,,,,,120,2.72,359.04,,,,,,,,,,,,
33103,10.02106959v1,10,,2,3,,1/31/2023 17:19,,,,21,,,,,250,2.54,670.56,,,,,,,,,,,,
33103,10.02106966v1,10,,2,3,,1/31/2023 17:19,,,,21,,,,,250,2.54,670.56,,,,,,,,,,,,
33103,10.02106963v1,10,,2,3,,1/31/2023 17:19,,,,17,,,,,200,2.54,548.64,,,,,,,,,,,,
33103,10.02106960v1,10,,2,3,,1/31/2023 17:19,,,,17,,,,,200,2.54,548.64,,,,,,,,,,,,
33104,55.02140541v1,55,,114,4,,1/31/2023 0:05,,,,7,,,,,82,3,288,,,,,,,,,,,,
33105,10.02140502v1,10,,2,4,,1/31/2023 17:31,,,,43,,,,,510,2.54,1341.12,,,,,,,,,,,,
33106,10.02136616v2,10,,2,1,,1/31/2023 0:26,,,,25,,,,,300,1.96,611.52,,,,,,,,,,,,
33108,932140566v1,93,201,120,10,44985,1/31/2023 16:51,Distributor,existingbusiness,11876055704,17,1.8,0,388.8,361.8,,,,,,,,,,,,,,,
33110,10.02138690v1,10,,2,3,,1/31/2023 5:14,,,,5,,,,,60,3.8,273.6,,,,,,,,,,,,
33111,932133187v1,93,500,120,10,44988,2/2/2023 21:55,Direct,newbusiness,11235860743,42,1.31,0,675.96,655,,,,,,,,,,,,,,,
33113,10.0268765v2,10,,2,4,,1/31/2023 18:11,,,,17,,,,,200,2.54,548.64,,,,,,,,,,,,
33113,10.0268766v2,10,,2,4,,1/31/2023 18:11,,,,17,,,,,200,2.54,548.64,,,,,,,,,,,,
33114,10.02140287v1,10,,2,1,,1/31/2023 20:25,,,,60,,,,,720,1.79,1310.28,,,,,,,,,,,,
33115,10.02105187v1,10,,2,4,,1/31/2023 15:48,,,,13,,,,,150,2.54,426.72,,,,,,,,,,,,
33115,10.02105181v1,10,,2,4,,1/31/2023 15:48,,,,13,,,,,150,2.54,426.72,,,,,,,,,,,,
33116,55.02136569v1,55,,114,3,,1/31/2023 16:25,,,,12,,,,,140,2.62,408.72,,,,,,,,,,,,
33117,55.02140002v2,55,,114,1,,1/31/2023 21:25,,,,17,,,,,200,1.96,423.36,,,,,,,,,,,,
33117,55.02140002v1,55,,114,1,,1/31/2023 21:25,,,,17,,,,,200,1.96,423.36,,,,,,,,,,,,
33118,10.02134196v4,10,,2,1,,2/1/2023 2:06,,,,12,,,,,140,1.96,305.76,,,,,,,,,,,,
33118,10.04140588v1,10,,2,1,,2/1/2023 2:06,,,,15,,,,,170,1.96,376.32,,,,,,,,,,,,
33119,10.02138561v1,10,,2,4,,1/31/2023 18:27,,,,8,,,,,96,2.83,305.64,,,,,,,,,,,,
33120,10.02112124v1,10,,2,1,,1/31/2023 18:45,,,,40,,,,,480,1.96,964.32,,,,,,,,,,,,
33121,10.02140568v1,10,,2,4,,1/31/2023 19:03,,,,16,,,,,181,2.54,518.16,,,,,,,,,,,,
33123,10.0252971v10,10,,2,4,,2/2/2023 17:45,,,,10,,,,,120,2.71,357.72,,,,,,,,,,,,
33123,10.02139142v1,10,,2,4,,2/2/2023 17:45,,,,10,,,,,120,2.71,357.72,,,,,,,,,,,,
33123,10.02139141v2,10,,2,4,,2/2/2023 17:45,,,,5,,,,,60,2.83,203.76,,,,,,,,,,,,
33124,10.02140683v1,10,,2,4,,1/31/2023 23:32,,,,50,,,,,600,2.28,1395.36,,,,,,,,,,,,
33124,10.02140675v1,10,,2,4,,1/31/2023 23:32,,,,50,,,,,600,2.28,1395.36,,,,,,,,,,,,
33125,10.02140257v1,10,,2,4,,2/3/2023 14:20,,,,21,,,,,250,2.54,670.56,,,,,,,,,,,,
33125,10.02140256v1,10,,2,4,,2/3/2023 14:20,,,,21,,,,,250,2.54,670.56,,,,,,,,,,,,
33126,932140720v1,93,200,120,10,44981,2/2/2023 16:36,Distributor,existingbusiness,11779168946,17,1.8,0,388.8,360,,,,,,,,,,,,,,,
33127,10.0293515v2,10,,2,1,,1/31/2023 21:50,,,,84,,,,,1000,1.79,1825.8,,,,,,,,,,,,
33128,10.0232541v1,10,,2,3,,1/31/2023 19:56,,,,10,,,,,120,2.72,359.04,,,,,,,,,,,,
33129,12.02140699v1,12,,4,4,,1/31/2023 20:32,,,,5,,,,,60,2.83,203.76,,,,,,,,,,,,
33129,10.02135119v4,10,,2,4,,1/31/2023 20:32,,,,7,,,,,80,2.83,271.68,,,,,,,,,,,,
33131,10.02128839v1,10,,2,1,,1/31/2023 22:16,,,,5,,,,,60,2.56,184.32,,,,,,,,,,,,
33132,10.0299722v1,10,,2,3,,2/2/2023 20:19,,,,21,,,,,250,2.54,670.56,,,,,,,,,,,,
33133,10.02134167v3,10,,2,4,,1/31/2023 23:21,,,,7,,,,,80,2.83,271.68,,,,,,,,,,,,
33134,10.02139773v2,10,,2,1,,2/1/2023 19:27,,,,10,,,,,120,2.23,294.36,,,,,,,,,,,,
33135,10.02140703v1,10,,2,3,,1/31/2023 22:54,,,,21,,,,,250,2.54,670.56,,,,,,,,,,,,
33136,10.02137206v5,10,,2,4,,1/31/2023 23:49,,,,45,,,,,534,2.54,1402.08,,,,,,,,,,,,
33137,10.02139992v1,10,,2,1,,2/1/2023 17:30,,,,10,,,,,120,2.23,294.36,,,,,,,,,,,,
33137,10.02140696v1,10,,2,1,,2/1/2023 17:30,,,,10,,,,,120,2.23,294.36,,,,,,,,,,,,
33138,932138714v2,93,150,120,10,44980,2/2/2023 16:07,Distributor,existingbusiness,11821782852,13,1.8,0,302.4,270,,,,,,,,,,,,,,,
33139,10.02140783v1,10,,2,1,,2/1/2023 17:40,,,,21,,,,,250,1.96,517.44,,,,,,,,,,,,
33140,10.02140650v1,10,,2,1,,2/1/2023 20:02,,,,134,,,,,1601,1.71,2770.2,,,,,,,,,,,,
33141,10.02140802v1,10,,2,1,,2/1/2023 13:47,,,,16,,,,,185,1.96,399.84,,,,,,,,,,,,
33142,932132287v4,93,120,120,10,44980,2/2/2023 16:36,Distributor,existingbusiness,11346680893,10,1.8,0,237.6,216,,,,,,,,,,,,,,,
33143,55.02140501v1,55,,114,1,,2/1/2023 0:59,,,,25,,,,,300,1.96,611.52,,,,,,,,,,,,
33144,20.02136324v1,20,,11,3,,2/1/2023 15:01,,,,167,,,,,2000,2.68,5402.88,,,,,,,,,,,,
33145,20.02136350v1,20,,11,3,,2/1/2023 15:37,,,,167,,,,,2000,2.68,5402.88,,,,,,,,,,,,
33146,10.02134835v1,10,,2,1,,2/1/2023 16:32,,,,6,,,,,66,2.56,215.04,,,,,,,,,,,,
33147,10.0288654v1,10,,2,4,,2/2/2023 16:25,,,,10,,,,,120,2.71,357.72,,,,,,,,,,,,
33148,10.02140732v3,10,,2,3,,2/6/2023 16:39,,,,11,,,,,125,2.72,391.68,,,,,,,,,,,,
33149,10.02110947v1,10,,2,3,,2/2/2023 14:05,,,,5,,,,,60,2.85,205.2,,,,,,,,,,,,
33150,10.02110822v1,10,,2,1,,2/1/2023 23:58,,,,13,,,,,150,1.96,329.28,,,,,,,,,,,,
33152,10.0248222v2,10,,2,4,,2/1/2023 18:52,,,,5,,,,,60,2.83,203.76,,,,,,,,,,,,
33153,55.02140405v1,55,,114,1,,2/1/2023 19:32,,,,15,,,,,175,1.96,376.32,,,,,,,,,,,,
33154,10.02137776v1,10,,2,4,,2/2/2023 0:09,,,,30,,,,,360,2.54,944.88,,,,,,,,,,,,
33155,10.02140884v2,10,,2,3,,2/1/2023 20:10,,,,10,,,,,120,2.72,359.04,,,,,,,,,,,,
33155,10.02140885v1,10,,2,3,,2/1/2023 20:10,,,,10,,,,,120,2.72,359.04,,,,,,,,,,,,
33157,55.02140973v1,55,,114,1,,2/1/2023 22:31,,,,5,,,,,60,2.56,184.32,,,,,,,,,,,,
33158,10.02135372v2,10,,2,1,,2/1/2023 22:55,,,,42,,,,,500,1.96,1011.36,,,,,,,,,,,,
33158,10.02135370v3,10,,2,1,,2/1/2023 22:55,,,,42,,,,,500,1.96,1011.36,,,,,,,,,,,,
33159,10.02140122v1,10,,2,3,,2/2/2023 1:06,,,,11,,,,,123,2.72,391.68,,,,,,,,,,,,
33161,10.0227887v2,10,,2,1,,2/1/2023 21:44,,,,5,,,,,60,2.56,184.32,,,,,,,,,,,,
33164,10.024430v2,10,,2,3,,2/1/2023 23:56,,,,10,,,,,120,2.72,359.04,,,,,,,,,,,,
33165,10.0269029v1,10,,2,1,,2/2/2023 16:14,,,,17,,,,,200,1.96,423.36,,,,,,,,,,,,
33165,10.02132340v2,10,,2,1,,2/2/2023 16:14,,,,17,,,,,200,1.96,423.36,,,,,,,,,,,,
33166,10.02113835v1,10,,2,4,,2/2/2023 15:59,,,,5,,,,,60,2.83,203.76,,,,,,,,,,,,
33166,10.02113517v1,10,,2,4,,2/2/2023 15:59,,,,10,,,,,120,2.71,357.72,,,,,,,,,,,,
33166,10.02113516v1,10,,2,4,,2/2/2023 15:59,,,,10,,,,,120,2.71,357.72,,,,,,,,,,,,
33168,932138792v1,93,130,120,10,44991,2/2/2023 19:16,Distributor,existingbusiness,11776423780,11,1.8,0,259.2,234,,,,,,,,,,,,,,,
33170,46.02112489v1,46,,113,1,,2/1/2023 23:28,,,,13,,,,,150,1.96,329.28,,,,,,,,,,,,
33171,10.0227390v2,10,,2,4,,2/2/2023 0:37,,,,5,,,,,60,2.83,203.76,,,,,,,,,,,,
33172,17.02139267v1,17,,9,3,,2/2/2023 0:18,,,,5,,,,,60,2.85,205.2,,,,,,,,,,,,
33173,55.02116835v4,55,,114,3,,2/1/2023 23:37,,,,10,,,,,120,2.8,369.6,,,,,,,,,,,,
33174,55.02140268v1,55,,114,1,,2/2/2023 0:00,,,,10,,,,,120,2.23,294.36,,,,,,,,,,,,
33175,10.02135372v2,10,,2,1,,2/2/2023 0:10,,,,9,,,,,100,2.56,307.2,,,,,,,,,,,,
33176,10.02140760v2,10,,2,3,,2/2/2023 19:43,,,,5,,,,,60,2.85,205.2,,,,,,,,,,,,
33178,10.02114610v3,10,,2,1,,2/2/2023 11:52,,,,9,,,,,100,2.56,307.2,,,,,,,,,,,,
33179,10.02140955v1,10,,2,4,,2/2/2023 18:48,,,,9,,,,,100,2.83,339.6,,,,,,,,,,,,
33180,10.02140499v1,10,,2,1,,2/2/2023 18:33,,,,21,,,,,250,1.96,517.44,,,,,,,,,,,,
33180,10.02140492v1,10,,2,1,,2/2/2023 18:33,,,,25,,,,,300,1.96,611.52,,,,,,,,,,,,
33181,10.0285954v4,10,,2,4,,2/3/2023 21:38,,,,9,,,,,100,2.83,339.6,,,,,,,,,,,,
33183,10.02141150v1,10,,2,1,,2/2/2023 18:07,,,,17,,,,,200,1.96,423.36,,,,,,,,,,,,
33184,55.0296964v1,55,,114,1,,2/2/2023 19:19,,,,9,,,,,100,2.56,307.2,,,,,,,,,,,,
33185,932139232v2,93,120,120,10,44992,2/3/2023 18:24,Distributor,existingbusiness,11852267817,10,1.8,0,237.6,216,,,,,,,,,,,,,,,
33185,932141738v1,93,120,120,10,44992,2/3/2023 18:24,Distributor,existingbusiness,11852267817,10,1.8,0,237.6,216,,,,,,,,,,,,,,,
33186,10.02139734v2,10,,2,3,,2/2/2023 19:31,,,,13,,,,,150,2.54,426.72,,,,,,,,,,,,
33187,55.02119613v1,55,,114,1,,2/2/2023 19:45,,,,25,,,,,300,1.96,611.52,,,,,,,,,,,,
33188,10.02127669v11,10,,2,3,,2/3/2023 20:07,,,,10,,,,,120,2.72,359.04,,,,,,,,,,,,
33188,10.02127669v15,10,,2,3,,2/3/2023 20:07,,,,10,,,,,120,2.72,359.04,,,,,,,,,,,,
33188,10.02127669v16,10,,2,3,,2/3/2023 20:07,,,,10,,,,,120,2.72,359.04,,,,,,,,,,,,
33189,10.0248118v1,10,,2,3,,2/2/2023 19:40,,,,9,,,,,100,2.85,342,,,,,,,,,,,,
33190,10.02137943v1,10,,2,3,,2/2/2023 22:18,,,,20,,,,,240,2.54,640.08,,,,,,,,,,,,
33190,10.02138304v2,10,,2,3,,2/2/2023 22:18,,,,20,,,,,240,2.54,640.08,,,,,,,,,,,,
33190,55.02134844v1,55,,114,1,,2/2/2023 20:31,,,,25,,,,,300,1.96,611.52,,,,,,,,,,,,
33191,10.02138426v2,10,,2,4,,2/3/2023 20:53,,,,100,,,,,1200,2.01,2436.12,,,,,,,,,,,,
33192,10.02139333v2,10,,2,3,,2/2/2023 22:45,,,,10,,,,,120,2.72,359.04,,,,,,,,,,,,
33193,10.02148658v3,10,,2,3,,3/20/2023 19:39,,,,117,,,,,1400,2.01,2846.16,,,,,,,,,,,,
33194,10.02139341v4,10,,2,3,,2/2/2023 22:11,,,,21,,,,,250,2.54,670.56,,,,,,,,,,,,
33195,,70,,,1,44966,2/3/2023 16:04,,,,,,,,,,1.96,,29096,360,15801,35693,64,13443,372,99546,2/3/2023 2:38,2/9/2023,30,729.12
33196,10.02109654v2,10,,2,3,,2/3/2023 23:25,,,,10,,,,,120,2.72,359.04,,,,,,,,,,,,
33197,10.02132759v1,10,,2,3,,2/2/2023 23:50,,,,13,,,,,148,2.54,426.72,,,,,,,,,,,,
33198,10.024022v2,10,,2,1,,2/2/2023 21:28,,,,10,,,,,120,2.23,294.36,,,,,,,,,,,,
33199,10.02139604v2,10,,2,3,,2/2/2023 21:30,,,,17,,,,,200,2.54,548.64,,,,,,,,,,,,
33201,10.02141434v1,10,,2,1,,2/6/2023 18:52,,,,5,,,,,60,2.56,184.32,,,,,,,,,,,,
33202,10.02140844v1,10,,2,4,,2/13/2023 17:13,,,,7,,,,,75,2.83,271.68,,,,,,,,,,,,
33203,10.02140677v2,10,,2,3,,2/2/2023 23:06,,,,10,,,,,120,2.72,359.04,,,,,,,,,,,,
33204,44.02137959v1,44,,21,3,,2/3/2023 0:17,,,,36,,,,,432,2.62,1163.28,,,,,,,,,,,,
33205,55.02140445v1,55,,114,4,,2/6/2023 21:23,,,,13,,,,,150,2.7,453.6,,,,,,,,,,,,
33206,10.02141287v1,10,,2,3,,2/3/2023 16:03,,,,209,,,,,2500,1.72,4334.4,,,,,,,,,,,,
33207,10.02104370v1,10,,2,4,,2/3/2023 0:16,,,,7,,,,,75,2.83,271.68,,,,,,,,,,,,
33208,15.02140441v3,15,,7,3,,2/3/2023 0:40,,,,10,,,,,120,3.84,506.88,,,,,,,,,,,,
33208,15.02140442v2,15,,7,3,,2/3/2023 0:40,,,,10,,,,,120,3.84,506.88,,,,,,,,,,,,
33209,55.02139392v4,55,,114,4,,2/3/2023 16:40,,,,5,,,,,60,3,216,,,,,,,,,,,,
33209,55.02139386v1,55,,114,4,,2/3/2023 16:40,,,,5,,,,,60,3,216,,,,,,,,,,,,
33210,10.02140120v5,10,,2,4,,2/3/2023 16:04,,,,17,,,,,200,2.54,548.64,,,,,,,,,,,,
33211,10.02140825v1,10,,2,4,,2/3/2023 1:19,,,,8,,,,,90,2.83,305.64,,,,,,,,,,,,
33212,10.02107863v4,10,,2,4,,2/4/2023 0:06,,,,100,,,,,1200,2.01,2436.12,,,,,,,,,,,,
33213,10.02139446v6,10,,2,4,,2/6/2023 20:38,,,,40,,,,,480,2.54,1249.68,,,,,,,,,,,,
33214,55.02141333v2,55,,114,4,,2/3/2023 18:42,,,,27,,,,,321,2.7,907.2,,,,,,,,,,,,
33215,10.02124016v1,10,,2,1,,2/3/2023 16:32,,,,10,,,,,120,2.23,294.36,,,,,,,,,,,,
33216,10.0291998v1,10,,2,3,,2/3/2023 16:05,,,,5,,,,,60,2.85,205.2,,,,,,,,,,,,
33218,10.0277261v1,10,,2,3,,2/3/2023 16:18,,,,10,,,,,120,2.72,359.04,,,,,,,,,,,,
33219,10.02140939v2,10,,2,4,,2/3/2023 16:59,,,,34,,,,,400,2.54,1066.8,,,,,,,,,,,,
33220,10.02141785v1,10,,2,4,,2/3/2023 16:46,,,,17,,,,,200,2.54,548.64,,,,,,,,,,,,
33221,10.02141273v2,10,,2,3,,2/3/2023 20:26,,,,9,,,,,102,2.85,342,,,,,,,,,,,,
33221,10.02141273v1,10,,2,3,,2/3/2023 20:26,,,,9,,,,,102,2.85,342,,,,,,,,,,,,
33222,10.0229935v3,10,,2,3,,2/6/2023 20:59,,,,5,,,,,60,2.85,205.2,,,,,,,,,,,,
33223,10.0242049v1,10,,2,3,,2/3/2023 19:31,,,,7,,,,,75,2.85,273.6,,,,,,,,,,,,
33224,932141658v2,93,1200,120,10,44993,2/6/2023 17:04,Direct,existingbusiness,11945762324,100,1.2,0,1454.4,1440,,,,,,,,,,,,,,,
33225,10.02134670v1,10,,2,3,,2/6/2023 21:27,,,,92,,,,,1100,2.01,2243.16,,,,,,,,,,,,
33226,10.02136582v1,10,,2,3,,2/6/2023 16:43,,,,21,,,,,250,2.54,670.56,,,,,,,,,,,,
33227,932140752v1,93,120,120,10,44995,2/13/2023 17:40,Direct,newbusiness,11720291157,10,1.8,0,237.6,216,,,,,,,,,,,,,,,
33228,10.0253818v1,10,,2,4,,2/4/2023 0:05,,,,84,,,,,1000,2.01,2050.2,,,,,,,,,,,,
33229,10.02117595v2,10,,2,3,,2/3/2023 21:23,,,,21,,,,,250,2.54,670.56,,,,,,,,,,,,
33230,10.02135663v2,10,,2,4,,2/3/2023 23:27,,,,5,,,,,60,2.83,203.76,,,,,,,,,,,,
33231,10.02102186v1,10,,2,1,,2/7/2023 23:00,,,,13,,,,,150,1.96,329.28,,,,,,,,,,,,
33232,10.0226284v2,10,,2,4,,2/6/2023 15:21,,,,12,,,,,144,2.54,396.24,,,,,,,,,,,,
33233,55.02134504v4,55,,114,1,,2/4/2023 0:30,,,,5,,,,,60,2.56,184.32,,,,,,,,,,,,
33234,10.02141722v2,10,,2,3,,2/3/2023 23:21,,,,217,,,,,2600,1.72,4499.52,,,,,,,,,,,,
33235,55.02116246v2,55,,114,3,,2/8/2023 19:48,,,,34,,,,,400,2.62,1100.4,,,,,,,,,,,,
33236,10.02142167v1,10,,2,1,,2/6/2023 14:02,,,,21,,,,,250,1.96,517.44,,,,,,,,,,,,
33236,10.02142169v1,10,,2,1,,2/6/2023 14:02,,,,21,,,,,250,1.96,517.44,,,,,,,,,,,,
33237,10.02141973v1,10,,2,3,,2/6/2023 13:47,,,,25,,,,,300,2.54,792.48,,,,,,,,,,,,
33238,10.0237554v1,10,,2,1,,2/6/2023 18:53,,,,30,,,,,360,1.96,729.12,,,,,,,,,,,,
33239,10.02134529v2,10,,2,3,,2/6/2023 21:02,,,,30,,,,,350,2.54,944.88,,,,,,,,,,,,
33240,10.02142092v1,10,,2,3,,2/6/2023 13:39,,,,10,,,,,120,2.72,359.04,,,,,,,,,,,,
33241,10.02131729v2,10,,2,4,,2/4/2023 0:16,,,,59,,,,,700,2.28,1641.6,,,,,,,,,,,,
33242,10.02125517v1,10,,2,3,,2/6/2023 14:42,,,,10,,,,,120,2.72,359.04,,,,,,,,,,,,
33243,55.02138835v1,55,,114,1,,2/6/2023 15:03,,,,42,,,,,500,1.96,1011.36,,,,,,,,,,,,
33244,10.02142029v1,10,,2,1,,2/6/2023 16:38,,,,85,,,,,1020,1.79,1847.28,,,,,,,,,,,,
33246,10.02141852v2,10,,2,3,,2/6/2023 16:13,,,,5,,,,,60,2.85,205.2,,,,,,,,,,,,
33247,10.02136538v1,10,,2,3,,2/6/2023 16:36,,,,20,,,,,240,2.54,640.08,,,,,,,,,,,,
33248,10.02142587v1,10,,2,3,,2/6/2023 16:28,,,,12,,,,,142,2.54,396.24,,,,,,,,,,,,
33249,10.02124445v1,10,,2,1,,2/6/2023 16:38,,,,10,,,,,120,2.23,294.36,,,,,,,,,,,,
33250,10.02142253v1,10,,2,3,,2/6/2023 16:36,,,,6,,,,,61,2.85,239.4,,,,,,,,,,,,
33251,10.02130615v1,10,,2,3,,2/6/2023 16:19,,,,5,,,,,60,2.85,205.2,,,,,,,,,,,,
33251,10.02130617v1,10,,2,3,,2/6/2023 16:19,,,,5,,,,,60,2.85,205.2,,,,,,,,,,,,
33252,10.02141745v1,10,,2,3,,2/7/2023 20:42,,,,10,,,,,120,2.72,359.04,,,,,,,,,,,,
33253,10.02139223v2,10,,2,1,,2/9/2023 17:50,,,,10,,,,,120,2.23,294.36,,,,,,,,,,,,
33255,10.0237439v1,10,,2,1,,2/6/2023 16:55,,,,5,,,,,60,2.56,184.32,,,,,,,,,,,,
33256,10.02141938v1,10,,2,1,,2/6/2023 18:32,,,,125,,,,,1500,1.71,2585.52,,,,,,,,,,,,
33257,55.02141796v1,55,,114,1,,2/7/2023 0:05,,,,5,,,,,60,2.56,184.32,,,,,,,,,,,,
33257,55.02141797v1,55,,114,1,,2/7/2023 0:05,,,,5,,,,,60,2.56,184.32,,,,,,,,,,,,
33258,10.024991v2,10,,2,1,,2/6/2023 17:30,,,,10,,,,,120,2.23,294.36,,,,,,,,,,,,
33258,10.0240881v2,10,,2,1,,2/6/2023 17:30,,,,10,,,,,120,2.23,294.36,,,,,,,,,,,,
33259,44.02135982v1,44,,21,3,,2/6/2023 19:10,,,,12,,,,,144,2.62,408.72,,,,,,,,,,,,
33260,932141827v1,93,240,120,10,44988,2/7/2023 14:59,Direct,newbusiness,11855055274,20,1.42,0,357.84,340.8,,,,,,,,,,,,,,,
33261,10.02141497v1,10,,2,3,,2/6/2023 17:52,,,,10,,,,,120,2.72,359.04,,,,,,,,,,,,
33262,10.02136901v1,10,,2,4,,2/8/2023 15:25,,,,5,,,,,60,2.83,203.76,,,,,,,,,,,,
33263,10.02108840v5,10,,2,1,,2/8/2023 23:37,,,,21,,,,,250,1.96,517.44,,,,,,,,,,,,
33264,10.02108840v3,10,,2,1,,2/6/2023 18:40,,,,21,,,,,250,1.96,517.44,,,,,,,,,,,,
33265,10.02142203v1,10,,2,1,,2/6/2023 18:50,,,,42,,,,,500,1.96,1011.36,,,,,,,,,,,,
33266,10.03140569v1,10,,2,1,,2/6/2023 18:47,,,,7,,,,,75,2.56,245.76,,,,,,,,,,,,
33267,10.02142034v1,10,,2,3,,2/6/2023 20:51,,,,24,,,,,285,2.54,762,,,,,,,,,,,,
33268,10.02137876v2,10,,2,1,,2/6/2023 19:32,,,,26,,,,,310,1.96,635.04,,,,,,,,,,,,
33269,10.02142091v1,10,,2,3,,2/6/2023 23:12,,,,5,,,,,60,2.85,205.2,,,,,,,,,,,,
33270,10.02132451v1,10,,2,1,,2/6/2023 20:40,,,,5,,,,,60,2.56,184.32,,,,,,,,,,,,
33271,10.02106965v1,10,,2,1,,2/6/2023 20:51,,,,417,,,,,5000,1.56,7824.96,,,,,,,,,,,,
33273,10.02130184v2,10,,2,4,,2/6/2023 21:32,,,,5,,,,,60,2.83,203.76,,,,,,,,,,,,
33273,10.02130183v2,10,,2,4,,2/6/2023 21:32,,,,5,,,,,60,2.83,203.76,,,,,,,,,,,,
33274,932115040v4,93,125,120,10,44995,2/8/2023 20:50,Distributor,existingbusiness,10196117100,11,1.8,0,259.2,225,,,,,,,,,,,,,,,
33275,10.02142992v1,10,,2,3,,2/6/2023 23:18,,,,5,,,,,60,2.85,205.2,,,,,,,,,,,,
33276,10.02142054v1,10,,2,3,,2/6/2023 22:30,,,,5,,,,,60,2.85,205.2,,,,,,,,,,,,
33277,55.02143252v1,55,,114,3,,2/7/2023 0:43,,,,5,,,,,60,2.93,210.96,,,,,,,,,,,,
33278,10.0242049v1,10,,2,3,,2/7/2023 15:24,,,,30,,,,,360,2.54,944.88,,,,,,,,,,,,
33278,10.0232494v1,10,,2,3,,2/7/2023 15:24,,,,30,,,,,360,2.54,944.88,,,,,,,,,,,,
33279,10.02142866v1,10,,2,3,,2/7/2023 0:13,,,,10,,,,,120,2.72,359.04,,,,,,,,,,,,
33280,55.02139279v7,55,,114,1,,2/7/2023 0:56,,,,21,,,,,250,1.96,517.44,,,,,,,,,,,,
33281,10.02115170v2,10,,2,3,,2/7/2023 15:48,,,,834,,,,,10000,1.72,17234.4,,,,,,,,,,,,
33282,10.0211110v2,10,,2,1,,2/7/2023 15:42,,,,30,,,,,360,1.96,729.12,,,,,,,,,,,,
33283,10.02143181v1,10,,2,1,,2/7/2023 15:54,,,,34,,,,,400,1.96,823.2,,,,,,,,,,,,
33284,55.02132690v2,55,,114,1,,2/8/2023 16:21,,,,15,,,,,170,1.96,376.32,,,,,,,,,,,,
33285,10.02139925v5,10,,2,3,,2/7/2023 18:23,,,,11,,,,,130,2.72,391.68,,,,,,,,,,,,
33286,10.02141550v2,10,,2,1,,2/7/2023 17:06,,,,5,,,,,60,2.56,184.32,,,,,,,,,,,,
33287,10.02143211v2,10,,2,3,,2/7/2023 17:35,,,,5,,,,,60,2.85,205.2,,,,,,,,,,,,
33288,10.02143384v1,10,,2,3,,2/7/2023 18:36,,,,5,,,,,60,2.85,205.2,,,,,,,,,,,,
33289,10.02111116v1,10,,2,1,,2/7/2023 22:01,,,,42,,,,,500,1.96,1011.36,,,,,,,,,,,,
33290,10.02135810v5,10,,2,1,,2/7/2023 23:35,,,,14,,,,,160,1.96,352.8,,,,,,,,,,,,
33290,10.02135818v5,10,,2,1,,2/7/2023 23:35,,,,14,,,,,160,1.96,352.8,,,,,,,,,,,,
33291,10.02106072v2,10,,2,1,,2/7/2023 23:19,,,,5,,,,,60,2.56,184.32,,,,,,,,,,,,
33292,10.02106075v2,10,,2,1,,2/7/2023 23:16,,,,5,,,,,60,2.56,184.32,,,,,,,,,,,,
33293,10.02141780v1,10,,2,1,,2/7/2023 21:40,,,,10,,,,,120,2.23,294.36,,,,,,,,,,,,
33294,932138136v4,93,275,120,10,44995,2/8/2023 21:52,Distributor,newbusiness,11893027446,23,1.42,0,408.96,390.5,,,,,,,,,,,,,,,
33295,10.02141761v1,10,,2,4,,2/7/2023 19:45,,,,59,,,,,700,2.28,1641.6,,,,,,,,,,,,
33296,10.02142820v1,10,,2,1,,2/7/2023 21:01,,,,84,,,,,1000,1.79,1825.8,,,,,,,,,,,,
33296,10.02143297v1,10,,2,1,,2/7/2023 21:01,,,,84,,,,,1000,1.79,1825.8,,,,,,,,,,,,
33297,10.02135648v2,10,,2,3,,2/13/2023 14:22,,,,34,,,,,400,2.54,1066.8,,,,,,,,,,,,
33298,55.02141782v1,55,,114,1,,2/7/2023 20:34,,,,10,,,,,120,2.23,294.36,,,,,,,,,,,,
33299,55.02138371v1,55,,114,3,,2/7/2023 20:18,,,,13,,,,,150,2.62,440.16,,,,,,,,,,,,
33299,10.02138371v2,10,,2,3,,2/7/2023 20:18,,,,23,,,,,275,2.54,731.52,,,,,,,,,,,,
33300,46.02131887v1,46,,113,1,,2/7/2023 21:13,,,,5,,,,,60,2.56,184.32,,,,,,,,,,,,
33301,10.0271205v1,10,,2,4,,2/12/2023 19:52,,,,5,,,,,60,2.83,203.76,,,,,,,,,,,,
33301,10.0271184v1,10,,2,4,,2/12/2023 19:52,,,,5,,,,,60,2.83,203.76,,,,,,,,,,,,
33303,45.02138196v2,45,,22,3,,2/13/2023 15:52,,,,21,,,,,251,2.62,691.68,,,,,,,,,,,,
33303,45.02138217v1,45,,22,3,,2/13/2023 15:52,,,,21,,,,,251,2.62,691.68,,,,,,,,,,,,
33304,10.02142033v1,10,,2,1,,2/8/2023 0:43,,,,21,,,,,250,1.96,517.44,,,,,,,,,,,,
33305,10.02143545v3,10,,2,3,,2/7/2023 22:36,,,,5,,,,,60,2.85,205.2,,,,,,,,,,,,
33306,55.02139324v2,55,,114,1,,2/9/2023 19:47,,,,13,,,,,150,1.96,329.28,,,,,,,,,,,,
33306,55.02139057v2,55,,114,1,,2/9/2023 19:47,,,,13,,,,,150,1.96,329.28,,,,,,,,,,,,
33306,55.02139056v2,55,,114,1,,2/9/2023 19:47,,,,13,,,,,150,1.96,329.28,,,,,,,,,,,,
33307,10.0297618v1,10,,2,1,,2/7/2023 22:25,,,,13,,,,,150,1.96,329.28,,,,,,,,,,,,
33309,10.02141929v1,10,,2,1,,2/7/2023 23:32,,,,17,,,,,200,1.96,423.36,,,,,,,,,,,,
33310,10.02140751v1,10,,2,3,,2/7/2023 22:40,,,,6,,,,,64,2.85,239.4,,,,,,,,,,,,
33311,10.02133324v1,10,,2,3,,2/10/2023 15:59,,,,125,,,,,1500,2.01,3039.12,,,,,,,,,,,,
33311,10.0228780v3,10,,2,3,,2/10/2023 15:59,,,,125,,,,,1500,2.01,3039.12,,,,,,,,,,,,
33312,10.02138050v2,10,,2,1,,2/7/2023 23:17,,,,10,,,,,120,2.23,294.36,,,,,,,,,,,,
33313,17.02142796v1,17,,9,1,,2/7/2023 22:48,,,,44,,,,,525,1.96,1058.4,,,,,,,,,,,,
33314,10.02130291v1,10,,2,1,,2/7/2023 22:56,,,,5,,,,,60,2.56,184.32,,,,,,,,,,,,
33317,10.02134696v1,10,,2,3,,2/7/2023 23:58,,,,42,,,,,500,2.54,1310.64,,,,,,,,,,,,
33318,10.02124448v1,10,,2,1,,2/8/2023 18:25,,,,10,,,,,120,2.23,294.36,,,,,,,,,,,,
33320,10.02142025v2,10,,2,1,,2/8/2023 19:53,,,,20,,,,,240,1.96,493.92,,,,,,,,,,,,
33321,10.02138151v1,10,,2,4,,2/8/2023 16:02,,,,5,,,,,60,2.83,203.76,,,,,,,,,,,,
33322,10.02143411v2,10,,2,4,,2/8/2023 19:09,,,,5,,,,,60,2.83,203.76,,,,,,,,,,,,
33323,10.02129799v2,10,,2,1,,2/8/2023 15:58,,,,5,,,,,60,2.56,184.32,,,,,,,,,,,,
33324,12.02144153v1,12,,4,3,,2/9/2023 19:03,,,,10,,,,,120,2.47,326.04,,,,,,,,,,,,
33324,10.0245388v1,10,,2,3,,2/9/2023 19:03,,,,20,,,,,240,2.54,640.08,,,,,,,,,,,,
33325,10.02142697v1,10,,2,1,,2/8/2023 18:11,,,,40,,,,,480,1.96,964.32,,,,,,,,,,,,
33326,10.02142900v3,10,,2,3,,2/8/2023 16:16,,,,5,,,,,60,2.85,205.2,,,,,,,,,,,,
33327,10.02141956v4,10,,2,3,,2/17/2023 15:32,,,,42,,,,,500,2.54,1310.64,,,,,,,,,,,,
33328,10.02140248v1,10,,2,3,,2/8/2023 16:24,,,,10,,,,,120,2.72,359.04,,,,,,,,,,,,
33329,10.02142067v2,10,,2,3,,2/8/2023 17:16,,,,5,,,,,60,2.85,205.2,,,,,,,,,,,,
33330,10.02140550v2,10,,2,1,,2/17/2023 23:10,,,,17,,,,,200,1.96,423.36,,,,,,,,,,,,
33330,10.02140957v1,10,,2,1,,2/17/2023 23:10,,,,17,,,,,200,1.96,423.36,,,,,,,,,,,,
33330,10.02135387v4,10,,2,1,,2/17/2023 23:10,,,,20,,,,,240,1.96,493.92,,,,,,,,,,,,
33330,10.02140554v3,10,,2,1,,2/17/2023 23:10,,,,20,,,,,240,1.96,493.92,,,,,,,,,,,,
33331,10.02109751v3,10,,2,4,,2/9/2023 20:52,,,,25,,,,,300,2.54,792.48,,,,,,,,,,,,
33332,10.02140490v2,10,,2,1,,2/8/2023 23:44,,,,34,,,,,400,1.96,823.2,,,,,,,,,,,,
33332,10.02140486v2,10,,2,1,,2/8/2023 23:44,,,,34,,,,,400,1.96,823.2,,,,,,,,,,,,
33333,10.02134785v4,10,,2,1,,2/8/2023 18:02,,,,51,,,,,602,1.88,1173.12,,,,,,,,,,,,
33334,10.02135242v1,10,,2,4,,2/8/2023 20:52,,,,20,,,,,240,2.54,640.08,,,,,,,,,,,,
33335,10.0293519v3,10,,2,3,,2/8/2023 21:21,,,,60,,,,,720,2.01,1471.32,,,,,,,,,,,,
33336,12.02140738v2,12,,4,3,,2/9/2023 15:39,,,,10,,,,,120,2.47,326.04,,,,,,,,,,,,
33337,10.02141843v3,10,,2,1,,2/8/2023 18:14,,,,30,,,,,350,1.96,729.12,,,,,,,,,,,,
33338,55.02140850v8,55,,114,1,,2/9/2023 15:55,,,,5,,,,,60,2.56,184.32,,,,,,,,,,,,
33339,17.0367244v1,17,,9,1,,2/8/2023 20:47,,,,33,,,,,390,1.96,799.68,,,,,,,,,,,,
33339,17.0367243v1,17,,9,1,,2/8/2023 20:47,,,,33,,,,,390,1.96,799.68,,,,,,,,,,,,
33340,10.02141213v1,10,,2,3,,2/8/2023 20:02,,,,67,,,,,800,2.01,1640.16,,,,,,,,,,,,
33341,10.02143861v3,10,,2,4,,2/8/2023 19:12,,,,13,,,,,150,2.54,426.72,,,,,,,,,,,,
33341,10.02143861v1,10,,2,4,,2/8/2023 19:12,,,,13,,,,,150,2.54,426.72,,,,,,,,,,,,
33341,10.02143861v2,10,,2,4,,2/8/2023 19:12,,,,13,,,,,150,2.54,426.72,,,,,,,,,,,,
33342,10.02141941v1,10,,2,3,,2/9/2023 22:12,,,,5,,,,,60,2.85,205.2,,,,,,,,,,,,
33343,10.02143880v1,10,,2,3,,2/8/2023 22:34,,,,84,,,,,1000,2.01,2050.2,,,,,,,,,,,,
33344,10.02136543v1,10,,2,3,,2/9/2023 9:39,,,,5,,,,,60,2.85,205.2,,,,,,,,,,,,
33345,,70,,,1,44971,2/8/2023 21:07,,,,,,,,,,1.96,,29123,160,15943,35980,64,13566,180,109284,2/8/2023 21:04,2/14/2023,14,352.8
33346,10.02141638v4,10,,2,1,,2/8/2023 22:12,,,,25,,,,,300,1.96,611.52,,,,,,,,,,,,
33346,10.0291085v2,10,,2,1,,2/8/2023 22:12,,,,9,,,,,100,2.56,307.2,,,,,,,,,,,,
33347,10.02129884v1,10,,2,3,,2/9/2023 18:40,,,,6,,,,,70,2.85,239.4,,,,,,,,,,,,
33349,10.02144034v1,10,,2,3,,2/8/2023 22:17,,,,13,,,,,153,2.54,426.72,,,,,,,,,,,,
33350,10.0226338v4,10,,2,3,,2/10/2023 15:57,,,,11,,,,,125,2.72,391.68,,,,,,,,,,,,
33350,10.0226338v3,10,,2,3,,2/10/2023 15:57,,,,11,,,,,125,2.72,391.68,,,,,,,,,,,,
33351,10.02136761v1,10,,2,1,,2/8/2023 22:20,,,,5,,,,,60,2.56,184.32,,,,,,,,,,,,
33351,46.02136759v2,46,,113,1,,2/8/2023 22:20,,,,5,,,,,60,2.56,184.32,,,,,,,,,,,,
33351,10.02136762v1,10,,2,1,,2/8/2023 22:20,,,,5,,,,,60,2.56,184.32,,,,,,,,,,,,
33352,10.02139542v3,10,,2,4,,2/9/2023 17:53,,,,84,,,,,1002,2.01,2050.2,,,,,,,,,,,,
33353,10.02142098v1,10,,2,4,,2/9/2023 18:19,,,,20,,,,,240,2.54,640.08,,,,,,,,,,,,
33354,10.02143568v1,10,,2,3,,2/9/2023 0:00,,,,17,,,,,200,2.54,548.64,,,,,,,,,,,,
33355,932143698v2,93,600,120,10,44988,2/8/2023 23:11,Direct,newbusiness,12053538621,50,1.31,0,801.72,786,,,,,,,,,,,,,,,
33356,10.02135518v1,10,,2,4,,2/8/2023 23:09,,,,5,,,,,60,2.83,203.76,,,,,,,,,,,,
33356,10.02135498v1,10,,2,4,,2/8/2023 23:09,,,,5,,,,,60,2.83,203.76,,,,,,,,,,,,
33357,17.02131794v2,17,,9,3,,2/8/2023 23:18,,,,6,,,,,62,2.85,239.4,,,,,,,,,,,,
33358,10.02143787v1,10,,2,1,,2/9/2023 15:58,,,,20,,,,,240,1.96,493.92,,,,,,,,,,,,
33358,10.02143676v1,10,,2,1,,2/9/2023 15:58,,,,20,,,,,240,1.96,493.92,,,,,,,,,,,,
33358,10.02143786v1,10,,2,1,,2/9/2023 15:58,,,,20,,,,,240,1.96,493.92,,,,,,,,,,,,
33359,10.02143748v3,10,,2,1,,2/10/2023 17:11,,,,60,,,,,720,1.79,1310.28,,,,,,,,,,,,
33360,10.02136943v1,10,,2,4,,2/9/2023 20:46,,,,5,,,,,60,2.83,203.76,,,,,,,,,,,,
33361,10.02136022v1,10,,2,3,,2/9/2023 0:14,,,,17,,,,,200,2.54,548.64,,,,,,,,,,,,
33362,10.0257406v1,10,,2,1,,2/10/2023 16:29,,,,5,,,,,60,2.56,184.32,,,,,,,,,,,,
33362,12.0270827v1,12,,113,1,,2/10/2023 16:29,,,,5,,,,,60,2.23,160.56,,,,,,,,,,,,
33362,10.0217043v6,10,,2,1,,2/10/2023 16:29,,,,17,,,,,200,1.96,423.36,,,,,,,,,,,,
33363,10.04144610v1,10,,2,1,,2/10/2023 0:14,,,,13,,,,,150,1.96,329.28,,,,,,,,,,,,
33363,55.02140556v1,55,,114,1,,2/10/2023 0:14,,,,42,,,,,500,1.96,1011.36,,,,,,,,,,,,
33363,10.02140556v2,10,,2,1,,2/10/2023 0:14,,,,34,,,,,400,1.96,823.2,,,,,,,,,,,,
33364,17.0284734v1,17,,9,1,,2/9/2023 3:34,,,,20,,,,,240,1.96,493.92,,,,,,,,,,,,
33365,10.0268672v1,10,,2,3,,2/9/2023 14:44,,,,5,,,,,60,2.85,205.2,,,,,,,,,,,,
33366,10.0294713v1,10,,2,3,,2/9/2023 14:48,,,,20,,,,,240,2.54,640.08,,,,,,,,,,,,
33367,10.02133366v1,10,,2,3,,2/9/2023 16:53,,,,10,,,,,120,2.72,359.04,,,,,,,,,,,,
33368,10.03136293v1,10,,2,4,,2/9/2023 16:25,,,,9,,,,,100,2.83,339.6,,,,,,,,,,,,
33368,10.01136294v1,10,,2,4,,2/9/2023 16:25,,,,5,,,,,60,2.83,203.76,,,,,,,,,,,,
33369,10.02143887v1,10,,2,3,,2/9/2023 17:54,,,,5,,,,,60,2.85,205.2,,,,,,,,,,,,
33370,55.02142174v2,55,,114,4,,2/9/2023 17:26,,,,10,,,,,120,2.88,380.16,,,,,,,,,,,,
33370,55.02142173v1,55,,114,4,,2/9/2023 17:26,,,,10,,,,,120,2.88,380.16,,,,,,,,,,,,
33370,55.02142170v1,55,,114,4,,2/9/2023 17:26,,,,10,,,,,120,2.88,380.16,,,,,,,,,,,,
33372,10.02144138v1,10,,2,4,,2/9/2023 17:31,,,,13,,,,,150,2.54,426.72,,,,,,,,,,,,
33373,,70,,,1,44978,2/9/2023 17:20,,,,,,,,,,2.56,,29143,100,15969,36055,118,13589,120,107114,2/9/2023 17:10,2/21/2023,9,307.2
33374,10.02141328v1,10,,2,4,,2/9/2023 18:15,,,,21,,,,,250,2.54,670.56,,,,,,,,,,,,
33375,10.02144093v1,10,,2,4,,2/9/2023 17:35,,,,5,,,,,60,2.83,203.76,,,,,,,,,,,,
33376,10.02116585v1,10,,2,3,,2/9/2023 17:39,,,,25,,,,,300,2.54,792.48,,,,,,,,,,,,
33377,10.02144164v1,10,,2,4,,2/9/2023 18:38,,,,5,,,,,60,2.83,203.76,,,,,,,,,,,,
33377,10.02144165v1,10,,2,4,,2/9/2023 18:38,,,,5,,,,,60,2.83,203.76,,,,,,,,,,,,
33378,46.02139822v1,46,,113,1,,2/10/2023 16:30,,,,10,,,,,120,2.23,294.36,,,,,,,,,,,,
33378,46.02139824v1,46,,113,1,,2/10/2023 16:30,,,,10,,,,,120,2.23,294.36,,,,,,,,,,,,
33378,46.02139827v1,46,,113,1,,2/10/2023 16:30,,,,10,,,,,120,2.23,294.36,,,,,,,,,,,,
33379,10.02115497v2,10,,2,1,,2/15/2023 23:43,,,,46,,,,,550,1.88,1060.32,,,,,,,,,,,,
33379,46.02144172v2,46,,113,1,,2/15/2023 23:43,,,,46,,,,,550,1.88,1060.32,,,,,,,,,,,,
33380,10.02144305v1,10,,2,4,,2/9/2023 18:40,,,,5,,,,,60,2.83,203.76,,,,,,,,,,,,
33381,12.0232869v1,12,,4,3,,2/9/2023 18:24,,,,17,,,,,200,2.29,494.64,,,,,,,,,,,,
33383,10.0282559v3,10,,2,3,,2/9/2023 20:57,,,,5,,,,,60,2.85,205.2,,,,,,,,,,,,
33384,10.02122674v1,10,,2,1,,2/9/2023 21:08,,,,21,,,,,250,1.96,517.44,,,,,,,,,,,,
33385,10.02143286v2,10,,2,3,,2/9/2023 19:09,,,,5,,,,,60,2.85,205.2,,,,,,,,,,,,
33386,,70,,,1,44978,2/10/2023 18:44,,,,,,,,,,2.56,,29146,60,16022,36161,118,13638,72,108694,2/10/2023 17:50,2/21/2023,5,184.32
33867,10.02129472v2,10,,2,3,,2/9/2023 15:13,,,,17,,,,,200,2.54,548.64,,,,,,,,,,,,
33868,932143881v1,93,240,120,10,44999,2/9/2023 22:58,Direct,existingbusiness,12068495033,20,1.42,0,357.84,340.8,,,,,,,,,,,,,,,
33869,10.02144411v2,10,,2,1,,2/22/2023 23:11,,,,20,,,,,240,1.96,493.92,,,,,,,,,,,,
33870,10.02133788v1,10,,2,4,,2/10/2023 14:23,,,,25,,,,,300,2.54,792.48,,,,,,,,,,,,
33871,10.029297v1,10,,2,1,,2/12/2023 16:24,,,,21,,,,,250,1.96,517.44,,,,,,,,,,,,
33872,10.0290910v2,10,,2,1,,2/10/2023 15:08,,,,25,,,,,300,1.96,611.52,,,,,,,,,,,,
33873,17.02141833v2,17,,9,1,,2/10/2023 17:01,,,,42,,,,,500,1.96,1011.36,,,,,,,,,,,,
33873,,70,,,1,44977,2/10/2023 17:01,,,,,,,,,,1.96,,29101,500,16011,36150,118,13628,516,103199,2/10/2023 16:25,2/20/2023,42,1011.36
33874,17.02143760v3,17,,9,3,,2/9/2023 21:36,,,,6,,,,,61,2.85,239.4,,,,,,,,,,,,
33875,10.0399302v1,10,,2,3,,2/10/2023 0:41,,,,25,,,,,300,2.54,792.48,,,,,,,,,,,,
33876,10.02120419v2,10,,2,4,,2/9/2023 22:46,,,,17,,,,,200,2.54,548.64,,,,,,,,,,,,
33876,10.02120419v1,10,,2,4,,2/9/2023 22:46,,,,17,,,,,200,2.54,548.64,,,,,,,,,,,,
33877,10.02144589v1,10,,2,4,,2/10/2023 14:52,,,,5,,,,,60,2.83,203.76,,,,,,,,,,,,
33877,10.02144588v1,10,,2,4,,2/10/2023 14:52,,,,5,,,,,60,2.83,203.76,,,,,,,,,,,,
33878,10.02144116v1,10,,2,1,,2/10/2023 18:51,,,,167,,,,,2000,1.71,3447.36,,,,,,,,,,,,
33879,10.0211450v2,10,,2,4,,2/13/2023 16:57,,,,6,,,,,70,2.83,237.72,,,,,,,,,,,,
33880,10.0248222v2,10,,2,4,,2/10/2023 5:56,,,,23,,,,,265,2.54,731.52,,,,,,,,,,,,
33881,10.02134041v3,10,,2,1,,2/10/2023 13:43,,,,10,,,,,120,2.23,294.36,,,,,,,,,,,,
33882,10.02144601v1,10,,2,1,,2/10/2023 16:11,,,,11,,,,,125,2.23,321.12,,,,,,,,,,,,
33882,10.02144600v1,10,,2,1,,2/10/2023 16:11,,,,11,,,,,125,2.23,321.12,,,,,,,,,,,,
33884,10.02135850v1,10,,2,1,,2/10/2023 15:52,,,,10,,,,,120,2.23,294.36,,,,,,,,,,,,
33885,10.0226298v1,10,,2,4,,2/10/2023 16:35,,,,5,,,,,60,2.83,203.76,,,,,,,,,,,,
33885,10.0226299v1,10,,2,4,,2/10/2023 16:35,,,,5,,,,,60,2.83,203.76,,,,,,,,,,,,
33886,10.02144339v5,10,,2,1,,2/10/2023 16:56,,,,13,,,,,150,1.96,329.28,,,,,,,,,,,,
33887,10.02116353v2,10,,2,4,,2/15/2023 16:28,,,,5,,,,,60,2.83,203.76,,,,,,,,,,,,
33888,10.02143869v1,10,,2,3,,2/10/2023 19:31,,,,10,,,,,120,2.72,359.04,,,,,,,,,,,,
33888,10.0286401v1,10,,2,3,,2/10/2023 19:31,,,,5,,,,,60,2.85,205.2,,,,,,,,,,,,
33889,10.02144612v1,10,,2,4,,2/14/2023 0:32,,,,10,,,,,120,2.71,357.72,,,,,,,,,,,,
33890,10.02144441v1,10,,2,4,,2/10/2023 17:48,,,,5,,,,,60,2.83,203.76,,,,,,,,,,,,
33891,10.02140793v1,10,,2,4,,2/10/2023 19:53,,,,5,,,,,60,2.83,203.76,,,,,,,,,,,,
33892,10.02138998v2,10,,2,3,,2/10/2023 17:48,,,,10,,,,,120,2.72,359.04,,,,,,,,,,,,
33893,10.03145424v1,10,,2,4,,2/14/2023 17:59,,,,5,,,,,60,2.83,203.76,,,,,,,,,,,,
33895,10.0242049v1,10,,2,3,,2/13/2023 15:50,,,,42,,,,,500,2.54,1310.64,,,,,,,,,,,,
33896,10.02139226v1,10,,2,4,,2/10/2023 19:10,,,,10,,,,,110,2.83,373.56,,,,,,,,,,,,
33897,10.02142828v1,10,,2,1,,2/10/2023 20:44,,,,105,,,,,1250,1.71,2175.12,,,,,,,,,,,,
33898,10.0322216v2,10,,2,1,,2/10/2023 20:37,,,,25,,,,,300,1.96,611.52,,,,,,,,,,,,
33900,10.02144900v1,10,,2,4,,2/10/2023 20:50,,,,5,,,,,60,2.83,203.76,,,,,,,,,,,,
33901,,70,,,1,44981,2/13/2023 17:31,,,,,,,,,,1.96,,29142,200,16069,36246,118,13674,216,107876,2/13/2023 17:22,2/24/2023,17,423.36
33901,,70,,,1,44981,2/13/2023 17:31,,,,,,,,,,1.96,,29142,150,16071,36248,118,13674,168,107876,2/13/2023 17:22,2/24/2023,13,329.28
33901,,70,,,1,44981,2/13/2023 17:31,,,,,,,,,,1.96,,29142,350,16070,36247,118,13674,372,107876,2/13/2023 17:22,2/24/2023,30,729.12
33901,,70,,,1,44981,2/13/2023 17:31,,,,,,,,,,1.88,,29142,635,16068,36244,118,13674,660,107876,2/13/2023 17:22,2/24/2023,53,1218.24
33902,10.02136019v3,10,,2,3,,2/10/2023 21:30,,,,8,,,,,90,2.85,307.8,,,,,,,,,,,,
33903,55.02141404v1,55,,114,1,,2/10/2023 21:36,,,,10,,,,,120,2.23,294.36,,,,,,,,,,,,
33904,10.02144893v1,10,,2,3,,2/13/2023 14:50,,,,9,,,,,100,2.85,342,,,,,,,,,,,,
33904,10.02144886v1,10,,2,3,,2/13/2023 14:50,,,,9,,,,,100,2.85,342,,,,,,,,,,,,
33905,55.02143191v4,55,,114,1,,2/10/2023 22:22,,,,12,,,,,144,1.96,305.76,,,,,,,,,,,,
33906,55.02139755v5,55,,114,3,,2/15/2023 15:04,,,,7,,,,,75,2.93,281.28,,,,,,,,,,,,
33907,10.02144836v3,10,,2,3,,2/10/2023 23:14,,,,5,,,,,60,2.85,205.2,,,,,,,,,,,,
33907,10.02144836v4,10,,2,3,,2/10/2023 23:14,,,,5,,,,,60,2.85,205.2,,,,,,,,,,,,
33908,55.02123168v2,55,,114,1,,2/13/2023 17:05,,,,8,,,,,90,2.56,276.48,,,,,,,,,,,,
33909,10.02144246v1,10,,2,4,,2/10/2023 22:34,,,,5,,,,,60,2.83,203.76,,,,,,,,,,,,
33910,10.02140619v2,10,,2,4,,2/13/2023 17:07,,,,40,,,,,480,2.54,1249.68,,,,,,,,,,,,
33911,10.02151082v1,10,,2,4,,3/9/2023 22:52,,,,9,,,,,100,2.83,339.6,,,,,,,,,,,,
33912,10.02144950v1,10,,2,4,,2/10/2023 23:23,,,,5,,,,,60,2.83,203.76,,,,,,,,,,,,
33913,10.02145034v1,10,,2,3,,2/11/2023 0:04,,,,30,,,,,350,2.54,944.88,,,,,,,,,,,,
33914,10.0247888v1,10,,2,1,,2/10/2023 23:07,,,,10,,,,,120,2.23,294.36,,,,,,,,,,,,
33915,10.0279547v1,10,,2,3,,2/13/2023 22:27,,,,13,,,,,150,2.54,426.72,,,,,,,,,,,,
33915,10.0279551v1,10,,2,3,,2/13/2023 22:27,,,,13,,,,,150,2.54,426.72,,,,,,,,,,,,
33916,10.02144879v1,10,,2,4,,2/14/2023 17:20,,,,9,,,,,100,2.83,339.6,,,,,,,,,,,,
33916,10.02144952v1,10,,2,4,,2/14/2023 17:20,,,,9,,,,,100,2.83,339.6,,,,,,,,,,,,
33916,10.02144951v1,10,,2,4,,2/14/2023 17:20,,,,9,,,,,100,2.83,339.6,,,,,,,,,,,,
33918,10.02130018v3,10,,2,3,,2/13/2023 21:50,,,,5,,,,,60,2.85,205.2,,,,,,,,,,,,
33919,55.02144661v1,55,,114,1,,2/13/2023 18:23,,,,105,,,,,1250,1.71,2175.12,,,,,,,,,,,,
33919,55.02144660v1,55,,114,1,,2/13/2023 18:23,,,,105,,,,,1250,1.71,2175.12,,,,,,,,,,,,
33920,10.0252552v1,10,,2,1,,2/14/2023 0:29,,,,17,,,,,200,1.96,423.36,,,,,,,,,,,,
33921,10.0291110v9,10,,2,3,,2/13/2023 15:44,,,,100,,,,,1200,2.01,2436.12,,,,,,,,,,,,
33922,10.02143306v2,10,,2,3,,2/13/2023 14:31,,,,84,,,,,1000,2.01,2050.2,,,,,,,,,,,,
33923,10.02142108v3,10,,2,3,,2/13/2023 15:16,,,,10,,,,,120,2.72,359.04,,,,,,,,,,,,
33924,10.02119990v3,10,,2,4,,2/13/2023 18:21,,,,9,,,,,100,2.83,339.6,,,,,,,,,,,,
33925,10.0299580v3,10,,2,3,,2/13/2023 15:39,,,,10,,,,,120,2.72,359.04,,,,,,,,,,,,
33926,10.0238151v5,10,,2,1,,2/13/2023 19:50,,,,5,,,,,60,2.56,184.32,,,,,,,,,,,,
33926,10.0238151v4,10,,2,1,,2/13/2023 19:50,,,,5,,,,,60,2.56,184.32,,,,,,,,,,,,
33927,10.0273063v1,10,,2,3,,2/13/2023 16:18,,,,50,,,,,600,2.28,1395.36,,,,,,,,,,,,
33928,55.02142007v1,55,,114,1,,2/13/2023 17:31,,,,13,,,,,150,1.96,329.28,,,,,,,,,,,,
33928,55.02141997v2,55,,114,1,,2/13/2023 17:31,,,,13,,,,,150,1.96,329.28,,,,,,,,,,,,
33929,10.0210698v1,10,,2,1,,2/13/2023 16:39,,,,5,,,,,60,2.56,184.32,,,,,,,,,,,,
33930,10.02143623v1,10,,2,4,,2/14/2023 22:26,,,,7,,,,,80,2.83,271.68,,,,,,,,,,,,
33931,10.02135769v1,10,,2,4,,2/13/2023 17:36,,,,13,,,,,150,2.54,426.72,,,,,,,,,,,,
33932,10.02112006v2,10,,2,1,,2/13/2023 17:39,,,,18,,,,,210,1.96,446.88,,,,,,,,,,,,
33932,10.02144080v1,10,,2,1,,2/13/2023 17:39,,,,18,,,,,210,1.96,446.88,,,,,,,,,,,,
33933,10.0232494v1,10,,2,1,,2/13/2023 22:06,,,,21,,,,,250,1.96,517.44,,,,,,,,,,,,
33933,10.0242049v1,10,,2,1,,2/13/2023 22:06,,,,21,,,,,250,1.96,517.44,,,,,,,,,,,,
33935,10.02145283v1,10,,2,4,,2/13/2023 18:48,,,,6,,,,,65,2.83,237.72,,,,,,,,,,,,
33936,55.02144862v1,55,,114,1,,2/13/2023 21:23,,,,75,,,,,900,1.79,1632.48,,,,,,,,,,,,
33937,10.02145285v1,10,,2,3,,2/13/2023 23:39,,,,310,,,,,3710,1.72,6419.04,,,,,,,,,,,,
33938,93247958v1,93,250,120,10,45002,2/13/2023 23:08,Direct,existingbusiness,11691301397,21,1.42,0,374.88,355,,,,,,,,,,,,,,,
33939,10.02143408v5,10,,2,1,,2/15/2023 16:52,,,,11,,,,,130,2.23,321.12,,,,,,,,,,,,
33939,10.02143408v4,10,,2,1,,2/15/2023 16:52,,,,11,,,,,130,2.23,321.12,,,,,,,,,,,,
33939,44.02143407v3,44,,21,1,,2/15/2023 16:52,,,,12,,,,,140,1.96,305.76,,,,,,,,,,,,
33940,10.0285413v2,10,,2,3,,2/15/2023 23:20,,,,6,,,,,65,2.85,239.4,,,,,,,,,,,,
33941,10.0215208v1,10,,2,1,,2/13/2023 20:49,,,,32,,,,,382,1.96,776.16,,,,,,,,,,,,
33942,10.02117595v2,10,,2,3,,2/13/2023 21:02,,,,21,,,,,250,2.54,670.56,,,,,,,,,,,,
33943,55.02144448v2,55,,114,1,,2/14/2023 16:11,,,,5,,,,,60,2.56,184.32,,,,,,,,,,,,
33944,10.02143946v2,10,,2,1,,2/14/2023 18:44,,,,13,,,,,151,1.96,329.28,,,,,,,,,,,,
33945,10.0240021v2,10,,2,1,,2/13/2023 21:35,,,,5,,,,,60,2.56,184.32,,,,,,,,,,,,
33946,,70,,,1,44978,2/14/2023 0:00,,,,,,,,,,1.96,,29119,360,16097,36560,118,13697,372,108075,2/13/2023 23:55,2/21/2023,30,729.12
33947,,70,,,4,44974,2/13/2023 21:38,,,,,,,,,,2.71,,29058,120,16087,36489,73,13688,120,109685,2/13/2023 21:38,2/17/2023,10,357.72
33947,,70,,,4,44974,2/13/2023 21:38,,,,,,,,,,2.71,,29180,120,16087,36488,73,13688,120,109685,2/13/2023 21:38,2/17/2023,10,357.72
33948,44.0227511v4,44,,21,4,,2/13/2023 21:40,,,,5,,,,,60,3,216,,,,,,,,,,,,
33949,10.02140508v1,10,,2,1,,2/13/2023 21:44,,,,10,,,,,120,2.23,294.36,,,,,,,,,,,,
33950,10.0229935v3,10,,2,4,,2/17/2023 16:08,,,,20,,,,,240,2.54,640.08,,,,,,,,,,,,
33951,55.02145020v1,55,,114,1,,2/14/2023 16:20,,,,40,,,,,480,1.96,964.32,,,,,,,,,,,,
33952,10.02143848v8,10,,2,3,,2/15/2023 5:40,,,,10,,,,,120,2.72,359.04,,,,,,,,,,,,
33953,10.0290909v1,10,,2,4,,2/13/2023 23:17,,,,59,,,,,700,2.28,1641.6,,,,,,,,,,,,
33954,10.02134915v1,10,,2,4,,2/15/2023 20:36,,,,5,,,,,60,2.83,203.76,,,,,,,,,,,,
33955,10.02142085v1,10,,2,3,,2/14/2023 23:37,,,,6,,,,,61,2.85,239.4,,,,,,,,,,,,
33957,10.02143309v2,10,,2,3,,2/14/2023 18:38,,,,10,,,,,120,2.72,359.04,,,,,,,,,,,,
33957,10.02143863v2,10,,2,3,,2/14/2023 18:38,,,,5,,,,,60,2.85,205.2,,,,,,,,,,,,
33958,10.02135778v5,10,,2,1,,2/14/2023 18:39,,,,10,,,,,120,2.23,294.36,,,,,,,,,,,,
33959,10.02144630v3,10,,2,3,,2/14/2023 2:43,,,,5,,,,,60,2.85,205.2,,,,,,,,,,,,
33960,10.02143976v1,10,,2,3,,2/14/2023 14:39,,,,20,,,,,240,2.54,640.08,,,,,,,,,,,,
33961,55.02135945v2,55,,114,1,,2/15/2023 18:41,,,,7,,,,,76,2.56,245.76,,,,,,,,,,,,
33961,55.02135943v3,55,,114,1,,2/15/2023 18:41,,,,7,,,,,76,2.56,245.76,,,,,,,,,,,,
33962,10.0251287v1,10,,2,1,,2/14/2023 15:41,,,,10,,,,,120,2.23,294.36,,,,,,,,,,,,
33963,10.02144963v1,10,,2,1,,2/15/2023 15:25,,,,34,,,,,400,1.96,823.2,,,,,,,,,,,,
33968,10.02144152v1,10,,2,4,,2/14/2023 19:13,,,,5,,,,,60,2.83,203.76,,,,,,,,,,,,
33969,10.02139729v1,10,,2,1,,2/14/2023 18:36,,,,5,,,,,60,2.56,184.32,,,,,,,,,,,,
33969,10.02139730v2,10,,2,1,,2/14/2023 18:36,,,,5,,,,,60,2.56,184.32,,,,,,,,,,,,
33970,10.02139051v1,10,,2,1,,2/14/2023 18:50,,,,5,,,,,60,2.56,184.32,,,,,,,,,,,,
33970,10.02139052v1,10,,2,1,,2/14/2023 18:50,,,,5,,,,,60,2.56,184.32,,,,,,,,,,,,
33971,93235865v27,93,120,120,10,45002,2/15/2023 16:39,Distributor,existingbusiness,11346115205,10,1.8,0,237.6,216,,,,,,,,,,,,,,,
33972,10.02117243v2,10,,2,3,,1/28/2023 0:16,,,,10,,,,,120,2.72,359.04,,,,,,,,,,,,
33973,10.02143514v2,10,,2,4,,2/14/2023 19:43,,,,17,,,,,200,2.54,548.64,,,,,,,,,,,,
33974,10.02123767v2,10,,2,1,,2/14/2023 19:36,,,,10,,,,,120,2.23,294.36,,,,,,,,,,,,
33975,10.02141570v1,10,,2,4,,2/14/2023 19:48,,,,25,,,,,300,2.54,792.48,,,,,,,,,,,,
33976,10.02145729v1,10,,2,4,,2/14/2023 19:34,,,,42,,,,,500,2.54,1310.64,,,,,,,,,,,,
33977,10.02119099v1,10,,2,1,,2/14/2023 21:46,,,,13,,,,,150,1.96,329.28,,,,,,,,,,,,
33978,10.02145693v1,10,,2,1,,2/14/2023 20:58,,,,13,,,,,150,1.96,329.28,,,,,,,,,,,,
33979,10.02141044v1,10,,2,4,,2/15/2023 16:32,,,,125,,,,,1500,2.01,3039.12,,,,,,,,,,,,
33980,10.0299270v1,10,,2,3,,2/14/2023 21:36,,,,11,,,,,125,2.72,391.68,,,,,,,,,,,,
33980,10.0299271v1,10,,2,3,,2/14/2023 21:36,,,,11,,,,,125,2.72,391.68,,,,,,,,,,,,
33981,10.02109250v3,10,,2,1,,2/17/2023 16:49,,,,17,,,,,203,1.96,423.36,,,,,,,,,,,,
33982,10.0242049v1,10,,2,1,,2/14/2023 21:48,,,,21,,,,,250,1.96,517.44,,,,,,,,,,,,
33983,55.02138941v3,55,,114,1,,2/14/2023 22:10,,,,8,,,,,90,2.56,276.48,,,,,,,,,,,,
33984,17.02144250v1,17,,9,3,,2/14/2023 21:01,,,,5,,,,,60,2.85,205.2,,,,,,,,,,,,
33985,10.02145921v1,10,,2,1,,2/15/2023 14:57,,,,14,,,,,165,1.96,352.8,,,,,,,,,,,,
33986,10.02144590v1,10,,2,4,,2/21/2023 22:28,,,,50,,,,,600,2.28,1395.36,,,,,,,,,,,,
33987,55.02144304v2,55,,114,1,,2/14/2023 22:46,,,,21,,,,,250,1.96,517.44,,,,,,,,,,,,
33988,10.02133939v1,10,,2,4,,2/16/2023 20:41,,,,13,,,,,150,2.54,426.72,,,,,,,,,,,,
33989,10.02140423v1,10,,2,1,,2/15/2023 13:01,,,,42,,,,,500,1.96,1011.36,,,,,,,,,,,,
33990,10.0265996v1,10,,2,3,,2/17/2023 17:13,,,,100,,,,,1200,2.01,2436.12,,,,,,,,,,,,
33991,55.02129407v1,55,,114,1,,2/15/2023 16:45,,,,42,,,,,500,1.96,1011.36,,,,,,,,,,,,
33991,55.02125324v5,55,,114,1,,2/15/2023 16:45,,,,42,,,,,500,1.96,1011.36,,,,,,,,,,,,
33992,10.02111697v3,10,,2,3,,2/15/2023 0:23,,,,5,,,,,60,2.85,205.2,,,,,,,,,,,,
33993,55.02146173v1,55,,114,3,,2/15/2023 16:08,,,,9,,,,,102,2.93,351.6,,,,,,,,,,,,
33994,12.02145879v1,12,,4,1,,2/15/2023 16:52,,,,25,,,,,300,1.63,508.56,,,,,,,,,,,,
33995,10.02140571v2,10,,2,1,,2/15/2023 14:29,,,,10,,,,,120,2.23,294.36,,,,,,,,,,,,
33995,10.02140544v2,10,,2,1,,2/15/2023 14:29,,,,10,,,,,120,2.23,294.36,,,,,,,,,,,,
33995,10.02140563v3,10,,2,1,,2/15/2023 14:29,,,,10,,,,,120,2.23,294.36,,,,,,,,,,,,
33995,10.02142782v2,10,,2,1,,2/15/2023 14:29,,,,10,,,,,120,2.23,294.36,,,,,,,,,,,,
33996,10.02143034v1,10,,2,1,,2/21/2023 20:42,,,,42,,,,,500,1.96,1011.36,,,,,,,,,,,,
33997,10.02105304v1,10,,2,4,,2/15/2023 15:42,,,,25,,,,,300,2.54,792.48,,,,,,,,,,,,
33998,10.02141260v4,10,,2,3,,2/15/2023 16:41,,,,10,,,,,120,2.72,359.04,,,,,,,,,,,,
33999,10.02140572v1,10,,2,3,,2/15/2023 17:01,,,,21,,,,,250,2.54,670.56,,,,,,,,,,,,
34000,55.02106927v1,55,,114,1,,2/15/2023 16:26,,,,42,,,,,500,1.96,1011.36,,,,,,,,,,,,
34001,55.02146270v1,55,,114,3,,2/21/2023 17:05,,,,5,,,,,60,2.93,210.96,,,,,,,,,,,,
34002,10.02146002v1,10,,2,1,,2/15/2023 17:29,,,,43,,,,,510,1.96,1034.88,,,,,,,,,,,,
34003,12.02145262v1,12,,4,3,,2/15/2023 17:18,,,,10,,,,,120,2.47,326.04,,,,,,,,,,,,
34004,10.02131350v2,10,,2,3,,2/15/2023 17:10,,,,40,,,,,480,2.54,1249.68,,,,,,,,,,,,
34005,10.02140784v1,10,,2,3,,2/15/2023 18:42,,,,5,,,,,60,2.85,205.2,,,,,,,,,,,,
34006,10.02145173v3,10,,2,3,,2/21/2023 20:00,,,,34,,,,,400,2.54,1066.8,,,,,,,,,,,,
34006,10.02145172v3,10,,2,3,,2/21/2023 20:00,,,,34,,,,,400,2.54,1066.8,,,,,,,,,,,,
34007,10.02121786v3,10,,2,1,,2/17/2023 14:25,,,,8,,,,,96,2.56,276.48,,,,,,,,,,,,
34008,10.02146180v1,10,,2,4,,2/15/2023 18:36,,,,5,,,,,60,2.83,203.76,,,,,,,,,,,,
34009,10.02135835v1,10,,2,1,,2/15/2023 17:29,,,,10,,,,,120,2.23,294.36,,,,,,,,,,,,
34010,10.0221662v1,10,,2,3,,2/15/2023 19:06,,,,11,,,,,125,2.72,391.68,,,,,,,,,,,,
34011,10.02109067v1,10,,2,4,,2/15/2023 21:42,,,,5,,,,,60,2.83,203.76,,,,,,,,,,,,
34012,10.02109449v1,10,,2,4,,2/15/2023 21:43,,,,5,,,,,60,2.83,203.76,,,,,,,,,,,,
34013,17.02102916v1,17,,9,4,,2/15/2023 18:53,,,,10,,,,,120,2.71,357.72,,,,,,,,,,,,
34014,55.02134504v3,55,,114,1,,2/15/2023 18:56,,,,5,,,,,60,2.56,184.32,,,,,,,,,,,,
34015,55.02143183v1,55,,114,4,,2/15/2023 20:42,,,,5,,,,,60,3,216,,,,,,,,,,,,
34016,10.02107667v1,10,,2,1,,2/15/2023 19:18,,,,10,,,,,120,2.23,294.36,,,,,,,,,,,,
34017,10.02143852v3,10,,2,4,,2/15/2023 19:43,,,,13,,,,,150,2.54,426.72,,,,,,,,,,,,
34018,10.02140451v1,10,,2,4,,2/15/2023 23:52,,,,21,,,,,250,2.54,670.56,,,,,,,,,,,,
34018,10.02140449v4,10,,2,4,,2/15/2023 23:52,,,,21,,,,,250,2.54,670.56,,,,,,,,,,,,
34020,10.02135709v1,10,,2,3,,2/15/2023 20:20,,,,25,,,,,295,2.54,792.48,,,,,,,,,,,,
34022,10.0274698v2,10,,2,1,,2/16/2023 15:54,,,,100,,,,,1200,1.71,2072.52,,,,,,,,,,,,
34023,10.02131426v1,10,,2,3,,2/15/2023 22:08,,,,16,,,,,183,2.54,518.16,,,,,,,,,,,,
34023,10.02131436v2,10,,2,3,,2/15/2023 22:08,,,,16,,,,,191,2.54,518.16,,,,,,,,,,,,
34023,10.02131432v1,10,,2,3,,2/15/2023 22:08,,,,5,,,,,60,2.85,205.2,,,,,,,,,,,,
34024,10.02127947v1,10,,2,1,,2/16/2023 16:34,,,,42,,,,,500,1.96,1011.36,,,,,,,,,,,,
34025,932140625v2,93,240,120,10,44995,2/16/2023 16:03,Distributor,existingbusiness,11934275384,20,1.42,0,357.84,340.8,,,,,,,,,,,,,,,
34026,10.02145799v1,10,,2,4,,2/15/2023 23:45,,,,25,,,,,300,2.54,792.48,,,,,,,,,,,,
34027,46.02146716v1,46,,113,1,,2/16/2023 21:52,,,,31,,,,,364,1.96,752.64,,,,,,,,,,,,
34028,10.02146066v1,10,,2,4,,2/16/2023 18:09,,,,21,,,,,250,2.54,670.56,,,,,,,,,,,,
34029,10.02145989v1,10,,2,4,,2/16/2023 22:42,,,,5,,,,,60,2.83,203.76,,,,,,,,,,,,
34030,46.02133064v2,46,,113,1,,2/16/2023 18:05,,,,42,,,,,500,1.96,1011.36,,,,,,,,,,,,
34030,10.02133054v6,10,,2,1,,2/16/2023 18:05,,,,42,,,,,500,1.96,1011.36,,,,,,,,,,,,
34031,10.02140644v2,10,,2,3,,2/16/2023 20:31,,,,42,,,,,500,2.54,1310.64,,,,,,,,,,,,
34032,17.02129918v2,17,,9,1,,2/16/2023 2:17,,,,17,,,,,200,1.96,423.36,,,,,,,,,,,,
34033,932145508v2,93,860,120,10,45005,2/20/2023 13:29,Direct,existingbusiness,12072762968,72,1.24,0,1086.24,1066.4,,,,,,,,,,,,,,,
34034,10.02138348v1,10,,2,4,,2/16/2023 21:47,,,,25,,,,,300,2.54,792.48,,,,,,,,,,,,
34035,10.02146079v1,10,,2,1,,2/20/2023 3:56,,,,10,,,,,120,2.23,294.36,,,,,,,,,,,,
34037,10.02146804v1,10,,2,4,,2/17/2023 17:33,,,,10,,,,,120,2.71,357.72,,,,,,,,,,,,
34038,10.02146727v1,10,,2,3,,2/16/2023 14:25,,,,23,,,,,275,2.54,731.52,,,,,,,,,,,,
34039,10.02146220v1,10,,2,4,,2/16/2023 18:50,,,,15,,,,,180,2.54,487.68,,,,,,,,,,,,
34039,10.02146225v1,10,,2,4,,2/16/2023 18:50,,,,15,,,,,180,2.54,487.68,,,,,,,,,,,,
34040,10.02122926v1,10,,2,4,,2/16/2023 16:09,,,,20,,,,,240,2.54,640.08,,,,,,,,,,,,
34041,10.02134522v1,10,,2,3,,2/16/2023 15:43,,,,21,,,,,250,2.54,670.56,,,,,,,,,,,,
34042,10.02140414v2,10,,2,3,,2/16/2023 17:37,,,,20,,,,,240,2.54,640.08,,,,,,,,,,,,
34043,10.03146730v1,10,,2,1,,2/16/2023 18:50,,,,438,,,,,5250,1.56,8218.08,,,,,,,,,,,,
34044,10.0218490v1,10,,2,3,,2/17/2023 14:47,,,,30,,,,,360,2.54,944.88,,,,,,,,,,,,
34046,10.03146655v1,10,,2,4,,2/16/2023 17:26,,,,30,,,,,360,2.54,944.88,,,,,,,,,,,,
34047,10.02140224v2,10,,2,1,,2/16/2023 17:31,,,,71,,,,,850,1.79,1546.56,,,,,,,,,,,,
34048,10.0299460v2,10,,2,3,,2/16/2023 17:41,,,,10,,,,,120,2.72,359.04,,,,,,,,,,,,
34050,10.02129340v2,10,,2,4,,2/16/2023 19:44,,,,5,,,,,60,2.83,203.76,,,,,,,,,,,,
34051,10.02117714v1,10,,2,1,,2/17/2023 0:00,,,,5,,,,,60,2.56,184.32,,,,,,,,,,,,
34052,10.02128555v3,10,,2,1,,2/16/2023 19:37,,,,20,,,,,240,1.96,493.92,,,,,,,,,,,,
34052,,70,,,1,44979,2/16/2023 19:37,,,,,,,,,,2.56,,29182,60,16204,36532,118,13786,72,109265,2/16/2023 19:25,2/22/2023,5,184.32
34053,17.02146982v1,17,,9,3,,2/21/2023 15:27,,,,10,,,,,120,2.72,359.04,,,,,,,,,,,,
34055,10.0222824v7,10,,2,4,,2/17/2023 19:35,,,,42,,,,,500,2.54,1310.64,,,,,,,,,,,,
34056,10.02143315v1,10,,2,4,,2/16/2023 22:00,,,,50,,,,,600,2.28,1395.36,,,,,,,,,,,,
34057,10.02133989v2,10,,2,3,,2/16/2023 21:41,,,,40,,,,,480,2.54,1249.68,,,,,,,,,,,,
34058,10.02142533v1,10,,2,4,,2/16/2023 21:21,,,,12,,,,,140,2.54,396.24,,,,,,,,,,,,
34059,10.02146547v1,10,,2,4,,2/16/2023 22:12,,,,10,,,,,120,2.71,357.72,,,,,,,,,,,,
34060,10.02134351v7,10,,2,1,,2/21/2023 15:56,,,,21,,,,,250,1.96,517.44,,,,,,,,,,,,
34061,10.02143885v6,10,,2,4,,2/16/2023 21:36,,,,10,,,,,120,2.71,357.72,,,,,,,,,,,,
34062,10.0289360v1,10,,2,3,,2/20/2023 18:56,,,,84,,,,,1000,2.01,2050.2,,,,,,,,,,,,
34063,10.02146600v4,10,,2,1,,2/27/2023 20:32,,,,10,,,,,120,2.23,294.36,,,,,,,,,,,,
34064,10.0227001v3,10,,2,3,,2/16/2023 23:21,,,,20,,,,,240,2.54,640.08,,,,,,,,,,,,
34065,55.02126505v1,55,,114,4,,2/17/2023 19:46,,,,14,,,,,160,2.7,486,,,,,,,,,,,,
34066,46.02120771v1,46,,113,3,,2/17/2023 16:04,,,,11,,,,,125,2.72,391.68,,,,,,,,,,,,
34066,55.02145334v1,55,,114,3,,2/17/2023 16:04,,,,84,,,,,1000,2.1,2142,,,,,,,,,,,,
34067,10.02118438v2,10,,2,3,,2/17/2023 19:02,,,,6,,,,,62,2.85,239.4,,,,,,,,,,,,
34068,10.02145863v1,10,,2,4,,2/20/2023 20:13,,,,84,,,,,1000,2.01,2050.2,,,,,,,,,,,,
34069,44.02145829v2,44,,21,1,,2/17/2023 16:30,,,,34,,,,,400,1.96,823.2,,,,,,,,,,,,
34070,10.02148785v1,10,,2,3,,2/23/2023 18:50,,,,9,,,,,100,2.85,342,,,,,,,,,,,,
34071,10.02141904v2,10,,2,3,,2/16/2023 23:25,,,,5,,,,,60,2.85,205.2,,,,,,,,,,,,
34073,,70,,,1,44985,2/17/2023 16:06,,,,,,,,,,1.79,,26041,730,16229,36576,64,13808,756,110241,2/17/2023 16:04,2/28/2023,61,1331.76
34074,10.02147086v1,10,,2,3,,2/17/2023 14:13,,,,25,,,,,300,2.54,792.48,,,,,,,,,,,,
34075,55.02137013v1,55,,114,3,,2/17/2023 18:45,,,,42,,,,,500,2.62,1351.92,,,,,,,,,,,,
34076,10.02146814v1,10,,2,3,,2/17/2023 14:34,,,,28,,,,,325,2.54,883.92,,,,,,,,,,,,
34077,10.02143132v1,10,,2,3,,2/17/2023 19:33,,,,10,,,,,120,2.72,359.04,,,,,,,,,,,,
34078,9102146855v1,910,2,25,5,44984,2/20/2023 13:45,Distributor,existingbusiness,11673491862,1,0.76,90,108.24,91.52,,,,,,,,,,,,,,,
34079,10.0286423v4,10,,2,4,,2/17/2023 16:13,,,,20,,,,,240,2.54,640.08,,,,,,,,,,,,
34080,10.0233247v1,10,,2,1,,2/20/2023 16:03,,,,100,,,,,1200,1.71,2072.52,,,,,,,,,,,,
34081,10.02143199v1,10,,2,1,,2/17/2023 18:36,,,,13,,,,,150,1.96,329.28,,,,,,,,,,,,
34082,55.02146585v4,55,,114,1,,2/17/2023 16:58,,,,42,,,,,500,1.96,1011.36,,,,,,,,,,,,
34083,10.02147007v1,10,,2,3,,2/17/2023 17:21,,,,10,,,,,120,2.72,359.04,,,,,,,,,,,,
34084,10.0277532v1,10,,2,4,,2/17/2023 17:02,,,,5,,,,,60,2.83,203.76,,,,,,,,,,,,
34085,10.02144762v3,10,,2,3,,2/17/2023 17:13,,,,13,,,,,150,2.54,426.72,,,,,,,,,,,,
34086,10.02141491v3,10,,2,3,,2/17/2023 17:24,,,,5,,,,,60,2.85,205.2,,,,,,,,,,,,
34086,10.02143571v1,10,,2,3,,2/17/2023 17:24,,,,5,,,,,60,2.85,205.2,,,,,,,,,,,,
34087,10.02146701v2,10,,2,4,,2/17/2023 17:27,,,,34,,,,,400,2.54,1066.8,,,,,,,,,,,,
34088,10.02146312v1,10,,2,3,,2/17/2023 17:37,,,,5,,,,,60,2.85,205.2,,,,,,,,,,,,
34089,10.02139538v2,10,,2,1,,2/17/2023 21:43,,,,11,,,,,130,2.23,321.12,,,,,,,,,,,,
34090,10.02139971v1,10,,2,1,,2/17/2023 18:42,,,,42,,,,,500,1.96,1011.36,,,,,,,,,,,,
34091,10.02147379v1,10,,2,3,,2/17/2023 18:42,,,,5,,,,,60,2.85,205.2,,,,,,,,,,,,
34091,12.02147380v1,12,,4,3,,2/17/2023 18:42,,,,5,,,,,60,2.6,187.2,,,,,,,,,,,,
34092,10.0218490v1,10,,2,4,,2/20/2023 15:49,,,,42,,,,,500,2.54,1310.64,,,,,,,,,,,,
34093,10.02147343v1,10,,2,3,,2/17/2023 21:50,,,,17,,,,,200,2.54,548.64,,,,,,,,,,,,
34093,10.02147367v1,10,,2,3,,2/17/2023 21:50,,,,17,,,,,200,2.54,548.64,,,,,,,,,,,,
34095,10.02147343v1,10,,2,3,,2/17/2023 20:39,,,,9,,,,,100,2.85,342,,,,,,,,,,,,
34096,10.02117081v1,10,,2,4,,2/17/2023 19:28,,,,5,,,,,60,2.83,203.76,,,,,,,,,,,,
34096,10.02117092v1,10,,2,4,,2/17/2023 19:28,,,,5,,,,,60,2.83,203.76,,,,,,,,,,,,
34097,10.02135860v1,10,,2,3,,2/17/2023 19:26,,,,5,,,,,60,2.85,205.2,,,,,,,,,,,,
34098,10.02140613v1,10,,2,1,,2/17/2023 19:59,,,,10,,,,,120,2.23,294.36,,,,,,,,,,,,
34099,13.05139083v1,13,,5,3,,2/21/2023 22:32,,,,20,,,,,240,1.58,398.16,,,,,,,,,,,,
34100,10.02140618v1,10,,2,3,,2/20/2023 19:50,,,,10,,,,,120,2.72,359.04,,,,,,,,,,,,
34101,10.02144340v2,10,,2,1,,2/22/2023 18:19,,,,20,,,,,240,1.96,493.92,,,,,,,,,,,,
34102,10.02147264v1,10,,2,3,,2/17/2023 23:31,,,,11,,,,,125,2.72,391.68,,,,,,,,,,,,
34102,10.02145536v1,10,,2,3,,2/17/2023 23:31,,,,21,,,,,250,2.54,670.56,,,,,,,,,,,,
34102,10.02147265v1,10,,2,3,,2/17/2023 23:31,,,,11,,,,,125,2.72,391.68,,,,,,,,,,,,
34104,10.02105304v1,10,,2,3,,2/17/2023 20:56,,,,30,,,,,350,2.54,944.88,,,,,,,,,,,,
34105,10.0259806v2,10,,2,1,,2/20/2023 17:05,,,,5,,,,,60,2.56,184.32,,,,,,,,,,,,
34106,10.02145888v1,10,,2,1,,2/20/2023 14:18,,,,21,,,,,250,1.96,517.44,,,,,,,,,,,,
34107,10.02147429v1,10,,2,3,,2/17/2023 21:22,,,,30,,,,,360,2.54,944.88,,,,,,,,,,,,
34108,55.02138877v1,55,,114,1,,2/17/2023 21:29,,,,10,,,,,120,2.23,294.36,,,,,,,,,,,,
34111,10.02114934v1,10,,2,3,,2/17/2023 21:33,,,,6,,,,,70,2.85,239.4,,,,,,,,,,,,
34112,10.02147497v1,10,,2,3,,2/17/2023 23:11,,,,21,,,,,250,2.54,670.56,,,,,,,,,,,,
34113,10.02147509v1,10,,2,3,,2/27/2023 16:53,,,,21,,,,,250,2.54,670.56,,,,,,,,,,,,
34114,10.02146349v2,10,,2,1,,2/20/2023 21:34,,,,5,,,,,60,2.56,184.32,,,,,,,,,,,,
34114,10.02140662v1,10,,2,1,,2/20/2023 21:34,,,,5,,,,,60,2.56,184.32,,,,,,,,,,,,
34115,10.02134785v4,10,,2,1,,2/24/2023 17:01,,,,25,,,,,300,1.96,611.52,,,,,,,,,,,,
34117,10.02137797v1,10,,2,4,,2/18/2023 0:03,,,,5,,,,,60,2.83,203.76,,,,,,,,,,,,
34118,10.02146501v1,10,,2,3,,2/21/2023 21:52,,,,9,,,,,100,2.85,342,,,,,,,,,,,,
34120,10.02143820v1,10,,2,4,,2/20/2023 18:36,,,,28,,,,,325,2.54,883.92,,,,,,,,,,,,
34121,10.02118788v1,10,,2,3,,2/24/2023 15:55,,,,6,,,,,64,2.85,239.4,,,,,,,,,,,,
34121,10.02117971v2,10,,2,3,,2/24/2023 15:55,,,,6,,,,,64,2.85,239.4,,,,,,,,,,,,
34121,10.02117972v2,10,,2,3,,2/24/2023 15:55,,,,6,,,,,64,2.85,239.4,,,,,,,,,,,,
34122,55.02147607v1,55,,114,4,,2/20/2023 16:03,,,,63,,,,,754,2.18,1674.24,,,,,,,,,,,,
34123,10.0227931v1,10,,2,1,,2/20/2023 15:04,,,,30,,,,,360,1.96,729.12,,,,,,,,,,,,
34124,10.02145778v2,10,,2,3,,2/20/2023 13:53,,,,105,,,,,1250,2.01,2556.72,,,,,,,,,,,,
34125,10.02146595v2,10,,2,3,,2/20/2023 21:46,,,,32,,,,,375,2.54,1005.84,,,,,,,,,,,,
34128,10.02147648v1,10,,2,1,,2/21/2023 1:45,,,,5,,,,,60,2.56,184.32,,,,,,,,,,,,
34129,10.02142831v2,10,,2,3,,2/20/2023 16:25,,,,10,,,,,120,2.72,359.04,,,,,,,,,,,,
34130,932144295v1,93,120,120,10,45002,2/20/2023 21:59,Distributor,existingbusiness,12005486340,10,1.8,0,237.6,216,,,,,,,,,,,,,,,
34130,932144866v3,93,120,120,10,45002,2/20/2023 21:59,Distributor,existingbusiness,12005486340,10,1.8,0,237.6,216,,,,,,,,,,,,,,,
34131,10.02145982v1,10,,2,3,,2/20/2023 16:43,,,,30,,,,,360,2.54,944.88,,,,,,,,,,,,
34132,10.0263105v1,10,,2,3,,2/23/2023 16:03,,,,13,,,,,150,2.54,426.72,,,,,,,,,,,,
34133,10.02124016v1,10,,2,1,,2/20/2023 17:17,,,,10,,,,,120,2.23,294.36,,,,,,,,,,,,
34134,10.02147707v1,10,,2,4,,2/20/2023 17:14,,,,5,,,,,60,2.83,203.76,,,,,,,,,,,,
34135,10.0260748v1,10,,2,4,,2/20/2023 18:51,,,,17,,,,,200,2.54,548.64,,,,,,,,,,,,
34136,55.02139731v9,55,,114,1,,2/20/2023 18:42,,,,10,,,,,120,2.23,294.36,,,,,,,,,,,,
34137,40.02148745v1,40,,18,3,,2/21/2023 22:45,,,,10,,,,,120,2.8,369.6,,,,,,,,,,,,
34138,10.02138694v1,10,,2,3,,2/20/2023 19:57,,,,9,,,,,100,2.85,342,,,,,,,,,,,,
34139,10.02148167v1,10,,2,1,,2/23/2023 10:33,,,,10,,,,,120,2.23,294.36,,,,,,,,,,,,
34140,,70,,,1,44984,2/20/2023 23:10,,,,,,,,,,1.96,,29215,400,16310,36729,118,13873,420,109434,2/20/2023 22:57,2/27/2023,34,823.2
34141,10.02144975v2,10,,2,3,,2/20/2023 20:22,,,,46,,,,,550,2.28,1285.92,,,,,,,,,,,,
34142,10.02146587v1,10,,2,3,,2/20/2023 23:29,,,,25,,,,,300,2.54,792.48,,,,,,,,,,,,
34143,10.02146050v1,10,,2,3,,2/20/2023 22:14,,,,20,,,,,240,2.54,640.08,,,,,,,,,,,,
34144,55.02137372v1,55,,114,1,,2/21/2023 20:29,,,,13,,,,,150,1.96,329.28,,,,,,,,,,,,
34145,10.02105641v5,10,,2,1,,2/21/2023 23:11,,,,42,,,,,500,1.96,1011.36,,,,,,,,,,,,
34146,55.02105219v7,55,,114,3,,2/21/2023 21:36,,,,17,,,,,200,2.62,565.92,,,,,,,,,,,,
34147,10.02147782v1,10,,2,1,,2/21/2023 14:15,,,,42,,,,,500,1.96,1011.36,,,,,,,,,,,,
34150,55.02136288v4,55,,114,1,,2/23/2023 16:07,,,,10,,,,,120,2.23,294.36,,,,,,,,,,,,
34152,55.02147586v1,55,,114,1,,2/21/2023 16:54,,,,5,,,,,60,2.56,184.32,,,,,,,,,,,,
34153,10.02116467v2,10,,2,1,,2/21/2023 15:04,,,,10,,,,,120,2.23,294.36,,,,,,,,,,,,
34154,10.02147729v1,10,,2,1,,2/21/2023 15:25,,,,5,,,,,60,2.56,184.32,,,,,,,,,,,,
34155,10.02145514v1,10,,2,1,,2/21/2023 18:55,,,,5,,,,,60,2.56,184.32,,,,,,,,,,,,
34156,10.02137338v1,10,,2,4,,2/21/2023 16:06,,,,5,,,,,60,2.83,203.76,,,,,,,,,,,,
34157,10.02147283v2,10,,2,3,,2/21/2023 21:40,,,,30,,,,,360,2.54,944.88,,,,,,,,,,,,
34158,10.02146729v1,10,,2,1,,2/21/2023 18:00,,,,5,,,,,60,2.56,184.32,,,,,,,,,,,,
34159,10.03148091v1,10,,2,1,,2/21/2023 18:18,,,,5,,,,,60,2.56,184.32,,,,,,,,,,,,
34160,10.028947v1,10,,2,3,,2/21/2023 19:56,,,,5,,,,,60,2.85,205.2,,,,,,,,,,,,
34161,10.02108581v4,10,,2,3,,2/22/2023 13:57,,,,42,,,,,500,2.54,1310.64,,,,,,,,,,,,
34162,10.02145702v2,10,,9,3,,2/21/2023 18:24,,,,9,,,,,100,2.85,342,,,,,,,,,,,,
34163,10.02146656v1,10,,2,3,,2/21/2023 18:11,,,,7,,,,,75,2.85,273.6,,,,,,,,,,,,
34164,10.0283718v1,10,,2,1,,2/21/2023 18:08,,,,5,,,,,60,2.56,184.32,,,,,,,,,,,,
34165,10.02147917v1,10,,2,3,,2/21/2023 18:11,,,,5,,,,,60,2.85,205.2,,,,,,,,,,,,
34166,10.02146264v1,10,,2,4,,2/21/2023 20:34,,,,10,,,,,120,2.71,357.72,,,,,,,,,,,,
34166,10.02145756v2,10,,2,4,,2/21/2023 20:34,,,,10,,,,,120,2.71,357.72,,,,,,,,,,,,
34166,10.02145759v2,10,,2,4,,2/21/2023 20:34,,,,10,,,,,120,2.71,357.72,,,,,,,,,,,,
34167,12.02147502v1,12,,4,1,,2/21/2023 18:54,,,,13,,,,,150,1.63,273.84,,,,,,,,,,,,
34168,10.02131761v5,10,,2,4,,2/21/2023 19:47,,,,16,,,,,188,2.54,518.16,,,,,,,,,,,,
34168,10.02141473v1,10,,2,4,,2/21/2023 19:47,,,,16,,,,,188,2.54,518.16,,,,,,,,,,,,
34168,10.02131439v6,10,,2,4,,2/21/2023 19:47,,,,16,,,,,188,2.54,518.16,,,,,,,,,,,,
34169,20.02145541v1,20,,11,1,,2/21/2023 19:57,,,,11,,,,,125,3.23,465.12,,,,,,,,,,,,
34170,,70,,,1,44991,2/21/2023 22:30,,,,,,,,,,2.56,,29144,60,16345,36798,118,13907,72,108630,2/21/2023 21:41,3/1/2023,5,184.32
34171,10.02111322v5,10,,2,3,,2/21/2023 20:00,,,,21,,,,,250,2.54,670.56,,,,,,,,,,,,
34172,10.02109586v5,10,,2,4,,2/22/2023 17:41,,,,34,,,,,400,2.54,1066.8,,,,,,,,,,,,
34173,10.02144836v3,10,,2,3,,2/21/2023 20:43,,,,9,,,,,100,2.85,342,,,,,,,,,,,,
34174,10.0224678v1,10,,2,1,,2/23/2023 21:35,,,,20,,,,,240,1.96,493.92,,,,,,,,,,,,
34175,10.02135383v5,10,,2,1,,2/21/2023 20:36,,,,20,,,,,240,1.96,493.92,,,,,,,,,,,,
34176,10.0225638v4,10,,2,3,,2/21/2023 20:39,,,,19,,,,,220,2.54,609.6,,,,,,,,,,,,
34177,10.0272203v5,10,,2,3,,2/28/2023 18:58,,,,21,,,,,250,2.54,670.56,,,,,,,,,,,,
34177,10.0272203v3,10,,2,3,,2/28/2023 18:58,,,,21,,,,,250,2.54,670.56,,,,,,,,,,,,
34178,10.02105221v4,10,,2,3,,2/21/2023 22:31,,,,9,,,,,100,2.85,342,,,,,,,,,,,,
34179,55.02145897v1,55,,114,3,,2/21/2023 23:28,,,,15,,,,,170,2.62,503.04,,,,,,,,,,,,
34180,10.02143222v1,10,,2,1,,2/23/2023 20:09,,,,13,,,,,150,1.96,329.28,,,,,,,,,,,,
34181,10.02148258v1,10,,2,4,,2/21/2023 21:47,,,,7,,,,,80,2.83,271.68,,,,,,,,,,,,
34182,55.02147761v1,55,,114,4,,2/21/2023 22:53,,,,34,,,,,405,2.7,1134,,,,,,,,,,,,
34184,932149203v2,93,120,120,10,45005,2/27/2023 22:49,Distributor,newbusiness,11665178386,10,1.8,0,237.6,216,,,,,,,,,,,,,,,
34185,10.02105641v5,10,,114,1,,2/21/2023 22:31,,,,9,,,,,100,2.56,307.2,,,,,,,,,,,,
34186,10.02118525v1,10,,2,3,,2/24/2023 15:45,,,,20,,,,,240,2.54,640.08,,,,,,,,,,,,
34186,10.02118664v2,10,,2,3,,2/24/2023 15:45,,,,20,,,,,240,2.54,640.08,,,,,,,,,,,,
34187,10.03147556v1,10,,2,4,,2/21/2023 22:54,,,,5,,,,,60,2.83,203.76,,,,,,,,,,,,
34187,10.02147511v1,10,,2,4,,2/21/2023 22:54,,,,5,,,,,60,2.83,203.76,,,,,,,,,,,,
34188,10.02102434v1,10,,2,1,,2/21/2023 23:58,,,,5,,,,,60,2.56,184.32,,,,,,,,,,,,
34189,10.02147439v2,10,,2,4,,2/24/2023 22:06,,,,5,,,,,60,2.83,203.76,,,,,,,,,,,,
34190,10.02137354v2,10,,2,1,,2/22/2023 1:28,,,,13,,,,,150,1.96,329.28,,,,,,,,,,,,
34191,10.0215228v1,10,,2,3,,2/22/2023 15:30,,,,21,,,,,250,2.54,670.56,,,,,,,,,,,,
34192,10.0229935v3,10,,2,1,,2/23/2023 16:38,,,,10,,,,,120,2.23,294.36,,,,,,,,,,,,
34193,10.0272952v1,10,,2,4,,2/22/2023 16:25,,,,5,,,,,60,2.83,203.76,,,,,,,,,,,,
34194,10.02148131v8,10,,2,4,,2/22/2023 18:22,,,,5,,,,,60,2.83,203.76,,,,,,,,,,,,
34195,10.0219046v2,10,,2,3,,2/22/2023 17:34,,,,10,,,,,120,2.72,359.04,,,,,,,,,,,,
34196,10.02145272v2,10,,2,4,,2/22/2023 16:53,,,,20,,,,,240,2.54,640.08,,,,,,,,,,,,
34197,10.02145902v3,10,,2,1,,2/24/2023 18:00,,,,42,,,,,500,1.96,1011.36,,,,,,,,,,,,
34197,10.02147769v2,10,,2,1,,2/24/2023 18:00,,,,42,,,,,500,1.96,1011.36,,,,,,,,,,,,
34199,12.02145864v2,12,,4,1,,2/22/2023 23:13,,,,32,,,,,375,1.63,645.48,,,,,,,,,,,,
34200,17.03148703v1,17,,9,4,,2/22/2023 17:57,,,,5,,,,,60,2.83,203.76,,,,,,,,,,,,
34200,17.03148702v1,17,,9,4,,2/22/2023 17:57,,,,5,,,,,60,2.83,203.76,,,,,,,,,,,,
34200,17.02140719v2,17,,9,4,,2/22/2023 17:57,,,,5,,,,,60,2.83,203.76,,,,,,,,,,,,
34200,17.02144817v2,17,,9,4,,2/22/2023 17:57,,,,5,,,,,60,2.83,203.76,,,,,,,,,,,,
34200,17.01148706v1,17,,9,4,,2/22/2023 17:57,,,,5,,,,,60,2.83,203.76,,,,,,,,,,,,
34200,17.01148704v1,17,,9,4,,2/22/2023 17:57,,,,5,,,,,60,2.83,203.76,,,,,,,,,,,,
34201,10.02148701v1,10,,2,4,,2/22/2023 17:38,,,,10,,,,,120,2.71,357.72,,,,,,,,,,,,
34201,10.02148700v1,10,,2,4,,2/22/2023 17:38,,,,10,,,,,120,2.71,357.72,,,,,,,,,,,,
34202,10.02149223v1,10,,2,3,,3/1/2023 21:41,,,,22,,,,,253,2.54,701.04,,,,,,,,,,,,
34203,10.0229935v3,10,,2,4,,2/23/2023 16:34,,,,5,,,,,60,2.83,203.76,,,,,,,,,,,,
34203,10.0222373v2,10,,2,4,,2/23/2023 16:34,,,,5,,,,,60,2.83,203.76,,,,,,,,,,,,
34204,10.02144950v1,10,,2,4,,2/22/2023 21:17,,,,27,,,,,320,2.54,853.44,,,,,,,,,,,,
34205,10.02110822v1,10,,2,1,,2/24/2023 16:36,,,,9,,,,,100,2.56,307.2,,,,,,,,,,,,
34206,10.0271530v1,10,,2,3,,2/22/2023 21:08,,,,17,,,,,200,2.54,548.64,,,,,,,,,,,,
34206,10.02146076v1,10,,2,3,,2/22/2023 21:08,,,,17,,,,,200,2.54,548.64,,,,,,,,,,,,
34207,10.02140853v1,10,,2,3,,2/22/2023 18:23,,,,10,,,,,120,2.72,359.04,,,,,,,,,,,,
34207,10.02140846v1,10,,2,3,,2/22/2023 18:23,,,,10,,,,,120,2.72,359.04,,,,,,,,,,,,
34208,10.02148278v2,10,,2,1,,2/23/2023 16:56,,,,30,,,,,360,1.96,729.12,,,,,,,,,,,,
34209,10.0266940v2,10,,2,4,,2/22/2023 19:57,,,,20,,,,,240,2.54,640.08,,,,,,,,,,,,
34210,10.02148737v1,10,,2,3,,2/22/2023 18:49,,,,11,,,,,125,2.72,391.68,,,,,,,,,,,,
34213,932143666v2,93,200,120,10,45008,2/23/2023 15:26,Direct,existingbusiness,11891268153,17,1.8,0,388.8,360,,,,,,,,,,,,,,,
34213,932143666v2,93,640,120,10,45009,2/23/2023 15:26,Direct,existingbusiness,11891268153,54,1.31,0,864.6,838.4,,,,,,,,,,,,,,,
34214,17.02107607v3,17,,9,3,,2/22/2023 19:36,,,,10,,,,,120,2.72,359.04,,,,,,,,,,,,
34216,55.02140850v9,55,,114,1,,2/22/2023 21:00,,,,10,,,,,120,2.23,294.36,,,,,,,,,,,,
34217,10.02147094v1,10,,2,1,,2/22/2023 21:13,,,,21,,,,,250,1.96,517.44,,,,,,,,,,,,
34218,10.02145620v1,10,,2,3,,2/22/2023 23:30,,,,10,,,,,120,2.72,359.04,,,,,,,,,,,,
34219,10.02146847v2,10,,2,3,,2/22/2023 20:31,,,,10,,,,,120,2.72,359.04,,,,,,,,,,,,
34220,10.02147416v1,10,,2,3,,2/22/2023 20:33,,,,63,,,,,750,2.01,1543.68,,,,,,,,,,,,
34221,10.02148868v1,10,,2,1,,2/23/2023 22:25,,,,30,,,,,360,1.96,729.12,,,,,,,,,,,,
34222,10.02138673v1,10,,2,4,,2/23/2023 17:02,,,,13,,,,,150,2.54,426.72,,,,,,,,,,,,
34223,,70,,,1,44991,2/23/2023 14:39,,,,,,,,,,1.96,,29109,150,16402,36906,118,13954,168,107949,2/23/2023 14:10,3/6/2023,13,329.28
34224,10.02130713v1,10,,2,1,,2/23/2023 22:02,,,,10,,,,,120,2.23,294.36,,,,,,,,,,,,
34225,10.02100018v1,10,,2,4,,2/23/2023 21:08,,,,13,,,,,150,2.54,426.72,,,,,,,,,,,,
34225,10.02100040v3,10,,2,4,,2/23/2023 21:08,,,,13,,,,,150,2.54,426.72,,,,,,,,,,,,
34226,10.02148584v1,10,,2,3,,2/22/2023 22:56,,,,10,,,,,120,2.72,359.04,,,,,,,,,,,,
34227,10.02148317v1,10,,2,3,,2/22/2023 22:19,,,,11,,,,,130,2.72,391.68,,,,,,,,,,,,
34228,10.0228983v2,10,,2,1,,2/23/2023 15:39,,,,5,,,,,60,2.56,184.32,,,,,,,,,,,,
34229,10.02121827v1,10,,2,1,,2/23/2023 20:59,,,,5,,,,,60,2.56,184.32,,,,,,,,,,,,
34230,10.0222115v3,10,,2,1,,2/22/2023 22:54,,,,21,,,,,250,1.96,517.44,,,,,,,,,,,,
34231,10.02146230v1,10,,2,3,,2/23/2023 18:40,,,,17,,,,,200,2.54,548.64,,,,,,,,,,,,
34232,10.03148999v1,10,,2,4,,2/23/2023 17:00,,,,5,,,,,60,2.83,203.76,,,,,,,,,,,,
34232,10.03149000v1,10,,2,4,,2/23/2023 17:00,,,,5,,,,,60,2.83,203.76,,,,,,,,,,,,
34232,10.0244479v3,10,,2,4,,2/23/2023 17:00,,,,20,,,,,240,2.54,640.08,,,,,,,,,,,,
34232,10.0244480v2,10,,2,4,,2/23/2023 17:00,,,,20,,,,,240,2.54,640.08,,,,,,,,,,,,
34233,20.02148925v1,20,,11,3,,2/23/2023 15:50,,,,334,,,,,4000,2.68,10773.6,,,,,,,,,,,,
34234,10.02148485v1,10,,2,4,,2/23/2023 17:23,,,,5,,,,,60,2.83,203.76,,,,,,,,,,,,
34235,10.02140555v2,10,,2,1,,2/23/2023 0:35,,,,13,,,,,150,1.96,329.28,,,,,,,,,,,,
34236,10.02185v1,10,,2,3,,2/23/2023 18:05,,,,10,,,,,120,2.72,359.04,,,,,,,,,,,,
34236,10.02171v2,10,,2,3,,2/23/2023 18:05,,,,10,,,,,120,2.72,359.04,,,,,,,,,,,,
34237,55.02147526v2,55,,114,1,,2/24/2023 3:53,,,,5,,,,,60,2.56,184.32,,,,,,,,,,,,
34237,55.02147528v2,55,,114,1,,2/24/2023 3:53,,,,5,,,,,60,2.56,184.32,,,,,,,,,,,,
34238,,70,,,1,44992,2/23/2023 21:11,,,,,,,,,,2.56,,29200,75,16438,36966,118,13983,96,109705,2/23/2023 21:06,3/7/2023,7,245.76
34239,10.02148794v2,10,,2,3,,2/23/2023 18:04,,,,7,,,,,75,2.85,273.6,,,,,,,,,,,,
34240,10.0270329v2,10,,2,3,,2/23/2023 15:50,,,,20,,,,,240,2.54,640.08,,,,,,,,,,,,
34241,10.0264894v2,10,,2,1,,2/23/2023 16:18,,,,5,,,,,60,2.56,184.32,,,,,,,,,,,,
34241,10.0264895v7,10,,2,1,,2/23/2023 16:18,,,,5,,,,,60,2.56,184.32,,,,,,,,,,,,
34242,10.02130925v1,10,,2,1,,2/23/2023 16:23,,,,10,,,,,120,2.23,294.36,,,,,,,,,,,,
34243,10.02148015v1,10,,2,3,,2/23/2023 16:50,,,,5,,,,,60,2.85,205.2,,,,,,,,,,,,
34244,17.02147608v3,17,,9,4,,2/23/2023 17:45,,,,6,,,,,61,2.83,237.72,,,,,,,,,,,,
34245,10.02146210v3,10,,2,3,,2/24/2023 13:59,,,,5,,,,,60,2.85,205.2,,,,,,,,,,,,
34246,10.02149142v1,10,,2,4,,2/23/2023 17:53,,,,5,,,,,60,2.83,203.76,,,,,,,,,,,,
34247,55.02149253v1,55,,114,3,,2/23/2023 22:26,,,,5,,,,,60,2.93,210.96,,,,,,,,,,,,
34248,10.0288654v1,10,,2,4,,2/23/2023 18:49,,,,15,,,,,180,2.54,487.68,,,,,,,,,,,,
34249,10.02141551v1,10,,2,3,,2/24/2023 17:32,,,,100,,,,,1200,2.01,2436.12,,,,,,,,,,,,
34249,10.02141535v1,10,,2,3,,2/24/2023 17:32,,,,100,,,,,1200,2.01,2436.12,,,,,,,,,,,,
34250,10.02147799v1,10,,2,1,,2/23/2023 19:48,,,,10,,,,,120,2.23,294.36,,,,,,,,,,,,
34251,10.0221917v1,10,,2,1,,2/23/2023 19:37,,,,17,,,,,200,1.96,423.36,,,,,,,,,,,,
34252,10.02142172v1,10,,2,1,,2/23/2023 21:14,,,,84,,,,,1002,1.79,1825.8,,,,,,,,,,,,
34253,55.02147553v3,55,,114,1,,2/23/2023 21:32,,,,5,,,,,60,2.56,184.32,,,,,,,,,,,,
34253,55.02147554v3,55,,114,1,,2/23/2023 21:32,,,,5,,,,,60,2.56,184.32,,,,,,,,,,,,
34254,10.02114507v1,10,,2,3,,3/10/2023 15:36,,,,167,,,,,2000,2.01,4052.16,,,,,,,,,,,,
34255,10.0232776v1,10,,2,3,,2/23/2023 22:24,,,,10,,,,,120,2.72,359.04,,,,,,,,,,,,
34255,10.02148058v1,10,,2,3,,2/23/2023 22:24,,,,10,,,,,120,2.72,359.04,,,,,,,,,,,,
34255,10.02148060v1,10,,2,3,,2/23/2023 22:24,,,,10,,,,,120,2.72,359.04,,,,,,,,,,,,
34255,10.02141717v1,10,,2,3,,2/23/2023 22:24,,,,10,,,,,120,2.72,359.04,,,,,,,,,,,,
34255,10.02141716v1,10,,2,3,,2/23/2023 22:24,,,,10,,,,,120,2.72,359.04,,,,,,,,,,,,
34256,12.02148772v1,12,,4,3,,2/23/2023 22:25,,,,50,,,,,600,2.03,1242.36,,,,,,,,,,,,
34256,10.02147093v2,10,,2,3,,2/23/2023 22:25,,,,117,,,,,1400,2.01,2846.16,,,,,,,,,,,,
34258,10.02134085v1,10,,2,4,,2/24/2023 1:48,,,,9,,,,,100,2.83,339.6,,,,,,,,,,,,
34259,44.02146971v1,44,,21,3,,2/23/2023 22:17,,,,9,,,,,100,2.93,351.6,,,,,,,,,,,,
34260,17.02140304v4,17,,9,3,,2/24/2023 17:48,,,,7,,,,,75,2.85,273.6,,,,,,,,,,,,
34261,10.02137354v2,10,,2,1,,2/23/2023 23:45,,,,9,,,,,100,2.56,307.2,,,,,,,,,,,,
34262,10.022925v1,10,,2,4,,2/24/2023 15:07,,,,25,,,,,300,2.54,792.48,,,,,,,,,,,,
34263,10.02146143v3,10,,2,1,,3/1/2023 17:26,,,,20,,,,,240,1.96,493.92,,,,,,,,,,,,
34264,10.0237611v1,10,,2,4,,2/24/2023 17:58,,,,10,,,,,120,2.71,357.72,,,,,,,,,,,,
34265,10.02149342v1,10,,2,1,,2/24/2023 14:23,,,,6,,,,,61,2.56,215.04,,,,,,,,,,,,
34266,10.0220391v2,10,,2,1,,2/24/2023 16:49,,,,20,,,,,240,1.96,493.92,,,,,,,,,,,,
34266,10.0220390v1,10,,2,1,,2/24/2023 16:49,,,,34,,,,,400,1.96,823.2,,,,,,,,,,,,
34267,55.02140875v1,55,,114,1,,2/24/2023 22:19,,,,26,,,,,303,1.96,635.04,,,,,,,,,,,,
34267,55.02140879v3,55,,114,1,,2/24/2023 22:19,,,,26,,,,,303,1.96,635.04,,,,,,,,,,,,
34269,10.0288866v2,10,,2,1,,2/24/2023 21:19,,,,10,,,,,120,2.23,294.36,,,,,,,,,,,,
34270,10.0278308v8,10,,2,1,,2/24/2023 17:16,,,,5,,,,,60,2.56,184.32,,,,,,,,,,,,
34270,10.0278307v10,10,,2,1,,2/24/2023 17:16,,,,5,,,,,60,2.56,184.32,,,,,,,,,,,,
34270,10.0278309v4,10,,2,1,,2/24/2023 17:16,,,,5,,,,,60,2.56,184.32,,,,,,,,,,,,
34272,10.02146533v2,10,,2,4,,2/27/2023 19:52,,,,40,,,,,480,2.54,1249.68,,,,,,,,,,,,
34273,55.02147579v1,55,,114,1,,2/24/2023 17:40,,,,5,,,,,60,2.56,184.32,,,,,,,,,,,,
34274,932149338v3,93,120,120,10,45002,2/24/2023 16:54,Distributor,existingbusiness,12278339245,10,1.8,0,237.6,216,,,,,,,,,,,,,,,
34276,10.02148323v4,10,,2,1,,2/24/2023 16:40,,,,10,,,,,120,2.23,294.36,,,,,,,,,,,,
34277,10.02145144v3,10,,2,1,,2/24/2023 18:53,,,,11,,,,,125,2.23,321.12,,,,,,,,,,,,
34278,10.02149409v1,10,,2,4,,3/1/2023 19:40,,,,17,,,,,200,2.54,548.64,,,,,,,,,,,,
34279,46.0292083v1,46,,113,1,,2/24/2023 19:21,,,,25,,,,,300,1.96,611.52,,,,,,,,,,,,
34280,46.0292083v1,46,,113,1,,2/24/2023 19:21,,,,42,,,,,500,1.96,1011.36,,,,,,,,,,,,
34281,10.02139997v1,10,,2,3,,3/2/2023 16:34,,,,9,,,,,100,2.85,342,,,,,,,,,,,,
34282,17.02134017v1,17,,9,3,,2/24/2023 22:01,,,,5,,,,,60,2.85,205.2,,,,,,,,,,,,
34283,10.02148752v1,10,,2,3,,3/15/2023 16:15,,,,17,,,,,200,2.54,548.64,,,,,,,,,,,,
34284,10.0291922v2,10,,2,1,,2/28/2023 17:35,,,,20,,,,,240,1.96,493.92,,,,,,,,,,,,
34285,10.02149205v1,10,,2,3,,2/24/2023 19:05,,,,5,,,,,60,2.85,205.2,,,,,,,,,,,,
34285,10.02149206v1,10,,2,3,,2/24/2023 19:05,,,,5,,,,,60,2.85,205.2,,,,,,,,,,,,
34287,10.02137236v1,10,,2,1,,3/1/2023 19:38,,,,10,,,,,120,2.23,294.36,,,,,,,,,,,,
34287,10.02144223v1,10,,2,1,,3/1/2023 19:38,,,,20,,,,,240,1.96,493.92,,,,,,,,,,,,
34287,10.02137236v2,10,,2,1,,3/1/2023 19:38,,,,10,,,,,120,2.23,294.36,,,,,,,,,,,,
34289,10.02132635v2,10,,2,4,,2/24/2023 20:59,,,,25,,,,,300,2.54,792.48,,,,,,,,,,,,
34290,10.02139352v3,10,,2,3,,2/24/2023 20:54,,,,84,,,,,1000,2.01,2050.2,,,,,,,,,,,,
34291,10.02147843v1,10,,2,4,,2/28/2023 19:21,,,,30,,,,,360,2.54,944.88,,,,,,,,,,,,
34292,55.02131791v2,55,,114,1,,2/24/2023 21:20,,,,17,,,,,200,1.96,423.36,,,,,,,,,,,,
34293,10.02149183v4,10,,2,3,,2/24/2023 21:58,,,,10,,,,,120,2.72,359.04,,,,,,,,,,,,
34295,10.02135193v1,10,,2,1,,2/27/2023 17:32,,,,117,,,,,1400,1.71,2421.36,,,,,,,,,,,,
34296,10.02129203v8,10,,2,1,,2/27/2023 15:09,,,,84,,,,,1000,1.79,1825.8,,,,,,,,,,,,
34297,10.02148689v1,10,,2,3,,2/27/2023 15:31,,,,5,,,,,60,2.85,205.2,,,,,,,,,,,,
34297,10.02148690v1,10,,2,3,,2/27/2023 15:31,,,,5,,,,,60,2.85,205.2,,,,,,,,,,,,
34298,10.0289307v1,10,,2,1,,2/24/2023 23:08,,,,42,,,,,500,1.96,1011.36,,,,,,,,,,,,
34299,,70,,,3,44991,2/27/2023 14:59,,,,,,,,,,2.85,,28981,75,16491,37077,64,14029,84,111080,2/27/2023 13:38,3/1/2023,7,273.6
34300,10.02148827v3,10,,2,1,,2/27/2023 17:45,,,,10,,,,,120,2.23,294.36,,,,,,,,,,,,
34301,10.04149393v1,10,,2,4,,2/26/2023 22:58,,,,5,,,,,60,2.83,203.76,,,,,,,,,,,,
34302,10.02145687v1,10,,2,3,,2/27/2023 22:18,,,,14,,,,,168,2.54,457.2,,,,,,,,,,,,
34303,10.02139325v1,10,,2,3,,2/27/2023 19:40,,,,5,,,,,60,2.85,205.2,,,,,,,,,,,,
34304,932148246v1,93,275,120,10,45005,2/27/2023 22:50,Distributor,existingbusiness,12240112476,23,1.42,0,408.96,390.5,,,,,,,,,,,,,,,
34305,10.02115583v2,10,,2,3,,2/27/2023 16:34,,,,21,,,,,250,2.54,670.56,,,,,,,,,,,,
34306,10.02149174v1,10,,2,3,,2/27/2023 16:28,,,,5,,,,,60,2.85,205.2,,,,,,,,,,,,
34307,10.02149413v4,10,,2,1,,2/28/2023 15:48,,,,63,,,,,750,1.79,1374.72,,,,,,,,,,,,
34308,10.02133989v2,10,,2,3,,2/27/2023 16:29,,,,13,,,,,150,2.54,426.72,,,,,,,,,,,,
34309,10.02132451v1,10,,2,1,,2/27/2023 17:33,,,,30,,,,,360,1.96,729.12,,,,,,,,,,,,
34310,55.02147382v2,55,,114,4,,2/28/2023 16:10,,,,5,,,,,60,3,216,,,,,,,,,,,,
34311,10.02147269v2,10,,2,4,,2/27/2023 22:35,,,,21,,,,,250,2.54,670.56,,,,,,,,,,,,
34312,10.02140254v1,10,,2,1,,2/28/2023 23:46,,,,10,,,,,120,2.23,294.36,,,,,,,,,,,,
34313,10.02147141v1,10,,2,4,,2/27/2023 23:35,,,,13,,,,,150,2.54,426.72,,,,,,,,,,,,
34314,10.02149525v4,10,,2,4,,3/2/2023 14:55,,,,10,,,,,120,2.71,357.72,,,,,,,,,,,,
34315,10.02149396v1,10,,2,4,,2/28/2023 14:07,,,,17,,,,,200,2.54,548.64,,,,,,,,,,,,
34316,10.02146991v2,10,,2,4,,3/1/2023 15:57,,,,5,,,,,60,2.83,203.76,,,,,,,,,,,,
34318,12.02149585v1,12,,4,3,,2/27/2023 20:50,,,,9,,,,,100,2.6,312,,,,,,,,,,,,
34320,10.02148492v1,10,,2,3,,2/28/2023 6:36,,,,9,,,,,100,2.85,342,,,,,,,,,,,,
34322,10.02149346v1,10,,2,3,,2/27/2023 22:03,,,,9,,,,,100,2.85,342,,,,,,,,,,,,
34323,10.02135649v1,10,,2,4,,2/27/2023 22:51,,,,42,,,,,500,2.54,1310.64,,,,,,,,,,,,
34324,10.02114246v1,10,,2,3,,2/27/2023 22:25,,,,7,,,,,75,2.85,273.6,,,,,,,,,,,,
34326,10.02145166v1,10,,2,4,,2/27/2023 22:49,,,,25,,,,,300,2.54,792.48,,,,,,,,,,,,
34327,10.02148885v1,10,,2,3,,2/28/2023 15:57,,,,10,,,,,120,2.72,359.04,,,,,,,,,,,,
34328,10.0229935v3,10,,2,4,,3/1/2023 16:46,,,,5,,,,,60,2.83,203.76,,,,,,,,,,,,
34329,10.02133227v4,10,,2,3,,2/28/2023 18:21,,,,5,,,,,60,2.85,205.2,,,,,,,,,,,,
34330,10.0222373v2,10,,2,4,,3/1/2023 17:03,,,,5,,,,,60,2.83,203.76,,,,,,,,,,,,
34331,10.02148375v2,10,,2,1,,2/28/2023 16:34,,,,63,,,,,750,1.79,1374.72,,,,,,,,,,,,
34332,12.02107471v2,12,,4,1,,2/28/2023 22:15,,,,21,,,,,250,1.63,430.32,,,,,,,,,,,,
34333,10.02149412v1,10,,2,4,,2/28/2023 18:53,,,,19,,,,,225,2.54,609.6,,,,,,,,,,,,
34333,10.02149414v1,10,,2,4,,2/28/2023 18:53,,,,19,,,,,225,2.54,609.6,,,,,,,,,,,,
34334,12.02149791v1,12,,4,1,,2/28/2023 14:49,,,,63,,,,,750,1.46,1121.28,,,,,,,,,,,,
34335,10.02146953v2,10,,2,3,,3/1/2023 21:59,,,,36,,,,,425,2.54,1127.76,,,,,,,,,,,,
34336,10.02134444v2,10,,2,1,,2/28/2023 15:26,,,,5,,,,,60,2.56,184.32,,,,,,,,,,,,
34337,10.02148100v1,10,,2,4,,2/28/2023 16:20,,,,20,,,,,240,2.54,640.08,,,,,,,,,,,,
34338,10.0215208v1,10,,2,1,,2/28/2023 14:02,,,,67,,,,,800,1.79,1460.64,,,,,,,,,,,,
34339,55.02149605v2,55,,114,4,,2/28/2023 14:57,,,,10,,,,,120,2.88,380.16,,,,,,,,,,,,
34340,55.02149196v1,55,,114,1,,2/28/2023 16:41,,,,30,,,,,360,1.96,729.12,,,,,,,,,,,,
34341,55.02149741v1,55,,114,1,,2/28/2023 21:45,,,,21,,,,,251,1.96,517.44,,,,,,,,,,,,
34342,10.02147772v1,10,,2,4,,2/28/2023 15:43,,,,7,,,,,75,2.83,271.68,,,,,,,,,,,,
34342,12.02149133v1,12,,4,4,,2/28/2023 15:43,,,,13,,,,,150,2.54,426.72,,,,,,,,,,,,
34344,17.02149906v1,17,,9,4,,2/28/2023 16:05,,,,10,,,,,120,2.71,357.72,,,,,,,,,,,,
34345,10.02149384v2,10,,2,4,,2/28/2023 17:13,,,,9,,,,,100,2.83,339.6,,,,,,,,,,,,
34345,55.02117215v2,55,,114,4,,2/28/2023 17:13,,,,9,,,,,100,3,360,,,,,,,,,,,,
34346,932149835v1,93,1,120,10,45008,2/28/2023 18:09,Distributor,existingbusiness,12281322576,1,1.8,0,43.2,1.8,,,,,,,,,,,,,,,
34346,932149836v1,93,1,120,10,45008,2/28/2023 18:09,Distributor,existingbusiness,12281322576,1,1.8,0,43.2,1.8,,,,,,,,,,,,,,,
34347,10.02146493v1,10,,2,1,,2/28/2023 18:08,,,,5,,,,,60,2.56,184.32,,,,,,,,,,,,
34348,10.02148538v1,10,,2,3,,2/28/2023 17:53,,,,5,,,,,60,2.85,205.2,,,,,,,,,,,,
34348,10.02148541v1,10,,2,3,,2/28/2023 17:53,,,,5,,,,,60,2.85,205.2,,,,,,,,,,,,
34349,10.02149948v1,10,,2,3,,2/28/2023 17:12,,,,5,,,,,60,2.85,205.2,,,,,,,,,,,,
34350,10.0354586v1,10,,2,1,,2/28/2023 17:29,,,,42,,,,,500,1.96,1011.36,,,,,,,,,,,,
34350,10.03144604v1,10,,2,1,,2/28/2023 17:29,,,,42,,,,,500,1.96,1011.36,,,,,,,,,,,,
34351,10.02148687v2,10,,2,1,,3/1/2023 19:47,,,,42,,,,,500,1.96,1011.36,,,,,,,,,,,,
34352,55.02149828v1,55,,114,1,,2/28/2023 17:37,,,,11,,,,,125,2.23,321.12,,,,,,,,,,,,
34353,10.02142108v4,10,,2,3,,2/28/2023 18:08,,,,10,,,,,120,2.72,359.04,,,,,,,,,,,,
34354,10.02116809v1,10,,2,4,,2/28/2023 18:15,,,,40,,,,,480,2.54,1249.68,,,,,,,,,,,,
34355,10.02119506v2,10,,2,3,,2/28/2023 18:45,,,,9,,,,,100,2.85,342,,,,,,,,,,,,
34356,10.02149806v3,10,,2,1,,2/28/2023 20:18,,,,5,,,,,60,2.56,184.32,,,,,,,,,,,,
34357,10.02149556v1,10,,2,1,,2/28/2023 18:37,,,,18,,,,,210,1.96,446.88,,,,,,,,,,,,
34358,10.02148315v2,10,,2,1,,2/28/2023 19:30,,,,25,,,,,300,1.96,611.52,,,,,,,,,,,,
34359,10.02138119v2,10,,2,1,,2/28/2023 20:32,,,,5,,,,,60,2.56,184.32,,,,,,,,,,,,
34360,10.0274544v1,10,,2,3,,2/28/2023 20:24,,,,10,,,,,120,2.72,359.04,,,,,,,,,,,,
34361,10.0283068v2,10,,2,3,,2/28/2023 19:36,,,,15,,,,,180,2.54,487.68,,,,,,,,,,,,
34362,10.02149999v1,10,,2,1,,2/28/2023 19:37,,,,5,,,,,60,2.56,184.32,,,,,,,,,,,,
34363,10.02149519v1,10,,2,3,,2/28/2023 19:50,,,,5,,,,,60,2.85,205.2,,,,,,,,,,,,
34363,10.02149513v1,10,,2,3,,2/28/2023 19:50,,,,5,,,,,60,2.85,205.2,,,,,,,,,,,,
34363,10.02149520v1,10,,2,3,,2/28/2023 19:50,,,,5,,,,,60,2.85,205.2,,,,,,,,,,,,
34365,10.02121027v1,10,,2,3,,2/28/2023 20:54,,,,10,,,,,120,2.72,359.04,,,,,,,,,,,,
34366,10.02149989v1,10,,2,3,,3/9/2023 15:02,,,,6,,,,,70,2.85,239.4,,,,,,,,,,,,
34367,10.02150161v1,10,,2,3,,3/1/2023 21:22,,,,10,,,,,120,2.72,359.04,,,,,,,,,,,,
34368,10.0232553v3,10,,2,4,,3/1/2023 23:31,,,,167,,,,,2000,2.01,4052.16,,,,,,,,,,,,
34368,12.0232679v3,12,,4,4,,3/1/2023 23:31,,,,167,,,,,2000,2.01,4052.16,,,,,,,,,,,,
34369,10.0214181v1,10,,2,4,,2/28/2023 23:11,,,,5,,,,,60,2.83,203.76,,,,,,,,,,,,
34370,10.02149778v1,10,,2,4,,2/28/2023 20:30,,,,5,,,,,60,2.83,203.76,,,,,,,,,,,,
34371,55.02147992v2,55,,114,3,,3/1/2023 20:53,,,,17,,,,,203,2.62,565.92,,,,,,,,,,,,
34372,10.02147972v4,10,,2,1,,3/1/2023 17:20,,,,84,,,,,1000,1.79,1825.8,,,,,,,,,,,,
34373,10.02150080v1,10,,2,4,,2/28/2023 21:04,,,,5,,,,,60,2.83,203.76,,,,,,,,,,,,
34374,10.02149539v1,10,,2,1,,3/2/2023 0:02,,,,17,,,,,200,1.96,423.36,,,,,,,,,,,,
34375,10.02148696v2,10,,2,1,,3/1/2023 2:37,,,,17,,,,,200,1.96,423.36,,,,,,,,,,,,
34376,10.02150469v1,10,,2,1,,2/28/2023 21:23,,,,25,,,,,300,1.96,611.52,,,,,,,,,,,,
34377,10.02150070v1,10,,2,1,,3/2/2023 15:02,,,,34,,,,,400,1.96,823.2,,,,,,,,,,,,
34378,10.02133674v2,10,,2,3,,3/1/2023 2:43,,,,10,,,,,120,2.72,359.04,,,,,,,,,,,,
34378,10.02133672v2,10,,2,3,,3/1/2023 2:43,,,,10,,,,,120,2.72,359.04,,,,,,,,,,,,
34379,55.02121964v4,55,,114,1,,3/1/2023 1:28,,,,17,,,,,200,1.96,423.36,,,,,,,,,,,,
34381,10.025135v1,10,,2,1,,2/28/2023 23:01,,,,14,,,,,166,1.96,352.8,,,,,,,,,,,,
34382,55.02133565v1,55,,114,3,,2/28/2023 22:39,,,,21,,,,,251,2.62,691.68,,,,,,,,,,,,
34383,55.02149467v4,55,,114,1,,3/2/2023 18:09,,,,42,,,,,500,1.96,1011.36,,,,,,,,,,,,
34384,10.02150114v3,10,,2,1,,2/28/2023 22:52,,,,30,,,,,360,1.96,729.12,,,,,,,,,,,,
34385,10.0295737v4,10,,2,3,,3/2/2023 21:30,,,,85,,,,,1020,2.01,2074.32,,,,,,,,,,,,
34386,10.0299461v1,10,,2,1,,2/28/2023 23:28,,,,10,,,,,120,2.23,294.36,,,,,,,,,,,,
34387,41.02136148v1,41,,19,1,,2/28/2023 23:52,,,,13,,,,,150,1.96,329.28,,,,,,,,,,,,
34388,10.02148437v3,10,,2,1,,3/1/2023 22:55,,,,30,,,,,360,1.96,729.12,,,,,,,,,,,,
34389,10.02149932v1,10,,2,1,,3/1/2023 2:31,,,,20,,,,,240,1.96,493.92,,,,,,,,,,,,
34390,10.02150176v1,10,,2,1,,3/1/2023 15:38,,,,10,,,,,120,2.23,294.36,,,,,,,,,,,,
34391,10.0294805v2,10,,2,3,,3/1/2023 19:27,,,,10,,,,,120,2.72,359.04,,,,,,,,,,,,
34392,10.02104826v1,10,,2,1,,3/15/2023 16:18,,,,5,,,,,60,2.56,184.32,,,,,,,,,,,,
34393,10.0218490v1,10,,2,3,,3/1/2023 22:21,,,,30,,,,,350,2.54,944.88,,,,,,,,,,,,
34394,10.0214180v1,10,,2,4,,3/2/2023 0:02,,,,5,,,,,60,2.83,203.76,,,,,,,,,,,,
34394,10.0214183v1,10,,2,4,,3/2/2023 0:02,,,,5,,,,,60,2.83,203.76,,,,,,,,,,,,
34395,10.02148995v3,10,,2,4,,3/1/2023 16:20,,,,5,,,,,60,2.83,203.76,,,,,,,,,,,,
34396,10.03147808v1,10,,2,1,,3/1/2023 17:19,,,,20,,,,,240,1.96,493.92,,,,,,,,,,,,
34396,55.03147807v1,55,,114,1,,3/1/2023 17:19,,,,20,,,,,240,1.96,493.92,,,,,,,,,,,,
34397,10.02150032v1,10,,2,3,,3/1/2023 17:29,,,,25,,,,,300,2.54,792.48,,,,,,,,,,,,
34398,10.0240690v5,10,,2,3,,3/1/2023 17:20,,,,21,,,,,250,2.54,670.56,,,,,,,,,,,,
34399,10.02129107v3,10,,2,3,,3/1/2023 17:34,,,,10,,,,,120,2.72,359.04,,,,,,,,,,,,
34400,10.0268679v2,10,,2,3,,3/1/2023 17:46,,,,5,,,,,60,2.85,205.2,,,,,,,,,,,,
34401,10.02141314v1,10,,2,3,,3/1/2023 18:31,,,,9,,,,,100,2.85,342,,,,,,,,,,,,
34401,10.02141310v1,10,,2,3,,3/1/2023 18:31,,,,9,,,,,100,2.85,342,,,,,,,,,,,,
34402,55.02132807v2,55,,114,4,,3/2/2023 20:26,,,,5,,,,,60,3,216,,,,,,,,,,,,
34403,10.0278358v1,10,,2,3,,3/1/2023 18:08,,,,10,,,,,120,2.72,359.04,,,,,,,,,,,,
34404,10.02116517v5,10,,2,1,,3/1/2023 18:12,,,,5,,,,,60,2.56,184.32,,,,,,,,,,,,
34405,55.02152872v1,55,,114,4,,3/14/2023 15:09,,,,21,,,,,250,2.7,712.8,,,,,,,,,,,,
34406,932144645v7,93,500,120,10,45009,3/1/2023 21:25,Direct,existingbusiness,12053855129,42,1.31,0,675.96,655,,,,,,,,,,,,,,,
34407,55.02150287v1,55,,114,3,,3/2/2023 16:28,,,,5,,,,,60,2.93,210.96,,,,,,,,,,,,
34408,10.02147797v1,10,,2,1,,3/2/2023 0:02,,,,42,,,,,500,1.96,1011.36,,,,,,,,,,,,
34409,10.02150331v1,10,,2,3,,3/1/2023 22:00,,,,5,,,,,60,2.85,205.2,,,,,,,,,,,,
34410,10.02150332v1,10,,2,3,,3/1/2023 21:59,,,,5,,,,,60,2.85,205.2,,,,,,,,,,,,
34411,10.02135711v3,10,,2,1,,3/1/2023 19:30,,,,5,,,,,60,2.56,184.32,,,,,,,,,,,,
34412,932148045v6,93,200,120,10,45008,3/1/2023 23:58,Distributor,existingbusiness,12155659854,17,1.8,0,388.8,360,,,,,,,,,,,,,,,
34413,10.02140650v1,10,,2,1,,3/1/2023 19:56,,,,20,,,,,240,1.96,493.92,,,,,,,,,,,,
34414,10.02131963v1,10,,2,3,,3/1/2023 19:55,,,,10,,,,,120,2.72,359.04,,,,,,,,,,,,
34415,10.02150334v1,10,,2,3,,3/1/2023 21:59,,,,5,,,,,60,2.85,205.2,,,,,,,,,,,,
34416,55.02107184v1,55,,114,3,,3/3/2023 16:55,,,,5,,,,,60,2.93,210.96,,,,,,,,,,,,
34417,10.02149648v4,10,,2,1,,3/1/2023 23:04,,,,5,,,,,60,2.56,184.32,,,,,,,,,,,,
34418,46.02149440v2,46,,113,1,,3/1/2023 23:58,,,,11,,,,,123,2.23,321.12,,,,,,,,,,,,
34418,10.02149339v1,10,,2,1,,3/1/2023 23:58,,,,11,,,,,125,2.23,321.12,,,,,,,,,,,,
34419,10.02133240v4,10,,2,4,,3/1/2023 21:51,,,,10,,,,,120,2.71,357.72,,,,,,,,,,,,
34420,932119418v2,93,240,120,10,45008,3/1/2023 23:58,Direct,existingbusiness,12325274780,20,1.42,0,357.84,340.8,,,,,,,,,,,,,,,
34421,10.02150396v1,10,,2,1,,3/1/2023 22:29,,,,7,,,,,80,2.56,245.76,,,,,,,,,,,,
34422,10.02144407v2,10,,2,3,,3/2/2023 18:49,,,,15,,,,,175,2.54,487.68,,,,,,,,,,,,
34423,10.02150303v1,10,,2,1,,3/1/2023 22:41,,,,9,,,,,100,2.56,307.2,,,,,,,,,,,,
34424,10.02150425v1,10,,2,1,,3/1/2023 22:21,,,,9,,,,,100,2.56,307.2,,,,,,,,,,,,
34425,10.02150370v1,10,,2,1,,3/2/2023 22:25,,,,10,,,,,120,2.23,294.36,,,,,,,,,,,,
34426,932149121v2,93,120,120,10,45009,3/2/2023 22:26,Direct,newbusiness,11907108983,10,1.8,0,237.6,216,,,,,,,,,,,,,,,
34427,55.02107584v1,55,,114,3,,3/1/2023 22:48,,,,22,,,,,264,2.62,723.12,,,,,,,,,,,,
34428,10.02149547v1,10,,2,4,,3/1/2023 23:21,,,,5,,,,,60,2.83,203.76,,,,,,,,,,,,
34428,10.02149546v1,10,,2,4,,3/1/2023 23:21,,,,5,,,,,60,2.83,203.76,,,,,,,,,,,,
34430,55.02127084v1,55,,114,1,,3/1/2023 23:33,,,,10,,,,,120,2.23,294.36,,,,,,,,,,,,
34430,55.02127084v3,55,,114,1,,3/1/2023 23:33,,,,10,,,,,120,2.23,294.36,,,,,,,,,,,,
34431,10.02150015v7,10,,2,3,,3/3/2023 16:49,,,,10,,,,,120,2.72,359.04,,,,,,,,,,,,
34432,10.02114879v2,10,,2,4,,3/3/2023 0:22,,,,9,,,,,108,2.83,339.6,,,,,,,,,,,,
34432,10.02114881v2,10,,2,4,,3/3/2023 0:22,,,,9,,,,,108,2.83,339.6,,,,,,,,,,,,
34433,10.02150457v1,10,,2,1,,3/1/2023 23:48,,,,2,,,,,16,3.5,126,,,,,,,,,,,,
34434,10.02149573v7,10,,2,3,,3/2/2023 1:27,,,,10,,,,,120,2.72,359.04,,,,,,,,,,,,
34436,10.02150329v1,10,,2,3,,3/2/2023 2:25,,,,13,,,,,145,2.54,426.72,,,,,,,,,,,,
34438,10.02150076v1,10,,2,3,,3/2/2023 15:51,,,,5,,,,,60,2.85,205.2,,,,,,,,,,,,
34439,10.0228900v4,10,,2,4,,3/2/2023 15:56,,,,17,,,,,200,2.54,548.64,,,,,,,,,,,,
34440,10.0237896v7,10,,2,4,,3/2/2023 17:26,,,,44,,,,,520,2.54,1371.6,,,,,,,,,,,,
34441,10.0289763v1,10,,2,3,,3/2/2023 16:23,,,,5,,,,,60,2.85,205.2,,,,,,,,,,,,
34442,10.0232308v2,10,,2,3,,3/2/2023 18:26,,,,84,,,,,1000,2.01,2050.2,,,,,,,,,,,,
34443,10.02124122v1,10,,2,3,,3/2/2023 18:28,,,,84,,,,,1000,2.01,2050.2,,,,,,,,,,,,
34444,10.02146457v1,10,,2,4,,3/2/2023 18:26,,,,10,,,,,120,2.71,357.72,,,,,,,,,,,,
34446,55.02150532v1,55,,114,1,,3/2/2023 18:13,,,,21,,,,,250,1.96,517.44,,,,,,,,,,,,
34447,17.02142796v1,17,,9,1,,3/2/2023 18:25,,,,5,,,,,60,2.56,184.32,,,,,,,,,,,,
34448,,70,,,1,44994,3/2/2023 18:47,,,,,,,,,,2.56,,28937,60,16672,37438,107,14180,72,111538,3/2/2023 18:37,3/9/2023,5,184.32
34448,,70,,,1,44994,3/2/2023 18:47,,,,,,,,,,2.56,,28947,60,16672,37437,107,14180,72,111538,3/2/2023 18:37,3/9/2023,5,184.32
34449,10.0256930v1,10,,2,1,,3/3/2023 14:59,,,,75,,,,,900,1.79,1632.48,,,,,,,,,,,,
34450,10.0286341v1,10,,2,3,,3/2/2023 19:42,,,,10,,,,,120,2.72,359.04,,,,,,,,,,,,
34451,10.02143907v2,10,,2,4,,3/2/2023 19:49,,,,15,,,,,180,2.54,487.68,,,,,,,,,,,,
34451,10.02143905v4,10,,2,4,,3/2/2023 19:49,,,,15,,,,,180,2.54,487.68,,,,,,,,,,,,
34452,10.0216155v3,10,,2,4,,3/2/2023 19:41,,,,34,,,,,400,2.54,1066.8,,,,,,,,,,,,
34454,10.02149524v3,10,,2,4,,3/2/2023 20:04,,,,21,,,,,250,2.54,670.56,,,,,,,,,,,,
34455,10.02148899v2,10,,2,4,,3/2/2023 20:36,,,,5,,,,,60,2.83,203.76,,,,,,,,,,,,
34456,10.0223646v4,10,,2,1,,3/2/2023 20:47,,,,32,,,,,375,1.96,776.16,,,,,,,,,,,,
34457,10.0232547v1,10,,2,1,,3/2/2023 22:08,,,,5,,,,,60,2.56,184.32,,,,,,,,,,,,
34457,10.0222621v1,10,,2,1,,3/2/2023 22:08,,,,5,,,,,60,2.56,184.32,,,,,,,,,,,,
34458,10.02114524v1,10,,2,3,,3/2/2023 21:03,,,,13,,,,,150,2.54,426.72,,,,,,,,,,,,
34459,10.02149055v1,10,,2,4,,3/2/2023 22:12,,,,5,,,,,60,2.83,203.76,,,,,,,,,,,,
34459,10.02149053v1,10,,2,4,,3/2/2023 22:12,,,,5,,,,,60,2.83,203.76,,,,,,,,,,,,
34459,10.02149054v1,10,,2,4,,3/2/2023 22:12,,,,5,,,,,60,2.83,203.76,,,,,,,,,,,,
34460,17.02146721v3,17,,9,3,,3/2/2023 21:30,,,,167,,,,,2000,2.01,4052.16,,,,,,,,,,,,
34461,10.02150602v1,10,,2,3,,3/2/2023 21:10,,,,42,,,,,500,2.54,1310.64,,,,,,,,,,,,
34462,10.02150008v4,10,,2,1,,3/2/2023 21:22,,,,20,,,,,240,1.96,493.92,,,,,,,,,,,,
34463,55.02148879v1,55,,114,1,,3/6/2023 16:26,,,,60,,,,,720,1.79,1310.28,,,,,,,,,,,,
34464,10.0285413v2,10,,2,1,,3/3/2023 22:19,,,,5,,,,,60,2.56,184.32,,,,,,,,,,,,
34465,10.0245078v5,10,,2,4,,3/2/2023 22:12,,,,5,,,,,60,2.83,203.76,,,,,,,,,,,,
34466,10.0293515v2,10,,2,1,,3/2/2023 22:34,,,,75,,,,,900,1.79,1632.48,,,,,,,,,,,,
34467,10.02150522v1,10,,2,1,,3/2/2023 22:42,,,,20,,,,,232,1.96,493.92,,,,,,,,,,,,
34468,10.02146413v2,10,,2,4,,3/6/2023 15:03,,,,5,,,,,60,2.83,203.76,,,,,,,,,,,,
34469,55.02150686v1,55,,114,1,,3/7/2023 20:49,,,,5,,,,,60,2.56,184.32,,,,,,,,,,,,
34470,10.02147426v2,10,,2,3,,3/6/2023 13:33,,,,7,,,,,75,2.85,273.6,,,,,,,,,,,,
34471,10.0217965v3,10,,2,1,,3/7/2023 19:27,,,,7,,,,,75,2.56,245.76,,,,,,,,,,,,
34472,10.02150281v1,10,,2,4,,3/3/2023 16:18,,,,10,,,,,120,2.71,357.72,,,,,,,,,,,,
34473,10.0279952v1,10,,2,4,,3/3/2023 15:11,,,,17,,,,,200,2.54,548.64,,,,,,,,,,,,
34474,10.02150147v2,10,,2,4,,3/3/2023 14:34,,,,10,,,,,120,2.71,357.72,,,,,,,,,,,,
34476,10.02142671v2,10,,2,4,,3/3/2023 14:04,,,,13,,,,,150,2.54,426.72,,,,,,,,,,,,
34477,10.02147088v3,10,,2,1,,3/4/2023 19:47,,,,25,,,,,300,1.96,611.52,,,,,,,,,,,,
34478,10.02138369v5,10,,2,3,,3/3/2023 17:09,,,,10,,,,,120,2.72,359.04,,,,,,,,,,,,
34479,10.0219512v1,10,,2,3,,3/3/2023 15:48,,,,5,,,,,60,2.85,205.2,,,,,,,,,,,,
34480,10.02150642v1,10,,2,3,,3/3/2023 20:42,,,,10,,,,,120,2.72,359.04,,,,,,,,,,,,
34481,10.02102008v1,10,,2,1,,3/3/2023 15:44,,,,5,,,,,60,2.56,184.32,,,,,,,,,,,,
34483,10.02150736v1,10,,2,1,,3/6/2023 22:43,,,,125,,,,,1500,1.71,2585.52,,,,,,,,,,,,
34484,10.02150721v1,10,,2,3,,3/3/2023 20:35,,,,10,,,,,120,2.72,359.04,,,,,,,,,,,,
34484,10.02150720v1,10,,2,3,,3/3/2023 20:35,,,,10,,,,,120,2.72,359.04,,,,,,,,,,,,
34485,55.02123713v1,55,,114,4,,3/3/2023 16:15,,,,5,,,,,60,3,216,,,,,,,,,,,,
34485,10.02130390v1,10,,2,4,,3/3/2023 16:15,,,,5,,,,,60,2.83,203.76,,,,,,,,,,,,
34486,10.02149119v1,10,,2,3,,3/3/2023 18:09,,,,5,,,,,60,2.85,205.2,,,,,,,,,,,,
34487,10.0282679v2,10,,2,1,,3/3/2023 21:58,,,,20,,,,,240,1.96,493.92,,,,,,,,,,,,
34488,10.02150290v1,10,,2,4,,3/3/2023 17:18,,,,15,,,,,180,2.54,487.68,,,,,,,,,,,,
34489,10.02150013v1,10,,2,4,,3/3/2023 19:52,,,,20,,,,,240,2.54,640.08,,,,,,,,,,,,
34491,10.02142220v2,10,,2,4,,3/10/2023 20:55,,,,30,,,,,360,2.54,944.88,,,,,,,,,,,,
34491,10.02142221v2,10,,2,4,,3/10/2023 20:55,,,,30,,,,,360,2.54,944.88,,,,,,,,,,,,
34492,932138714v2,93,300,120,10,45014,3/6/2023 23:12,Distributor,existingbusiness,12389149106,25,1.42,0,443.04,426,,,,,,,,,,,,,,,
34493,10.02150512v1,10,,2,3,,3/3/2023 18:31,,,,5,,,,,60,2.85,205.2,,,,,,,,,,,,
34494,10.02109994v1,10,,2,3,,3/3/2023 20:30,,,,10,,,,,120,2.72,359.04,,,,,,,,,,,,
34495,55.02150951v1,55,,114,4,,3/3/2023 22:40,,,,15,,,,,170,2.7,518.4,,,,,,,,,,,,
34496,10.02146189v6,10,,2,3,,3/3/2023 21:00,,,,5,,,,,60,2.85,205.2,,,,,,,,,,,,
34497,10.02150609v1,10,,2,1,,3/3/2023 22:23,,,,30,,,,,360,1.96,729.12,,,,,,,,,,,,
34498,10.02113561v2,10,,2,3,,3/3/2023 19:27,,,,84,,,,,1000,2.01,2050.2,,,,,,,,,,,,
34499,10.02135107v2,10,,2,3,,3/3/2023 22:23,,,,10,,,,,120,2.72,359.04,,,,,,,,,,,,
34500,10.02150450v2,10,,2,1,,3/3/2023 22:50,,,,334,,,,,4000,1.6,6432,,,,,,,,,,,,
34501,10.02148576v2,10,,2,1,,3/6/2023 18:01,,,,34,,,,,400,1.96,823.2,,,,,,,,,,,,
34502,55.02148046v2,55,,114,1,,3/6/2023 17:05,,,,61,,,,,722,1.79,1331.76,,,,,,,,,,,,
34503,10.02141396v2,10,,2,3,,3/3/2023 20:53,,,,17,,,,,200,2.54,548.64,,,,,,,,,,,,
34503,10.02141398v2,10,,2,3,,3/3/2023 20:53,,,,17,,,,,200,2.54,548.64,,,,,,,,,,,,
34503,10.02139501v2,10,,2,3,,3/3/2023 20:53,,,,17,,,,,200,2.54,548.64,,,,,,,,,,,,
34503,10.02141399v2,10,,2,3,,3/3/2023 20:53,,,,17,,,,,200,2.54,548.64,,,,,,,,,,,,
34504,10.02148631v1,10,,2,3,,3/6/2023 21:23,,,,21,,,,,250,2.54,670.56,,,,,,,,,,,,
34505,10.02150209v1,10,,2,1,,3/6/2023 15:25,,,,21,,,,,250,1.96,517.44,,,,,,,,,,,,
34505,10.02150228v1,10,,2,1,,3/6/2023 15:25,,,,21,,,,,250,1.96,517.44,,,,,,,,,,,,
34506,932135506v1,93,275,120,10,45014,3/4/2023 0:25,Distributor,newbusiness,11649895744,23,1.42,0,408.96,390.5,,,,,,,,,,,,,,,
34507,10.021226v1,10,,2,4,,3/3/2023 21:24,,,,10,,,,,120,2.71,357.72,,,,,,,,,,,,
34508,10.0218490v1,10,,2,3,,3/6/2023 16:44,,,,7,,,,,80,2.85,273.6,,,,,,,,,,,,
34509,55.02150940v1,55,,114,1,,3/3/2023 21:54,,,,6,,,,,61,2.56,215.04,,,,,,,,,,,,
34510,15.02110606v5,15,,7,3,,3/3/2023 22:56,,,,21,,,,,252,3.66,966.24,,,,,,,,,,,,
34511,10.02137784v1,10,,2,4,,3/6/2023 17:07,,,,84,,,,,1000,2.01,2050.2,,,,,,,,,,,,
34512,10.02143306v2,10,,2,3,,3/3/2023 22:49,,,,10,,,,,120,2.72,359.04,,,,,,,,,,,,
34513,10.02149655v1,10,,2,4,,3/9/2023 18:10,,,,13,,,,,150,2.54,426.72,,,,,,,,,,,,
34514,10.02149984v2,10,,2,4,,3/3/2023 23:36,,,,5,,,,,60,2.83,203.76,,,,,,,,,,,,
34515,10.02150397v1,10,,2,4,,3/6/2023 18:10,,,,7,,,,,75,2.83,271.68,,,,,,,,,,,,
34516,15.02151003v1,15,,7,3,,3/28/2023 19:44,,,,10,,,,,120,3.84,506.88,,,,,,,,,,,,
34516,10.02149874v6,10,,2,3,,3/28/2023 19:44,,,,10,,,,,120,2.72,359.04,,,,,,,,,,,,
34516,15.02150793v1,15,,7,3,,3/28/2023 19:44,,,,10,,,,,120,3.84,506.88,,,,,,,,,,,,
34517,10.02110591v1,10,,2,3,,3/6/2023 17:52,,,,31,,,,,361,2.54,975.36,,,,,,,,,,,,
34517,10.02110379v1,10,,2,3,,3/6/2023 17:52,,,,31,,,,,361,2.54,975.36,,,,,,,,,,,,
34518,10.02150731v1,10,,2,1,,3/4/2023 2:50,,,,10,,,,,120,2.23,294.36,,,,,,,,,,,,
34519,10.02148817v2,10,,2,4,,3/5/2023 3:57,,,,5,,,,,60,2.83,203.76,,,,,,,,,,,,
34520,55.02150307v1,55,,114,1,,3/5/2023 20:34,,,,5,,,,,60,2.56,184.32,,,,,,,,,,,,
34521,10.0220457v2,10,,2,1,,3/6/2023 3:11,,,,10,,,,,120,2.23,294.36,,,,,,,,,,,,
34522,55.02106492v4,55,,114,1,,3/6/2023 15:12,,,,3,,,,,30,2.56,122.88,,,,,,,,,,,,
34523,10.02147368v1,10,,2,3,,3/6/2023 15:04,,,,5,,,,,60,2.85,205.2,,,,,,,,,,,,
34524,10.02148166v2,10,,2,1,,3/6/2023 16:18,,,,21,,,,,250,1.96,517.44,,,,,,,,,,,,
34526,10.02150067v1,10,,2,4,,3/6/2023 16:07,,,,5,,,,,60,2.83,203.76,,,,,,,,,,,,
34527,55.02150701v2,55,,114,1,,3/6/2023 21:10,,,,10,,,,,120,2.23,294.36,,,,,,,,,,,,
34527,55.02150706v2,55,,114,1,,3/6/2023 21:10,,,,10,,,,,120,2.23,294.36,,,,,,,,,,,,
34527,46.02150710v1,46,,113,1,,3/6/2023 21:10,,,,10,,,,,120,2.23,294.36,,,,,,,,,,,,
34529,10.02150869v2,10,,2,3,,3/6/2023 16:52,,,,5,,,,,60,2.85,205.2,,,,,,,,,,,,
34530,10.02150553v2,10,,2,3,,3/6/2023 18:17,,,,6,,,,,70,2.85,239.4,,,,,,,,,,,,
34531,10.02150346v2,10,,2,3,,3/6/2023 17:20,,,,5,,,,,60,2.85,205.2,,,,,,,,,,,,
34532,10.02150229v1,10,,2,3,,3/6/2023 17:56,,,,5,,,,,60,2.85,205.2,,,,,,,,,,,,
34533,10.02145789v1,10,,2,3,,3/7/2023 21:03,,,,20,,,,,240,2.54,640.08,,,,,,,,,,,,
34534,10.02146024v1,10,,2,3,,3/6/2023 19:20,,,,10,,,,,120,2.72,359.04,,,,,,,,,,,,
34535,10.02115583v2,10,,2,3,,3/8/2023 8:12,,,,25,,,,,300,2.54,792.48,,,,,,,,,,,,
34536,10.0283167v2,10,,2,3,,3/6/2023 18:07,,,,30,,,,,360,2.54,944.88,,,,,,,,,,,,
34537,10.02145606v3,10,,2,3,,3/6/2023 18:26,,,,10,,,,,120,2.72,359.04,,,,,,,,,,,,
34538,12.0288222v6,12,,4,3,,3/6/2023 19:24,,,,11,,,,,130,2.47,355.68,,,,,,,,,,,,
34539,10.02150958v1,10,,2,3,,3/7/2023 21:03,,,,117,,,,,1400,2.01,2846.16,,,,,,,,,,,,
34540,932151176v1,93,120,120,10,45019,3/7/2023 18:32,Distributor,existingbusiness,11734760962,10,1.8,0,237.6,216,,,,,,,,,,,,,,,
34541,10.02102566v1,10,,2,3,,3/7/2023 17:45,,,,10,,,,,120,2.72,359.04,,,,,,,,,,,,
34542,10.0236742v1,10,,2,3,,3/6/2023 19:47,,,,4,,,,,42,2.85,171,,,,,,,,,,,,
34543,932150948v2,93,200,120,10,45015,3/6/2023 23:11,Direct,existingbusiness,12368872562,17,1.8,0,388.8,360,,,,,,,,,,,,,,,
34544,55.03148963v1,55,,114,1,,3/6/2023 23:33,,,,5,,,,,60,2.56,184.32,,,,,,,,,,,,
34544,55.02148621v1,55,,114,1,,3/6/2023 23:33,,,,15,,,,,180,1.96,376.32,,,,,,,,,,,,
34544,55.03148965v1,55,,114,1,,3/6/2023 23:33,,,,5,,,,,60,2.56,184.32,,,,,,,,,,,,
34544,55.02148620v1,55,,114,1,,3/6/2023 23:33,,,,15,,,,,180,1.96,376.32,,,,,,,,,,,,
34544,,70,,,1,45001,3/6/2023 23:33,,,,,,,,,,2.56,,29330,60,16795,38088,64,14279,72,110496,3/6/2023 22:51,3/17/2023,5,184.32
34544,,70,,,1,45001,3/6/2023 23:33,,,,,,,,,,2.56,,29331,60,16795,38087,64,14279,72,110496,3/6/2023 22:51,3/17/2023,5,184.32
34545,10.02151030v1,10,,2,1,,3/8/2023 18:03,,,,17,,,,,200,1.96,423.36,,,,,,,,,,,,
34545,55.02151015v1,55,,114,1,,3/8/2023 18:03,,,,10,,,,,120,2.23,294.36,,,,,,,,,,,,
34546,932139789v2,93,1,120,10,45002,3/6/2023 22:06,Distributor,existingbusiness,11843078726,1,1.8,0,43.2,1.8,,,,,,,,,,,,,,,
34547,10.0242049v1,10,,2,3,,3/6/2023 21:48,,,,64,,,,,760,2.01,1567.8,,,,,,,,,,,,
34548,55.02101717v1,55,,114,1,,3/6/2023 21:06,,,,5,,,,,60,2.56,184.32,,,,,,,,,,,,
34549,10.02102522v3,10,,2,3,,3/6/2023 23:29,,,,25,,,,,300,2.54,792.48,,,,,,,,,,,,
34550,55.02149122v3,55,,114,1,,3/6/2023 22:03,,,,10,,,,,120,2.23,294.36,,,,,,,,,,,,
34551,932150034v3,93,2500,120,10,45021,3/6/2023 22:30,Distributor,existingbusiness,12340779839,209,1.11,0,2797.2,2775,,,,,,,,,,,,,,,
34552,10.0217388v2,10,,2,4,,3/8/2023 18:14,,,,21,,,,,250,2.54,670.56,,,,,,,,,,,,
34553,10.02136130v1,10,,2,4,,3/8/2023 22:55,,,,17,,,,,200,2.54,548.64,,,,,,,,,,,,
34554,12.02151055v1,12,,4,3,,3/6/2023 23:30,,,,7,,,,,75,2.6,249.6,,,,,,,,,,,,
34556,10.02150442v2,10,,2,1,,3/7/2023 20:01,,,,5,,,,,60,2.56,184.32,,,,,,,,,,,,
34557,10.02139607v2,10,,2,4,,3/7/2023 12:33,,,,5,,,,,60,2.83,203.76,,,,,,,,,,,,
34557,10.0292691v1,10,,2,4,,3/7/2023 12:33,,,,5,,,,,60,2.83,203.76,,,,,,,,,,,,
34558,10.02151228v1,10,,2,1,,3/7/2023 13:07,,,,42,,,,,500,1.96,1011.36,,,,,,,,,,,,
34560,10.02151125v1,10,,2,1,,3/7/2023 17:50,,,,10,,,,,120,2.23,294.36,,,,,,,,,,,,
34561,10.0290512v1,10,,2,4,,3/7/2023 16:46,,,,42,,,,,500,2.54,1310.64,,,,,,,,,,,,
34562,10.02130409v2,10,,2,3,,3/7/2023 16:57,,,,9,,,,,100,2.85,342,,,,,,,,,,,,
34563,10.02142098v1,10,,2,4,,3/7/2023 16:27,,,,5,,,,,60,2.83,203.76,,,,,,,,,,,,
34564,10.02143337v1,10,,2,1,,3/7/2023 19:40,,,,40,,,,,475,1.96,964.32,,,,,,,,,,,,
34565,10.0283782v4,10,,2,1,,3/7/2023 17:05,,,,60,,,,,720,1.79,1310.28,,,,,,,,,,,,
34566,932151190v1,93,120,120,10,45020,3/7/2023 18:28,Direct,existingbusiness,12421301106,10,1.8,0,237.6,216,,,,,,,,,,,,,,,
34566,932151193v1,93,120,120,10,45020,3/7/2023 18:28,Direct,existingbusiness,12421301106,10,1.8,0,237.6,216,,,,,,,,,,,,,,,
34566,932151195v1,93,120,120,10,45020,3/7/2023 18:28,Direct,existingbusiness,12421301106,10,1.8,0,237.6,216,,,,,,,,,,,,,,,
34566,932151197v1,93,120,120,10,45020,3/7/2023 18:28,Direct,existingbusiness,12421301106,10,1.8,0,237.6,216,,,,,,,,,,,,,,,
34567,,70,,,1,44995,3/7/2023 17:57,,,,,,,,,,1.96,,29293,250,16810,37707,118,14292,264,111966,3/7/2023 17:38,3/10/2023,21,517.44
34568,932144201v1,93,120,120,10,45014,3/7/2023 19:39,Direct,existingbusiness,12004750340,10,1.8,0,237.6,216,,,,,,,,,,,,,,,
34569,10.02151364v2,10,,2,4,,3/7/2023 22:20,,,,10,,,,,120,2.71,357.72,,,,,,,,,,,,
34569,10.02151364v1,10,,2,4,,3/7/2023 22:20,,,,10,,,,,120,2.71,357.72,,,,,,,,,,,,
34570,10.02151272v1,10,,2,3,,3/7/2023 17:54,,,,25,,,,,300,2.54,792.48,,,,,,,,,,,,
34571,10.03151060v1,10,,2,1,,3/7/2023 18:17,,,,10,,,,,120,2.23,294.36,,,,,,,,,,,,
34572,10.02149911v1,10,,2,1,,3/7/2023 18:54,,,,10,,,,,120,2.23,294.36,,,,,,,,,,,,
34573,10.02150566v2,10,,2,4,,3/8/2023 21:58,,,,5,,,,,60,2.83,203.76,,,,,,,,,,,,
34574,10.02116912v1,10,,2,4,,3/7/2023 19:48,,,,9,,,,,100,2.83,339.6,,,,,,,,,,,,
34575,10.02148890v1,10,,2,4,,3/7/2023 23:05,,,,5,,,,,60,2.83,203.76,,,,,,,,,,,,
34575,10.02148896v1,10,,2,4,,3/7/2023 23:05,,,,5,,,,,60,2.83,203.76,,,,,,,,,,,,
34576,10.02131631v1,10,,2,1,,3/7/2023 20:16,,,,20,,,,,240,1.96,493.92,,,,,,,,,,,,
34576,10.02131632v1,10,,2,1,,3/7/2023 20:16,,,,20,,,,,240,1.96,493.92,,,,,,,,,,,,
34576,10.02131634v1,10,,2,1,,3/7/2023 20:16,,,,20,,,,,240,1.96,493.92,,,,,,,,,,,,
34577,10.02106072v2,10,,2,1,,3/7/2023 19:15,,,,20,,,,,240,1.96,493.92,,,,,,,,,,,,
34578,10.02151171v1,10,,2,1,,3/7/2023 20:14,,,,20,,,,,240,1.96,493.92,,,,,,,,,,,,
34579,10.02151359v1,10,,2,3,,3/13/2023 19:32,,,,7,,,,,84,2.85,273.6,,,,,,,,,,,,
34580,10.02106007v1,10,,2,4,,3/7/2023 21:13,,,,50,,,,,600,2.28,1395.36,,,,,,,,,,,,
34581,10.02151415v2,10,,2,4,,3/8/2023 21:50,,,,21,,,,,250,2.54,670.56,,,,,,,,,,,,
34582,10.0272959v1,10,,2,1,,3/7/2023 20:37,,,,7,,,,,80,2.56,245.76,,,,,,,,,,,,
34582,10.0272964v1,10,,2,1,,3/7/2023 20:37,,,,7,,,,,80,2.56,245.76,,,,,,,,,,,,
34584,10.02137226v2,10,,2,1,,3/9/2023 21:37,,,,5,,,,,60,2.56,184.32,,,,,,,,,,,,
34585,10.02151393v1,10,,2,4,,3/7/2023 22:02,,,,9,,,,,100,2.83,339.6,,,,,,,,,,,,
34586,10.02151497v2,10,,2,3,,3/8/2023 15:51,,,,7,,,,,80,2.85,273.6,,,,,,,,,,,,
34587,55.02151349v4,55,,114,3,,3/7/2023 23:15,,,,5,,,,,60,2.93,210.96,,,,,,,,,,,,
34588,55.02109283v1,55,,114,3,,3/8/2023 17:17,,,,5,,,,,60,2.93,210.96,,,,,,,,,,,,
34589,10.02134443v1,10,,2,1,,3/8/2023 14:20,,,,34,,,,,400,1.96,823.2,,,,,,,,,,,,
34589,10.02134445v1,10,,2,1,,3/8/2023 14:20,,,,34,,,,,400,1.96,823.2,,,,,,,,,,,,
34589,10.02134442v1,10,,2,1,,3/8/2023 14:20,,,,34,,,,,400,1.96,823.2,,,,,,,,,,,,
34589,10.0271824v2,10,,2,1,,3/8/2023 14:20,,,,49,,,,,586,1.88,1128,,,,,,,,,,,,
34589,10.0271825v2,10,,2,1,,3/8/2023 14:20,,,,49,,,,,586,1.88,1128,,,,,,,,,,,,
34589,10.0271823v2,10,,2,1,,3/8/2023 14:20,,,,49,,,,,586,1.88,1128,,,,,,,,,,,,
34590,55.02145771v10,55,,114,1,,3/8/2023 0:22,,,,3,,,,,30,2.56,122.88,,,,,,,,,,,,
34590,55.02145771v11,55,,114,1,,3/8/2023 0:22,,,,3,,,,,30,2.56,122.88,,,,,,,,,,,,
34591,10.02149505v1,10,,2,3,,3/8/2023 8:16,,,,7,,,,,80,2.85,273.6,,,,,,,,,,,,
34591,10.02149510v1,10,,2,3,,3/8/2023 8:16,,,,10,,,,,120,2.72,359.04,,,,,,,,,,,,
34592,10.02126851v4,10,,2,1,,3/8/2023 13:30,,,,5,,,,,60,2.56,184.32,,,,,,,,,,,,
34593,10.02149772v4,10,,2,1,,3/8/2023 14:10,,,,21,,,,,250,1.96,517.44,,,,,,,,,,,,
34594,932130906v5,93,120,120,10,45022,3/8/2023 17:13,Direct,existingbusiness,12366328731,10,1.8,0,237.6,216,,,,,,,,,,,,,,,
34595,10.02151248v1,10,,2,1,,3/8/2023 14:33,,,,21,,,,,252,1.96,517.44,,,,,,,,,,,,
34596,10.02151564v1,10,,2,4,,3/10/2023 21:49,,,,20,,,,,240,2.54,640.08,,,,,,,,,,,,
34597,10.0234283v1,10,,2,4,,3/8/2023 15:13,,,,5,,,,,60,2.83,203.76,,,,,,,,,,,,
34598,10.0372579v1,10,,2,1,,3/8/2023 17:21,,,,10,,,,,120,2.23,294.36,,,,,,,,,,,,
34599,10.02121396v1,10,,2,1,,3/8/2023 16:54,,,,10,,,,,120,2.23,294.36,,,,,,,,,,,,
34600,10.0249784v2,10,,2,4,,3/8/2023 17:02,,,,10,,,,,120,2.71,357.72,,,,,,,,,,,,
34601,55.02140002v2,55,,114,1,,5/10/2023 21:08,,,,5,,,,,60,2.56,184.32,,,,,,,,,,,,
34601,55.02140002v1,55,,114,1,,5/10/2023 21:08,,,,5,,,,,60,2.56,184.32,,,,,,,,,,,,
34602,10.02133888v2,10,,2,4,,3/8/2023 17:25,,,,5,,,,,60,2.83,203.76,,,,,,,,,,,,
34603,10.026879v2,10,,2,1,,3/8/2023 17:58,,,,9,,,,,100,2.56,307.2,,,,,,,,,,,,
34605,17.02131953v1,17,,9,1,,3/9/2023 15:29,,,,5,,,,,60,2.56,184.32,,,,,,,,,,,,
34606,10.02129984v1,10,,2,1,,3/8/2023 21:11,,,,15,,,,,175,1.96,376.32,,,,,,,,,,,,
34607,10.02150318v1,10,,2,4,,3/8/2023 19:34,,,,14,,,,,160,2.54,457.2,,,,,,,,,,,,
34608,,70,,,3,45035,3/9/2023 1:01,,,,,,,,,,2.54,,29294,212,18012,40048,64,14348,216,110819,3/9/2023 0:51,4/19/2023,18,579.12
34608,,70,,,3,45030,3/9/2023 1:01,,,,,,,,,,2.54,,29294,288,16874,38231,64,14348,300,110819,3/9/2023 0:51,4/14/2023,24,762
34609,10.0298489v4,10,,2,3,,3/13/2023 21:19,,,,10,,,,,120,2.72,359.04,,,,,,,,,,,,
34610,10.025163v3,10,,2,4,,3/8/2023 23:01,,,,10,,,,,120,2.71,357.72,,,,,,,,,,,,
34611,55.02151682v3,55,,114,1,,3/9/2023 23:49,,,,182,,,,,2175,1.71,3755.16,,,,,,,,,,,,
34612,10.03151637v1,10,,2,4,,3/8/2023 22:52,,,,5,,,,,60,2.83,203.76,,,,,,,,,,,,
34612,10.02151200v1,10,,2,4,,3/8/2023 22:52,,,,5,,,,,60,2.83,203.76,,,,,,,,,,,,
34613,10.0241447v1,10,,2,3,,3/9/2023 0:30,,,,10,,,,,120,2.72,359.04,,,,,,,,,,,,
34615,10.02151650v2,10,,2,3,,3/8/2023 22:51,,,,100,,,,,1200,2.01,2436.12,,,,,,,,,,,,
34616,10.02142835v1,10,,2,3,,3/8/2023 20:56,,,,5,,,,,60,2.85,205.2,,,,,,,,,,,,
34616,10.02142837v1,10,,2,3,,3/8/2023 20:56,,,,5,,,,,60,2.85,205.2,,,,,,,,,,,,
34616,10.02142838v1,10,,2,3,,3/8/2023 20:56,,,,5,,,,,60,2.85,205.2,,,,,,,,,,,,
34616,10.02142839v1,10,,2,3,,3/8/2023 20:56,,,,5,,,,,60,2.85,205.2,,,,,,,,,,,,
34617,10.0218490v1,10,,2,3,,3/9/2023 15:33,,,,13,,,,,150,2.54,426.72,,,,,,,,,,,,
34618,10.0238554v2,10,,2,4,,3/9/2023 19:14,,,,9,,,,,100,2.83,339.6,,,,,,,,,,,,
34619,10.02149949v1,10,,2,4,,3/8/2023 22:29,,,,7,,,,,75,2.83,271.68,,,,,,,,,,,,
34619,10.02149950v1,10,,2,4,,3/8/2023 22:29,,,,7,,,,,75,2.83,271.68,,,,,,,,,,,,
34620,10.02125763v2,10,,2,1,,3/9/2023 17:33,,,,20,,,,,240,1.96,493.92,,,,,,,,,,,,
34621,,70,,,1,45005,3/9/2023 15:17,,,,,,,,,,1.96,,29295,300,16876,37858,118,14350,312,111216,3/9/2023 15:11,3/20/2023,25,611.52
34621,,70,,,1,45005,3/9/2023 15:17,,,,,,,,,,1.96,,29266,300,16876,37856,118,14350,312,111216,3/9/2023 15:11,3/20/2023,25,611.52
34622,10.0280995v1,10,,2,1,,3/8/2023 22:47,,,,10,,,,,120,2.23,294.36,,,,,,,,,,,,
34623,10.02151718v1,10,,2,1,,3/9/2023 15:21,,,,13,,,,,150,1.96,329.28,,,,,,,,,,,,
34624,44.0236831v5,44,,21,4,,3/9/2023 17:15,,,,17,,,,,200,2.7,583.2,,,,,,,,,,,,
34625,932136030v2,93,500,120,10,45016,3/9/2023 22:48,Distributor,existingbusiness,11679028088,42,1.31,0,675.96,655,,,,,,,,,,,,,,,
34626,10.02146708v1,10,,2,1,,3/9/2023 15:12,,,,5,,,,,60,2.56,184.32,,,,,,,,,,,,
34626,10.02146713v1,10,,2,1,,3/9/2023 15:12,,,,5,,,,,60,2.56,184.32,,,,,,,,,,,,
34627,10.02151311v1,10,,2,3,,3/9/2023 22:48,,,,5,,,,,60,2.85,205.2,,,,,,,,,,,,
34628,10.02148355v1,10,,2,4,,3/9/2023 16:18,,,,13,,,,,150,2.54,426.72,,,,,,,,,,,,
34629,10.0272807v3,10,,2,4,,3/9/2023 15:21,,,,42,,,,,500,2.54,1310.64,,,,,,,,,,,,
34630,10.02116963v1,10,,2,3,,3/9/2023 15:35,,,,7,,,,,75,2.85,273.6,,,,,,,,,,,,
34631,10.02151503v1,10,,2,3,,3/9/2023 15:25,,,,20,,,,,240,2.54,640.08,,,,,,,,,,,,
34632,10.02150841v1,10,,2,3,,3/9/2023 15:41,,,,10,,,,,120,2.72,359.04,,,,,,,,,,,,
34632,10.02150863v1,10,,2,3,,3/9/2023 15:41,,,,10,,,,,120,2.72,359.04,,,,,,,,,,,,
34633,55.02152014v1,55,,114,1,,3/9/2023 17:18,,,,5,,,,,60,2.56,184.32,,,,,,,,,,,,
34635,55.02147980v2,55,,114,1,,3/9/2023 16:07,,,,15,,,,,180,1.96,376.32,,,,,,,,,,,,
34636,10.0285478v1,10,,2,1,,3/9/2023 16:13,,,,23,,,,,275,1.96,564.48,,,,,,,,,,,,
34637,17.02149653v3,17,,9,3,,3/10/2023 14:06,,,,9,,,,,100,2.85,342,,,,,,,,,,,,
34638,10.02150872v1,10,,2,4,,3/9/2023 18:06,,,,5,,,,,60,2.83,203.76,,,,,,,,,,,,
34639,10.02114507v1,10,,2,3,,3/10/2023 15:15,,,,34,,,,,400,2.54,1066.8,,,,,,,,,,,,
34640,10.02113563v2,10,,2,3,,3/9/2023 17:46,,,,20,,,,,240,2.54,640.08,,,,,,,,,,,,
34641,55.02151944v1,55,,114,1,,3/9/2023 16:37,,,,42,,,,,500,1.96,1011.36,,,,,,,,,,,,
34642,10.02151394v3,10,,2,4,,3/9/2023 20:27,,,,20,,,,,240,2.54,640.08,,,,,,,,,,,,
34642,10.02151392v1,10,,2,4,,3/9/2023 20:27,,,,5,,,,,60,2.83,203.76,,,,,,,,,,,,
34643,10.02127214v1,10,,2,1,,3/9/2023 23:54,,,,50,,,,,600,1.88,1150.56,,,,,,,,,,,,
34644,10.02150602v1,10,,2,3,,3/9/2023 20:33,,,,42,,,,,500,2.54,1310.64,,,,,,,,,,,,
34645,10.02136489v2,10,,2,1,,3/10/2023 13:17,,,,21,,,,,242,1.96,517.44,,,,,,,,,,,,
34646,10.0223923v4,10,,2,3,,3/9/2023 18:11,,,,5,,,,,60,2.85,205.2,,,,,,,,,,,,
34647,55.02134831v1,55,,114,1,,3/10/2023 17:24,,,,9,,,,,100,2.56,307.2,,,,,,,,,,,,
34648,10.0268766v2,10,,2,4,,3/9/2023 19:27,,,,5,,,,,60,2.83,203.76,,,,,,,,,,,,
34648,10.0268765v2,10,,2,4,,3/9/2023 19:27,,,,5,,,,,60,2.83,203.76,,,,,,,,,,,,
34649,46.02151960v1,46,,113,1,,3/9/2023 20:04,,,,5,,,,,60,2.56,184.32,,,,,,,,,,,,
34650,10.02114907v1,10,,2,3,,3/9/2023 23:31,,,,20,,,,,240,2.54,640.08,,,,,,,,,,,,
34651,10.02151087v1,10,,2,1,,3/10/2023 23:22,,,,21,,,,,250,1.96,517.44,,,,,,,,,,,,
34652,10.02148258v1,10,,2,4,,3/9/2023 23:10,,,,5,,,,,60,2.83,203.76,,,,,,,,,,,,
34653,10.02152104v3,10,,2,4,,3/24/2023 18:53,,,,42,,,,,500,2.54,1310.64,,,,,,,,,,,,
34654,55.02152161v1,55,,114,3,,3/9/2023 23:31,,,,17,,,,,204,2.62,565.92,,,,,,,,,,,,
34656,10.02152018v1,10,,2,1,,3/10/2023 0:06,,,,10,,,,,120,2.23,294.36,,,,,,,,,,,,
34657,10.02150611v1,10,,2,1,,3/13/2023 12:40,,,,10,,,,,120,2.23,294.36,,,,,,,,,,,,
34658,55.02152467v1,55,,114,4,,3/10/2023 19:50,,,,21,,,,,250,2.7,712.8,,,,,,,,,,,,
34658,10.0280816v1,10,,2,4,,3/10/2023 19:50,,,,21,,,,,250,2.54,670.56,,,,,,,,,,,,
34659,,70,,,1,45000,3/10/2023 17:17,,,,,,,,,,2.56,,29273,60,16920,37961,118,14391,72,108082,3/10/2023 16:22,3/15/2023,5,184.32
34660,10.02152026v4,10,,2,1,,3/10/2023 16:16,,,,20,,,,,240,1.96,493.92,,,,,,,,,,,,
34661,10.029026v1,10,,2,1,,3/13/2023 15:04,,,,25,,,,,300,1.96,611.52,,,,,,,,,,,,
34662,10.02152194v1,10,,2,1,,3/10/2023 17:12,,,,13,,,,,150,1.96,329.28,,,,,,,,,,,,
34662,10.02152193v1,10,,2,1,,3/10/2023 17:12,,,,13,,,,,150,1.96,329.28,,,,,,,,,,,,
34663,10.02152001v2,10,,2,1,,3/10/2023 16:45,,,,12,,,,,133,1.96,305.76,,,,,,,,,,,,
34663,10.02151999v2,10,,2,1,,3/10/2023 16:45,,,,12,,,,,133,1.96,305.76,,,,,,,,,,,,
34664,10.02151475v1,10,,2,3,,3/30/2023 13:15,,,,5,,,,,60,2.85,205.2,,,,,,,,,,,,
34665,55.02143252v1,55,,114,3,,3/10/2023 20:41,,,,13,,,,,150,2.62,440.16,,,,,,,,,,,,
34666,10.02134887v2,10,,2,1,,3/16/2023 18:29,,,,17,,,,,200,1.96,423.36,,,,,,,,,,,,
34667,55.02151601v1,55,,114,1,,3/13/2023 19:47,,,,5,,,,,60,2.56,184.32,,,,,,,,,,,,
34668,10.02150807v1,10,,2,3,,3/10/2023 17:00,,,,5,,,,,60,2.85,205.2,,,,,,,,,,,,
34669,10.02151950v1,10,,2,3,,3/10/2023 22:07,,,,5,,,,,60,2.85,205.2,,,,,,,,,,,,
34670,10.02149621v1,10,,2,1,,3/10/2023 16:47,,,,10,,,,,120,2.23,294.36,,,,,,,,,,,,
34671,10.02151686v1,10,,2,4,,3/10/2023 20:46,,,,13,,,,,150,2.54,426.72,,,,,,,,,,,,
34671,10.02153393v2,10,,2,4,,3/10/2023 20:46,,,,13,,,,,150,2.54,426.72,,,,,,,,,,,,
34672,10.02151740v1,10,,2,1,,3/10/2023 18:24,,,,10,,,,,120,2.23,294.36,,,,,,,,,,,,
34673,55.02151518v1,55,,114,3,,3/10/2023 18:32,,,,5,,,,,60,2.93,210.96,,,,,,,,,,,,
34674,55.02151065v2,55,,114,1,,3/10/2023 20:41,,,,13,,,,,150,1.96,329.28,,,,,,,,,,,,
34675,55.02152973v3,55,,114,1,,3/15/2023 18:18,,,,5,,,,,60,2.56,184.32,,,,,,,,,,,,
34675,55.02152973v1,55,,114,1,,3/15/2023 18:18,,,,5,,,,,60,2.56,184.32,,,,,,,,,,,,
34675,55.02152973v2,55,,114,1,,3/15/2023 18:18,,,,5,,,,,60,2.56,184.32,,,,,,,,,,,,
34677,10.02118751v2,10,,2,3,,3/10/2023 19:58,,,,5,,,,,60,2.85,205.2,,,,,,,,,,,,
34678,10.0282191v4,10,,2,3,,3/13/2023 18:51,,,,5,,,,,60,2.85,205.2,,,,,,,,,,,,
34678,12.0282866v3,12,,4,3,,3/13/2023 18:51,,,,10,,,,,120,2.47,326.04,,,,,,,,,,,,
34679,55.02153077v1,55,,114,1,,3/14/2023 20:47,,,,5,,,,,60,2.56,184.32,,,,,,,,,,,,
34680,17.02153548v2,17,,9,1,,3/23/2023 16:59,,,,42,,,,,500,1.96,1011.36,,,,,,,,,,,,
34681,10.02149206v2,10,,2,3,,3/10/2023 20:40,,,,5,,,,,60,2.85,205.2,,,,,,,,,,,,
34681,10.02149205v2,10,,2,3,,3/10/2023 20:40,,,,5,,,,,60,2.85,205.2,,,,,,,,,,,,
34682,46.02152212v1,46,,113,1,,3/10/2023 19:58,,,,24,,,,,281,1.96,588,,,,,,,,,,,,
34683,10.0217469v1,10,,2,1,,3/10/2023 20:48,,,,42,,,,,500,1.96,1011.36,,,,,,,,,,,,
34684,46.02151625v3,46,,113,3,,3/16/2023 14:43,,,,42,,,,,500,2.54,1310.64,,,,,,,,,,,,
34685,10.02151675v1,10,,2,1,,3/10/2023 20:15,,,,30,,,,,360,1.96,729.12,,,,,,,,,,,,
34686,46.02114600v1,46,,113,3,,3/10/2023 20:26,,,,7,,,,,75,2.85,273.6,,,,,,,,,,,,
34687,10.02152489v1,10,,2,4,,3/10/2023 21:41,,,,30,,,,,350,2.54,944.88,,,,,,,,,,,,
34688,10.02152307v1,10,,2,4,,3/10/2023 21:07,,,,20,,,,,240,2.54,640.08,,,,,,,,,,,,
34689,10.02151134v5,10,,2,3,,3/13/2023 22:55,,,,11,,,,,125,2.72,391.68,,,,,,,,,,,,
34690,10.0293020v3,10,,2,1,,3/10/2023 21:04,,,,10,,,,,120,2.23,294.36,,,,,,,,,,,,
34691,10.02105779v1,10,,2,1,,3/13/2023 13:54,,,,5,,,,,60,2.56,184.32,,,,,,,,,,,,
34692,10.0296577v3,10,,2,1,,3/14/2023 18:26,,,,5,,,,,60,2.56,184.32,,,,,,,,,,,,
34693,10.02152442v1,10,,2,4,,3/10/2023 22:15,,,,21,,,,,250,2.54,670.56,,,,,,,,,,,,
34694,10.02150000v1,10,,2,3,,3/13/2023 21:25,,,,9,,,,,100,2.85,342,,,,,,,,,,,,
34695,10.02147711v1,10,,2,3,,3/14/2023 14:17,,,,13,,,,,150,2.54,426.72,,,,,,,,,,,,
34696,10.0219046v2,10,,2,3,,3/10/2023 22:12,,,,20,,,,,240,2.54,640.08,,,,,,,,,,,,
34697,932149734v1,93,120,120,10,45019,3/10/2023 23:03,Distributor,existingbusiness,12293981758,10,1.8,0,237.6,216,,,,,,,,,,,,,,,
34697,932149735v1,93,120,120,10,45019,3/10/2023 23:03,Distributor,existingbusiness,12293981758,10,1.8,0,237.6,216,,,,,,,,,,,,,,,
34697,932149739v1,93,57,120,10,45019,3/10/2023 23:03,Distributor,existingbusiness,12293981758,5,1.8,0,129.6,102.6,,,,,,,,,,,,,,,
34697,932149739v1,93,63,120,10,45078,3/10/2023 23:03,Distributor,existingbusiness,12293981758,6,1.8,0,151.2,113.4,,,,,,,,,,,,,,,
34698,10.0290909v1,10,,2,4,,3/13/2023 13:29,,,,167,,,,,2000,2.01,4052.16,,,,,,,,,,,,
34699,10.02152115v1,10,,2,1,,3/13/2023 14:52,,,,25,,,,,300,1.96,611.52,,,,,,,,,,,,
34700,10.02131856v7,10,,2,3,,3/13/2023 22:11,,,,10,,,,,120,2.72,359.04,,,,,,,,,,,,
34701,10.02152540v1,10,,2,3,,3/10/2023 23:56,,,,5,,,,,60,2.85,205.2,,,,,,,,,,,,
34702,10.02149573v7,10,,2,3,,3/12/2023 17:03,,,,20,,,,,240,2.54,640.08,,,,,,,,,,,,
34704,10.02127907v1,10,,2,3,,3/16/2023 14:49,,,,9,,,,,100,2.85,342,,,,,,,,,,,,
34704,10.02127908v1,10,,2,3,,3/16/2023 14:49,,,,9,,,,,100,2.85,342,,,,,,,,,,,,
34704,10.02127920v1,10,,2,3,,3/16/2023 14:49,,,,9,,,,,100,2.85,342,,,,,,,,,,,,
34705,10.0295775v1,10,,2,1,,3/13/2023 15:40,,,,10,,,,,120,2.23,294.36,,,,,,,,,,,,
34706,10.02150824v1,10,,2,1,,3/13/2023 15:47,,,,10,,,,,120,2.23,294.36,,,,,,,,,,,,
34707,10.02151196v1,10,,2,3,,3/13/2023 15:50,,,,5,,,,,60,2.85,205.2,,,,,,,,,,,,
34708,10.02152414v2,10,,2,1,,4/13/2023 17:59,,,,21,,,,,250,1.96,517.44,,,,,,,,,,,,
34710,55.02136066v1,55,,114,1,,3/13/2023 16:21,,,,9,,,,,100,2.56,307.2,,,,,,,,,,,,
34711,10.0227697v2,10,,2,3,,3/13/2023 17:20,,,,9,,,,,100,2.85,342,,,,,,,,,,,,
34712,55.02143230v1,55,,114,1,,3/13/2023 17:09,,,,10,,,,,120,2.23,294.36,,,,,,,,,,,,
34713,10.02152688v1,10,,2,3,,3/13/2023 17:14,,,,10,,,,,120,2.72,359.04,,,,,,,,,,,,
34715,10.02152818v2,10,,2,1,,3/14/2023 23:27,,,,11,,,,,125,2.23,321.12,,,,,,,,,,,,
34715,10.02152817v3,10,,2,1,,3/14/2023 23:27,,,,11,,,,,125,2.23,321.12,,,,,,,,,,,,
34716,10.0225193v2,10,,2,3,,3/13/2023 21:45,,,,20,,,,,230,2.54,640.08,,,,,,,,,,,,
34717,10.02151201v1,10,,2,1,,3/13/2023 19:23,,,,42,,,,,500,1.96,1011.36,,,,,,,,,,,,
34718,10.02132787v1,10,,2,3,,3/13/2023 19:12,,,,5,,,,,60,2.85,205.2,,,,,,,,,,,,
34719,10.0260748v1,10,,2,1,,3/13/2023 19:45,,,,10,,,,,120,2.23,294.36,,,,,,,,,,,,
34720,10.02152743v1,10,,2,3,,3/13/2023 20:18,,,,5,,,,,60,2.85,205.2,,,,,,,,,,,,
34721,10.02110822v1,10,,2,4,,3/16/2023 23:39,,,,5,,,,,60,2.83,203.76,,,,,,,,,,,,
34722,17.0242644v2,17,,9,1,,3/14/2023 21:16,,,,84,,,,,1000,1.79,1825.8,,,,,,,,,,,,
34723,,70,,,1,45012,3/15/2023 19:36,,,,,,,,,,2.23,,29289,120,17041,38284,118,14499,132,111396,3/15/2023 18:53,3/23/2023,10,294.36
34724,10.02151731v1,10,,2,4,,3/14/2023 22:10,,,,5,,,,,60,2.83,203.76,,,,,,,,,,,,
34725,10.02152590v2,10,,2,1,,3/13/2023 22:11,,,,5,,,,,60,2.56,184.32,,,,,,,,,,,,
34726,10.02132507v1,10,,2,3,,3/14/2023 13:16,,,,21,,,,,250,2.54,670.56,,,,,,,,,,,,
34727,10.0260748v1,10,,2,1,,3/13/2023 23:06,,,,25,,,,,300,1.96,611.52,,,,,,,,,,,,
34728,55.02132311v2,55,,114,3,,3/14/2023 14:07,,,,125,,,,,1500,2.1,3175.2,,,,,,,,,,,,
34729,10.02152952v4,10,,2,1,,3/15/2023 20:32,,,,11,,,,,130,2.23,321.12,,,,,,,,,,,,
34730,932152101v2,93,500,120,10,45022,3/14/2023 16:31,Direct,newbusiness,12451602722,42,1.31,0,675.96,655,,,,,,,,,,,,,,,
34731,10.02152888v1,10,,2,3,,3/14/2023 15:36,,,,51,,,,,603,2.28,1422.72,,,,,,,,,,,,
34732,11.02151761v1,11,,3,4,,3/15/2023 18:42,,,,17,,,,,200,2.54,548.64,,,,,,,,,,,,
34733,10.02152616v1,10,,2,3,,3/14/2023 15:29,,,,5,,,,,60,2.85,205.2,,,,,,,,,,,,
34734,10.02114048v5,10,,2,1,,3/16/2023 8:35,,,,21,,,,,250,1.96,517.44,,,,,,,,,,,,
34735,10.02152127v1,10,,2,1,,3/14/2023 16:52,,,,5,,,,,60,2.56,184.32,,,,,,,,,,,,
34736,10.02117595v2,10,,2,3,,3/14/2023 17:35,,,,84,,,,,1000,2.01,2050.2,,,,,,,,,,,,
34737,10.02152991v2,10,,2,4,,3/14/2023 21:30,,,,21,,,,,250,2.54,670.56,,,,,,,,,,,,
34738,10.0296489v1,10,,2,3,,3/14/2023 16:37,,,,5,,,,,60,2.85,205.2,,,,,,,,,,,,
34739,55.02150406v1,55,,114,1,,3/14/2023 16:45,,,,9,,,,,101,2.56,307.2,,,,,,,,,,,,
34740,10.02147812v1,10,,2,1,,3/14/2023 17:21,,,,10,,,,,120,2.23,294.36,,,,,,,,,,,,
34741,10.02135602v3,10,,2,1,,3/14/2023 17:15,,,,5,,,,,60,2.56,184.32,,,,,,,,,,,,
34741,10.02136079v1,10,,2,1,,3/14/2023 17:15,,,,5,,,,,60,2.56,184.32,,,,,,,,,,,,
34742,10.02150501v1,10,,2,1,,3/14/2023 17:24,,,,10,,,,,120,2.23,294.36,,,,,,,,,,,,
34743,10.0260748v1,10,,2,4,,3/14/2023 18:51,,,,5,,,,,60,2.83,203.76,,,,,,,,,,,,
34745,10.02153019v1,10,,2,3,,3/14/2023 21:41,,,,9,,,,,100,2.85,342,,,,,,,,,,,,
34746,46.02152919v1,46,,113,1,,3/14/2023 20:46,,,,10,,,,,120,2.23,294.36,,,,,,,,,,,,
34747,10.02149884v1,10,,2,1,,3/14/2023 19:23,,,,13,,,,,145,1.96,329.28,,,,,,,,,,,,
34748,10.02153388v1,10,,2,1,,3/20/2023 19:27,,,,11,,,,,130,2.23,321.12,,,,,,,,,,,,
34749,10.02129477v1,10,,2,4,,3/14/2023 23:15,,,,17,,,,,200,2.54,548.64,,,,,,,,,,,,
34750,10.0282115v2,10,,2,1,,3/17/2023 18:18,,,,34,,,,,400,1.96,823.2,,,,,,,,,,,,
34752,10.0235867v1,10,,2,4,,3/15/2023 13:15,,,,5,,,,,60,2.83,203.76,,,,,,,,,,,,
34753,10.02149582v1,10,,2,1,,3/15/2023 16:35,,,,7,,,,,75,2.56,245.76,,,,,,,,,,,,
34753,10.02149583v1,10,,2,1,,3/15/2023 16:35,,,,7,,,,,75,2.56,245.76,,,,,,,,,,,,
34754,10.02151977v1,10,,2,3,,3/14/2023 21:30,,,,6,,,,,65,2.85,239.4,,,,,,,,,,,,
34755,10.02101192v1,10,,2,1,,3/15/2023 2:23,,,,9,,,,,100,2.56,307.2,,,,,,,,,,,,
34756,10.02140696v1,10,,2,1,,3/15/2023 15:30,,,,20,,,,,240,1.96,493.92,,,,,,,,,,,,
34756,10.02139992v1,10,,2,1,,3/15/2023 15:30,,,,20,,,,,240,1.96,493.92,,,,,,,,,,,,
34757,10.02108170v2,10,,2,1,,3/14/2023 21:46,,,,34,,,,,400,1.96,823.2,,,,,,,,,,,,
34758,10.02153108v1,10,,2,1,,3/15/2023 17:52,,,,84,,,,,1000,1.79,1825.8,,,,,,,,,,,,
34759,10.02152135v1,10,,2,1,,3/20/2023 15:50,,,,105,,,,,1250,1.71,2175.12,,,,,,,,,,,,
34760,10.02153079v1,10,,2,1,,3/14/2023 22:24,,,,25,,,,,300,1.96,611.52,,,,,,,,,,,,
34761,10.0298956v1,10,,2,1,,3/14/2023 22:27,,,,10,,,,,120,2.23,294.36,,,,,,,,,,,,
34762,10.02131962v3,10,,2,1,,3/15/2023 18:28,,,,134,,,,,1600,1.71,2770.2,,,,,,,,,,,,
34763,46.02106797v2,46,,113,1,,3/15/2023 13:29,,,,10,,,,,120,2.23,294.36,,,,,,,,,,,,
34764,10.02150372v2,10,,2,4,,3/22/2023 18:48,,,,5,,,,,60,2.83,203.76,,,,,,,,,,,,
34764,10.02150367v1,10,,2,4,,3/22/2023 18:48,,,,5,,,,,60,2.83,203.76,,,,,,,,,,,,
34765,10.02105864v1,10,,2,1,,3/15/2023 14:44,,,,21,,,,,250,1.96,517.44,,,,,,,,,,,,
34766,10.02134804v1,10,,2,1,,3/17/2023 14:07,,,,7,,,,,75,2.56,245.76,,,,,,,,,,,,
34767,10.0229935v3,10,,2,4,,3/20/2023 15:21,,,,5,,,,,60,2.83,203.76,,,,,,,,,,,,
34768,10.02153300v1,10,,2,3,,3/15/2023 22:30,,,,5,,,,,60,2.85,205.2,,,,,,,,,,,,
34769,10.02152957v1,10,,2,3,,3/15/2023 15:39,,,,5,,,,,60,2.85,205.2,,,,,,,,,,,,
34770,932153297v1,93,120,120,10,45030,3/15/2023 20:14,Distributor,newbusiness,12546350340,10,1.8,0,237.6,216,,,,,,,,,,,,,,,
34773,10.02153085v1,10,,2,1,,3/15/2023 16:23,,,,9,,,,,100,2.56,307.2,,,,,,,,,,,,
34774,17.02104277v7,17,,9,3,,3/17/2023 16:29,,,,100,,,,,1200,2.01,2436.12,,,,,,,,,,,,
34774,17.02104277v6,17,,9,3,,3/17/2023 16:29,,,,100,,,,,1200,2.01,2436.12,,,,,,,,,,,,
34775,9102146855v3,910,2,25,5,45014,3/15/2023 18:46,Distributor,existingbusiness,12434937757,1,0.76,90,108.24,91.52,,,,,,,,,,,,,,,
34776,10.02151628v2,10,,2,4,,3/15/2023 17:24,,,,11,,,,,125,2.71,390.24,,,,,,,,,,,,
34777,10.0233054v4,10,,2,4,,3/15/2023 20:25,,,,9,,,,,100,2.83,339.6,,,,,,,,,,,,
34778,10.02130341v1,10,,2,3,,3/20/2023 14:25,,,,25,,,,,300,2.54,792.48,,,,,,,,,,,,
34779,10.0260748v1,10,,2,4,,3/15/2023 18:45,,,,5,,,,,60,2.83,203.76,,,,,,,,,,,,
34780,10.02153753v1,10,,2,3,,3/20/2023 15:50,,,,134,,,,,1600,2.01,3256.2,,,,,,,,,,,,
34781,10.03153386v1,10,,2,3,,3/15/2023 19:36,,,,5,,,,,60,2.85,205.2,,,,,,,,,,,,
34781,10.02152885v3,10,,2,3,,3/15/2023 19:36,,,,11,,,,,125,2.72,391.68,,,,,,,,,,,,
34781,10.04153385v1,10,,2,3,,3/15/2023 19:36,,,,5,,,,,60,2.85,205.2,,,,,,,,,,,,
34782,10.02153093v1,10,,2,3,,3/15/2023 22:06,,,,17,,,,,200,2.54,548.64,,,,,,,,,,,,
34782,46.02153456v1,46,,113,3,,3/15/2023 22:06,,,,17,,,,,200,2.54,548.64,,,,,,,,,,,,
34783,55.02139298v1,55,,114,3,,3/15/2023 19:56,,,,9,,,,,100,2.93,351.6,,,,,,,,,,,,
34783,55.02138947v1,55,,114,3,,3/15/2023 19:56,,,,9,,,,,100,2.93,351.6,,,,,,,,,,,,
34785,10.02152983v2,10,,2,3,,3/16/2023 14:26,,,,20,,,,,240,2.54,640.08,,,,,,,,,,,,
34786,10.02150944v1,10,,2,1,,3/15/2023 19:57,,,,10,,,,,120,2.23,294.36,,,,,,,,,,,,
34786,10.02150947v1,10,,2,1,,3/15/2023 19:57,,,,10,,,,,120,2.23,294.36,,,,,,,,,,,,
34786,10.02150945v1,10,,2,1,,3/15/2023 19:57,,,,10,,,,,120,2.23,294.36,,,,,,,,,,,,
34787,10.02152856v1,10,,2,4,,3/15/2023 19:54,,,,11,,,,,125,2.71,390.24,,,,,,,,,,,,
34788,10.0227919v7,10,,2,1,,3/16/2023 20:42,,,,10,,,,,120,2.23,294.36,,,,,,,,,,,,
34789,10.02142948v2,10,,2,4,,3/15/2023 20:32,,,,10,,,,,120,2.71,357.72,,,,,,,,,,,,
34790,10.02151729v3,10,,2,4,,3/15/2023 20:30,,,,5,,,,,60,2.83,203.76,,,,,,,,,,,,
34791,10.02140187v1,10,,2,1,,3/15/2023 23:24,,,,167,,,,,2000,1.71,3447.36,,,,,,,,,,,,
34792,10.0283068v2,10,,2,3,,3/17/2023 16:29,,,,20,,,,,240,2.54,640.08,,,,,,,,,,,,
34792,10.02149746v2,10,,2,3,,3/17/2023 16:29,,,,47,,,,,560,2.28,1313.28,,,,,,,,,,,,
34793,10.02153392v1,10,,2,1,,3/15/2023 21:25,,,,13,,,,,149,1.96,329.28,,,,,,,,,,,,
34794,10.02149593v1,10,,2,1,,3/20/2023 21:08,,,,5,,,,,60,2.56,184.32,,,,,,,,,,,,
34795,10.02128512v4,10,,2,4,,3/16/2023 11:38,,,,5,,,,,60,2.83,203.76,,,,,,,,,,,,
34796,10.02124358v2,10,,2,3,,3/16/2023 13:01,,,,42,,,,,500,2.54,1310.64,,,,,,,,,,,,
34797,10.02147431v2,10,,2,3,,3/16/2023 17:06,,,,84,,,,,1000,2.01,2050.2,,,,,,,,,,,,
34798,10.02152940v1,10,,2,1,,3/15/2023 22:16,,,,10,,,,,120,2.23,294.36,,,,,,,,,,,,
34799,10.02152530v3,10,,2,4,,3/16/2023 15:18,,,,10,,,,,120,2.71,357.72,,,,,,,,,,,,
34799,10.02152510v4,10,,2,4,,3/16/2023 15:18,,,,10,,,,,120,2.71,357.72,,,,,,,,,,,,
34799,10.02152513v3,10,,2,4,,3/16/2023 15:18,,,,5,,,,,60,2.83,203.76,,,,,,,,,,,,
34799,10.02152521v4,10,,2,4,,3/16/2023 15:18,,,,10,,,,,120,2.71,357.72,,,,,,,,,,,,
34799,10.02152556v4,10,,2,4,,3/16/2023 15:18,,,,10,,,,,120,2.71,357.72,,,,,,,,,,,,
34800,46.02152211v2,46,,113,1,,3/16/2023 16:04,,,,26,,,,,301,1.96,635.04,,,,,,,,,,,,
34801,10.02153489v2,10,,2,4,,3/21/2023 14:53,,,,5,,,,,60,2.83,203.76,,,,,,,,,,,,
34801,10.03153492v1,10,,2,4,,3/21/2023 14:53,,,,5,,,,,60,2.83,203.76,,,,,,,,,,,,
34802,10.0290909v1,10,,2,4,,3/15/2023 23:01,,,,13,,,,,150,2.54,426.72,,,,,,,,,,,,
34803,55.02153177v2,55,,114,1,,3/16/2023 19:39,,,,8,,,,,85,2.56,276.48,,,,,,,,,,,,
34805,10.02136130v1,10,,2,4,,3/29/2023 17:27,,,,13,,,,,150,2.54,426.72,,,,,,,,,,,,
34806,10.02130218v1,10,,2,1,,3/16/2023 17:46,,,,42,,,,,500,1.96,1011.36,,,,,,,,,,,,
34807,10.02153482v1,10,,2,1,,3/17/2023 15:40,,,,19,,,,,220,1.96,470.4,,,,,,,,,,,,
34809,10.02150323v2,10,,2,4,,3/16/2023 14:12,,,,10,,,,,120,2.71,357.72,,,,,,,,,,,,
34810,10.0232432v1,10,,2,4,,3/17/2023 17:29,,,,11,,,,,121,2.71,390.24,,,,,,,,,,,,
34811,55.02129502v1,55,,114,3,,3/21/2023 19:54,,,,5,,,,,60,2.93,210.96,,,,,,,,,,,,
34812,10.02153217v6,10,,2,1,,3/16/2023 15:10,,,,5,,,,,60,2.56,184.32,,,,,,,,,,,,
34813,10.02153089v1,10,,2,4,,3/16/2023 15:58,,,,10,,,,,120,2.71,357.72,,,,,,,,,,,,
34814,10.02144339v5,10,,2,1,,3/16/2023 15:24,,,,28,,,,,325,1.96,682.08,,,,,,,,,,,,
34815,10.02133175v1,10,,2,1,,3/16/2023 22:46,,,,9,,,,,100,2.56,307.2,,,,,,,,,,,,
34816,10.02153658v1,10,,2,3,,3/16/2023 19:41,,,,42,,,,,500,2.54,1310.64,,,,,,,,,,,,
34817,10.02152281v2,10,,2,1,,3/16/2023 16:20,,,,11,,,,,125,2.23,321.12,,,,,,,,,,,,
34818,55.02153390v2,55,,114,1,,3/16/2023 17:26,,,,5,,,,,60,2.56,184.32,,,,,,,,,,,,
34819,10.02144395v2,10,,2,1,,3/17/2023 15:39,,,,71,,,,,850,1.79,1546.56,,,,,,,,,,,,
34820,10.02153634v1,10,,2,3,,3/17/2023 15:14,,,,5,,,,,60,2.85,205.2,,,,,,,,,,,,
34821,10.02151502v1,10,,2,1,,3/16/2023 20:13,,,,5,,,,,60,2.56,184.32,,,,,,,,,,,,
34822,10.02106072v2,10,,2,1,,3/16/2023 19:39,,,,5,,,,,60,2.56,184.32,,,,,,,,,,,,
34823,10.02106075v2,10,,2,1,,3/16/2023 19:40,,,,5,,,,,60,2.56,184.32,,,,,,,,,,,,
34825,10.02151547v3,10,,2,1,,3/16/2023 20:00,,,,10,,,,,120,2.23,294.36,,,,,,,,,,,,
34825,10.02149590v2,10,,2,1,,3/16/2023 20:00,,,,10,,,,,120,2.23,294.36,,,,,,,,,,,,
34826,10.02146591v4,10,,2,1,,3/16/2023 20:19,,,,10,,,,,120,2.23,294.36,,,,,,,,,,,,
34826,10.02144543v1,10,,2,1,,3/16/2023 20:19,,,,10,,,,,120,2.23,294.36,,,,,,,,,,,,
34827,10.02153598v1,10,,2,1,,3/16/2023 20:53,,,,13,,,,,150,1.96,329.28,,,,,,,,,,,,
34828,10.02150789v1,10,,2,1,,3/17/2023 16:16,,,,17,,,,,200,1.96,423.36,,,,,,,,,,,,
34828,10.02146641v1,10,,2,1,,3/17/2023 16:16,,,,17,,,,,200,1.96,423.36,,,,,,,,,,,,
34828,10.02145372v1,10,,2,1,,3/17/2023 16:16,,,,13,,,,,150,1.96,329.28,,,,,,,,,,,,
34829,10.02153722v1,10,,2,1,,3/17/2023 14:43,,,,14,,,,,158,1.96,352.8,,,,,,,,,,,,
34830,10.02153606v1,10,,2,1,,3/17/2023 15:25,,,,21,,,,,241,1.96,517.44,,,,,,,,,,,,
34831,10.02150966v2,10,,2,4,,3/16/2023 22:17,,,,5,,,,,60,2.83,203.76,,,,,,,,,,,,
34832,55.02148261v1,55,,114,1,,3/16/2023 22:56,,,,32,,,,,381,1.96,776.16,,,,,,,,,,,,
34833,10.03153774v2,10,,2,1,,3/20/2023 23:56,,,,20,,,,,240,1.96,493.92,,,,,,,,,,,,
34834,10.02150219v2,10,,2,1,,3/16/2023 22:39,,,,10,,,,,120,2.23,294.36,,,,,,,,,,,,
34834,10.02150222v2,10,,2,1,,3/16/2023 22:39,,,,10,,,,,120,2.23,294.36,,,,,,,,,,,,
34835,10.0233767v1,10,,2,3,,3/17/2023 13:59,,,,10,,,,,120,2.72,359.04,,,,,,,,,,,,
34836,55.02153510v1,55,,114,3,,3/22/2023 15:39,,,,10,,,,,120,2.8,369.6,,,,,,,,,,,,
34837,10.02153572v1,10,,2,1,,3/16/2023 23:04,,,,17,,,,,200,1.96,423.36,,,,,,,,,,,,
34839,55.02153676v1,55,,114,4,,3/20/2023 16:06,,,,10,,,,,120,2.88,380.16,,,,,,,,,,,,
34840,10.02152651v1,10,,2,1,,3/17/2023 13:41,,,,10,,,,,120,2.23,294.36,,,,,,,,,,,,
34841,10.0224743v2,10,,2,4,,3/17/2023 15:01,,,,5,,,,,60,2.83,203.76,,,,,,,,,,,,
34842,55.02153687v2,55,,114,3,,3/22/2023 17:38,,,,13,,,,,150,2.62,440.16,,,,,,,,,,,,
34843,10.02152852v1,10,,2,3,,3/17/2023 15:37,,,,5,,,,,60,2.85,205.2,,,,,,,,,,,,
34843,10.02152375v2,10,,2,3,,3/17/2023 15:37,,,,5,,,,,60,2.85,205.2,,,,,,,,,,,,
34843,10.02152374v2,10,,2,3,,3/17/2023 15:37,,,,5,,,,,60,2.85,205.2,,,,,,,,,,,,
34843,10.02152853v1,10,,2,3,,3/17/2023 15:37,,,,5,,,,,60,2.85,205.2,,,,,,,,,,,,
34843,10.02152377v2,10,,2,3,,3/17/2023 15:37,,,,5,,,,,60,2.85,205.2,,,,,,,,,,,,
34844,10.02118438v2,10,,2,3,,3/24/2023 17:33,,,,12,,,,,137,2.54,396.24,,,,,,,,,,,,
34845,10.0286893v1,10,,2,1,,3/20/2023 21:58,,,,10,,,,,120,2.23,294.36,,,,,,,,,,,,
34846,10.02152820v1,10,,2,1,,3/17/2023 14:52,,,,13,,,,,150,1.96,329.28,,,,,,,,,,,,
34847,10.02109221v1,10,,2,3,,3/17/2023 15:36,,,,10,,,,,120,2.72,359.04,,,,,,,,,,,,
34848,,70,,,1,45008,3/17/2023 18:19,,,,,,,,,,1.96,,29351,240,17119,38382,73,14569,252,113032,3/17/2023 18:17,3/23/2023,20,493.92
34848,,70,,,1,45008,3/17/2023 18:19,,,,,,,,,,1.96,,29357,240,17119,38381,64,14569,252,113032,3/17/2023 18:17,3/23/2023,20,493.92
34849,10.02135670v3,10,,2,3,,3/17/2023 16:11,,,,5,,,,,60,2.85,205.2,,,,,,,,,,,,
34849,10.02138107v2,10,,2,3,,3/17/2023 16:11,,,,5,,,,,60,2.85,205.2,,,,,,,,,,,,
34850,55.02153698v1,55,,114,1,,3/17/2023 18:33,,,,21,,,,,250,1.96,517.44,,,,,,,,,,,,
34851,10.02153449v1,10,,2,4,,3/17/2023 20:51,,,,10,,,,,120,2.71,357.72,,,,,,,,,,,,
34852,10.02154596v2,10,,2,4,,3/24/2023 20:32,,,,9,,,,,100,2.83,339.6,,,,,,,,,,,,
34853,,70,,,1,45009,3/17/2023 16:24,,,,,,,,,,2.56,,29172,60,17111,38366,64,14562,72,113154,3/17/2023 16:12,3/24/2023,5,184.32
34853,,70,,,1,45009,3/17/2023 16:24,,,,,,,,,,2.56,,29171,60,17111,38365,64,14562,72,113154,3/17/2023 16:12,3/24/2023,5,184.32
34853,,70,,,1,45009,3/17/2023 16:24,,,,,,,,,,2.56,,29173,60,17111,38367,64,14562,72,113154,3/17/2023 16:12,3/24/2023,5,184.32
34853,,70,,,1,45009,3/17/2023 16:24,,,,,,,,,,2.56,,29170,60,17111,38364,64,14562,72,113154,3/17/2023 16:12,3/24/2023,5,184.32
34854,10.02153716v2,10,,2,3,,3/17/2023 17:20,,,,96,,,,,1145,2.01,2339.64,,,,,,,,,,,,
34855,932150503v1,93,156,120,10,45030,3/22/2023 22:39,Distributor,existingbusiness,12579339431,13,1.8,0,302.4,280.8,,,,,,,,,,,,,,,
34856,10.0257502v1,10,,2,3,,3/17/2023 21:06,,,,17,,,,,200,2.54,548.64,,,,,,,,,,,,
34857,,70,,,3,45013,3/21/2023 16:13,,,,,,,,,,2.54,,26105,150,17435,38970,106,14628,150,113182,3/21/2023 15:43,3/28/2023,13,426.72
34857,,70,,,3,45012,3/21/2023 16:13,,,,,,,,,,2.54,,26106,250,17192,38518,106,14628,264,113182,3/21/2023 15:43,3/27/2023,21,670.56
34859,10.02152841v1,10,,2,1,,3/17/2023 21:41,,,,209,,,,,2500,1.6,4032,,,,,,,,,,,,
34860,10.02112744v1,10,,2,4,,3/20/2023 12:24,,,,17,,,,,200,2.54,548.64,,,,,,,,,,,,
34861,10.02154637v1,10,,2,1,,3/23/2023 20:07,,,,5,,,,,60,2.56,184.32,,,,,,,,,,,,
34862,10.02153464v1,10,,2,1,,3/19/2023 0:46,,,,42,,,,,503,1.96,1011.36,,,,,,,,,,,,
34863,10.02151690v1,10,,2,4,,3/17/2023 19:04,,,,9,,,,,105,2.83,339.6,,,,,,,,,,,,
34863,10.02151689v1,10,,2,4,,3/17/2023 19:04,,,,9,,,,,105,2.83,339.6,,,,,,,,,,,,
34864,55.02142846v1,55,,114,4,,3/21/2023 19:19,,,,9,,,,,101,3,360,,,,,,,,,,,,
34864,55.02143380v1,55,,114,4,,3/21/2023 19:19,,,,9,,,,,101,3,360,,,,,,,,,,,,
34865,10.02118221v3,10,,2,1,,3/17/2023 21:20,,,,13,,,,,150,1.96,329.28,,,,,,,,,,,,
34866,55.02136883v1,55,,114,1,,3/20/2023 15:13,,,,20,,,,,240,1.96,493.92,,,,,,,,,,,,
34867,10.02154153v1,10,,2,1,,3/17/2023 21:57,,,,20,,,,,240,1.96,493.92,,,,,,,,,,,,
34868,10.02149059v1,10,,2,3,,3/17/2023 23:06,,,,5,,,,,60,2.85,205.2,,,,,,,,,,,,
34870,10.0283748v2,10,,2,3,,3/20/2023 14:05,,,,7,,,,,75,2.85,273.6,,,,,,,,,,,,
34871,10.02153450v1,10,,2,3,,3/21/2023 0:33,,,,6,,,,,63,2.85,239.4,,,,,,,,,,,,
34871,10.02153451v1,10,,2,3,,3/21/2023 0:33,,,,6,,,,,63,2.85,239.4,,,,,,,,,,,,
34872,10.02136538v1,10,,2,3,,3/20/2023 18:30,,,,20,,,,,240,2.54,640.08,,,,,,,,,,,,
34874,,70,,,1,45013,3/22/2023 21:29,,,,,,,,,,2.56,,26454,60,17257,38638,64,14684,72,112117,3/22/2023 21:25,3/28/2023,5,184.32
34874,,70,,,1,45013,3/22/2023 21:29,,,,,,,,,,2.56,,26166,60,17257,38636,64,14684,72,112117,3/22/2023 21:25,3/28/2023,5,184.32
34875,10.02151185v2,10,,2,4,,3/20/2023 14:11,,,,10,,,,,120,2.71,357.72,,,,,,,,,,,,
34876,10.02156442v1,10,,2,1,,4/3/2023 16:00,,,,15,,,,,175,1.96,376.32,,,,,,,,,,,,
34876,10.02156441v1,10,,2,1,,4/3/2023 16:00,,,,15,,,,,175,1.96,376.32,,,,,,,,,,,,
34877,55.02151825v4,55,,114,3,,3/17/2023 23:04,,,,5,,,,,60,2.93,210.96,,,,,,,,,,,,
34878,10.02154037v1,10,,2,1,,3/20/2023 13:35,,,,13,,,,,153,1.96,329.28,,,,,,,,,,,,
34878,10.02154036v1,10,,2,1,,3/20/2023 13:35,,,,13,,,,,153,1.96,329.28,,,,,,,,,,,,
34879,55.02141404v1,55,,114,1,,3/17/2023 22:34,,,,10,,,,,120,2.23,294.36,,,,,,,,,,,,
34880,10.02135372v2,10,,2,1,,3/21/2023 21:12,,,,5,,,,,60,2.56,184.32,,,,,,,,,,,,
34881,10.04104300v1,10,,2,3,,3/20/2023 16:23,,,,13,,,,,150,2.54,426.72,,,,,,,,,,,,
34882,10.02153300v1,10,,2,3,,3/20/2023 13:25,,,,13,,,,,155,2.54,426.72,,,,,,,,,,,,
34883,10.02153737v2,10,,2,4,,3/20/2023 13:30,,,,6,,,,,63,2.83,237.72,,,,,,,,,,,,
34884,10.02135107v3,10,,2,1,,3/20/2023 15:06,,,,10,,,,,120,2.23,294.36,,,,,,,,,,,,
34884,10.02154111v1,10,,2,4,,3/20/2023 14:49,,,,7,,,,,75,2.83,271.68,,,,,,,,,,,,
34885,10.02153741v2,10,,2,4,,3/20/2023 20:14,,,,42,,,,,500,2.54,1310.64,,,,,,,,,,,,
34886,10.02111566v1,10,,2,4,,3/29/2023 17:27,,,,41,,,,,490,2.54,1280.16,,,,,,,,,,,,
34887,10.02151307v2,10,,2,1,,3/20/2023 17:29,,,,10,,,,,120,2.23,294.36,,,,,,,,,,,,
34889,10.02153969v1,10,,2,1,,3/20/2023 18:01,,,,5,,,,,60,2.56,184.32,,,,,,,,,,,,
34890,932147866v1,93,500,120,10,45028,3/20/2023 18:20,Direct,newbusiness,12206235055,42,1.31,0,675.96,655,,,,,,,,,,,,,,,
34891,10.02154078v2,10,,2,1,,3/20/2023 17:40,,,,20,,,,,240,1.96,493.92,,,,,,,,,,,,
34893,10.0283317v2,10,,2,3,,3/20/2023 18:28,,,,84,,,,,1000,2.01,2050.2,,,,,,,,,,,,
34893,10.0283316v2,10,,2,3,,3/20/2023 18:28,,,,84,,,,,1000,2.01,2050.2,,,,,,,,,,,,
34894,10.02135803v1,10,,2,1,,3/20/2023 18:41,,,,5,,,,,60,2.56,184.32,,,,,,,,,,,,
34894,10.02135845v1,10,,2,1,,3/20/2023 18:41,,,,5,,,,,60,2.56,184.32,,,,,,,,,,,,
34895,10.02135803v1,10,,2,1,,3/20/2023 18:47,,,,5,,,,,60,2.56,184.32,,,,,,,,,,,,
34895,10.02135845v1,10,,2,1,,3/20/2023 18:47,,,,5,,,,,60,2.56,184.32,,,,,,,,,,,,
34896,17.02131953v1,17,,9,1,,3/21/2023 13:42,,,,5,,,,,60,2.56,184.32,,,,,,,,,,,,
34897,10.02132086v1,10,,2,1,,3/20/2023 20:37,,,,5,,,,,60,2.56,184.32,,,,,,,,,,,,
34897,10.02132097v1,10,,2,1,,3/20/2023 20:37,,,,5,,,,,60,2.56,184.32,,,,,,,,,,,,
34898,10.02122913v2,10,,2,1,,3/20/2023 19:37,,,,11,,,,,125,2.23,321.12,,,,,,,,,,,,
34898,10.02122911v2,10,,2,1,,3/20/2023 19:37,,,,11,,,,,125,2.23,321.12,,,,,,,,,,,,
34899,10.02150959v1,10,,2,1,,3/20/2023 20:02,,,,5,,,,,60,2.56,184.32,,,,,,,,,,,,
34900,932154216v1,93,425,120,10,45028,3/20/2023 21:21,Distributor,newbusiness,11427567912,36,1.42,0,630.48,603.5,,,,,,,,,,,,,,,
34901,55.0296807v3,55,,114,3,,3/20/2023 20:31,,,,10,,,,,120,2.8,369.6,,,,,,,,,,,,
34902,10.02142827v2,10,,2,3,,3/21/2023 13:22,,,,84,,,,,1000,2.01,2050.2,,,,,,,,,,,,
34902,10.02142823v2,10,,2,3,,3/21/2023 13:22,,,,84,,,,,1000,2.01,2050.2,,,,,,,,,,,,
34903,10.03154223v1,10,,2,3,,3/22/2023 19:54,,,,25,,,,,300,2.54,792.48,,,,,,,,,,,,
34903,10.02153895v1,10,,2,3,,3/22/2023 19:54,,,,25,,,,,300,2.54,792.48,,,,,,,,,,,,
34904,10.02151608v2,10,,2,1,,3/21/2023 18:47,,,,167,,,,,2000,1.71,3447.36,,,,,,,,,,,,
34905,10.02103516v2,10,,2,3,,3/27/2023 22:11,,,,13,,,,,150,2.54,426.72,,,,,,,,,,,,
34905,10.02103516v3,10,,2,3,,3/27/2023 22:11,,,,13,,,,,150,2.54,426.72,,,,,,,,,,,,
34906,10.02150566v2,10,,2,4,,3/21/2023 0:23,,,,5,,,,,60,2.83,203.76,,,,,,,,,,,,
34907,55.02153993v1,55,,114,4,,3/20/2023 21:58,,,,60,,,,,720,2.18,1595.76,,,,,,,,,,,,
34908,10.04154250v1,10,,2,4,,3/21/2023 18:31,,,,125,,,,,1500,2.01,3039.12,,,,,,,,,,,,
34909,10.02135370v3,10,,2,1,,3/21/2023 21:12,,,,5,,,,,60,2.56,184.32,,,,,,,,,,,,
34909,10.02135372v2,10,,2,1,,3/21/2023 21:12,,,,5,,,,,60,2.56,184.32,,,,,,,,,,,,
34910,10.02153648v4,10,,2,4,,3/21/2023 21:13,,,,9,,,,,100,2.83,339.6,,,,,,,,,,,,
34911,17.02143921v2,17,,9,1,,3/20/2023 23:16,,,,28,,,,,335,1.96,682.08,,,,,,,,,,,,
34912,10.02154128v2,10,,2,1,,3/20/2023 23:43,,,,23,,,,,276,1.96,564.48,,,,,,,,,,,,
34913,10.0388158v1,10,,2,1,,3/21/2023 13:18,,,,20,,,,,240,1.96,493.92,,,,,,,,,,,,
34914,10.0221648v3,10,,2,3,,3/21/2023 16:46,,,,66,,,,,790,2.01,1616.04,,,,,,,,,,,,
34915,55.02153040v1,55,,114,3,,3/24/2023 19:08,,,,42,,,,,500,2.62,1351.92,,,,,,,,,,,,
34916,10.0356551v4,10,,2,3,,3/21/2023 15:15,,,,125,,,,,1500,2.01,3039.12,,,,,,,,,,,,
34917,46.02151669v2,46,,113,1,,3/21/2023 16:25,,,,10,,,,,120,2.23,294.36,,,,,,,,,,,,
34918,55.02111146v1,55,,114,1,,3/21/2023 16:41,,,,42,,,,,500,1.96,1011.36,,,,,,,,,,,,
34919,10.0229935v3,10,,2,4,,3/22/2023 14:48,,,,5,,,,,60,2.83,203.76,,,,,,,,,,,,
34920,10.02100389v1,10,,2,3,,3/24/2023 14:47,,,,92,,,,,1100,2.01,2243.16,,,,,,,,,,,,
34921,10.0240881v2,10,,2,1,,3/21/2023 17:25,,,,10,,,,,120,2.23,294.36,,,,,,,,,,,,
34921,10.024991v2,10,,2,1,,3/21/2023 17:25,,,,10,,,,,120,2.23,294.36,,,,,,,,,,,,
34922,55.02153636v2,55,,114,4,,3/21/2023 18:51,,,,11,,,,,125,2.88,414.72,,,,,,,,,,,,
34923,10.0265106v2,10,,2,1,,3/21/2023 17:40,,,,30,,,,,360,1.96,729.12,,,,,,,,,,,,
34924,55.02154494v1,55,,114,1,,3/22/2023 14:40,,,,10,,,,,120,2.23,294.36,,,,,,,,,,,,
34925,10.02153220v1,10,,2,4,,3/21/2023 19:51,,,,63,,,,,750,2.01,1543.68,,,,,,,,,,,,
34925,10.02153221v1,10,,2,4,,3/21/2023 19:51,,,,63,,,,,750,2.01,1543.68,,,,,,,,,,,,
34926,,70,,,1,45013,3/21/2023 18:47,,,,,,,,,,2.56,,29372,60,17201,38539,107,14636,72,112063,3/21/2023 18:40,3/28/2023,5,184.32
34926,,70,,,1,45013,3/21/2023 18:47,,,,,,,,,,2.56,,29298,60,17201,38538,107,14636,72,112063,3/21/2023 18:40,3/28/2023,5,184.32
34927,10.02149941v3,10,,2,4,,3/21/2023 18:32,,,,9,,,,,100,2.83,339.6,,,,,,,,,,,,
34928,10.02118949v1,10,,2,3,,3/21/2023 19:14,,,,21,,,,,250,2.54,670.56,,,,,,,,,,,,
34929,46.02150298v1,46,,113,1,,3/22/2023 23:46,,,,25,,,,,295,1.96,611.52,,,,,,,,,,,,
34929,55.03154505v1,55,,114,1,,3/22/2023 23:46,,,,5,,,,,60,2.56,184.32,,,,,,,,,,,,
34929,46.03154504v1,46,,113,1,,3/22/2023 23:46,,,,5,,,,,60,2.56,184.32,,,,,,,,,,,,
34929,46.02150590v4,46,,113,1,,3/22/2023 23:46,,,,25,,,,,295,1.96,611.52,,,,,,,,,,,,
34929,55.02150110v1,55,,114,1,,3/22/2023 23:46,,,,25,,,,,295,1.96,611.52,,,,,,,,,,,,
34929,55.02150111v2,55,,114,1,,3/22/2023 23:46,,,,25,,,,,295,1.96,611.52,,,,,,,,,,,,
34930,10.02128936v1,10,,2,3,,3/21/2023 20:36,,,,17,,,,,203,2.54,548.64,,,,,,,,,,,,
34931,10.02107672v1,10,,2,1,,3/21/2023 19:48,,,,84,,,,,1000,1.79,1825.8,,,,,,,,,,,,
34932,10.02154394v1,10,,2,1,,3/22/2023 13:02,,,,52,,,,,615,1.88,1195.68,,,,,,,,,,,,
34933,55.02143360v1,55,,114,4,,3/21/2023 21:08,,,,34,,,,,405,2.7,1134,,,,,,,,,,,,
34934,15.02153960v1,15,,7,3,,3/21/2023 20:57,,,,42,,,,,500,3.66,1888.56,,,,,,,,,,,,
34935,18.0222733v4,18,,10,1,,3/22/2023 20:45,,,,20,,,,,234,1.96,493.92,,,,,,,,,,,,
34936,10.0238279v1,10,,2,4,,3/27/2023 16:54,,,,10,,,,,120,2.71,357.72,,,,,,,,,,,,
34937,10.0240893v8,10,,2,4,,3/24/2023 13:34,,,,7,,,,,75,2.83,271.68,,,,,,,,,,,,
34938,10.02153317v6,10,,2,3,,3/21/2023 21:09,,,,6,,,,,70,2.85,239.4,,,,,,,,,,,,
34938,10.02153318v4,10,,2,3,,3/21/2023 21:09,,,,6,,,,,70,2.85,239.4,,,,,,,,,,,,
34939,10.02154407v1,10,,2,4,,3/24/2023 17:30,,,,10,,,,,120,2.71,357.72,,,,,,,,,,,,
34940,10.02153086v3,10,,2,4,,3/22/2023 17:17,,,,5,,,,,60,2.83,203.76,,,,,,,,,,,,
34941,10.02134083v1,10,,2,3,,3/22/2023 17:11,,,,42,,,,,500,2.54,1310.64,,,,,,,,,,,,
34942,10.02114883v1,10,,2,1,,3/22/2023 20:32,,,,9,,,,,100,2.56,307.2,,,,,,,,,,,,
34942,10.02114879v2,10,,2,1,,3/22/2023 20:32,,,,7,,,,,80,2.56,245.76,,,,,,,,,,,,
34942,10.02114881v2,10,,2,1,,3/22/2023 20:32,,,,7,,,,,80,2.56,245.76,,,,,,,,,,,,
34942,10.02114882v1,10,,2,1,,3/22/2023 20:32,,,,9,,,,,100,2.56,307.2,,,,,,,,,,,,
34943,10.02146943v1,10,,2,4,,3/21/2023 22:05,,,,30,,,,,360,2.54,944.88,,,,,,,,,,,,
34944,10.02123895v1,10,,2,4,,3/22/2023 16:00,,,,9,,,,,100,2.83,339.6,,,,,,,,,,,,
34945,10.02154500v3,10,,2,1,,3/23/2023 20:54,,,,6,,,,,64,2.56,215.04,,,,,,,,,,,,
34946,12.02153536v2,12,,4,1,,3/22/2023 20:34,,,,19,,,,,223,1.63,391.2,,,,,,,,,,,,
34947,10.02154557v1,10,,2,4,,3/22/2023 1:23,,,,5,,,,,60,2.83,203.76,,,,,,,,,,,,
34948,10.02148526v1,10,,2,4,,3/28/2023 19:33,,,,10,,,,,120,2.71,357.72,,,,,,,,,,,,
34949,10.02154565v3,10,,2,1,,3/24/2023 21:24,,,,30,,,,,360,1.96,729.12,,,,,,,,,,,,
34950,10.0232290v2,10,,2,4,,3/22/2023 17:08,,,,21,,,,,250,2.54,670.56,,,,,,,,,,,,
34951,55.02153233v2,55,,114,3,,3/22/2023 16:23,,,,100,,,,,1200,2.1,2545.2,,,,,,,,,,,,
34953,10.02154377v1,10,,2,1,,3/22/2023 15:33,,,,42,,,,,500,1.96,1011.36,,,,,,,,,,,,
34954,55.02149395v1,55,,114,3,,3/23/2023 15:08,,,,5,,,,,60,2.93,210.96,,,,,,,,,,,,
34955,10.02154644v1,10,,2,1,,3/22/2023 16:59,,,,9,,,,,100,2.56,307.2,,,,,,,,,,,,
34955,10.0231293v1,10,,2,3,,3/22/2023 16:58,,,,12,,,,,137,2.54,396.24,,,,,,,,,,,,
34956,932139789v3,93,5757,120,10,45054,3/23/2023 20:31,Distributor,existingbusiness,12673583274,480,1.06,0,6118.32,6102.42,,,,,,,,,,,,,,,
34957,55.02154550v1,55,,114,4,,3/22/2023 17:44,,,,6,,,,,72,3,252,,,,,,,,,,,,
34958,10.02147961v1,10,,2,4,,3/22/2023 22:43,,,,10,,,,,120,2.71,357.72,,,,,,,,,,,,
34959,10.02153421v1,10,,2,3,,3/22/2023 17:26,,,,17,,,,,200,2.54,548.64,,,,,,,,,,,,
34960,41.02130743v8,41,,19,1,,3/22/2023 18:05,,,,30,,,,,360,1.96,729.12,,,,,,,,,,,,
34960,55.02139689v1,55,,114,1,,3/22/2023 18:05,,,,5,,,,,60,2.56,184.32,,,,,,,,,,,,
34962,10.02154640v1,10,,2,3,,3/22/2023 18:15,,,,26,,,,,306,2.54,822.96,,,,,,,,,,,,
34963,10.02151732v3,10,,2,4,,3/22/2023 18:37,,,,6,,,,,63,2.83,237.72,,,,,,,,,,,,
34964,10.02150927v1,10,,2,1,,3/22/2023 19:18,,,,42,,,,,500,1.96,1011.36,,,,,,,,,,,,
34965,55.02152357v3,55,,114,3,,3/22/2023 22:26,,,,5,,,,,60,2.93,210.96,,,,,,,,,,,,
34965,46.02152354v4,46,,113,3,,3/22/2023 22:26,,,,5,,,,,60,2.85,205.2,,,,,,,,,,,,
34966,10.02154420v1,10,,2,3,,3/23/2023 14:42,,,,20,,,,,240,2.54,640.08,,,,,,,,,,,,
34967,10.02100953v1,10,,2,1,,3/22/2023 18:52,,,,9,,,,,100,2.56,307.2,,,,,,,,,,,,
34968,10.02142919v2,10,,2,3,,3/23/2023 19:44,,,,5,,,,,60,2.85,205.2,,,,,,,,,,,,
34969,10.02142919v2,10,,2,1,,3/22/2023 19:29,,,,5,,,,,60,2.56,184.32,,,,,,,,,,,,
34970,10.02116572v2,10,,2,3,,3/24/2023 20:19,,,,166,,,,,1988,2.01,4028.04,,,,,,,,,,,,
34970,10.02150441v2,10,,2,3,,3/24/2023 20:19,,,,46,,,,,544,2.28,1285.92,,,,,,,,,,,,
34970,10.02150433v1,10,,2,3,,3/24/2023 20:19,,,,24,,,,,288,2.54,762,,,,,,,,,,,,
34970,10.02150439v1,10,,2,3,,3/24/2023 20:19,,,,24,,,,,288,2.54,762,,,,,,,,,,,,
34970,10.02150441v1,10,,2,3,,3/24/2023 20:19,,,,46,,,,,544,2.28,1285.92,,,,,,,,,,,,
34970,10.02150431v1,10,,2,3,,3/24/2023 20:19,,,,24,,,,,288,2.54,762,,,,,,,,,,,,
34971,10.02122459v1,10,,2,4,,3/24/2023 17:21,,,,6,,,,,65,2.83,237.72,,,,,,,,,,,,
34972,10.02153066v1,10,,2,1,,3/24/2023 22:27,,,,30,,,,,360,1.96,729.12,,,,,,,,,,,,
34973,932139789v3,93,4,120,10,45022,3/22/2023 20:24,Distributor,existingbusiness,12676751228,1,1.8,0,43.2,7.2,,,,,,,,,,,,,,,
34974,44.02105822v10,44,,21,1,,3/22/2023 20:20,,,,30,,,,,360,1.96,729.12,,,,,,,,,,,,
34975,10.0239418v4,10,,2,4,,3/22/2023 20:43,,,,42,,,,,500,2.54,1310.64,,,,,,,,,,,,
34976,55.02154652v2,55,,114,3,,3/22/2023 21:56,,,,5,,,,,60,2.93,210.96,,,,,,,,,,,,
34977,10.02136052v1,10,,2,1,,3/22/2023 21:01,,,,5,,,,,60,2.56,184.32,,,,,,,,,,,,
34978,10.02154732v1,10,,2,3,,3/22/2023 21:28,,,,5,,,,,60,2.85,205.2,,,,,,,,,,,,
34980,10.02154638v2,10,,2,3,,3/23/2023 13:17,,,,25,,,,,300,2.54,792.48,,,,,,,,,,,,
34981,10.02122837v1,10,,2,4,,3/23/2023 13:42,,,,5,,,,,60,2.83,203.76,,,,,,,,,,,,
34982,10.02154470v2,10,,2,3,,3/22/2023 21:54,,,,9,,,,,100,2.85,342,,,,,,,,,,,,
34983,55.02150704v1,55,,114,3,,3/23/2023 14:45,,,,42,,,,,500,2.62,1351.92,,,,,,,,,,,,
34984,55.02150580v1,55,,114,3,,3/22/2023 22:57,,,,5,,,,,60,2.93,210.96,,,,,,,,,,,,
34985,10.0219827v2,10,,2,1,,3/23/2023 17:14,,,,20,,,,,240,1.96,493.92,,,,,,,,,,,,
34986,,70,,,1,45013,3/23/2023 15:04,,,,,,,,,,2.23,,29380,120,17270,38681,118,14696,132,113599,3/23/2023 14:33,3/28/2023,10,294.36
34987,10.02154625v4,10,,2,3,,3/23/2023 2:51,,,,10,,,,,120,2.72,359.04,,,,,,,,,,,,
34988,10.02154331v1,10,,2,3,,3/31/2023 15:30,,,,5,,,,,60,2.85,205.2,,,,,,,,,,,,
34989,10.0220564v3,10,,2,1,,3/23/2023 15:50,,,,30,,,,,360,1.96,729.12,,,,,,,,,,,,
34990,10.02133229v2,10,,2,4,,3/23/2023 15:10,,,,11,,,,,127,2.71,390.24,,,,,,,,,,,,
34991,10.02152043v1,10,,2,4,,3/27/2023 21:14,,,,84,,,,,1000,2.01,2050.2,,,,,,,,,,,,
34992,10.02152854v2,10,,2,1,,3/23/2023 17:55,,,,40,,,,,480,1.96,964.32,,,,,,,,,,,,
34993,55.02138943v3,55,,114,1,,3/23/2023 15:25,,,,10,,,,,120,2.23,294.36,,,,,,,,,,,,
34996,10.02154469v2,10,,2,1,,3/23/2023 16:03,,,,17,,,,,200,1.96,423.36,,,,,,,,,,,,
34997,10.02116825v1,10,,2,1,,3/23/2023 18:57,,,,5,,,,,60,2.56,184.32,,,,,,,,,,,,
34998,10.02152485v2,10,,2,1,,3/23/2023 16:31,,,,42,,,,,500,1.96,1011.36,,,,,,,,,,,,
34999,10.02152365v1,10,,2,4,,3/23/2023 16:43,,,,7,,,,,75,2.83,271.68,,,,,,,,,,,,
35000,10.0234241v1,10,,2,1,,3/23/2023 21:29,,,,5,,,,,60,2.56,184.32,,,,,,,,,,,,
35001,55.02154782v2,55,,114,3,,3/23/2023 16:32,,,,20,,,,,240,2.62,660.24,,,,,,,,,,,,
35002,10.02153627v5,10,,2,4,,3/24/2023 14:21,,,,12,,,,,140,2.54,396.24,,,,,,,,,,,,
35003,10.02115430v1,10,,2,4,,3/23/2023 16:42,,,,10,,,,,120,2.71,357.72,,,,,,,,,,,,
35004,10.02148086v2,10,,2,1,,3/30/2023 15:10,,,,21,,,,,250,1.96,517.44,,,,,,,,,,,,
35005,55.02154859v1,55,,114,3,,3/23/2023 21:39,,,,17,,,,,200,2.62,565.92,,,,,,,,,,,,
35006,932150508v3,93,156,120,10,45030,3/23/2023 21:50,Distributor,existingbusiness,11269019166,13,1.8,0,302.4,280.8,,,,,,,,,,,,,,,
35007,10.02131350v2,10,,2,3,,3/24/2023 12:52,,,,5,,,,,60,2.85,205.2,,,,,,,,,,,,
35009,10.02130045v1,10,,2,4,,3/23/2023 18:14,,,,6,,,,,67,2.83,237.72,,,,,,,,,,,,
35010,10.0295442v1,10,,2,3,,3/24/2023 17:33,,,,20,,,,,240,2.54,640.08,,,,,,,,,,,,
35011,10.0277055v1,10,,2,3,,3/24/2023 14:52,,,,25,,,,,300,2.54,792.48,,,,,,,,,,,,
35012,932154878v1,93,360,120,10,45036,3/24/2023 15:31,Direct,newbusiness,12675998567,30,1.42,0,528.24,511.2,,,,,,,,,,,,,,,
35013,10.02154930v2,10,,2,3,,3/27/2023 16:24,,,,10,,,,,120,2.72,359.04,,,,,,,,,,,,
35014,10.02126851v4,10,,2,1,,3/31/2023 21:36,,,,7,,,,,75,2.56,245.76,,,,,,,,,,,,
35015,10.02153762v1,10,,2,3,,3/23/2023 21:16,,,,17,,,,,200,2.54,548.64,,,,,,,,,,,,
35015,10.02153772v1,10,,2,3,,3/23/2023 21:16,,,,17,,,,,200,2.54,548.64,,,,,,,,,,,,
35016,10.02150209v1,10,,2,1,,3/28/2023 19:45,,,,42,,,,,500,1.96,1011.36,,,,,,,,,,,,
35017,10.02139271v1,10,,2,3,,3/24/2023 19:27,,,,12,,,,,140,2.54,396.24,,,,,,,,,,,,
35019,10.0225335v3,10,,2,3,,3/24/2023 16:59,,,,15,,,,,180,2.54,487.68,,,,,,,,,,,,
35020,10.02111245v1,10,,2,4,,3/27/2023 14:13,,,,25,,,,,300,2.54,792.48,,,,,,,,,,,,
35021,44.02154977v1,44,,21,3,,3/24/2023 14:08,,,,10,,,,,120,2.8,369.6,,,,,,,,,,,,
35021,10.0220087v2,10,,2,3,,3/24/2023 14:08,,,,20,,,,,240,2.54,640.08,,,,,,,,,,,,
35021,44.02154979v1,44,,21,3,,3/24/2023 14:08,,,,10,,,,,120,2.8,369.6,,,,,,,,,,,,
35022,10.02155034v1,10,,2,3,,3/24/2023 15:23,,,,21,,,,,250,2.54,670.56,,,,,,,,,,,,
35022,10.02155033v1,10,,2,3,,3/24/2023 15:23,,,,21,,,,,250,2.54,670.56,,,,,,,,,,,,
35023,55.02151563v1,55,,114,1,,3/24/2023 17:38,,,,50,,,,,590,1.88,1150.56,,,,,,,,,,,,
35024,55.02155005v1,55,,114,4,,3/23/2023 23:54,,,,5,,,,,60,3,216,,,,,,,,,,,,
35026,10.02152341v2,10,,2,1,,3/24/2023 22:27,,,,40,,,,,480,1.96,964.32,,,,,,,,,,,,
35027,10.02136211v1,10,,2,4,,3/24/2023 15:04,,,,21,,,,,250,2.54,670.56,,,,,,,,,,,,
35028,10.02153979v1,10,,2,1,,3/27/2023 16:18,,,,63,,,,,750,1.79,1374.72,,,,,,,,,,,,
35028,10.02152392v1,10,,2,1,,3/27/2023 16:18,,,,63,,,,,750,1.79,1374.72,,,,,,,,,,,,
35030,10.02154724v2,10,,2,4,,3/28/2023 20:51,,,,5,,,,,60,2.83,203.76,,,,,,,,,,,,
35031,10.03154704v1,10,,2,4,,3/27/2023 14:27,,,,5,,,,,60,2.83,203.76,,,,,,,,,,,,
35032,55.02154515v2,55,,114,4,,3/24/2023 19:19,,,,5,,,,,60,3,216,,,,,,,,,,,,
35033,10.02154646v2,10,,2,1,,3/24/2023 14:50,,,,5,,,,,60,2.56,184.32,,,,,,,,,,,,
35033,10.02154646v1,10,,2,1,,3/24/2023 14:50,,,,17,,,,,200,1.96,423.36,,,,,,,,,,,,
35036,10.02154895v1,10,,2,1,,3/24/2023 15:16,,,,13,,,,,150,1.96,329.28,,,,,,,,,,,,
35037,10.02155077v1,10,,2,4,,3/27/2023 21:11,,,,5,,,,,60,2.83,203.76,,,,,,,,,,,,
35039,10.0226692v1,10,,2,1,,3/27/2023 14:21,,,,3,,,,,30,3.5,168,,,,,,,,,,,,
35041,,70,,,1,45028,3/28/2023 22:48,,,,,,,,,,2.23,,29456,120,17445,39580,107,14840,132,112593,3/28/2023 22:38,4/12/2023,10,294.36
35042,10.02155092v1,10,,2,4,,3/24/2023 16:19,,,,5,,,,,60,2.83,203.76,,,,,,,,,,,,
35043,55.02152526v1,55,,114,3,,3/27/2023 16:36,,,,21,,,,,250,2.62,691.68,,,,,,,,,,,,
35044,46.02139544v1,46,,113,3,,3/24/2023 16:51,,,,5,,,,,60,2.85,205.2,,,,,,,,,,,,
35045,10.0219046v2,10,,2,3,,3/24/2023 17:13,,,,17,,,,,200,2.54,548.64,,,,,,,,,,,,
35046,10.0282106v1,10,,2,3,,3/24/2023 17:40,,,,100,,,,,1200,2.01,2436.12,,,,,,,,,,,,
35047,,70,,,1,45021,3/24/2023 20:21,,,,,,,,,,1.96,,29387,300,17351,38814,118,14761,312,113738,3/24/2023 20:18,4/5/2023,25,611.52
35048,10.02155084v1,10,,2,4,,3/24/2023 18:16,,,,8,,,,,93,2.83,305.64,,,,,,,,,,,,
35048,10.02155085v1,10,,2,4,,3/24/2023 18:16,,,,8,,,,,93,2.83,305.64,,,,,,,,,,,,
35049,10.02150095v1,10,,2,4,,3/24/2023 18:05,,,,17,,,,,200,2.54,548.64,,,,,,,,,,,,
35052,10.02153267v1,10,,2,4,,3/24/2023 19:06,,,,20,,,,,240,2.54,640.08,,,,,,,,,,,,
35054,12.02155159v1,12,,4,4,,3/24/2023 20:03,,,,5,,,,,60,2.83,203.76,,,,,,,,,,,,
35054,10.02155160v1,10,,2,4,,3/24/2023 20:03,,,,5,,,,,60,2.83,203.76,,,,,,,,,,,,
35055,10.02150568v1,10,,2,4,,3/24/2023 22:17,,,,5,,,,,60,2.83,203.76,,,,,,,,,,,,
35056,55.02155023v2,55,,114,1,,3/24/2023 20:20,,,,200,,,,,2400,1.6,3859.2,,,,,,,,,,,,
35056,55.02155019v1,55,,114,1,,3/24/2023 20:20,,,,134,,,,,1600,1.71,2770.2,,,,,,,,,,,,
35057,12.02153929v2,12,,4,1,,3/24/2023 21:49,,,,17,,,,,200,1.63,352.08,,,,,,,,,,,,
35057,10.02153885v1,10,,2,1,,3/24/2023 21:49,,,,25,,,,,300,1.96,611.52,,,,,,,,,,,,
35058,,70,,,1,45021,3/27/2023 20:28,,,,,,,,,,2.56,,29400,60,17397,38891,118,14797,72,113840,3/27/2023 20:26,4/5/2023,5,184.32
35060,10.02154495v1,10,,2,1,,3/24/2023 22:06,,,,17,,,,,200,1.96,423.36,,,,,,,,,,,,
35061,46.02148350v1,46,,113,1,,3/27/2023 15:31,,,,46,,,,,552,1.88,1060.32,,,,,,,,,,,,
35062,17.02155221v3,17,,9,1,,3/27/2023 17:30,,,,40,,,,,480,1.96,964.32,,,,,,,,,,,,
35063,55.02155154v2,55,,114,1,,3/24/2023 22:57,,,,11,,,,,125,2.23,321.12,,,,,,,,,,,,
35064,10.02140414v2,10,,2,3,,3/27/2023 21:39,,,,20,,,,,240,2.54,640.08,,,,,,,,,,,,
35065,10.02155246v1,10,,2,1,,3/24/2023 23:36,,,,13,,,,,150,1.96,329.28,,,,,,,,,,,,
35066,10.02141213v1,10,,2,3,,3/28/2023 18:39,,,,67,,,,,800,2.01,1640.16,,,,,,,,,,,,
35067,10.02153686v3,10,,2,1,,3/27/2023 14:33,,,,21,,,,,250,1.96,517.44,,,,,,,,,,,,
35067,10.02153685v3,10,,2,1,,3/27/2023 14:33,,,,21,,,,,250,1.96,517.44,,,,,,,,,,,,
35068,10.03155291v1,10,,2,4,,3/27/2023 22:44,,,,317,,,,,3800,1.71,6525.36,,,,,,,,,,,,
35069,10.02155212v2,10,,2,1,,3/24/2023 23:38,,,,21,,,,,250,1.96,517.44,,,,,,,,,,,,
35070,10.03155254v1,10,,2,1,,3/27/2023 15:55,,,,60,,,,,720,1.79,1310.28,,,,,,,,,,,,
35071,10.02155312v1,10,,2,1,,3/27/2023 15:10,,,,3,,,,,30,3.5,168,,,,,,,,,,,,
35072,10.02155088v1,10,,2,1,,3/25/2023 21:45,,,,5,,,,,60,2.56,184.32,,,,,,,,,,,,
35073,10.02131963v1,10,,2,3,,3/27/2023 14:14,,,,25,,,,,300,2.54,792.48,,,,,,,,,,,,
35074,10.0262794v2,10,,2,1,,3/27/2023 14:29,,,,17,,,,,200,1.96,423.36,,,,,,,,,,,,
35076,10.02145975v2,10,,2,1,,3/28/2023 15:59,,,,21,,,,,250,1.96,517.44,,,,,,,,,,,,
35076,10.02146954v2,10,,2,1,,3/28/2023 15:59,,,,21,,,,,250,1.96,517.44,,,,,,,,,,,,
35077,10.02155161v1,10,,2,3,,3/28/2023 16:34,,,,5,,,,,60,2.85,205.2,,,,,,,,,,,,
35077,12.02155158v1,12,,4,3,,3/28/2023 16:34,,,,5,,,,,60,2.6,187.2,,,,,,,,,,,,
35078,10.02155238v1,10,,2,3,,3/27/2023 17:50,,,,21,,,,,252,2.54,670.56,,,,,,,,,,,,
35079,46.02155300v1,46,,113,3,,3/27/2023 21:55,,,,10,,,,,120,2.72,359.04,,,,,,,,,,,,
35080,10.02147625v2,10,,2,1,,3/27/2023 16:32,,,,5,,,,,50,3.5,252,,,,,,,,,,,,
35081,46.02148136v2,46,,113,3,,3/27/2023 16:16,,,,5,,,,,60,2.85,205.2,,,,,,,,,,,,
35082,10.0260903v2,10,,2,1,,3/27/2023 17:35,,,,3,,,,,30,3.5,168,,,,,,,,,,,,
35083,10.02153926v3,10,,2,1,,3/28/2023 20:09,,,,50,,,,,600,1.88,1150.56,,,,,,,,,,,,
35084,10.02154174v1,10,,2,1,,3/27/2023 19:45,,,,21,,,,,250,1.96,517.44,,,,,,,,,,,,
35085,10.02155357v1,10,,2,4,,3/27/2023 22:03,,,,10,,,,,120,2.71,357.72,,,,,,,,,,,,
35086,10.02155413v1,10,,2,4,,3/27/2023 20:14,,,,8,,,,,90,2.83,305.64,,,,,,,,,,,,
35088,10.0241447v1,10,,2,3,,3/28/2023 19:06,,,,60,,,,,720,2.01,1471.32,,,,,,,,,,,,
35089,10.02153750v1,10,,2,3,,3/27/2023 22:17,,,,17,,,,,200,2.54,548.64,,,,,,,,,,,,
35091,55.02143304v1,55,,114,4,,3/27/2023 23:48,,,,13,,,,,150,2.7,453.6,,,,,,,,,,,,
35091,55.02143301v1,55,,114,4,,3/27/2023 23:48,,,,13,,,,,150,2.7,453.6,,,,,,,,,,,,
35092,10.0272204v1,10,,2,3,,5/1/2023 17:06,,,,9,,,,,105,2.85,342,,,,,,,,,,,,
35093,10.0272384v1,10,,2,3,,5/1/2023 17:58,,,,9,,,,,105,2.85,342,,,,,,,,,,,,
35094,10.02154299v1,10,,2,1,,3/28/2023 20:59,,,,10,,,,,120,2.23,294.36,,,,,,,,,,,,
35095,10.02129470v1,10,,2,1,,3/28/2023 13:04,,,,9,,,,,100,2.56,307.2,,,,,,,,,,,,
35096,10.0287827v2,10,,2,3,,3/29/2023 18:54,,,,84,,,,,1000,2.01,2050.2,,,,,,,,,,,,
35097,10.02137929v1,10,,2,4,,3/29/2023 13:21,,,,5,,,,,60,2.83,203.76,,,,,,,,,,,,
35097,10.02137928v1,10,,2,4,,3/29/2023 13:21,,,,5,,,,,60,2.83,203.76,,,,,,,,,,,,
35098,10.0232494v1,10,,2,1,,3/28/2023 19:38,,,,625,,,,,7500,1.56,11718.72,,,,,,,,,,,,
35098,10.0232494v2,10,,2,1,,3/28/2023 19:38,,,,125,,,,,1500,1.71,2585.52,,,,,,,,,,,,
35099,10.02155164v1,10,,2,1,,3/28/2023 1:01,,,,25,,,,,300,1.96,611.52,,,,,,,,,,,,
35100,10.02155141v1,10,,2,1,,3/28/2023 13:10,,,,11,,,,,125,2.23,321.12,,,,,,,,,,,,
35100,10.02155142v1,10,,2,1,,3/28/2023 13:10,,,,11,,,,,125,2.23,321.12,,,,,,,,,,,,
35101,10.02155407v1,10,,2,1,,3/28/2023 21:05,,,,3,,,,,30,3.5,168,,,,,,,,,,,,
35102,10.02139217v1,10,,2,1,,3/28/2023 12:59,,,,3,,,,,30,3.5,168,,,,,,,,,,,,
35103,10.0279520v3,10,,2,4,,3/28/2023 13:33,,,,5,,,,,60,2.83,203.76,,,,,,,,,,,,
35104,10.02155502v1,10,,2,1,,3/28/2023 13:59,,,,10,,,,,120,2.23,294.36,,,,,,,,,,,,
35104,10.02155507v1,10,,2,1,,3/28/2023 13:59,,,,10,,,,,120,2.23,294.36,,,,,,,,,,,,
35105,10.02154431v3,10,,2,1,,3/28/2023 14:28,,,,20,,,,,240,1.96,493.92,,,,,,,,,,,,
35105,11.02154639v3,11,,3,1,,3/28/2023 14:28,,,,10,,,,,120,3,396,,,,,,,,,,,,
35106,10.02152945v1,10,,2,1,,3/28/2023 14:53,,,,15,,,,,175,1.96,376.32,,,,,,,,,,,,
35106,10.02152942v2,10,,2,1,,3/28/2023 14:53,,,,10,,,,,120,2.23,294.36,,,,,,,,,,,,
35107,10.02155486v1,10,,2,1,,3/29/2023 22:03,,,,13,,,,,150,1.96,329.28,,,,,,,,,,,,
35108,10.02153061v2,10,,2,3,,3/29/2023 14:36,,,,11,,,,,125,2.72,391.68,,,,,,,,,,,,
35109,10.02122541v2,10,,2,1,,3/28/2023 15:57,,,,13,,,,,150,1.96,329.28,,,,,,,,,,,,
35110,10.02142169v1,10,,2,1,,3/28/2023 16:45,,,,42,,,,,500,1.96,1011.36,,,,,,,,,,,,
35110,10.02142167v1,10,,2,1,,3/28/2023 16:45,,,,42,,,,,500,1.96,1011.36,,,,,,,,,,,,
35111,11.02105508v1,11,,3,1,,3/31/2023 21:22,,,,17,,,,,200,2.73,589.68,,,,,,,,,,,,
35112,10.02141843v3,10,,2,1,,3/28/2023 17:35,,,,9,,,,,100,2.56,307.2,,,,,,,,,,,,
35113,55.02119055v1,55,,114,1,,3/29/2023 17:30,,,,10,,,,,120,2.23,294.36,,,,,,,,,,,,
35113,55.02119053v1,55,,114,1,,3/29/2023 17:30,,,,10,,,,,120,2.23,294.36,,,,,,,,,,,,
35114,44.02150434v2,44,,21,3,,3/29/2023 15:36,,,,5,,,,,60,2.93,210.96,,,,,,,,,,,,
35115,,70,,,1,45021,3/31/2023 15:20,,,,,,,,,,2.23,,29315,120,17544,39211,64,14927,132,102162,3/31/2023 14:52,4/5/2023,10,294.36
35116,932154222v3,93,121,120,10,45035,3/28/2023 22:53,Distributor,newbusiness,12584021546,11,1.8,0,259.2,217.8,,,,,,,,,,,,,,,
35117,55.02155706v1,55,,114,3,,3/28/2023 21:41,,,,9,,,,,100,2.93,351.6,,,,,,,,,,,,
35119,55.02126154v1,55,,114,1,,3/29/2023 21:18,,,,5,,,,,60,2.56,184.32,,,,,,,,,,,,
35121,55.02152750v1,55,,114,3,,3/28/2023 19:40,,,,192,,,,,2300,2.1,4863.6,,,,,,,,,,,,
35123,10.02154710v1,10,,2,3,,3/28/2023 20:09,,,,42,,,,,500,2.54,1310.64,,,,,,,,,,,,
35124,10.027975v1,10,,2,3,,3/28/2023 22:46,,,,166,,,,,1987,2.01,4028.04,,,,,,,,,,,,
35125,55.02149691v3,55,,114,3,,3/29/2023 22:57,,,,5,,,,,60,2.93,210.96,,,,,,,,,,,,
35126,46.02154759v1,46,,113,1,,3/29/2023 13:53,,,,25,,,,,300,1.96,611.52,,,,,,,,,,,,
35127,10.02155225v2,10,,2,4,,3/29/2023 20:51,,,,8,,,,,95,2.83,305.64,,,,,,,,,,,,
35128,10.02136489v2,10,,2,1,,3/29/2023 14:41,,,,21,,,,,242,1.96,517.44,,,,,,,,,,,,
35129,10.0271902v3,10,,2,3,,3/28/2023 21:16,,,,10,,,,,120,2.72,359.04,,,,,,,,,,,,
35130,46.02152550v1,46,,113,3,,3/29/2023 13:41,,,,44,,,,,525,2.54,1371.6,,,,,,,,,,,,
35131,10.02154719v1,10,,2,3,,3/29/2023 15:15,,,,125,,,,,1500,2.01,3039.12,,,,,,,,,,,,
35132,932153958v1,93,360,120,10,45040,3/30/2023 17:57,Direct,newbusiness,12579565393,30,1.42,0,528.24,511.2,,,,,,,,,,,,,,,
35132,932153959v1,93,240,120,10,45040,3/30/2023 17:57,Direct,newbusiness,12579565393,20,1.42,0,357.84,340.8,,,,,,,,,,,,,,,
35132,932153961v1,93,240,120,10,45040,3/30/2023 17:57,Direct,newbusiness,12579565393,20,1.42,0,357.84,340.8,,,,,,,,,,,,,,,
35132,932154566v1,93,240,120,10,45040,3/30/2023 17:57,Direct,newbusiness,12579565393,20,1.42,0,357.84,340.8,,,,,,,,,,,,,,,
35133,55.02122988v1,55,,114,4,,3/29/2023 19:44,,,,10,,,,,120,2.88,380.16,,,,,,,,,,,,
35134,55.02154547v2,55,,114,4,,3/29/2023 17:27,,,,5,,,,,60,3,216,,,,,,,,,,,,
35134,55.02154546v2,55,,114,4,,3/29/2023 17:27,,,,5,,,,,60,3,216,,,,,,,,,,,,
35135,10.02155798v1,10,,2,3,,3/28/2023 22:39,,,,5,,,,,60,2.85,205.2,,,,,,,,,,,,
35136,10.02132122v2,10,,2,3,,3/29/2023 22:18,,,,10,,,,,120,2.72,359.04,,,,,,,,,,,,
35137,10.02151415v1,10,,2,1,,3/29/2023 0:53,,,,21,,,,,250,1.96,517.44,,,,,,,,,,,,
35138,10.02155831v1,10,,2,3,,3/29/2023 15:52,,,,43,,,,,510,2.54,1341.12,,,,,,,,,,,,
35139,10.0220834v6,10,,2,1,,3/29/2023 2:35,,,,10,,,,,120,2.23,294.36,,,,,,,,,,,,
35139,10.0221666v8,10,,2,1,,3/29/2023 2:35,,,,20,,,,,240,1.96,493.92,,,,,,,,,,,,
35139,10.02115368v4,10,,2,1,,3/29/2023 2:35,,,,10,,,,,120,2.23,294.36,,,,,,,,,,,,
35139,10.02116162v1,10,,2,1,,3/29/2023 2:35,,,,10,,,,,120,2.23,294.36,,,,,,,,,,,,
35140,46.02154602v2,46,,113,1,,3/29/2023 15:16,,,,25,,,,,300,1.96,611.52,,,,,,,,,,,,
35140,10.02154609v2,10,,2,1,,3/29/2023 15:16,,,,25,,,,,300,1.96,611.52,,,,,,,,,,,,
35141,10.02122181v3,10,,2,3,,3/30/2023 16:15,,,,21,,,,,250,2.54,670.56,,,,,,,,,,,,
35142,10.02111902v7,10,,2,1,,3/30/2023 11:36,,,,42,,,,,500,1.96,1011.36,,,,,,,,,,,,
35142,10.02111908v4,10,,2,1,,3/30/2023 11:36,,,,21,,,,,250,1.96,517.44,,,,,,,,,,,,
35143,10.02153195v2,10,,2,4,,3/29/2023 15:38,,,,60,,,,,720,2.01,1471.32,,,,,,,,,,,,
35145,10.02155893v1,10,,2,3,,3/29/2023 17:22,,,,17,,,,,200,2.54,548.64,,,,,,,,,,,,
35146,10.02114472v1,10,,2,3,,3/29/2023 15:27,,,,9,,,,,100,2.85,342,,,,,,,,,,,,
35146,10.0299660v2,10,,2,3,,3/29/2023 15:27,,,,9,,,,,100,2.85,342,,,,,,,,,,,,
35147,10.02125442v2,10,,2,4,,3/29/2023 18:04,,,,10,,,,,120,2.71,357.72,,,,,,,,,,,,
35148,10.02155310v1,10,,2,3,,3/29/2023 20:51,,,,3,,,,,30,2.85,136.8,,,,,,,,,,,,
35148,10.02155309v1,10,,2,3,,3/29/2023 20:51,,,,3,,,,,30,2.85,136.8,,,,,,,,,,,,
35149,10.02124994v2,10,,2,3,,3/29/2023 17:14,,,,25,,,,,300,2.54,792.48,,,,,,,,,,,,
35150,55.02154624v1,55,,114,4,,3/29/2023 21:18,,,,15,,,,,175,2.7,518.4,,,,,,,,,,,,
35152,10.02102854v1,10,,2,3,,3/29/2023 17:29,,,,13,,,,,150,2.54,426.72,,,,,,,,,,,,
35153,10.02155608v2,10,,2,3,,3/29/2023 17:38,,,,250,,,,,3000,1.72,5180.64,,,,,,,,,,,,
35154,10.02153256v2,10,,2,4,,3/29/2023 18:58,,,,10,,,,,120,2.71,357.72,,,,,,,,,,,,
35155,46.02149131v1,46,,113,3,,3/29/2023 18:01,,,,5,,,,,60,2.85,205.2,,,,,,,,,,,,
35156,10.0262693v1,10,,2,1,,3/29/2023 18:51,,,,17,,,,,200,1.96,423.36,,,,,,,,,,,,
35157,10.02155288v2,10,,2,3,,3/29/2023 23:28,,,,10,,,,,120,2.72,359.04,,,,,,,,,,,,
35158,10.0262575v1,10,,2,3,,3/29/2023 21:19,,,,37,,,,,440,2.54,1158.24,,,,,,,,,,,,
35159,10.0262575v1,10,,2,3,,3/29/2023 21:19,,,,30,,,,,360,2.54,944.88,,,,,,,,,,,,
35160,55.02155233v2,55,,114,1,,3/29/2023 19:16,,,,20,,,,,240,1.96,493.92,,,,,,,,,,,,
35161,55.02155717v1,55,,114,4,,3/30/2023 16:25,,,,7,,,,,75,3,288,,,,,,,,,,,,
35161,55.02155722v1,55,,114,4,,3/30/2023 16:25,,,,7,,,,,75,3,288,,,,,,,,,,,,
35161,55.02155731v1,55,,114,4,,3/30/2023 16:25,,,,7,,,,,75,3,288,,,,,,,,,,,,
35161,10.02143848v8,10,,2,4,,3/30/2023 16:25,,,,7,,,,,75,2.83,271.68,,,,,,,,,,,,
35161,55.02155707v1,55,,114,4,,3/30/2023 16:25,,,,7,,,,,75,3,288,,,,,,,,,,,,
35161,10.02147141v1,10,,2,4,,3/30/2023 16:25,,,,7,,,,,75,2.83,271.68,,,,,,,,,,,,
35161,10.02143848v9,10,,2,4,,3/30/2023 16:25,,,,7,,,,,75,2.83,271.68,,,,,,,,,,,,
35162,10.02155644v1,10,,2,1,,3/29/2023 21:42,,,,84,,,,,1000,1.79,1825.8,,,,,,,,,,,,
35163,55.02125240v1,55,,114,1,,3/29/2023 17:59,,,,5,,,,,60,2.56,184.32,,,,,,,,,,,,
35164,10.02114507v1,10,,2,4,,3/29/2023 18:53,,,,87,,,,,1038,2.01,2122.56,,,,,,,,,,,,
35165,10.0260748v1,10,,2,4,,3/29/2023 18:23,,,,25,,,,,300,2.54,792.48,,,,,,,,,,,,
35166,10.0287999v5,10,,2,1,,3/29/2023 18:44,,,,5,,,,,60,2.56,184.32,,,,,,,,,,,,
35167,10.02150872v1,10,,2,4,,3/29/2023 21:51,,,,10,,,,,120,2.71,357.72,,,,,,,,,,,,
35168,10.0288654v1,10,,2,4,,3/29/2023 19:18,,,,42,,,,,500,2.54,1310.64,,,,,,,,,,,,
35169,10.0253818v1,10,,2,4,,3/29/2023 20:51,,,,42,,,,,500,2.54,1310.64,,,,,,,,,,,,
35170,10.02155970v1,10,,2,3,,3/31/2023 15:12,,,,5,,,,,60,2.85,205.2,,,,,,,,,,,,
35170,10.02155969v1,10,,2,3,,3/31/2023 15:12,,,,5,,,,,60,2.85,205.2,,,,,,,,,,,,
35171,10.02155685v1,10,,2,3,,3/29/2023 20:01,,,,5,,,,,60,2.85,205.2,,,,,,,,,,,,
35173,10.02156008v1,10,,2,3,,3/29/2023 21:20,,,,25,,,,,300,2.54,792.48,,,,,,,,,,,,
35174,10.02128286v1,10,,2,3,,4/6/2023 12:52,,,,22,,,,,258,2.54,701.04,,,,,,,,,,,,
35175,10.02133464v1,10,,2,3,,3/30/2023 15:12,,,,5,,,,,60,2.85,205.2,,,,,,,,,,,,
35176,55.02155355v1,55,,114,1,,3/29/2023 22:53,,,,3,,,,,30,2.56,122.88,,,,,,,,,,,,
35178,932155719v1,93,120,120,10,45035,3/30/2023 2:05,Distributor,existingbusiness,12749170692,10,1.8,0,237.6,216,,,,,,,,,,,,,,,
35178,932155721v1,93,120,120,10,45035,3/30/2023 2:05,Distributor,existingbusiness,12749170692,10,1.8,0,237.6,216,,,,,,,,,,,,,,,
35178,18.02155720v1,18,,10,1,,3/30/2023 2:05,,,,5,,,,,60,2.56,184.32,,,,,,,,,,,,
35179,10.0290541v3,10,,2,3,,3/30/2023 18:11,,,,10,,,,,120,2.72,359.04,,,,,,,,,,,,
35180,10.0227001v1,10,,2,3,,3/30/2023 12:06,,,,5,,,,,60,2.85,205.2,,,,,,,,,,,,
35181,10.02156168v1,10,,2,1,,3/30/2023 14:11,,,,10,,,,,120,2.23,294.36,,,,,,,,,,,,
35182,46.02152378v2,46,,113,1,,3/31/2023 20:53,,,,21,,,,,251,1.96,517.44,,,,,,,,,,,,
35182,10.02152386v2,10,,2,1,,3/31/2023 20:53,,,,21,,,,,251,1.96,517.44,,,,,,,,,,,,
35183,10.02116809v1,10,,2,4,,3/30/2023 19:35,,,,84,,,,,1000,2.01,2050.2,,,,,,,,,,,,
35184,10.02126341v1,10,,2,1,,3/30/2023 16:08,,,,34,,,,,400,1.96,823.2,,,,,,,,,,,,
35185,17.02121138v2,17,,9,4,,3/30/2023 17:16,,,,9,,,,,100,2.83,339.6,,,,,,,,,,,,
35186,55.02154253v1,55,,114,3,,3/30/2023 15:13,,,,5,,,,,60,2.93,210.96,,,,,,,,,,,,
35188,10.02155962v2,10,,2,1,,3/31/2023 16:17,,,,3,,,,,30,3.5,168,,,,,,,,,,,,
35189,10.02154707v2,10,,2,1,,3/30/2023 16:10,,,,42,,,,,500,1.96,1011.36,,,,,,,,,,,,
35190,10.02130086v10,10,,2,4,,3/30/2023 16:33,,,,5,,,,,50,2.83,203.76,,,,,,,,,,,,
35191,10.02154189v1,10,,2,4,,3/30/2023 16:24,,,,9,,,,,100,2.83,339.6,,,,,,,,,,,,
35192,55.02154243v1,55,,114,1,,3/30/2023 17:14,,,,13,,,,,150,1.96,329.28,,,,,,,,,,,,
35193,10.02156228v1,10,,2,1,,3/30/2023 16:31,,,,42,,,,,500,1.96,1011.36,,,,,,,,,,,,
35194,10.0290512v1,10,,2,4,,3/30/2023 16:57,,,,125,,,,,1500,2.01,3039.12,,,,,,,,,,,,
35195,10.02155757v1,10,,2,3,,3/30/2023 20:56,,,,3,,,,,30,2.85,136.8,,,,,,,,,,,,
35195,10.02156270v2,10,,2,3,,3/30/2023 20:56,,,,3,,,,,30,2.85,136.8,,,,,,,,,,,,
35196,10.02153695v1,10,,2,3,,3/30/2023 17:45,,,,5,,,,,60,2.85,205.2,,,,,,,,,,,,
35197,10.0285293v1,10,,2,3,,3/30/2023 20:12,,,,10,,,,,120,2.72,359.04,,,,,,,,,,,,
35198,10.02142202v1,10,,2,3,,4/3/2023 20:03,,,,9,,,,,100,2.85,342,,,,,,,,,,,,
35199,10.02113946v1,10,,2,4,,4/6/2023 15:55,,,,21,,,,,250,2.54,670.56,,,,,,,,,,,,
35200,10.02149686v1,10,,2,3,,3/31/2023 19:35,,,,20,,,,,240,2.54,640.08,,,,,,,,,,,,
35201,55.02150797v5,55,,114,1,,4/4/2023 22:35,,,,5,,,,,60,2.56,184.32,,,,,,,,,,,,
35201,55.02150797v3,55,,114,1,,4/4/2023 22:35,,,,5,,,,,60,2.56,184.32,,,,,,,,,,,,
35203,10.02123557v2,10,,2,4,,3/30/2023 21:30,,,,17,,,,,200,2.54,548.64,,,,,,,,,,,,
35204,10.02155843v1,10,,2,1,,3/30/2023 21:12,,,,4,,,,,43,3.5,210,,,,,,,,,,,,
35206,55.02156050v1,55,,114,1,,3/31/2023 21:22,,,,10,,,,,120,2.23,294.36,,,,,,,,,,,,
35207,10.02156328v1,10,,2,1,,3/30/2023 20:45,,,,3,,,,,30,3.5,168,,,,,,,,,,,,
35208,10.02133583v2,10,,2,1,,3/31/2023 19:35,,,,42,,,,,500,1.96,1011.36,,,,,,,,,,,,
35209,10.02150586v1,10,,2,4,,3/31/2023 15:50,,,,334,,,,,4000,1.71,6874.2,,,,,,,,,,,,
35210,932151321v2,93,575,120,10,45048,4/5/2023 18:25,Direct,newbusiness,12423596188,48,1.31,0,770.28,753.25,,,,,,,,,,,,,,,
35210,932151321v2,93,1225,120,10,45050,4/5/2023 18:25,Direct,newbusiness,12423596188,103,1.2,0,1497.6,1470,,,,,,,,,,,,,,,
35211,10.02156294v1,10,,2,3,,3/30/2023 22:59,,,,10,,,,,120,2.72,359.04,,,,,,,,,,,,
35212,10.0218490v1,10,,2,1,,3/31/2023 13:38,,,,17,,,,,200,1.96,423.36,,,,,,,,,,,,
35213,20.02156374v1,20,,11,3,,4/3/2023 17:48,,,,13,,,,,150,3.12,524.16,,,,,,,,,,,,
35214,10.02118438v2,10,,2,3,,3/31/2023 15:17,,,,7,,,,,83,2.85,273.6,,,,,,,,,,,,
35216,46.02114600v1,46,,113,3,,3/31/2023 14:07,,,,5,,,,,60,2.85,205.2,,,,,,,,,,,,
35217,10.02156405v1,10,,2,1,,3/31/2023 15:05,,,,17,,,,,200,1.96,423.36,,,,,,,,,,,,
35218,10.02156325v1,10,,2,1,,3/31/2023 19:22,,,,5,,,,,60,2.56,184.32,,,,,,,,,,,,
35219,10.02156230v2,10,,2,1,,3/31/2023 14:31,,,,23,,,,,275,1.96,564.48,,,,,,,,,,,,
35220,17.02152815v6,17,,9,1,,3/31/2023 18:32,,,,125,,,,,1500,1.71,2585.52,,,,,,,,,,,,
35221,17.02152708v4,17,,9,3,,3/31/2023 14:58,,,,84,,,,,1000,2.01,2050.2,,,,,,,,,,,,
35222,46.02156372v1,46,,113,1,,3/31/2023 20:20,,,,42,,,,,500,1.96,1011.36,,,,,,,,,,,,
35223,10.02140746v6,10,,2,3,,4/4/2023 15:12,,,,84,,,,,1000,2.01,2050.2,,,,,,,,,,,,
35224,10.02155121v1,10,,2,1,,3/31/2023 15:13,,,,42,,,,,500,1.96,1011.36,,,,,,,,,,,,
35225,10.02154438v1,10,,2,3,,3/31/2023 18:19,,,,7,,,,,80,2.85,273.6,,,,,,,,,,,,
35226,10.02155718v4,10,,2,3,,3/31/2023 17:56,,,,63,,,,,755,2.01,1543.68,,,,,,,,,,,,
35227,10.02156097v1,10,,2,1,,3/31/2023 16:42,,,,14,,,,,160,1.96,352.8,,,,,,,,,,,,
35228,10.02117283v3,10,,2,3,,3/31/2023 16:13,,,,5,,,,,60,2.85,205.2,,,,,,,,,,,,
35228,10.02117279v2,10,,2,3,,3/31/2023 16:13,,,,5,,,,,60,2.85,205.2,,,,,,,,,,,,
35229,10.02155631v1,10,,2,1,,3/31/2023 18:25,,,,42,,,,,500,1.96,1011.36,,,,,,,,,,,,
35230,46.02156262v2,46,,113,1,,3/31/2023 17:30,,,,10,,,,,120,2.23,294.36,,,,,,,,,,,,
35231,46.02156159v1,46,,113,1,,3/31/2023 17:20,,,,5,,,,,60,2.56,184.32,,,,,,,,,,,,
35233,10.02156148v1,10,,2,1,,3/31/2023 17:29,,,,17,,,,,200,1.96,423.36,,,,,,,,,,,,
35234,10.02156399v1,10,,2,1,,3/31/2023 19:37,,,,3,,,,,30,3.5,168,,,,,,,,,,,,
35235,932150034v3,93,500,120,10,45044,3/31/2023 21:31,Distributor,existingbusiness,12792417340,42,1.31,0,675.96,655,,,,,,,,,,,,,,,
35236,10.02156357v2,10,,2,1,,3/31/2023 20:35,,,,3,,,,,30,3.5,168,,,,,,,,,,,,
35239,10.0227078v2,10,,2,4,,3/31/2023 19:40,,,,5,,,,,50,2.83,203.76,,,,,,,,,,,,
35239,10.0227078v1,10,,2,4,,3/31/2023 19:40,,,,5,,,,,50,2.83,203.76,,,,,,,,,,,,
35239,10.0227077v2,10,,2,4,,3/31/2023 19:40,,,,3,,,,,30,2.83,135.84,,,,,,,,,,,,
35239,10.0227077v1,10,,2,4,,3/31/2023 19:40,,,,3,,,,,30,2.83,135.84,,,,,,,,,,,,
35239,10.02117018v1,10,,2,4,,3/31/2023 19:40,,,,3,,,,,30,2.83,135.84,,,,,,,,,,,,
35239,10.02113135v1,10,,2,4,,3/31/2023 19:40,,,,3,,,,,30,2.83,135.84,,,,,,,,,,,,
35240,10.0223688v2,10,,2,3,,3/31/2023 21:00,,,,5,,,,,60,2.85,205.2,,,,,,,,,,,,
35240,10.0223689v1,10,,2,3,,3/31/2023 21:00,,,,5,,,,,60,2.85,205.2,,,,,,,,,,,,
35241,10.02151740v1,10,,2,1,,3/31/2023 20:08,,,,20,,,,,240,1.96,493.92,,,,,,,,,,,,
35242,10.02156193v1,10,,2,3,,3/31/2023 20:58,,,,5,,,,,60,2.85,205.2,,,,,,,,,,,,
35243,10.02156542v1,10,,2,4,,4/13/2023 18:27,,,,5,,,,,60,2.83,203.76,,,,,,,,,,,,
35244,10.02156400v1,10,,2,1,,3/31/2023 22:44,,,,20,,,,,240,1.96,493.92,,,,,,,,,,,,
35245,17.02156757v2,17,,9,1,,4/11/2023 19:10,,,,34,,,,,400,1.96,823.2,,,,,,,,,,,,
35246,10.02156491v1,10,,2,1,,3/31/2023 21:42,,,,21,,,,,250,1.96,517.44,,,,,,,,,,,,
35247,10.02150292v2,10,,2,3,,3/31/2023 22:23,,,,5,,,,,60,2.85,205.2,,,,,,,,,,,,
35248,10.02156575v1,10,,2,4,,4/6/2023 15:35,,,,10,,,,,120,2.71,357.72,,,,,,,,,,,,
35249,10.02147536v3,10,,2,3,,3/31/2023 22:34,,,,10,,,,,120,2.72,359.04,,,,,,,,,,,,
35250,10.029177v1,10,,2,3,,3/31/2023 22:30,,,,10,,,,,120,2.72,359.04,,,,,,,,,,,,
35251,55.02154135v1,55,,114,3,,4/3/2023 16:43,,,,5,,,,,60,2.93,210.96,,,,,,,,,,,,
35252,10.02152705v1,10,,2,3,,4/3/2023 16:49,,,,5,,,,,60,2.85,205.2,,,,,,,,,,,,
35253,10.02156385v1,10,,2,1,,4/3/2023 17:06,,,,20,,,,,240,1.96,493.92,,,,,,,,,,,,
35254,46.02156541v1,46,,113,1,,3/31/2023 23:31,,,,25,,,,,300,1.96,611.52,,,,,,,,,,,,
35255,10.02150623v1,10,,2,3,,4/1/2023 15:40,,,,10,,,,,120,2.72,359.04,,,,,,,,,,,,
35256,10.0288603v5,10,,2,3,,4/3/2023 19:33,,,,10,,,,,120,2.72,359.04,,,,,,,,,,,,
35256,10.03155913v1,10,,2,3,,4/3/2023 19:33,,,,10,,,,,120,2.72,359.04,,,,,,,,,,,,
35257,10.02105742v3,10,,2,4,,4/3/2023 14:11,,,,3,,,,,30,2.83,135.84,,,,,,,,,,,,
35258,10.02130208v4,10,,2,3,,4/2/2023 16:22,,,,30,,,,,360,2.54,944.88,,,,,,,,,,,,
35259,10.02155247v2,10,,2,1,,4/3/2023 20:20,,,,11,,,,,130,2.23,321.12,,,,,,,,,,,,
35260,10.02152026v4,10,,2,1,,4/3/2023 1:47,,,,20,,,,,240,1.96,493.92,,,,,,,,,,,,
35262,932154902v1,93,120,120,10,45049,4/11/2023 16:19,Direct,existingbusiness,12687435912,10,1.8,0,237.6,216,,,,,,,,,,,,,,,
35262,932154914v1,93,120,120,10,45049,4/11/2023 16:19,Direct,existingbusiness,12687435912,10,1.8,0,237.6,216,,,,,,,,,,,,,,,
35264,10.0272538v4,10,,2,3,,4/3/2023 17:48,,,,42,,,,,500,2.54,1310.64,,,,,,,,,,,,
35265,10.02104862v1,10,,2,4,,4/3/2023 14:47,,,,5,,,,,60,2.83,203.76,,,,,,,,,,,,
35266,10.02149447v1,10,,2,1,,4/4/2023 22:18,,,,84,,,,,1000,1.79,1825.8,,,,,,,,,,,,
35267,10.02156521v2,10,,2,3,,4/3/2023 16:24,,,,5,,,,,60,2.85,205.2,,,,,,,,,,,,
35269,55.02152558v1,55,,114,1,,4/3/2023 17:18,,,,13,,,,,150,1.96,329.28,,,,,,,,,,,,
35270,55.02104771v1,55,,114,3,,4/3/2023 21:33,,,,20,,,,,240,2.62,660.24,,,,,,,,,,,,
35270,55.02106084v1,55,,114,3,,4/3/2023 21:33,,,,20,,,,,240,2.62,660.24,,,,,,,,,,,,
35271,10.0253617v1,10,,2,3,,4/3/2023 16:51,,,,6,,,,,70,2.85,239.4,,,,,,,,,,,,
35272,10.02156686v2,10,,2,4,,4/6/2023 14:35,,,,11,,,,,130,2.71,390.24,,,,,,,,,,,,
35273,10.0231470v5,10,,2,3,,4/3/2023 17:00,,,,34,,,,,400,2.54,1066.8,,,,,,,,,,,,
35274,10.02154233v1,10,,2,3,,4/3/2023 17:30,,,,9,,,,,100,2.85,342,,,,,,,,,,,,
35275,10.02156636v1,10,,2,1,,4/3/2023 18:46,,,,5,,,,,59,3.5,252,,,,,,,,,,,,
35276,10.02136278v6,10,,2,1,,4/3/2023 21:40,,,,25,,,,,300,1.96,611.52,,,,,,,,,,,,
35277,10.02155308v2,10,,2,3,,4/3/2023 18:09,,,,5,,,,,60,2.85,205.2,,,,,,,,,,,,
35278,10.02156741v1,10,,2,3,,4/3/2023 21:19,,,,3,,,,,30,2.85,136.8,,,,,,,,,,,,
35278,55.02156742v1,55,,114,3,,4/3/2023 21:19,,,,3,,,,,30,2.93,140.64,,,,,,,,,,,,
35279,10.02115887v4,10,,2,3,,4/3/2023 19:32,,,,3,,,,,30,2.85,136.8,,,,,,,,,,,,
35279,10.02115890v1,10,,2,3,,4/3/2023 19:32,,,,3,,,,,30,2.85,136.8,,,,,,,,,,,,
35280,10.02156709v1,10,,2,1,,4/3/2023 18:36,,,,13,,,,,150,1.96,329.28,,,,,,,,,,,,
35281,55.02156680v1,55,,114,1,,4/3/2023 20:08,,,,28,,,,,325,1.96,682.08,,,,,,,,,,,,
35282,10.02107667v1,10,,2,1,,4/3/2023 18:42,,,,5,,,,,60,2.56,184.32,,,,,,,,,,,,
35283,46.02153354v2,46,,113,1,,4/20/2023 21:21,,,,20,,,,,240,1.96,493.92,,,,,,,,,,,,
35284,10.02156440v1,10,,2,4,,4/6/2023 21:56,,,,11,,,,,125,2.71,390.24,,,,,,,,,,,,
35284,10.02156438v1,10,,2,4,,4/6/2023 21:56,,,,11,,,,,125,2.71,390.24,,,,,,,,,,,,
35285,10.0296068v1,10,,2,3,,4/3/2023 23:02,,,,9,,,,,100,2.85,342,,,,,,,,,,,,
35286,10.02156489v4,10,,2,3,,4/3/2023 21:17,,,,4,,,,,40,2.85,171,,,,,,,,,,,,
35286,10.02156489v4,10,,2,1,,4/3/2023 21:17,,,,2,,,,,19,3.5,126,,,,,,,,,,,,
35288,10.02155189v2,10,,2,3,,4/3/2023 21:36,,,,5,,,,,60,2.85,205.2,,,,,,,,,,,,
35289,10.02154445v1,10,,2,1,,4/3/2023 21:13,,,,13,,,,,150,1.96,329.28,,,,,,,,,,,,
35290,10.02155077v1,10,,2,4,,4/5/2023 15:54,,,,5,,,,,60,2.83,203.76,,,,,,,,,,,,
35291,44.02146971v1,44,,21,3,,4/3/2023 22:36,,,,13,,,,,150,2.62,440.16,,,,,,,,,,,,
35292,10.0266665v1,10,,2,1,,4/4/2023 15:31,,,,10,,,,,120,2.23,294.36,,,,,,,,,,,,
35293,10.028379v1,10,,2,1,,4/4/2023 15:54,,,,34,,,,,400,1.96,823.2,,,,,,,,,,,,
35293,12.02155240v1,12,,4,1,,4/4/2023 15:54,,,,34,,,,,400,1.63,684.6,,,,,,,,,,,,
35294,10.02156637v1,10,,2,1,,4/3/2023 23:13,,,,5,,,,,50,3.5,252,,,,,,,,,,,,
35295,10.02156304v2,10,,2,1,,4/3/2023 22:19,,,,17,,,,,201,1.96,423.36,,,,,,,,,,,,
35296,10.02155248v4,10,,2,1,,4/4/2023 19:43,,,,100,,,,,1200,1.71,2072.52,,,,,,,,,,,,
35297,10.02139846v1,10,,2,4,,4/5/2023 17:20,,,,11,,,,,126,2.71,390.24,,,,,,,,,,,,
35298,10.02156330v1,10,,2,1,,4/3/2023 22:52,,,,12,,,,,135,1.96,305.76,,,,,,,,,,,,
35299,10.02156885v1,10,,2,1,,4/4/2023 14:43,,,,34,,,,,400,1.96,823.2,,,,,,,,,,,,
35300,10.0227001v1,10,,2,3,,4/4/2023 2:21,,,,110,,,,,1315,2.01,2677.32,,,,,,,,,,,,
35301,10.0227001v3,10,,2,3,,4/4/2023 2:21,,,,193,,,,,2310,2.01,4679.28,,,,,,,,,,,,
35302,10.02156713v1,10,,2,4,,4/4/2023 3:03,,,,5,,,,,60,2.83,203.76,,,,,,,,,,,,
35303,932148052v3,93,120,120,10,45041,4/4/2023 19:53,Direct,newbusiness,12007113365,10,1.8,0,237.6,216,,,,,,,,,,,,,,,
35305,10.0294005v1,10,,2,3,,4/4/2023 15:03,,,,20,,,,,240,2.54,640.08,,,,,,,,,,,,
35306,9102146855v3,910,18000,25,5,45126,4/4/2023 15:25,Distributor,existingbusiness,12827428515,1500,0.64,0,11527.68,11520,,,,,,,,,,,,,,,
35307,10.02156313v3,10,,2,3,,4/14/2023 18:00,,,,21,,,,,250,2.54,670.56,,,,,,,,,,,,
35307,10.02123062v1,10,,2,3,,4/14/2023 18:00,,,,21,,,,,250,2.54,670.56,,,,,,,,,,,,
35308,10.02156041v2,10,,2,3,,4/4/2023 15:07,,,,7,,,,,75,2.85,273.6,,,,,,,,,,,,
35309,10.02121788v1,10,,2,3,,4/4/2023 15:29,,,,10,,,,,120,2.72,359.04,,,,,,,,,,,,
35310,10.0231292v2,10,,2,3,,4/4/2023 15:43,,,,10,,,,,120,2.72,359.04,,,,,,,,,,,,
35311,46.02156494v1,46,,113,1,,4/4/2023 21:39,,,,10,,,,,120,2.23,294.36,,,,,,,,,,,,
35312,10.02156828v1,10,,2,3,,4/4/2023 16:12,,,,142,,,,,1700,2.01,3449.16,,,,,,,,,,,,
35313,55.02153873v1,55,,114,4,,4/4/2023 17:37,,,,10,,,,,120,2.88,380.16,,,,,,,,,,,,
35314,10.02121977v1,10,,2,4,,4/4/2023 16:22,,,,21,,,,,250,2.54,670.56,,,,,,,,,,,,
35315,15.02156854v1,15,,7,3,,4/4/2023 17:39,,,,10,,,,,120,3.84,506.88,,,,,,,,,,,,
35315,10.02156853v1,10,,2,3,,4/4/2023 17:39,,,,7,,,,,80,2.85,273.6,,,,,,,,,,,,
35316,10.02156753v1,10,,2,4,,4/4/2023 20:00,,,,5,,,,,60,2.83,203.76,,,,,,,,,,,,
35317,10.02107794v1,10,,2,3,,4/4/2023 20:35,,,,5,,,,,60,2.85,205.2,,,,,,,,,,,,
35318,10.03156861v1,10,,2,1,,4/4/2023 18:35,,,,15,,,,,180,1.96,376.32,,,,,,,,,,,,
35319,55.02155775v3,55,,114,4,,4/4/2023 17:37,,,,10,,,,,120,2.88,380.16,,,,,,,,,,,,
35320,10.0297613v1,10,,2,3,,4/4/2023 21:13,,,,6,,,,,65,2.85,239.4,,,,,,,,,,,,
35321,10.0291596v1,10,,2,1,,4/5/2023 13:10,,,,42,,,,,500,1.96,1011.36,,,,,,,,,,,,
35322,10.02155858v1,10,,2,4,,4/4/2023 17:52,,,,5,,,,,60,2.83,203.76,,,,,,,,,,,,
35322,10.02157021v1,10,,2,4,,4/4/2023 17:52,,,,5,,,,,60,2.83,203.76,,,,,,,,,,,,
35323,10.0234996v1,10,,2,4,,4/4/2023 18:12,,,,25,,,,,300,2.54,792.48,,,,,,,,,,,,
35324,10.02155140v1,10,,2,1,,4/4/2023 21:12,,,,25,,,,,300,1.96,611.52,,,,,,,,,,,,
35325,932134030v1,93,2000,120,10,45044,4/5/2023 14:42,Distributor,existingbusiness,12836944794,167,1.2,0,2419.2,2400,,,,,,,,,,,,,,,
35326,46.02155625v5,46,,113,1,,4/4/2023 18:49,,,,9,,,,,100,2.56,307.2,,,,,,,,,,,,
35327,10.02156523v2,10,,2,3,,4/12/2023 14:58,,,,10,,,,,120,2.72,359.04,,,,,,,,,,,,
35328,10.02129529v3,10,,2,1,,4/10/2023 19:09,,,,10,,,,,120,2.23,294.36,,,,,,,,,,,,
35329,932156801v2,93,500,120,10,45043,4/4/2023 20:52,Direct,newbusiness,12689760263,42,1.31,0,675.96,655,,,,,,,,,,,,,,,
35330,10.02119596v1,10,,2,3,,4/5/2023 13:52,,,,21,,,,,250,2.54,670.56,,,,,,,,,,,,
35330,10.03119435v1,10,,2,3,,4/5/2023 13:52,,,,21,,,,,250,2.54,670.56,,,,,,,,,,,,
35330,10.03119600v1,10,,2,3,,4/5/2023 13:52,,,,21,,,,,250,2.54,670.56,,,,,,,,,,,,
35330,10.02119433v1,10,,2,3,,4/5/2023 13:52,,,,21,,,,,250,2.54,670.56,,,,,,,,,,,,
35331,10.0278937v1,10,,2,3,,4/4/2023 21:46,,,,50,,,,,600,2.28,1395.36,,,,,,,,,,,,
35332,10.02156899v2,10,,2,1,,4/4/2023 22:41,,,,10,,,,,120,2.23,294.36,,,,,,,,,,,,
35333,46.02151634v3,46,,113,1,,4/4/2023 20:29,,,,20,,,,,240,1.96,493.92,,,,,,,,,,,,
35334,10.02156931v1,10,,2,1,,4/4/2023 20:39,,,,19,,,,,225,1.96,470.4,,,,,,,,,,,,
35335,10.02156345v3,10,,2,1,,4/4/2023 20:56,,,,42,,,,,500,1.96,1011.36,,,,,,,,,,,,
35336,10.01157121v1,10,,2,3,,4/6/2023 16:29,,,,5,,,,,60,2.85,205.2,,,,,,,,,,,,
35336,10.02153136v2,10,,2,3,,4/6/2023 16:29,,,,37,,,,,436,2.54,1158.24,,,,,,,,,,,,
35336,10.03157130v1,10,,2,3,,4/6/2023 16:29,,,,14,,,,,160,2.54,457.2,,,,,,,,,,,,
35337,10.02142167v1,10,,2,1,,4/4/2023 20:59,,,,42,,,,,500,1.96,1011.36,,,,,,,,,,,,
35337,10.02142169v1,10,,2,1,,4/4/2023 20:59,,,,42,,,,,500,1.96,1011.36,,,,,,,,,,,,
35338,10.0289726v1,10,,2,3,,4/5/2023 17:16,,,,25,,,,,300,2.54,792.48,,,,,,,,,,,,
35340,10.02155053v1,10,,2,1,,4/4/2023 21:29,,,,10,,,,,120,2.23,294.36,,,,,,,,,,,,
35340,55.02155055v2,55,,114,1,,4/4/2023 21:29,,,,10,,,,,120,2.23,294.36,,,,,,,,,,,,
35341,10.0278314v1,10,,2,4,,4/4/2023 21:41,,,,5,,,,,60,2.83,203.76,,,,,,,,,,,,
35341,10.0278315v1,10,,2,4,,4/4/2023 21:41,,,,5,,,,,60,2.83,203.76,,,,,,,,,,,,
35342,10.0239798v8,10,,2,1,,4/6/2023 18:37,,,,5,,,,,60,2.56,184.32,,,,,,,,,,,,
35342,10.0239798v3,10,,2,1,,4/6/2023 18:37,,,,5,,,,,60,2.56,184.32,,,,,,,,,,,,
35343,10.02155855v1,10,,2,1,,4/5/2023 0:43,,,,84,,,,,1005,1.79,1825.8,,,,,,,,,,,,
35344,10.02113516v1,10,,2,4,,4/10/2023 16:56,,,,10,,,,,120,2.71,357.72,,,,,,,,,,,,
35344,10.02113835v1,10,,2,4,,4/10/2023 16:56,,,,13,,,,,150,2.54,426.72,,,,,,,,,,,,
35345,55.02151529v3,55,,114,4,,4/5/2023 20:36,,,,9,,,,,102,3,360,,,,,,,,,,,,
35346,10.0237671v1,10,,2,1,,4/4/2023 23:13,,,,5,,,,,60,2.56,184.32,,,,,,,,,,,,
35347,10.02157185v1,10,,2,4,,4/5/2023 13:12,,,,5,,,,,60,2.83,203.76,,,,,,,,,,,,
35348,12.02154527v1,12,,4,1,,4/5/2023 15:41,,,,5,,,,,60,2.23,160.56,,,,,,,,,,,,
35349,10.02156900v1,10,,2,4,,4/5/2023 1:53,,,,5,,,,,60,2.83,203.76,,,,,,,,,,,,
35350,10.02147109v2,10,,2,1,,4/6/2023 14:44,,,,21,,,,,250,1.96,517.44,,,,,,,,,,,,
35351,10.02156288v4,10,,2,1,,4/5/2023 14:14,,,,5,,,,,59,3.5,252,,,,,,,,,,,,
35352,55.02157199v2,55,,114,1,,4/5/2023 13:53,,,,3,,,,,30,2.56,122.88,,,,,,,,,,,,
35353,10.02149778v3,10,,2,4,,4/5/2023 13:25,,,,10,,,,,110,2.83,373.56,,,,,,,,,,,,
35354,10.02149778v2,10,,2,4,,4/5/2023 13:26,,,,10,,,,,110,2.83,373.56,,,,,,,,,,,,
35355,55.02122232v2,55,,114,1,,4/5/2023 19:31,,,,10,,,,,120,2.23,294.36,,,,,,,,,,,,
35355,46.02128477v1,46,,113,1,,4/5/2023 19:31,,,,5,,,,,60,2.56,184.32,,,,,,,,,,,,
35356,10.02155437v2,10,,2,4,,4/5/2023 13:48,,,,10,,,,,120,2.71,357.72,,,,,,,,,,,,
35357,10.02153004v1,10,,2,4,,4/5/2023 20:59,,,,10,,,,,120,2.71,357.72,,,,,,,,,,,,
35358,10.02149543v1,10,,2,4,,4/6/2023 16:42,,,,10,,,,,120,2.71,357.72,,,,,,,,,,,,
35359,10.02149573v7,10,,2,3,,4/5/2023 14:29,,,,20,,,,,240,2.54,640.08,,,,,,,,,,,,
35360,10.02137998v1,10,,2,3,,4/11/2023 15:31,,,,134,,,,,1600,2.01,3256.2,,,,,,,,,,,,
35361,46.02157174v1,46,,113,3,,4/5/2023 15:28,,,,5,,,,,60,2.85,205.2,,,,,,,,,,,,
35362,10.02113825v1,10,,2,3,,4/5/2023 15:03,,,,10,,,,,120,2.72,359.04,,,,,,,,,,,,
35363,10.02152955v2,10,,2,4,,4/5/2023 19:26,,,,7,,,,,75,2.83,271.68,,,,,,,,,,,,
35364,10.02153841v1,10,,2,4,,4/10/2023 14:54,,,,9,,,,,100,2.83,339.6,,,,,,,,,,,,
35366,10.02140143v2,10,,2,4,,4/5/2023 19:38,,,,7,,,,,75,2.83,271.68,,,,,,,,,,,,
35368,932150494v1,93,200,120,10,45047,4/5/2023 18:35,Distributor,existingbusiness,12072170902,17,1.8,0,388.8,360,,,,,,,,,,,,,,,
35369,12.02131830v4,12,,4,1,,4/10/2023 15:34,,,,40,,,,,480,1.63,801.96,,,,,,,,,,,,
35370,932156806v1,93,120,120,10,45042,4/5/2023 18:20,Direct,newbusiness,10812243998,10,1.8,0,237.6,216,,,,,,,,,,,,,,,
35370,932156808v1,93,120,120,10,45042,4/5/2023 18:20,Direct,newbusiness,10812243998,10,1.8,0,237.6,216,,,,,,,,,,,,,,,
35371,10.02150386v1,10,,2,4,,4/14/2023 22:28,,,,10,,,,,120,2.71,357.72,,,,,,,,,,,,
35371,10.02150385v1,10,,2,4,,4/14/2023 22:28,,,,10,,,,,120,2.71,357.72,,,,,,,,,,,,
35372,10.0269536v1,10,,2,1,,4/5/2023 18:08,,,,5,,,,,60,2.56,184.32,,,,,,,,,,,,
35373,10.02155047v1,10,,2,1,,4/5/2023 21:28,,,,42,,,,,500,1.96,1011.36,,,,,,,,,,,,
35374,10.02130103v2,10,,2,1,,4/5/2023 18:17,,,,5,,,,,60,2.56,184.32,,,,,,,,,,,,
35375,10.02144411v2,10,,2,1,,4/6/2023 13:34,,,,25,,,,,300,1.96,611.52,,,,,,,,,,,,
35376,10.0290517v1,10,,2,1,,4/5/2023 18:20,,,,21,,,,,250,1.96,517.44,,,,,,,,,,,,
35377,10.0259254v1,10,,2,4,,4/5/2023 18:02,,,,5,,,,,60,2.83,203.76,,,,,,,,,,,,
35378,17.02155944v1,17,,9,1,,4/5/2023 20:10,,,,20,,,,,240,1.96,493.92,,,,,,,,,,,,
35378,17.02155947v2,17,,9,1,,4/5/2023 20:10,,,,20,,,,,240,1.96,493.92,,,,,,,,,,,,
35378,17.02155945v2,17,,9,1,,4/5/2023 20:10,,,,20,,,,,240,1.96,493.92,,,,,,,,,,,,
35379,10.0245372v1,10,,2,4,,4/5/2023 17:58,,,,3,,,,,30,2.83,135.84,,,,,,,,,,,,
35380,46.02157088v1,46,,113,1,,4/5/2023 18:01,,,,8,,,,,88,2.56,276.48,,,,,,,,,,,,
35380,46.02157087v1,46,,113,1,,4/5/2023 18:01,,,,8,,,,,88,2.56,276.48,,,,,,,,,,,,
35381,10.02156679v1,10,,2,1,,4/5/2023 23:43,,,,17,,,,,200,1.96,423.36,,,,,,,,,,,,
35381,46.0281810v2,46,,113,1,,4/5/2023 23:43,,,,17,,,,,200,1.96,423.36,,,,,,,,,,,,
35382,10.0294607v3,10,,2,4,,4/6/2023 18:45,,,,17,,,,,200,2.54,548.64,,,,,,,,,,,,
35383,10.03157281v1,10,,2,3,,4/5/2023 22:16,,,,5,,,,,60,2.85,205.2,,,,,,,,,,,,
35384,10.0217941v1,10,,2,3,,4/5/2023 18:46,,,,20,,,,,240,2.54,640.08,,,,,,,,,,,,
35384,10.0217942v1,10,,2,3,,4/5/2023 18:46,,,,20,,,,,240,2.54,640.08,,,,,,,,,,,,
35385,10.0299461v1,10,,2,1,,4/5/2023 19:04,,,,7,,,,,80,2.56,245.76,,,,,,,,,,,,
35386,10.02157224v2,10,,2,1,,4/7/2023 16:16,,,,17,,,,,200,1.96,423.36,,,,,,,,,,,,
35387,10.02156710v1,10,,2,3,,4/10/2023 14:31,,,,9,,,,,100,2.85,342,,,,,,,,,,,,
35388,10.02157296v1,10,,2,3,,4/10/2023 15:36,,,,9,,,,,100,2.85,342,,,,,,,,,,,,
35389,10.02148658v4,10,,2,3,,4/6/2023 14:27,,,,117,,,,,1400,2.01,2846.16,,,,,,,,,,,,
35390,17.02157236v3,17,,9,1,,4/5/2023 21:13,,,,5,,,,,59,3.5,252,,,,,,,,,,,,
35391,10.02157287v1,10,,2,3,,4/5/2023 20:36,,,,5,,,,,60,2.85,205.2,,,,,,,,,,,,
35392,10.02157228v1,10,,2,3,,4/5/2023 21:00,,,,84,,,,,1000,2.01,2050.2,,,,,,,,,,,,
35394,10.02156085v1,10,,2,4,,4/6/2023 17:12,,,,10,,,,,120,2.71,357.72,,,,,,,,,,,,
35395,10.02153658v1,10,,2,3,,4/6/2023 18:28,,,,42,,,,,500,2.54,1310.64,,,,,,,,,,,,
35396,10.02125203v2,10,,2,3,,4/6/2023 17:41,,,,5,,,,,60,2.85,205.2,,,,,,,,,,,,
35397,55.02153636v2,55,,114,4,,4/5/2023 21:29,,,,10,,,,,120,2.88,380.16,,,,,,,,,,,,
35398,10.02150080v1,10,,2,1,,4/5/2023 21:42,,,,3,,,,,30,3.5,168,,,,,,,,,,,,
35399,55.02109403v1,55,,114,3,,4/5/2023 21:44,,,,5,,,,,60,2.93,210.96,,,,,,,,,,,,
35400,10.0292691v1,10,,2,4,,4/5/2023 22:07,,,,5,,,,,60,2.83,203.76,,,,,,,,,,,,
35400,10.02139607v2,10,,2,4,,4/5/2023 22:07,,,,5,,,,,60,2.83,203.76,,,,,,,,,,,,
35401,10.02155432v1,10,,2,1,,4/6/2023 15:42,,,,17,,,,,200,1.96,423.36,,,,,,,,,,,,
35402,10.02156700v1,10,,2,3,,4/6/2023 15:18,,,,6,,,,,70,2.85,239.4,,,,,,,,,,,,
35403,10.02153724v1,10,,2,4,,4/6/2023 20:46,,,,11,,,,,121,2.71,390.24,,,,,,,,,,,,
35404,10.02156164v1,10,,2,3,,4/6/2023 13:45,,,,6,,,,,63,2.85,239.4,,,,,,,,,,,,
35405,55.02128285v2,55,,114,1,,4/6/2023 15:42,,,,22,,,,,258,1.96,540.96,,,,,,,,,,,,
35406,10.02111505v1,10,,2,4,,4/6/2023 18:26,,,,9,,,,,100,2.83,339.6,,,,,,,,,,,,
35407,10.02155518v1,10,,2,3,,4/6/2023 18:47,,,,5,,,,,60,2.85,205.2,,,,,,,,,,,,
35407,10.02155479v2,10,,2,3,,4/6/2023 18:47,,,,5,,,,,60,2.85,205.2,,,,,,,,,,,,
35408,10.02150469v1,10,,2,1,,4/6/2023 22:39,,,,17,,,,,200,1.96,423.36,,,,,,,,,,,,
35408,10.0284729v1,10,,2,1,,4/6/2023 22:39,,,,13,,,,,150,1.96,329.28,,,,,,,,,,,,
35409,10.02116655v1,10,,2,3,,4/6/2023 16:26,,,,5,,,,,60,2.85,205.2,,,,,,,,,,,,
35410,46.02157362v1,46,,113,1,,4/6/2023 14:53,,,,10,,,,,120,2.23,294.36,,,,,,,,,,,,
35411,15.02156589v1,15,,7,3,,4/6/2023 17:35,,,,21,,,,,250,3.66,966.24,,,,,,,,,,,,
35411,10.02156583v1,10,,2,3,,4/6/2023 17:35,,,,21,,,,,250,2.54,670.56,,,,,,,,,,,,
35412,10.02157327v1,10,,2,3,,4/7/2023 14:13,,,,6,,,,,63,2.85,239.4,,,,,,,,,,,,
35413,10.0233810v3,10,,2,1,,4/6/2023 15:55,,,,42,,,,,500,1.96,1011.36,,,,,,,,,,,,
35414,10.02135119v4,10,,2,4,,4/6/2023 15:40,,,,20,,,,,240,2.54,640.08,,,,,,,,,,,,
35416,10.02134041v3,10,,2,1,,4/6/2023 17:14,,,,21,,,,,250,1.96,517.44,,,,,,,,,,,,
35417,10.02157324v1,10,,2,1,,4/6/2023 17:57,,,,19,,,,,225,1.96,470.4,,,,,,,,,,,,
35418,55.02157019v1,55,,114,1,,4/6/2023 22:49,,,,3,,,,,30,2.56,122.88,,,,,,,,,,,,
35419,12.0273472v1,12,,4,3,,4/6/2023 18:33,,,,10,,,,,120,2.47,326.04,,,,,,,,,,,,
35419,10.0271726v2,10,,2,3,,4/6/2023 18:33,,,,10,,,,,120,2.72,359.04,,,,,,,,,,,,
35420,10.02102597v1,10,,2,1,,4/6/2023 21:48,,,,5,,,,,60,2.56,184.32,,,,,,,,,,,,
35421,9102156590v1,910,2,25,5,45040,4/6/2023 21:06,Distributor,newbusiness,12105936184,1,0.76,90,108.24,91.52,,,,,,,,,,,,,,,
35421,9102156592v1,910,2,25,5,45040,4/6/2023 21:06,Distributor,newbusiness,12105936184,1,0.76,90,108.24,91.52,,,,,,,,,,,,,,,
35422,932156716v2,93,120,120,10,45048,4/6/2023 21:31,Distributor,existingbusiness,12790678866,10,1.8,0,237.6,216,,,,,,,,,,,,,,,
35422,55.02156715v2,55,,114,1,,4/6/2023 21:31,,,,10,,,,,120,2.23,294.36,,,,,,,,,,,,
35423,10.0296976v1,10,,2,3,,4/6/2023 20:26,,,,21,,,,,250,2.54,670.56,,,,,,,,,,,,
35424,10.02150956v2,10,,2,4,,4/6/2023 19:53,,,,10,,,,,120,2.71,357.72,,,,,,,,,,,,
35424,10.02150955v2,10,,2,4,,4/6/2023 19:53,,,,10,,,,,120,2.71,357.72,,,,,,,,,,,,
35425,10.02155334v1,10,,2,1,,4/6/2023 21:02,,,,20,,,,,240,1.96,493.92,,,,,,,,,,,,
35426,10.02147494v2,10,,2,3,,4/6/2023 21:29,,,,84,,,,,1000,2.01,2050.2,,,,,,,,,,,,
35427,10.02155185v1,10,,2,1,,4/6/2023 20:45,,,,21,,,,,250,1.96,517.44,,,,,,,,,,,,
35428,10.02157418v1,10,,2,1,,4/11/2023 21:47,,,,13,,,,,150,1.96,329.28,,,,,,,,,,,,
35429,10.02121977v1,10,,2,4,,4/6/2023 20:57,,,,5,,,,,60,2.83,203.76,,,,,,,,,,,,
35430,55.02157116v1,55,,114,1,,4/6/2023 21:31,,,,38,,,,,450,1.96,917.28,,,,,,,,,,,,
35431,55.02114921v1,55,,114,1,,4/6/2023 21:15,,,,17,,,,,200,1.96,423.36,,,,,,,,,,,,
35432,10.02157565v1,10,,2,1,,4/6/2023 21:12,,,,13,,,,,150,1.96,329.28,,,,,,,,,,,,
35433,10.03153492v2,10,,2,3,,4/6/2023 21:14,,,,5,,,,,60,2.85,205.2,,,,,,,,,,,,
35434,9102157559v1,910,1500,25,5,45050,4/6/2023 21:57,Distributor,existingbusiness,12742086817,125,0.71,90,1163.52,1155,,,,,,,,,,,,,,,
35436,10.02157335v2,10,,2,3,,4/6/2023 22:01,,,,6,,,,,61,2.85,239.4,,,,,,,,,,,,
35437,46.02157961v2,46,,113,1,,4/20/2023 20:42,,,,13,,,,,150,1.96,329.28,,,,,,,,,,,,
35438,10.02156016v4,10,,2,4,,4/6/2023 23:37,,,,10,,,,,120,2.71,357.72,,,,,,,,,,,,
35438,10.02157235v1,10,,2,4,,4/6/2023 23:37,,,,10,,,,,120,2.71,357.72,,,,,,,,,,,,
35439,932136030v2,93,370,120,10,45044,4/7/2023 15:38,Distributor,existingbusiness,12874235218,31,1.42,0,545.28,525.4,,,,,,,,,,,,,,,
35440,55.02156279v2,55,,114,4,,4/7/2023 19:50,,,,13,,,,,151,2.7,453.6,,,,,,,,,,,,
35441,10.02157922v1,10,,2,3,,4/11/2023 20:24,,,,5,,,,,60,2.85,205.2,,,,,,,,,,,,
35442,10.02143553v1,10,,2,3,,4/10/2023 14:55,,,,8,,,,,90,2.85,307.8,,,,,,,,,,,,
35443,10.02157484v1,10,,2,3,,4/7/2023 0:32,,,,7,,,,,79,2.85,273.6,,,,,,,,,,,,
35444,10.02157150v1,10,,2,1,,4/10/2023 18:48,,,,21,,,,,250,1.96,517.44,,,,,,,,,,,,
35444,10.02157147v6,10,,2,1,,4/10/2023 18:48,,,,21,,,,,250,1.96,517.44,,,,,,,,,,,,
35445,10.0297994v2,10,,2,1,,4/11/2023 14:20,,,,3,,,,,30,3.5,168,,,,,,,,,,,,
35446,10.02144394v1,10,,2,3,,4/7/2023 14:12,,,,5,,,,,60,2.85,205.2,,,,,,,,,,,,
35447,10.02156364v1,10,,2,1,,4/11/2023 14:27,,,,3,,,,,30,3.5,168,,,,,,,,,,,,
35449,10.02157702v1,10,,2,3,,4/10/2023 16:04,,,,5,,,,,60,2.85,205.2,,,,,,,,,,,,
35450,10.0286957v1,10,,2,4,,4/7/2023 13:53,,,,5,,,,,60,2.83,203.76,,,,,,,,,,,,
35452,10.0337565v1,10,,2,4,,4/10/2023 17:51,,,,5,,,,,60,2.83,203.76,,,,,,,,,,,,
35453,10.03157344v1,10,,2,4,,4/7/2023 14:29,,,,5,,,,,60,2.83,203.76,,,,,,,,,,,,
35454,10.02138396v2,10,,2,1,,4/7/2023 15:26,,,,5,,,,,60,2.56,184.32,,,,,,,,,,,,
35454,10.02138401v1,10,,2,1,,4/7/2023 15:26,,,,5,,,,,60,2.56,184.32,,,,,,,,,,,,
35456,10.02157380v2,10,,2,4,,4/7/2023 16:40,,,,6,,,,,63,2.83,237.72,,,,,,,,,,,,
35457,10.02157539v1,10,,2,1,,4/7/2023 17:58,,,,21,,,,,250,1.96,517.44,,,,,,,,,,,,
35458,55.02154019v3,55,,114,4,,4/7/2023 18:07,,,,26,,,,,301,2.7,874.8,,,,,,,,,,,,
35459,10.02155156v2,10,,2,3,,4/7/2023 18:21,,,,4,,,,,40,2.85,171,,,,,,,,,,,,
35459,10.02155157v3,10,,2,3,,4/7/2023 18:21,,,,4,,,,,40,2.85,171,,,,,,,,,,,,
35460,55.02157472v1,55,,114,1,,4/11/2023 21:09,,,,5,,,,,60,2.56,184.32,,,,,,,,,,,,
35461,55.02138258v1,55,,114,4,,4/21/2023 10:25,,,,5,,,,,60,3,216,,,,,,,,,,,,
35461,55.02138257v1,55,,114,4,,4/21/2023 10:25,,,,5,,,,,60,3,216,,,,,,,,,,,,
35462,10.02156673v2,10,,2,1,,4/10/2023 16:45,,,,5,,,,,59,3.5,252,,,,,,,,,,,,
35463,10.02133229v2,10,,2,4,,4/18/2023 13:58,,,,7,,,,,83,2.83,271.68,,,,,,,,,,,,
35464,10.02156501v1,10,,2,3,,4/10/2023 22:13,,,,40,,,,,480,2.54,1249.68,,,,,,,,,,,,
35465,55.02154965v9,55,,114,4,,4/12/2023 13:49,,,,3,,,,,30,3,144,,,,,,,,,,,,
35465,55.02154965v8,55,,114,4,,4/12/2023 13:49,,,,3,,,,,30,3,144,,,,,,,,,,,,
35466,55.02112174v4,55,,114,1,,4/10/2023 18:47,,,,6,,,,,70,2.56,215.04,,,,,,,,,,,,
35467,10.02157671v2,10,,2,3,,4/10/2023 14:56,,,,9,,,,,100,2.85,342,,,,,,,,,,,,
35468,10.0265487v1,10,,2,1,,4/10/2023 15:42,,,,9,,,,,100,2.56,307.2,,,,,,,,,,,,
35469,10.02158735v1,10,,2,1,,4/13/2023 18:39,,,,3,,,,,30,3.5,168,,,,,,,,,,,,
35470,10.02157361v1,10,,2,3,,4/10/2023 22:14,,,,5,,,,,60,2.85,205.2,,,,,,,,,,,,
35472,10.0216102v1,10,,2,1,,4/10/2023 20:36,,,,15,,,,,180,1.96,376.32,,,,,,,,,,,,
35472,10.0216100v1,10,,2,1,,4/10/2023 20:36,,,,15,,,,,180,1.96,376.32,,,,,,,,,,,,
35473,10.0282191v4,10,,2,3,,4/10/2023 20:07,,,,10,,,,,120,2.72,359.04,,,,,,,,,,,,
35473,12.0282866v3,12,,4,3,,4/10/2023 20:07,,,,10,,,,,120,2.47,326.04,,,,,,,,,,,,
35474,10.02156939v1,10,,2,1,,4/11/2023 18:36,,,,10,,,,,120,2.23,294.36,,,,,,,,,,,,
35475,55.02131791v2,55,,114,1,,4/10/2023 16:18,,,,10,,,,,120,2.23,294.36,,,,,,,,,,,,
35476,10.02151979v1,10,,2,1,,4/10/2023 18:16,,,,21,,,,,250,1.96,517.44,,,,,,,,,,,,
35477,10.02155697v1,10,,2,1,,4/10/2023 17:03,,,,10,,,,,120,2.23,294.36,,,,,,,,,,,,
35478,10.02153977v1,10,,2,1,,4/10/2023 22:18,,,,5,,,,,59,3.5,252,,,,,,,,,,,,
35479,10.02107869v2,10,,2,1,,4/10/2023 22:47,,,,42,,,,,500,1.96,1011.36,,,,,,,,,,,,
35480,10.02156487v1,10,,2,1,,4/10/2023 17:48,,,,19,,,,,225,1.96,470.4,,,,,,,,,,,,
35481,10.02145777v2,10,,2,3,,4/11/2023 16:11,,,,9,,,,,100,2.85,342,,,,,,,,,,,,
35481,10.02145777v1,10,,2,3,,4/11/2023 16:11,,,,2,,,,,15,2.85,102.6,,,,,,,,,,,,
35482,10.02143514v2,10,,2,4,,4/10/2023 18:40,,,,17,,,,,200,2.54,548.64,,,,,,,,,,,,
35483,55.02157715v1,55,,114,3,,4/10/2023 22:43,,,,6,,,,,70,2.93,246.12,,,,,,,,,,,,
35484,932155937v2,93,120,120,10,45049,4/10/2023 19:20,Distributor,existingbusiness,12676782689,10,1.8,0,237.6,216,,,,,,,,,,,,,,,
35485,10.02157775v1,10,,2,1,,4/10/2023 19:22,,,,21,,,,,250,1.96,517.44,,,,,,,,,,,,
35486,55.02157796v1,55,,114,1,,4/10/2023 19:46,,,,5,,,,,60,2.56,184.32,,,,,,,,,,,,
35487,10.02157759v1,10,,2,1,,4/10/2023 19:57,,,,17,,,,,200,1.96,423.36,,,,,,,,,,,,
35488,10.03157737v2,10,,2,4,,4/13/2023 16:01,,,,60,,,,,720,2.01,1471.32,,,,,,,,,,,,
35489,55.02157806v1,55,,114,3,,4/10/2023 21:01,,,,8,,,,,90,2.93,316.44,,,,,,,,,,,,
35489,46.02157810v1,46,,113,3,,4/10/2023 21:01,,,,5,,,,,60,2.85,205.2,,,,,,,,,,,,
35490,10.02154736v1,10,,2,3,,4/11/2023 17:00,,,,63,,,,,750,2.01,1543.68,,,,,,,,,,,,
35491,,70,,,1,45036,4/10/2023 20:55,,,,,,,,,,1.96,,29476,200,17874,39788,118,15188,216,114891,4/10/2023 20:53,4/18/2023,17,423.36
35492,10.0262048v3,10,,2,3,,4/10/2023 21:11,,,,7,,,,,75,2.85,273.6,,,,,,,,,,,,
35493,10.02157816v1,10,,2,1,,4/10/2023 21:56,,,,50,,,,,600,1.88,1150.56,,,,,,,,,,,,
35494,10.02157798v1,10,,2,1,,4/10/2023 21:15,,,,10,,,,,120,2.23,294.36,,,,,,,,,,,,
35495,46.02156473v2,46,,113,1,,4/11/2023 16:54,,,,5,,,,,60,2.56,184.32,,,,,,,,,,,,
35496,10.02157804v1,10,,2,1,,4/11/2023 0:55,,,,17,,,,,200,1.96,423.36,,,,,,,,,,,,
35497,10.02141929v1,10,,2,1,,4/10/2023 22:14,,,,17,,,,,200,1.96,423.36,,,,,,,,,,,,
35498,10.02154786v3,10,,2,3,,4/11/2023 20:24,,,,21,,,,,250,2.54,670.56,,,,,,,,,,,,
35498,10.02154787v3,10,,2,3,,4/11/2023 20:24,,,,21,,,,,250,2.54,670.56,,,,,,,,,,,,
35499,932133466v1,93,150,120,10,45048,4/10/2023 22:23,Distributor,existingbusiness,12871216940,13,1.8,0,302.4,270,,,,,,,,,,,,,,,
35500,55.02142138v2,55,,114,3,,4/10/2023 22:04,,,,5,,,,,60,2.93,210.96,,,,,,,,,,,,
35501,55.02134069v1,55,,114,3,,4/12/2023 22:16,,,,5,,,,,60,2.93,210.96,,,,,,,,,,,,
35502,10.02156748v1,10,,2,3,,4/11/2023 15:45,,,,5,,,,,60,2.85,205.2,,,,,,,,,,,,
35503,10.02158361v1,10,,2,3,,4/13/2023 17:15,,,,46,,,,,550,2.28,1285.92,,,,,,,,,,,,
35504,10.0290124v2,10,,2,1,,4/10/2023 23:35,,,,21,,,,,250,1.96,517.44,,,,,,,,,,,,
35505,55.02157856v1,55,,114,1,,4/11/2023 11:49,,,,11,,,,,122,2.23,321.12,,,,,,,,,,,,
35506,932135993v3,93,120,120,10,45054,4/17/2023 20:07,Direct,existingbusiness,12450964269,10,1.8,0,237.6,216,,,,,,,,,,,,,,,
35507,10.02157893v1,10,,2,1,,4/10/2023 23:40,,,,17,,,,,200,1.96,423.36,,,,,,,,,,,,
35508,10.0279067v1,10,,2,1,,4/10/2023 23:46,,,,7,,,,,81,2.56,245.76,,,,,,,,,,,,
35509,10.02148492v1,10,,2,3,,4/26/2023 12:45,,,,34,,,,,400,2.54,1066.8,,,,,,,,,,,,
35510,10.02147729v1,10,,2,1,,4/11/2023 11:38,,,,10,,,,,120,2.23,294.36,,,,,,,,,,,,
35511,10.02157803v1,10,,2,1,,4/11/2023 14:35,,,,30,,,,,360,1.96,729.12,,,,,,,,,,,,
35512,10.02146180v1,10,,2,4,,4/11/2023 14:40,,,,7,,,,,80,2.83,271.68,,,,,,,,,,,,
35513,17.02121130v2,17,,9,4,,4/11/2023 17:01,,,,9,,,,,100,2.83,339.6,,,,,,,,,,,,
35513,17.02121137v2,17,,9,4,,4/11/2023 17:01,,,,9,,,,,100,2.83,339.6,,,,,,,,,,,,
35513,17.02121135v2,17,,9,4,,4/11/2023 17:01,,,,9,,,,,100,2.83,339.6,,,,,,,,,,,,
35514,10.0236144v1,10,,2,3,,4/11/2023 15:10,,,,10,,,,,120,2.72,359.04,,,,,,,,,,,,
35515,10.0276161v1,10,,2,1,,4/11/2023 22:41,,,,26,,,,,301,1.96,635.04,,,,,,,,,,,,
35516,10.02157710v1,10,,2,1,,4/11/2023 14:34,,,,10,,,,,120,2.23,294.36,,,,,,,,,,,,
35517,10.02157753v1,10,,2,3,,4/11/2023 14:57,,,,5,,,,,60,2.85,205.2,,,,,,,,,,,,
35518,10.02157940v1,10,,2,1,,4/11/2023 15:22,,,,17,,,,,200,1.96,423.36,,,,,,,,,,,,
35519,10.02157506v1,10,,2,3,,4/11/2023 21:41,,,,5,,,,,60,2.85,205.2,,,,,,,,,,,,
35519,10.02157505v1,10,,2,3,,4/11/2023 21:41,,,,5,,,,,60,2.85,205.2,,,,,,,,,,,,
35519,10.02157503v1,10,,2,3,,4/11/2023 21:41,,,,5,,,,,60,2.85,205.2,,,,,,,,,,,,
35520,10.02105219v7,10,,2,3,,4/11/2023 17:31,,,,5,,,,,60,2.85,205.2,,,,,,,,,,,,
35521,,70,,,1,45042,4/19/2023 16:43,,,,,,,,,,3.5,,29551,45,18244,40494,107,15502,48,114322,4/19/2023 15:47,4/26/2023,4,210
35521,,70,,,1,45042,4/19/2023 16:43,,,,,,,,,,3.5,,29551,15,18243,40492,107,15502,24,114322,4/19/2023 15:47,4/26/2023,2,126
35522,10.02146180v1,10,,2,4,,4/11/2023 15:46,,,,5,,,,,60,2.83,203.76,,,,,,,,,,,,
35523,10.02157563v1,10,,2,1,,4/11/2023 15:50,,,,10,,,,,120,2.23,294.36,,,,,,,,,,,,
35524,10.02157245v2,10,,2,1,,4/11/2023 15:52,,,,21,,,,,250,1.96,517.44,,,,,,,,,,,,
35525,10.0299023v1,10,,2,1,,4/11/2023 18:49,,,,21,,,,,250,1.96,517.44,,,,,,,,,,,,
35526,10.02158044v1,10,,2,1,,4/11/2023 16:40,,,,42,,,,,500,1.96,1011.36,,,,,,,,,,,,
35527,10.02148885v1,10,,2,3,,4/11/2023 17:21,,,,20,,,,,240,2.54,640.08,,,,,,,,,,,,
35528,10.02155923v1,10,,2,1,,4/11/2023 18:46,,,,5,,,,,60,2.56,184.32,,,,,,,,,,,,
35529,10.02144305v1,10,,2,4,,4/11/2023 17:26,,,,20,,,,,240,2.54,640.08,,,,,,,,,,,,
35530,10.02137354v2,10,,2,1,,4/11/2023 17:31,,,,7,,,,,80,2.56,245.76,,,,,,,,,,,,
35532,932157309v3,93,250,120,10,45049,4/11/2023 17:53,Distributor,existingbusiness,12839200642,21,1.42,0,374.88,355,,,,,,,,,,,,,,,
35533,10.02157206v3,10,,2,3,,4/11/2023 18:16,,,,10,,,,,120,2.72,359.04,,,,,,,,,,,,
35534,10.02133240v4,10,,2,4,,4/11/2023 18:18,,,,10,,,,,120,2.71,357.72,,,,,,,,,,,,
35535,10.02158092v1,10,,2,4,,4/12/2023 12:04,,,,10,,,,,120,2.71,357.72,,,,,,,,,,,,
35536,10.02107606v2,10,,2,3,,4/11/2023 18:28,,,,10,,,,,120,2.72,359.04,,,,,,,,,,,,
35537,10.02156599v1,10,,2,3,,4/11/2023 18:47,,,,10,,,,,120,2.72,359.04,,,,,,,,,,,,
35538,10.02149447v1,10,,2,1,,4/11/2023 19:16,,,,125,,,,,1500,1.71,2585.52,,,,,,,,,,,,
35539,10.02157412v3,10,,2,3,,4/11/2023 21:03,,,,5,,,,,50,2.85,205.2,,,,,,,,,,,,
35539,10.02157413v3,10,,2,3,,4/11/2023 21:03,,,,5,,,,,50,2.85,205.2,,,,,,,,,,,,
35540,10.02158137v1,10,,2,1,,4/11/2023 22:26,,,,10,,,,,120,2.23,294.36,,,,,,,,,,,,
35541,10.02157607v3,10,,2,3,,4/11/2023 21:33,,,,10,,,,,120,2.72,359.04,,,,,,,,,,,,
35542,10.02118221v3,10,,2,1,,4/11/2023 20:34,,,,3,,,,,30,3.5,168,,,,,,,,,,,,
35543,10.02157203v10,10,,2,1,,4/11/2023 19:54,,,,17,,,,,200,1.96,423.36,,,,,,,,,,,,
35545,10.02158131v1,10,,2,1,,4/11/2023 20:43,,,,17,,,,,200,1.96,423.36,,,,,,,,,,,,
35546,10.0220910v3,10,,2,1,,4/11/2023 20:45,,,,5,,,,,60,2.56,184.32,,,,,,,,,,,,
35547,10.02153320v1,10,,2,3,,4/11/2023 21:00,,,,5,,,,,60,2.85,205.2,,,,,,,,,,,,
35548,10.02155551v3,10,,2,3,,4/11/2023 20:58,,,,10,,,,,120,2.72,359.04,,,,,,,,,,,,
35549,10.02146600v4,10,,2,1,,4/13/2023 14:14,,,,10,,,,,120,2.23,294.36,,,,,,,,,,,,
35550,10.02159402v2,10,,2,4,,4/21/2023 19:37,,,,5,,,,,60,2.83,203.76,,,,,,,,,,,,
35550,10.02159402v1,10,,2,4,,4/21/2023 19:37,,,,5,,,,,60,2.83,203.76,,,,,,,,,,,,
35551,10.02133993v5,10,,2,1,,4/12/2023 15:15,,,,21,,,,,250,1.96,517.44,,,,,,,,,,,,
35552,10.02152959v2,10,,2,1,,4/17/2023 15:27,,,,10,,,,,120,2.23,294.36,,,,,,,,,,,,
35554,10.02133097v1,10,,2,3,,4/14/2023 20:10,,,,5,,,,,60,2.85,205.2,,,,,,,,,,,,
35555,10.02157708v1,10,,2,1,,4/11/2023 21:42,,,,17,,,,,200,1.96,423.36,,,,,,,,,,,,
35556,55.02157704v1,55,,114,3,,4/27/2023 21:59,,,,42,,,,,500,2.62,1351.92,,,,,,,,,,,,
35558,10.02154015v1,10,,2,1,,4/12/2023 14:29,,,,25,,,,,300,1.96,611.52,,,,,,,,,,,,
35559,10.02157079v2,10,,2,3,,4/12/2023 18:41,,,,513,,,,,6150,1.72,10608.96,,,,,,,,,,,,
35560,10.02133175v1,10,,2,1,,4/11/2023 23:22,,,,13,,,,,150,1.96,329.28,,,,,,,,,,,,
35561,10.0247459v2,10,,2,4,,4/12/2023 20:36,,,,9,,,,,100,2.83,339.6,,,,,,,,,,,,
35561,10.0247476v1,10,,2,4,,4/12/2023 20:36,,,,5,,,,,50,2.83,203.76,,,,,,,,,,,,
35561,10.0222029v1,10,,2,4,,4/12/2023 20:36,,,,9,,,,,100,2.83,339.6,,,,,,,,,,,,
35562,10.02158283v1,10,,2,4,,4/12/2023 13:02,,,,5,,,,,60,2.83,203.76,,,,,,,,,,,,
35563,10.02150582v1,10,,2,1,,4/12/2023 16:06,,,,5,,,,,50,3.5,252,,,,,,,,,,,,
35564,10.02157486v2,10,,2,4,,4/12/2023 12:30,,,,5,,,,,60,2.83,203.76,,,,,,,,,,,,
35565,10.03113860v1,10,,2,3,,4/12/2023 12:50,,,,10,,,,,120,2.72,359.04,,,,,,,,,,,,
35566,17.02157645v2,17,,120,1,,4/12/2023 13:35,,,,21,,,,,250,1.96,517.44,,,,,,,,,,,,
35567,55.02158235v1,55,,114,4,,4/12/2023 13:41,,,,71,,,,,850,2.18,1883.52,,,,,,,,,,,,
35568,55.02129502v1,55,,114,3,,4/17/2023 22:13,,,,5,,,,,60,2.93,210.96,,,,,,,,,,,,
35569,10.02133989v2,10,,2,3,,4/12/2023 14:31,,,,50,,,,,600,2.28,1395.36,,,,,,,,,,,,
35570,10.0297149v1,10,,2,3,,4/12/2023 18:55,,,,17,,,,,200,2.54,548.64,,,,,,,,,,,,
35571,,70,,,1,45037,4/12/2023 16:31,,,,,,,,,,1.96,,29389,150,17976,39967,118,15270,168,111967,4/12/2023 16:27,4/21/2023,13,329.28
35572,10.02116270v2,10,,2,1,,4/12/2023 16:11,,,,10,,,,,120,2.23,294.36,,,,,,,,,,,,
35572,10.02116270v4,10,,2,1,,4/12/2023 16:11,,,,10,,,,,120,2.23,294.36,,,,,,,,,,,,
35573,10.02158027v1,10,,2,3,,4/12/2023 18:05,,,,9,,,,,100,2.85,342,,,,,,,,,,,,
35573,10.029297v1,10,,2,3,,4/12/2023 18:05,,,,9,,,,,100,2.85,342,,,,,,,,,,,,
35574,10.02159599v1,10,,2,1,,4/19/2023 19:18,,,,21,,,,,250,1.96,517.44,,,,,,,,,,,,
35575,10.02158326v1,10,,2,1,,4/12/2023 18:23,,,,21,,,,,250,1.96,517.44,,,,,,,,,,,,
35576,10.0278928v1,10,,2,3,,4/12/2023 21:57,,,,10,,,,,120,2.72,359.04,,,,,,,,,,,,
35577,20.0254771v2,20,,11,3,,4/12/2023 16:45,,,,10,,,,,120,3.13,413.16,,,,,,,,,,,,
35579,10.0240294v4,10,,2,1,,4/13/2023 21:16,,,,25,,,,,300,1.96,611.52,,,,,,,,,,,,
35580,10.02154928v6,10,,2,3,,4/12/2023 21:41,,,,42,,,,,500,2.54,1310.64,,,,,,,,,,,,
35581,10.02133989v2,10,,2,3,,4/12/2023 21:45,,,,10,,,,,120,2.72,359.04,,,,,,,,,,,,
35582,10.02153458v1,10,,2,1,,4/17/2023 23:25,,,,30,,,,,360,1.96,729.12,,,,,,,,,,,,
35583,10.02157984v2,10,,2,3,,4/12/2023 18:31,,,,25,,,,,300,2.54,792.48,,,,,,,,,,,,
35584,10.02112340v13,10,,2,3,,4/14/2023 15:13,,,,21,,,,,250,2.54,670.56,,,,,,,,,,,,
35584,10.02112340v11,10,,2,3,,4/14/2023 15:13,,,,21,,,,,250,2.54,670.56,,,,,,,,,,,,
35585,10.02154748v1,10,,2,3,,4/12/2023 18:44,,,,11,,,,,125,2.72,391.68,,,,,,,,,,,,
35586,46.02119941v3,46,,113,3,,4/12/2023 19:22,,,,9,,,,,100,2.85,342,,,,,,,,,,,,
35586,10.02119933v2,10,,2,3,,4/12/2023 19:22,,,,9,,,,,100,2.85,342,,,,,,,,,,,,
35587,10.02158059v2,10,,2,3,,4/12/2023 21:45,,,,100,,,,,1200,2.01,2436.12,,,,,,,,,,,,
35588,10.02158187v1,10,,2,3,,4/13/2023 0:22,,,,34,,,,,400,2.54,1066.8,,,,,,,,,,,,
35589,10.02156557v2,10,,2,1,,4/13/2023 21:20,,,,17,,,,,200,1.96,423.36,,,,,,,,,,,,
35590,10.02158297v2,10,,2,4,,4/12/2023 19:28,,,,5,,,,,60,2.83,203.76,,,,,,,,,,,,
35591,10.02157743v1,10,,2,4,,4/12/2023 20:34,,,,21,,,,,250,2.54,670.56,,,,,,,,,,,,
35591,10.02157745v1,10,,2,4,,4/12/2023 20:34,,,,9,,,,,100,2.83,339.6,,,,,,,,,,,,
35592,10.0272978v1,10,,2,1,,4/12/2023 20:08,,,,17,,,,,195,1.96,423.36,,,,,,,,,,,,
35593,10.02138781v4,10,,2,3,,4/17/2023 16:14,,,,44,,,,,520,2.54,1371.6,,,,,,,,,,,,
35593,10.02138775v1,10,,2,3,,4/17/2023 16:14,,,,44,,,,,520,2.54,1371.6,,,,,,,,,,,,
35593,10.02138776v3,10,,2,3,,4/17/2023 16:14,,,,44,,,,,520,2.54,1371.6,,,,,,,,,,,,
35593,10.02138770v1,10,,2,3,,4/17/2023 16:14,,,,44,,,,,520,2.54,1371.6,,,,,,,,,,,,
35593,55.02113543v2,55,,114,3,,4/17/2023 16:14,,,,44,,,,,520,2.62,1414.8,,,,,,,,,,,,
35594,10.02157550v1,10,,2,4,,4/12/2023 22:00,,,,42,,,,,500,2.54,1310.64,,,,,,,,,,,,
35595,10.02150469v1,10,,2,1,,4/12/2023 20:52,,,,5,,,,,60,2.56,184.32,,,,,,,,,,,,
35595,10.0284729v1,10,,2,1,,4/12/2023 20:52,,,,5,,,,,60,2.56,184.32,,,,,,,,,,,,
35596,10.02158030v3,10,,2,1,,4/12/2023 20:50,,,,3,,,,,33,3.5,168,,,,,,,,,,,,
35597,10.0262774v5,10,,2,3,,4/12/2023 21:00,,,,9,,,,,100,2.85,342,,,,,,,,,,,,
35597,10.0262774v3,10,,2,3,,4/12/2023 21:00,,,,9,,,,,100,2.85,342,,,,,,,,,,,,
35598,932158216v1,93,120,120,10,45050,4/13/2023 13:44,Distributor,newbusiness,12915806510,10,1.8,0,237.6,216,,,,,,,,,,,,,,,
35599,10.02156528v1,10,,2,3,,4/12/2023 21:45,,,,6,,,,,61,2.85,239.4,,,,,,,,,,,,
35599,10.02156525v1,10,,2,3,,4/12/2023 21:45,,,,6,,,,,61,2.85,239.4,,,,,,,,,,,,
35601,10.02155242v1,10,,2,1,,4/13/2023 15:41,,,,17,,,,,200,1.96,423.36,,,,,,,,,,,,
35602,46.02156177v1,46,,113,3,,4/13/2023 21:44,,,,5,,,,,60,2.85,205.2,,,,,,,,,,,,
35602,10.02156176v3,10,,2,3,,4/13/2023 21:44,,,,3,,,,,30,2.85,136.8,,,,,,,,,,,,
35602,55.02159356v1,55,,114,3,,4/13/2023 21:44,,,,3,,,,,30,2.93,140.64,,,,,,,,,,,,
35602,55.02158586v1,55,,114,3,,4/13/2023 21:44,,,,3,,,,,30,2.93,140.64,,,,,,,,,,,,
35603,17.02158380v2,17,,9,1,,4/13/2023 2:13,,,,3,,,,,30,3.5,168,,,,,,,,,,,,
35604,10.02158077v4,10,,2,4,,4/13/2023 15:45,,,,5,,,,,60,2.83,203.76,,,,,,,,,,,,
35605,10.02154786v3,10,,2,3,,4/13/2023 20:13,,,,125,,,,,1500,2.01,3039.12,,,,,,,,,,,,
35605,10.02154787v3,10,,2,3,,4/13/2023 20:13,,,,125,,,,,1500,2.01,3039.12,,,,,,,,,,,,
35606,10.02155862v1,10,,2,3,,4/13/2023 15:21,,,,42,,,,,500,2.54,1310.64,,,,,,,,,,,,
35607,10.02131024v1,10,,2,3,,4/13/2023 21:34,,,,100,,,,,1200,2.01,2436.12,,,,,,,,,,,,
35608,10.0253930v1,10,,2,3,,4/13/2023 21:36,,,,42,,,,,500,2.54,1310.64,,,,,,,,,,,,
35609,55.02147482v2,55,,114,3,,4/13/2023 19:01,,,,38,,,,,450,2.62,1226.16,,,,,,,,,,,,
35609,10.02147478v1,10,,2,3,,4/13/2023 19:01,,,,38,,,,,450,2.54,1188.72,,,,,,,,,,,,
35609,10.02147479v1,10,,2,3,,4/13/2023 19:01,,,,38,,,,,450,2.54,1188.72,,,,,,,,,,,,
35610,10.02132224v1,10,,2,4,,4/14/2023 13:54,,,,5,,,,,60,2.83,203.76,,,,,,,,,,,,
35610,10.02132221v1,10,,2,4,,4/14/2023 13:54,,,,5,,,,,60,2.83,203.76,,,,,,,,,,,,
35612,10.02158456v1,10,,2,4,,4/13/2023 21:50,,,,7,,,,,75,2.83,271.68,,,,,,,,,,,,
35613,10.02158556v1,10,,2,4,,4/13/2023 14:19,,,,6,,,,,70,2.83,237.72,,,,,,,,,,,,
35614,55.02136656v1,55,,114,1,,4/14/2023 23:25,,,,61,,,,,722,1.79,1331.76,,,,,,,,,,,,
35615,10.02157009v6,10,,2,1,,4/13/2023 16:14,,,,20,,,,,240,1.96,493.92,,,,,,,,,,,,
35616,93262484v2,93,100,120,10,45051,4/14/2023 18:44,Distributor,existingbusiness,12873478452,9,1.8,0,216,180,,,,,,,,,,,,,,,
35616,93262484v2,93,400,120,10,45055,4/14/2023 18:44,Distributor,existingbusiness,12873478452,34,1.42,0,596.4,568,,,,,,,,,,,,,,,
35616,12.02112586v1,12,,4,1,,4/14/2023 18:44,,,,34,,,,,400,1.63,684.6,,,,,,,,,,,,
35618,10.0218490v1,10,,2,1,,4/13/2023 15:42,,,,42,,,,,500,1.96,1011.36,,,,,,,,,,,,
35619,10.02142202v1,10,,2,3,,4/13/2023 17:16,,,,21,,,,,250,2.54,670.56,,,,,,,,,,,,
35620,10.0261739v2,10,,2,1,,4/13/2023 22:30,,,,20,,,,,240,1.96,493.92,,,,,,,,,,,,
35622,10.02157007v3,10,,2,3,,4/13/2023 16:15,,,,209,,,,,2500,1.72,4334.4,,,,,,,,,,,,
35623,10.0228129v1,10,,2,4,,4/13/2023 17:58,,,,10,,,,,120,2.71,357.72,,,,,,,,,,,,
35624,10.02156199v1,10,,2,1,,4/13/2023 17:07,,,,13,,,,,150,1.96,329.28,,,,,,,,,,,,
35627,55.02157820v2,55,,114,3,,4/13/2023 21:47,,,,125,,,,,1500,2.1,3175.2,,,,,,,,,,,,
35627,10.02157819v1,10,,2,3,,4/13/2023 21:47,,,,125,,,,,1500,2.01,3039.12,,,,,,,,,,,,
35628,10.02158404v1,10,,2,4,,4/13/2023 17:05,,,,30,,,,,360,2.54,944.88,,,,,,,,,,,,
35629,10.0260748v1,10,,2,4,,4/13/2023 17:01,,,,17,,,,,200,2.54,548.64,,,,,,,,,,,,
35630,55.02158241v2,55,,114,1,,4/14/2023 11:43,,,,21,,,,,250,1.96,517.44,,,,,,,,,,,,
35632,10.02158405v2,10,,2,4,,4/13/2023 17:16,,,,21,,,,,250,2.54,670.56,,,,,,,,,,,,
35632,10.02158498v2,10,,2,4,,4/13/2023 17:16,,,,21,,,,,250,2.54,670.56,,,,,,,,,,,,
35633,10.02105486v3,10,,2,3,,4/17/2023 15:54,,,,20,,,,,240,2.54,640.08,,,,,,,,,,,,
35635,10.02157590v1,10,,2,3,,4/14/2023 17:08,,,,5,,,,,60,2.85,205.2,,,,,,,,,,,,
35635,10.02157596v1,10,,2,3,,4/14/2023 17:08,,,,5,,,,,60,2.85,205.2,,,,,,,,,,,,
35636,,70,,,1,45041,4/13/2023 18:44,,,,,,,,,,2.56,,29483,60,18035,40097,118,15320,72,114985,4/13/2023 18:14,4/25/2023,5,184.32
35637,920232657v3,920,720,26,5,45056,4/14/2023 18:41,Distributor,existingbusiness,12972900000,60,1.04,90,851.28,838.8,,,,,,,,,,,,,,,
35638,10.0221986v1,10,,2,4,,4/13/2023 18:20,,,,10,,,,,120,2.71,357.72,,,,,,,,,,,,
35639,55.02158694v1,55,,114,3,,4/14/2023 15:44,,,,10,,,,,120,2.8,369.6,,,,,,,,,,,,
35641,10.02140688v2,10,,2,4,,4/18/2023 18:20,,,,7,,,,,75,2.83,271.68,,,,,,,,,,,,
35641,10.02140690v2,10,,2,4,,4/18/2023 18:20,,,,7,,,,,75,2.83,271.68,,,,,,,,,,,,
35642,10.02158679v1,10,,2,4,,4/13/2023 21:54,,,,10,,,,,120,2.71,357.72,,,,,,,,,,,,
35643,10.02151612v4,10,,2,1,,4/17/2023 15:33,,,,5,,,,,60,2.56,184.32,,,,,,,,,,,,
35644,10.02156295v1,10,,2,1,,4/18/2023 19:30,,,,13,,,,,152,1.96,329.28,,,,,,,,,,,,
35644,10.02156301v2,10,,2,1,,4/18/2023 19:30,,,,16,,,,,182,1.96,399.84,,,,,,,,,,,,
35644,10.02156297v2,10,,2,1,,4/18/2023 19:30,,,,16,,,,,182,1.96,399.84,,,,,,,,,,,,
35644,10.02156298v1,10,,2,1,,4/18/2023 19:30,,,,13,,,,,152,1.96,329.28,,,,,,,,,,,,
35644,10.02156299v1,10,,2,1,,4/18/2023 19:30,,,,13,,,,,152,1.96,329.28,,,,,,,,,,,,
35644,10.02156306v1,10,,2,1,,4/18/2023 19:30,,,,16,,,,,182,1.96,399.84,,,,,,,,,,,,
35644,10.02156303v2,10,,2,1,,4/18/2023 19:30,,,,13,,,,,152,1.96,329.28,,,,,,,,,,,,
35644,10.02156305v5,10,,2,1,,4/18/2023 19:30,,,,13,,,,,152,1.96,329.28,,,,,,,,,,,,
35645,10.02154340v1,10,,2,1,,4/13/2023 21:36,,,,167,,,,,2000,1.71,3447.36,,,,,,,,,,,,
35646,10.02158213v3,10,,2,1,,4/25/2023 23:31,,,,100,,,,,1200,1.71,2072.52,,,,,,,,,,,,
35647,10.02139452v1,10,,2,1,,4/13/2023 21:59,,,,20,,,,,240,1.96,493.92,,,,,,,,,,,,
35648,17.02157916v3,17,,9,1,,4/14/2023 16:07,,,,25,,,,,300,1.96,611.52,,,,,,,,,,,,
35649,10.02158341v1,10,,2,4,,4/13/2023 20:36,,,,10,,,,,120,2.71,357.72,,,,,,,,,,,,
35649,10.02158342v1,10,,2,4,,4/13/2023 20:36,,,,10,,,,,120,2.71,357.72,,,,,,,,,,,,
35649,10.02158343v1,10,,2,4,,4/13/2023 20:36,,,,10,,,,,120,2.71,357.72,,,,,,,,,,,,
35650,10.02121285v2,10,,2,1,,4/13/2023 20:59,,,,5,,,,,60,2.56,184.32,,,,,,,,,,,,
35651,10.02116742v4,10,,2,1,,4/14/2023 14:32,,,,42,,,,,500,1.96,1011.36,,,,,,,,,,,,
35652,12.0259098v1,12,,4,3,,4/13/2023 21:13,,,,63,,,,,750,1.76,1351.68,,,,,,,,,,,,
35653,10.02157594v2,10,,2,1,,4/17/2023 17:15,,,,10,,,,,120,2.23,294.36,,,,,,,,,,,,
35653,10.02158004v1,10,,2,1,,4/17/2023 17:15,,,,10,,,,,120,2.23,294.36,,,,,,,,,,,,
35653,10.02158005v1,10,,2,1,,4/17/2023 17:15,,,,10,,,,,120,2.23,294.36,,,,,,,,,,,,
35654,10.02150602v1,10,,2,3,,4/13/2023 21:46,,,,55,,,,,650,2.28,1532.16,,,,,,,,,,,,
35655,10.02158245v1,10,,2,3,,4/14/2023 15:46,,,,5,,,,,60,2.85,205.2,,,,,,,,,,,,
35656,10.02140218v3,10,,2,4,,4/14/2023 14:06,,,,417,,,,,5000,1.71,8577.36,,,,,,,,,,,,
35657,10.02156479v3,10,,2,4,,4/13/2023 23:23,,,,10,,,,,120,2.71,357.72,,,,,,,,,,,,
35658,10.02144411v3,10,,2,1,,4/14/2023 15:35,,,,30,,,,,360,1.96,729.12,,,,,,,,,,,,
35659,10.02158508v5,10,,2,1,,4/14/2023 13:10,,,,28,,,,,334,1.96,682.08,,,,,,,,,,,,
35659,10.02158507v5,10,,2,1,,4/14/2023 13:10,,,,28,,,,,334,1.96,682.08,,,,,,,,,,,,
35659,10.02158506v6,10,,2,1,,4/14/2023 13:10,,,,28,,,,,334,1.96,682.08,,,,,,,,,,,,
35660,10.02158345v2,10,,2,4,,4/14/2023 15:37,,,,5,,,,,60,2.83,203.76,,,,,,,,,,,,
35661,10.02158705v1,10,,2,4,,4/14/2023 17:07,,,,5,,,,,60,2.83,203.76,,,,,,,,,,,,
35662,10.02151120v1,10,,2,3,,4/14/2023 13:12,,,,3,,,,,30,2.85,136.8,,,,,,,,,,,,
35662,10.02151116v1,10,,2,3,,4/14/2023 13:12,,,,3,,,,,30,2.85,136.8,,,,,,,,,,,,
35662,10.02151117v1,10,,2,3,,4/14/2023 13:12,,,,3,,,,,30,2.85,136.8,,,,,,,,,,,,
35663,10.02158807v1,10,,2,3,,4/14/2023 16:50,,,,10,,,,,120,2.72,359.04,,,,,,,,,,,,
35664,10.0287375v1,10,,2,3,,4/14/2023 19:23,,,,20,,,,,240,2.54,640.08,,,,,,,,,,,,
35665,10.02158799v1,10,,2,1,,4/14/2023 15:43,,,,10,,,,,120,2.23,294.36,,,,,,,,,,,,
35665,10.02158797v1,10,,2,1,,4/14/2023 15:43,,,,10,,,,,120,2.23,294.36,,,,,,,,,,,,
35665,10.02158796v1,10,,2,1,,4/14/2023 15:43,,,,10,,,,,120,2.23,294.36,,,,,,,,,,,,
35666,55.02150089v2,55,,114,1,,4/14/2023 14:38,,,,13,,,,,150,1.96,329.28,,,,,,,,,,,,
35668,10.029297v1,10,,2,1,,4/14/2023 17:56,,,,32,,,,,375,1.96,776.16,,,,,,,,,,,,
35669,55.02158696v1,55,,114,1,,4/14/2023 16:20,,,,17,,,,,201,1.96,423.36,,,,,,,,,,,,
35670,10.02158813v1,10,,2,1,,4/14/2023 18:02,,,,25,,,,,300,1.96,611.52,,,,,,,,,,,,
35670,10.02158816v1,10,,2,1,,4/14/2023 18:02,,,,25,,,,,300,1.96,611.52,,,,,,,,,,,,
35670,10.02158817v1,10,,2,1,,4/14/2023 18:02,,,,25,,,,,300,1.96,611.52,,,,,,,,,,,,
35671,10.02157989v1,10,,2,3,,4/14/2023 17:12,,,,5,,,,,60,2.85,205.2,,,,,,,,,,,,
35671,10.02158002v1,10,,2,3,,4/14/2023 17:12,,,,5,,,,,60,2.85,205.2,,,,,,,,,,,,
35672,10.02158794v1,10,,2,1,,4/18/2023 15:13,,,,5,,,,,60,2.56,184.32,,,,,,,,,,,,
35673,10.0269912v1,10,,2,3,,4/18/2023 17:18,,,,21,,,,,250,2.54,670.56,,,,,,,,,,,,
35675,17.02152708v4,17,,9,3,,4/14/2023 18:35,,,,50,,,,,600,2.28,1395.36,,,,,,,,,,,,
35676,10.0297045v2,10,,2,1,,4/18/2023 21:25,,,,67,,,,,800,1.79,1460.64,,,,,,,,,,,,
35677,10.02122368v2,10,,2,1,,4/14/2023 19:19,,,,5,,,,,60,2.56,184.32,,,,,,,,,,,,
35678,10.02157597v1,10,,2,1,,4/14/2023 19:35,,,,3,,,,,30,3.5,168,,,,,,,,,,,,
35678,10.0246435v3,10,,2,1,,4/14/2023 19:35,,,,3,,,,,30,3.5,168,,,,,,,,,,,,
35679,10.02144246v1,10,,2,4,,4/14/2023 19:45,,,,17,,,,,200,2.54,548.64,,,,,,,,,,,,
35680,10.029026v1,10,,2,1,,4/14/2023 20:49,,,,10,,,,,120,2.23,294.36,,,,,,,,,,,,
35681,10.02158260v1,10,,2,1,,4/21/2023 19:40,,,,21,,,,,250,1.96,517.44,,,,,,,,,,,,
35682,10.0260903v2,10,,2,1,,4/14/2023 21:33,,,,3,,,,,30,3.5,168,,,,,,,,,,,,
35683,17.0292580v5,17,,9,1,,4/14/2023 20:56,,,,30,,,,,360,1.96,729.12,,,,,,,,,,,,
35684,10.02158911v1,10,,2,1,,4/14/2023 21:33,,,,3,,,,,30,3.5,168,,,,,,,,,,,,
35685,41.02158492v1,41,,19,1,,4/14/2023 21:50,,,,6,,,,,70,2.56,215.04,,,,,,,,,,,,
35686,,70,,,1,45044,4/21/2023 17:49,,,,,,,,,,2.56,,29509,60,18345,40700,64,15590,72,115656,4/21/2023 17:46,4/28/2023,5,184.32
35687,10.02158353v1,10,,2,1,,4/14/2023 22:04,,,,30,,,,,360,1.96,729.12,,,,,,,,,,,,
35688,10.02157804v2,10,,2,1,,4/14/2023 22:41,,,,17,,,,,200,1.96,423.36,,,,,,,,,,,,
35690,10.02157920v3,10,,2,1,,4/17/2023 14:38,,,,34,,,,,401,1.96,823.2,,,,,,,,,,,,
35691,12.02150832v7,12,,4,1,,4/17/2023 12:23,,,,5,,,,,60,2.23,160.56,,,,,,,,,,,,
35692,10.02158867v1,10,,2,1,,4/17/2023 13:40,,,,17,,,,,200,1.96,423.36,,,,,,,,,,,,
35693,10.02158969v1,10,,2,1,,4/17/2023 14:24,,,,10,,,,,120,2.23,294.36,,,,,,,,,,,,
35694,10.026879v2,10,,2,1,,4/19/2023 20:18,,,,7,,,,,75,2.56,245.76,,,,,,,,,,,,
35695,10.02151381v1,10,,2,3,,4/18/2023 21:24,,,,42,,,,,500,2.54,1310.64,,,,,,,,,,,,
35696,10.02150385v4,10,,2,4,,4/19/2023 19:25,,,,5,,,,,60,2.83,203.76,,,,,,,,,,,,
35697,10.02158898v2,10,,2,4,,4/18/2023 18:40,,,,5,,,,,60,2.83,203.76,,,,,,,,,,,,
35698,10.02115583v2,10,,2,3,,4/17/2023 17:41,,,,17,,,,,200,2.54,548.64,,,,,,,,,,,,
35699,,70,,,1,45037,4/17/2023 15:24,,,,,,,,,,2.23,,25054,120,18147,40293,64,15421,132,115154,4/17/2023 15:11,4/21/2023,10,294.36
35700,10.03125076v1,10,,2,3,,4/17/2023 15:19,,,,5,,,,,60,2.85,205.2,,,,,,,,,,,,
35701,10.02156461v1,10,,2,1,,4/19/2023 21:33,,,,17,,,,,200,1.96,423.36,,,,,,,,,,,,
35702,10.02140327v2,10,,2,1,,4/17/2023 17:12,,,,30,,,,,350,1.96,729.12,,,,,,,,,,,,
35703,10.02158715v1,10,,2,4,,4/18/2023 17:48,,,,5,,,,,60,2.83,203.76,,,,,,,,,,,,
35704,10.02158864v1,10,,2,1,,4/17/2023 17:02,,,,10,,,,,120,2.23,294.36,,,,,,,,,,,,
35705,17.02155534v1,17,,9,3,,5/12/2023 10:42,,,,42,,,,,500,2.54,1310.64,,,,,,,,,,,,
35706,10.02152946v4,10,,2,1,,4/17/2023 16:28,,,,13,,,,,150,1.96,329.28,,,,,,,,,,,,
35707,10.02153134v1,10,,2,1,,4/17/2023 16:37,,,,10,,,,,120,2.23,294.36,,,,,,,,,,,,
35708,10.02128645v1,10,,2,1,,4/17/2023 16:37,,,,25,,,,,300,1.96,611.52,,,,,,,,,,,,
35709,10.0219978v1,10,,2,4,,4/17/2023 16:57,,,,11,,,,,130,2.71,390.24,,,,,,,,,,,,
35710,46.02157548v1,46,,113,1,,4/17/2023 19:49,,,,42,,,,,500,1.96,1011.36,,,,,,,,,,,,
35711,46.02135905v2,46,,113,3,,4/17/2023 17:26,,,,5,,,,,60,2.85,205.2,,,,,,,,,,,,
35712,10.02159127v1,10,,2,4,,4/17/2023 17:30,,,,7,,,,,80,2.83,271.68,,,,,,,,,,,,
35714,46.02157547v2,46,,113,1,,4/17/2023 19:49,,,,42,,,,,500,1.96,1011.36,,,,,,,,,,,,
35715,10.02130789v1,10,,2,1,,4/18/2023 18:42,,,,10,,,,,120,2.23,294.36,,,,,,,,,,,,
35716,55.02148261v1,55,,114,1,,4/17/2023 18:44,,,,10,,,,,120,2.23,294.36,,,,,,,,,,,,
35718,10.02158489v2,10,,2,1,,4/17/2023 18:21,,,,12,,,,,140,1.96,305.76,,,,,,,,,,,,
35719,10.02158954v3,10,,2,1,,4/17/2023 19:04,,,,3,,,,,30,3.5,168,,,,,,,,,,,,
35720,,70,,,1,45040,4/18/2023 15:19,,,,,,,,,,2.56,,29502,60,18193,40787,118,15459,0,115771,4/18/2023 15:15,4/24/2023,5,184.32
35720,,70,,,1,45040,4/18/2023 15:19,,,,,,,,,,2.56,,29501,60,18193,40786,118,15459,0,115771,4/18/2023 15:15,4/24/2023,5,184.32
35721,10.02159180v2,10,,2,1,,4/21/2023 15:57,,,,13,,,,,150,1.96,329.28,,,,,,,,,,,,
35721,55.02159184v2,55,,114,1,,4/21/2023 15:57,,,,13,,,,,150,1.96,329.28,,,,,,,,,,,,
35722,10.02157387v3,10,,2,1,,4/17/2023 20:01,,,,10,,,,,120,2.23,294.36,,,,,,,,,,,,
35723,55.02159157v2,55,,114,1,,4/18/2023 20:59,,,,42,,,,,500,1.96,1011.36,,,,,,,,,,,,
35724,44.02159176v1,44,,21,3,,4/17/2023 21:06,,,,7,,,,,80,2.93,281.28,,,,,,,,,,,,
35724,44.02159175v1,44,,21,3,,4/17/2023 21:06,,,,7,,,,,80,2.93,281.28,,,,,,,,,,,,
35726,10.02158698v1,10,,2,4,,4/18/2023 15:10,,,,9,,,,,100,2.83,339.6,,,,,,,,,,,,
35728,10.02154004v1,10,,2,4,,4/18/2023 17:45,,,,6,,,,,70,2.83,237.72,,,,,,,,,,,,
35729,10.02158540v2,10,,2,4,,4/18/2023 16:16,,,,5,,,,,60,2.83,203.76,,,,,,,,,,,,
35731,10.02159205v2,10,,2,1,,4/17/2023 22:20,,,,30,,,,,360,1.96,729.12,,,,,,,,,,,,
35732,10.0224743v2,10,,2,1,,4/17/2023 22:27,,,,15,,,,,180,1.96,376.32,,,,,,,,,,,,
35733,10.02149655v1,10,,2,4,,4/18/2023 18:05,,,,13,,,,,150,2.54,426.72,,,,,,,,,,,,
35734,10.02105759v1,10,,2,1,,4/17/2023 22:49,,,,5,,,,,60,2.56,184.32,,,,,,,,,,,,
35735,55.02158979v1,55,,114,1,,4/18/2023 15:07,,,,20,,,,,240,1.96,493.92,,,,,,,,,,,,
35736,55.03158856v1,55,,114,4,,4/17/2023 23:49,,,,5,,,,,50,3,216,,,,,,,,,,,,
35736,55.02158822v1,55,,114,4,,4/17/2023 23:49,,,,5,,,,,50,3,216,,,,,,,,,,,,
35736,55.02158852v1,55,,114,4,,4/17/2023 23:49,,,,5,,,,,50,3,216,,,,,,,,,,,,
35736,55.03158857v1,55,,114,4,,4/17/2023 23:49,,,,5,,,,,50,3,216,,,,,,,,,,,,
35737,10.0228279v1,10,,2,4,,4/18/2023 12:10,,,,5,,,,,60,2.83,203.76,,,,,,,,,,,,
35738,10.0248118v4,10,,2,1,,4/18/2023 14:16,,,,13,,,,,150,1.96,329.28,,,,,,,,,,,,
35739,10.0248118v1,10,,2,3,,4/18/2023 14:19,,,,13,,,,,150,2.54,426.72,,,,,,,,,,,,
35740,10.02153449v2,10,,2,1,,4/18/2023 19:44,,,,32,,,,,375,1.96,776.16,,,,,,,,,,,,
35741,10.02128287v2,10,,2,1,,4/19/2023 17:52,,,,22,,,,,258,1.96,540.96,,,,,,,,,,,,
35742,46.0286062v3,46,,113,3,,4/18/2023 15:40,,,,5,,,,,60,2.85,205.2,,,,,,,,,,,,
35742,46.0286062v2,46,,113,3,,4/18/2023 15:40,,,,5,,,,,60,2.85,205.2,,,,,,,,,,,,
35743,10.02158845v1,10,,2,1,,4/18/2023 15:43,,,,5,,,,,60,2.56,184.32,,,,,,,,,,,,
35744,10.02140414v2,10,,2,3,,4/19/2023 13:15,,,,40,,,,,480,2.54,1249.68,,,,,,,,,,,,
35745,10.02159117v1,10,,2,3,,4/18/2023 17:39,,,,25,,,,,300,2.54,792.48,,,,,,,,,,,,
35746,10.02138998v2,10,,2,3,,4/19/2023 14:55,,,,5,,,,,60,2.85,205.2,,,,,,,,,,,,
35747,10.02160709v2,10,,2,1,,4/18/2023 15:45,,,,11,,,,,125,2.23,321.12,,,,,,,,,,,,
35748,12.02155586v4,12,,4,1,,4/24/2023 23:25,,,,15,,,,,175,1.63,312.96,,,,,,,,,,,,
35748,10.02155582v10,10,,2,1,,4/24/2023 23:25,,,,15,,,,,175,1.96,376.32,,,,,,,,,,,,
35749,55.02158591v1,55,,114,1,,4/18/2023 17:55,,,,13,,,,,150,1.96,329.28,,,,,,,,,,,,
35750,55.03159326v1,55,,114,1,,4/18/2023 18:20,,,,3,,,,,30,2.56,122.88,,,,,,,,,,,,
35751,10.0290909v1,10,,2,4,,4/18/2023 18:03,,,,13,,,,,150,2.54,426.72,,,,,,,,,,,,
35752,10.02155693v1,10,,2,3,,4/18/2023 18:37,,,,15,,,,,175,2.54,487.68,,,,,,,,,,,,
35753,10.02156544v1,10,,2,3,,4/19/2023 21:04,,,,4,,,,,48,2.85,171,,,,,,,,,,,,
35754,10.02159399v1,10,,2,4,,4/18/2023 21:31,,,,11,,,,,125,2.71,390.24,,,,,,,,,,,,
35755,10.02158769v2,10,,2,3,,4/19/2023 1:35,,,,5,,,,,60,2.85,205.2,,,,,,,,,,,,
35755,10.02158827v1,10,,2,3,,4/19/2023 1:35,,,,5,,,,,60,2.85,205.2,,,,,,,,,,,,
35756,10.02103152v1,10,,2,4,,4/18/2023 22:03,,,,25,,,,,300,2.54,792.48,,,,,,,,,,,,
35757,10.02155835v1,10,,2,1,,4/18/2023 20:58,,,,63,,,,,750,1.79,1374.72,,,,,,,,,,,,
35758,10.02155703v3,10,,2,3,,4/21/2023 21:45,,,,3,,,,,30,2.85,136.8,,,,,,,,,,,,
35759,10.02150522v1,10,,2,1,,4/19/2023 16:06,,,,6,,,,,66,2.56,215.04,,,,,,,,,,,,
35760,10.02154414v3,10,,2,1,,4/18/2023 20:29,,,,40,,,,,480,1.96,964.32,,,,,,,,,,,,
35761,10.02157248v1,10,,2,4,,4/18/2023 20:51,,,,6,,,,,62,2.83,237.72,,,,,,,,,,,,
35762,10.02158054v1,10,,2,1,,4/19/2023 14:23,,,,25,,,,,300,1.96,611.52,,,,,,,,,,,,
35763,55.02158868v1,55,,114,1,,4/19/2023 0:41,,,,10,,,,,120,2.23,294.36,,,,,,,,,,,,
35764,55.02158688v1,55,,114,4,,4/18/2023 21:50,,,,6,,,,,62,3,252,,,,,,,,,,,,
35765,10.02157707v3,10,,2,1,,4/19/2023 14:45,,,,21,,,,,250,1.96,517.44,,,,,,,,,,,,
35765,10.02157706v3,10,,2,1,,4/19/2023 14:45,,,,21,,,,,250,1.96,517.44,,,,,,,,,,,,
35767,10.02159491v1,10,,2,4,,4/19/2023 1:34,,,,7,,,,,80,2.83,271.68,,,,,,,,,,,,
35768,17.02159392v1,17,,9,1,,4/19/2023 0:26,,,,42,,,,,500,1.96,1011.36,,,,,,,,,,,,
35769,932155379v1,93,120,120,10,45062,4/20/2023 18:20,Distributor,newbusiness,12707928615,10,1.8,0,237.6,216,,,,,,,,,,,,,,,
35770,55.02155377v1,55,,114,3,,4/20/2023 15:27,,,,3,,,,,30,2.93,140.64,,,,,,,,,,,,
35770,55.02155378v1,55,,114,3,,4/20/2023 15:27,,,,3,,,,,30,2.93,140.64,,,,,,,,,,,,
35771,10.02159460v4,10,,2,1,,4/19/2023 14:27,,,,3,,,,,25,3.5,168,,,,,,,,,,,,
35772,10.02156928v1,10,,2,1,,4/19/2023 14:23,,,,3,,,,,30,3.5,168,,,,,,,,,,,,
35773,55.02157904v1,55,,114,4,,4/19/2023 13:55,,,,9,,,,,100,3,360,,,,,,,,,,,,
35774,10.02143861v1,10,,2,1,,4/19/2023 23:31,,,,25,,,,,300,1.96,611.52,,,,,,,,,,,,
35775,10.02107925v1,10,,2,4,,4/19/2023 14:26,,,,5,,,,,60,2.83,203.76,,,,,,,,,,,,
35776,10.02152501v3,10,,2,4,,4/19/2023 15:05,,,,5,,,,,60,2.83,203.76,,,,,,,,,,,,
35777,10.02104679v3,10,,2,3,,4/20/2023 0:50,,,,63,,,,,750,2.01,1543.68,,,,,,,,,,,,
35778,10.02147431v2,10,,2,3,,4/19/2023 18:44,,,,167,,,,,2000,2.01,4052.16,,,,,,,,,,,,
35778,10.02147494v2,10,,2,3,,4/19/2023 18:44,,,,167,,,,,2000,2.01,4052.16,,,,,,,,,,,,
35779,10.0218842v1,10,,2,3,,4/19/2023 18:09,,,,30,,,,,360,2.54,944.88,,,,,,,,,,,,
35780,10.0295895v1,10,,2,3,,5/2/2023 16:56,,,,10,,,,,120,2.72,359.04,,,,,,,,,,,,
35781,10.02155502v1,10,,2,1,,4/19/2023 15:55,,,,10,,,,,120,2.23,294.36,,,,,,,,,,,,
35781,10.02155507v1,10,,2,1,,4/19/2023 15:55,,,,10,,,,,120,2.23,294.36,,,,,,,,,,,,
35782,10.0215208v1,10,,2,1,,4/19/2023 16:05,,,,34,,,,,405,1.96,823.2,,,,,,,,,,,,
35783,10.0294409v1,10,,2,3,,4/19/2023 16:04,,,,5,,,,,60,2.85,205.2,,,,,,,,,,,,
35785,10.02145799v1,10,,2,4,,4/20/2023 9:28,,,,17,,,,,200,2.54,548.64,,,,,,,,,,,,
35787,10.02159275v1,10,,2,1,,4/19/2023 18:00,,,,3,,,,,35,3.5,168,,,,,,,,,,,,
35788,10.02133989v2,10,,2,3,,4/19/2023 17:40,,,,15,,,,,180,2.54,487.68,,,,,,,,,,,,
35789,10.02125433v1,10,,2,1,,4/20/2023 9:29,,,,50,,,,,600,1.88,1150.56,,,,,,,,,,,,
35790,10.0280075v1,10,,2,4,,4/19/2023 21:49,,,,5,,,,,60,2.83,203.76,,,,,,,,,,,,
35791,10.02159510v2,10,,2,1,,4/19/2023 21:10,,,,10,,,,,120,2.23,294.36,,,,,,,,,,,,
35792,10.02159578v1,10,,2,1,,4/19/2023 20:40,,,,21,,,,,250,1.96,517.44,,,,,,,,,,,,
35792,10.02159577v1,10,,2,1,,4/19/2023 20:40,,,,21,,,,,250,1.96,517.44,,,,,,,,,,,,
35793,10.02157332v2,10,,2,4,,4/20/2023 15:07,,,,10,,,,,120,2.71,357.72,,,,,,,,,,,,
35794,10.02147978v1,10,,2,1,,4/19/2023 21:07,,,,5,,,,,60,2.56,184.32,,,,,,,,,,,,
35794,10.02147966v2,10,,2,1,,4/19/2023 21:07,,,,5,,,,,60,2.56,184.32,,,,,,,,,,,,
35795,10.02140492v1,10,,2,1,,4/19/2023 20:27,,,,17,,,,,200,1.96,423.36,,,,,,,,,,,,
35796,10.02159557v3,10,,2,4,,4/19/2023 22:42,,,,10,,,,,120,2.71,357.72,,,,,,,,,,,,
35798,10.02132624v5,10,,2,3,,4/19/2023 20:44,,,,17,,,,,200,2.54,548.64,,,,,,,,,,,,
35799,10.0252552v1,10,,2,1,,4/28/2023 19:07,,,,10,,,,,120,2.23,294.36,,,,,,,,,,,,
35799,10.0252551v1,10,,2,1,,4/28/2023 19:07,,,,10,,,,,120,2.23,294.36,,,,,,,,,,,,
35800,17.02158819v2,17,,9,1,,4/20/2023 20:20,,,,15,,,,,175,1.96,376.32,,,,,,,,,,,,
35801,10.02149543v1,10,,2,4,,4/19/2023 22:47,,,,5,,,,,60,2.83,203.76,,,,,,,,,,,,
35802,10.02108632v2,10,,2,3,,4/20/2023 12:54,,,,17,,,,,200,2.54,548.64,,,,,,,,,,,,
35804,10.0283316v2,10,,2,3,,4/20/2023 14:14,,,,84,,,,,1000,2.01,2050.2,,,,,,,,,,,,
35804,10.0283317v2,10,,2,3,,4/20/2023 14:14,,,,84,,,,,1000,2.01,2050.2,,,,,,,,,,,,
35805,10.02157492v1,10,,2,1,,4/20/2023 15:56,,,,3,,,,,30,3.5,168,,,,,,,,,,,,
35806,10.02105641v5,10,,2,1,,4/20/2023 15:43,,,,10,,,,,120,2.23,294.36,,,,,,,,,,,,
35807,10.02158404v1,10,,2,4,,4/20/2023 15:04,,,,13,,,,,150,2.54,426.72,,,,,,,,,,,,
35808,10.02118222v1,10,,2,1,,4/20/2023 14:37,,,,22,,,,,260,1.96,540.96,,,,,,,,,,,,
35809,10.02157695v1,10,,2,3,,4/20/2023 15:13,,,,3,,,,,30,2.85,136.8,,,,,,,,,,,,
35810,14.0664724v3,14,,6,3,,4/21/2023 12:39,,,,17,,,,,200,1.58,341.28,,,,,,,,,,,,
35811,10.02126933v7,10,,2,1,,4/20/2023 16:41,,,,50,,,,,600,1.88,1150.56,,,,,,,,,,,,
35812,10.02159819v1,10,,2,1,,4/20/2023 16:02,,,,3,,,,,30,3.5,168,,,,,,,,,,,,
35813,10.02158806v3,10,,2,1,,4/21/2023 14:44,,,,4,,,,,40,3.5,210,,,,,,,,,,,,
35814,,70,,,1,45047,4/20/2023 16:09,,,,,,,,,,1.96,,29552,480,18285,40588,118,15538,492,115789,4/20/2023 15:36,5/1/2023,40,964.32
35817,10.02159887v1,10,,2,1,,4/21/2023 15:14,,,,21,,,,,241,1.96,517.44,,,,,,,,,,,,
35818,10.02159324v2,10,,2,4,,4/20/2023 17:22,,,,9,,,,,100,2.83,339.6,,,,,,,,,,,,
35819,10.04159753v1,10,,2,1,,4/20/2023 16:36,,,,11,,,,,125,2.23,321.12,,,,,,,,,,,,
35820,10.02136019v3,10,,2,3,,4/20/2023 16:28,,,,30,,,,,350,2.54,944.88,,,,,,,,,,,,
35821,10.02159457v2,10,,2,4,,4/20/2023 18:16,,,,10,,,,,120,2.71,357.72,,,,,,,,,,,,
35822,12.02158626v3,12,,4,1,,4/20/2023 17:28,,,,28,,,,,325,1.63,567.24,,,,,,,,,,,,
35823,10.02106075v2,10,,2,1,,4/20/2023 17:57,,,,10,,,,,120,2.23,294.36,,,,,,,,,,,,
35824,10.02106072v2,10,,2,1,,4/20/2023 17:59,,,,10,,,,,120,2.23,294.36,,,,,,,,,,,,
35825,10.02115511v2,10,,2,1,,4/20/2023 18:51,,,,42,,,,,500,1.96,1011.36,,,,,,,,,,,,
35826,10.02113060v1,10,,2,1,,4/20/2023 18:08,,,,10,,,,,120,2.23,294.36,,,,,,,,,,,,
35827,10.02159951v1,10,,2,1,,4/20/2023 19:00,,,,5,,,,,59,3.5,252,,,,,,,,,,,,
35828,10.02159633v1,10,,2,4,,4/20/2023 18:36,,,,5,,,,,60,2.83,203.76,,,,,,,,,,,,
35829,10.02157883v1,10,,2,1,,4/21/2023 22:18,,,,17,,,,,200,1.96,423.36,,,,,,,,,,,,
35830,10.02159908v1,10,,2,1,,4/20/2023 20:46,,,,164,,,,,1960,1.71,3385.8,,,,,,,,,,,,
35831,17.02159784v1,17,,9,1,,4/21/2023 1:09,,,,36,,,,,422,1.96,870.24,,,,,,,,,,,,
35832,10.0280156v1,10,,2,3,,4/20/2023 19:18,,,,9,,,,,100,2.85,342,,,,,,,,,,,,
35833,10.0295166v1,10,,2,4,,4/20/2023 19:52,,,,7,,,,,75,2.83,271.68,,,,,,,,,,,,
35834,10.02159760v1,10,,2,4,,4/20/2023 19:54,,,,11,,,,,125,2.71,390.24,,,,,,,,,,,,
35835,10.0233994v1,10,,2,4,,4/25/2023 13:27,,,,5,,,,,50,2.83,203.76,,,,,,,,,,,,
35837,10.02157764v2,10,,2,3,,4/20/2023 20:18,,,,10,,,,,120,2.72,359.04,,,,,,,,,,,,
35838,55.02160044v1,55,,114,1,,4/20/2023 20:24,,,,13,,,,,150,1.96,329.28,,,,,,,,,,,,
35840,10.02160053v1,10,,2,1,,4/20/2023 20:43,,,,13,,,,,150,1.96,329.28,,,,,,,,,,,,
35841,10.02140508v1,10,,2,1,,4/20/2023 21:44,,,,5,,,,,60,2.56,184.32,,,,,,,,,,,,
35842,10.029177v1,10,,2,4,,4/20/2023 22:25,,,,21,,,,,251,2.54,670.56,,,,,,,,,,,,
35843,55.02143360v1,55,,114,4,,4/21/2023 14:08,,,,10,,,,,120,2.88,380.16,,,,,,,,,,,,
35844,10.02150553v3,10,,2,1,,4/20/2023 23:45,,,,10,,,,,120,2.23,294.36,,,,,,,,,,,,
35846,55.02160127v1,55,,114,1,,4/21/2023 1:17,,,,5,,,,,60,2.56,184.32,,,,,,,,,,,,
35847,10.0285684v2,10,,2,1,,4/21/2023 13:06,,,,10,,,,,120,2.23,294.36,,,,,,,,,,,,
35847,10.0285561v2,10,,2,1,,4/21/2023 13:06,,,,10,,,,,120,2.23,294.36,,,,,,,,,,,,
35848,10.0223522v1,10,,2,1,,4/24/2023 16:34,,,,21,,,,,250,1.96,517.44,,,,,,,,,,,,
35851,55.02160147v1,55,,114,1,,5/3/2023 20:49,,,,13,,,,,150,1.96,329.28,,,,,,,,,,,,
35852,10.02160069v1,10,,2,1,,4/21/2023 15:17,,,,43,,,,,510,1.96,1034.88,,,,,,,,,,,,
35853,10.02137119v1,10,,2,3,,4/21/2023 16:27,,,,5,,,,,60,2.85,205.2,,,,,,,,,,,,
35854,10.02156756v3,10,,2,1,,4/21/2023 17:03,,,,30,,,,,360,1.96,729.12,,,,,,,,,,,,
35855,10.02156152v1,10,,2,1,,4/21/2023 19:33,,,,5,,,,,60,2.56,184.32,,,,,,,,,,,,
35856,10.02159503v1,10,,2,4,,4/21/2023 19:30,,,,5,,,,,60,2.83,203.76,,,,,,,,,,,,
35857,10.0221414v1,10,,2,3,,4/21/2023 16:40,,,,10,,,,,120,2.72,359.04,,,,,,,,,,,,
35858,10.0229935v3,10,,2,4,,4/24/2023 19:01,,,,5,,,,,60,2.83,203.76,,,,,,,,,,,,
35859,10.02159586v1,10,,2,1,,4/21/2023 17:04,,,,10,,,,,120,2.23,294.36,,,,,,,,,,,,
35860,55.02160221v1,55,,114,1,,4/21/2023 16:51,,,,5,,,,,60,2.56,184.32,,,,,,,,,,,,
35861,10.02129799v2,10,,2,1,,4/24/2023 20:15,,,,13,,,,,150,1.96,329.28,,,,,,,,,,,,
35862,55.02160278v1,55,,114,3,,4/21/2023 18:33,,,,10,,,,,120,2.8,369.6,,,,,,,,,,,,
35863,10.02138844v1,10,,2,1,,4/21/2023 19:24,,,,20,,,,,240,1.96,493.92,,,,,,,,,,,,
35864,10.02160084v2,10,,2,1,,4/21/2023 20:49,,,,23,,,,,275,1.96,564.48,,,,,,,,,,,,
35865,10.0261941v1,10,,2,3,,4/21/2023 17:58,,,,21,,,,,250,2.54,670.56,,,,,,,,,,,,
35866,55.02146916v1,55,,114,4,,4/21/2023 19:57,,,,5,,,,,60,3,216,,,,,,,,,,,,
35867,10.02159933v1,10,,2,1,,4/21/2023 20:03,,,,21,,,,,250,1.96,517.44,,,,,,,,,,,,
35868,10.02129259v1,10,,2,3,,4/21/2023 18:55,,,,34,,,,,400,2.54,1066.8,,,,,,,,,,,,
35869,10.02160236v1,10,,2,4,,4/21/2023 18:31,,,,9,,,,,100,2.83,339.6,,,,,,,,,,,,
35870,10.02151585v2,10,,2,1,,4/26/2023 16:20,,,,13,,,,,150,1.96,329.28,,,,,,,,,,,,
35871,10.02108195v1,10,,2,3,,4/21/2023 18:46,,,,40,,,,,480,2.54,1249.68,,,,,,,,,,,,
35872,10.02120783v2,10,,2,1,,4/24/2023 19:03,,,,10,,,,,120,2.23,294.36,,,,,,,,,,,,
35873,10.02159926v1,10,,2,1,,4/21/2023 19:32,,,,11,,,,,128,2.23,321.12,,,,,,,,,,,,
35875,55.02159313v2,55,,114,3,,4/21/2023 20:05,,,,9,,,,,108,2.8,336,,,,,,,,,,,,
35877,10.0283624v1,10,,2,4,,4/22/2023 1:55,,,,5,,,,,60,2.83,203.76,,,,,,,,,,,,
35879,10.0273063v1,10,,2,3,,4/24/2023 13:16,,,,67,,,,,800,2.01,1640.16,,,,,,,,,,,,
35880,10.03160442v1,10,,2,3,,4/21/2023 22:27,,,,7,,,,,80,2.85,273.6,,,,,,,,,,,,
35881,10.03160298v1,10,,2,4,,4/24/2023 16:22,,,,21,,,,,250,2.54,670.56,,,,,,,,,,,,
35882,10.02118947v2,10,,2,3,,4/24/2023 18:46,,,,17,,,,,200,2.54,548.64,,,,,,,,,,,,
35883,10.0238151v5,10,,2,1,,4/24/2023 12:37,,,,5,,,,,60,2.56,184.32,,,,,,,,,,,,
35883,10.0238151v4,10,,2,1,,4/24/2023 12:37,,,,5,,,,,60,2.56,184.32,,,,,,,,,,,,
35884,55.023686v5,55,,114,3,,4/24/2023 14:45,,,,25,,,,,300,2.62,817.44,,,,,,,,,,,,
35885,55.02112174v4,55,,114,1,,4/24/2023 17:27,,,,40,,,,,480,1.96,964.32,,,,,,,,,,,,
35886,10.02160148v1,10,,2,4,,4/24/2023 16:08,,,,5,,,,,60,2.83,203.76,,,,,,,,,,,,
35887,10.0218490v1,10,,2,1,,4/24/2023 15:26,,,,50,,,,,600,1.88,1150.56,,,,,,,,,,,,
35888,10.02151185v2,10,,2,4,,4/24/2023 15:48,,,,30,,,,,360,2.54,944.88,,,,,,,,,,,,
35889,10.02159837v2,10,,2,1,,4/25/2023 14:47,,,,10,,,,,120,2.23,294.36,,,,,,,,,,,,
35890,10.02160697v1,10,,2,1,,4/24/2023 15:57,,,,10,,,,,120,2.23,294.36,,,,,,,,,,,,
35891,10.02156711v2,10,,2,1,,4/24/2023 16:53,,,,11,,,,,125,2.23,321.12,,,,,,,,,,,,
35894,10.02149556v1,10,,2,1,,4/24/2023 17:08,,,,7,,,,,75,2.56,245.76,,,,,,,,,,,,
35895,55.02158814v2,55,,114,3,,5/4/2023 14:24,,,,9,,,,,100,2.93,351.6,,,,,,,,,,,,
35896,10.02114933v1,10,,2,1,,4/24/2023 18:07,,,,4,,,,,38,3.5,210,,,,,,,,,,,,
35897,11.02154639v3,11,,3,1,,4/24/2023 18:35,,,,10,,,,,120,3,396,,,,,,,,,,,,
35897,10.02154431v3,10,,2,1,,4/24/2023 18:35,,,,20,,,,,240,1.96,493.92,,,,,,,,,,,,
35898,10.02132660v3,10,,2,1,,4/28/2023 13:50,,,,39,,,,,460,1.96,940.8,,,,,,,,,,,,
35900,10.0294337v2,10,,2,3,,4/25/2023 16:34,,,,15,,,,,170,2.54,487.68,,,,,,,,,,,,
35901,46.02117447v2,46,,113,3,,4/25/2023 12:48,,,,5,,,,,60,2.85,205.2,,,,,,,,,,,,
35902,10.02161388v2,10,,2,1,,5/30/2023 22:48,,,,25,,,,,300,1.96,611.52,,,,,,,,,,,,
35903,10.02135709v1,10,,2,3,,4/24/2023 20:28,,,,21,,,,,250,2.54,670.56,,,,,,,,,,,,
35904,10.0354590v2,10,,2,1,,4/24/2023 20:33,,,,21,,,,,250,1.96,517.44,,,,,,,,,,,,
35905,10.02158542v4,10,,2,1,,4/25/2023 15:01,,,,42,,,,,500,1.96,1011.36,,,,,,,,,,,,
35906,10.02158638v2,10,,2,1,,4/24/2023 20:43,,,,10,,,,,120,2.23,294.36,,,,,,,,,,,,
35907,55.02159769v2,55,,114,1,,4/25/2023 21:04,,,,40,,,,,480,1.96,964.32,,,,,,,,,,,,
35908,55.02160732v1,55,,114,3,,4/24/2023 21:16,,,,6,,,,,61,2.93,246.12,,,,,,,,,,,,
35909,10.02160856v1,10,,2,3,,4/24/2023 22:03,,,,3,,,,,32,2.85,136.8,,,,,,,,,,,,
35910,10.02160268v1,10,,2,1,,4/26/2023 17:22,,,,42,,,,,500,1.96,1011.36,,,,,,,,,,,,
35911,10.02147213v4,10,,2,1,,4/25/2023 18:58,,,,100,,,,,1200,1.71,2072.52,,,,,,,,,,,,
35912,10.02158400v1,10,,2,4,,4/25/2023 15:00,,,,3,,,,,30,2.83,135.84,,,,,,,,,,,,
35913,10.02147024v1,10,,2,4,,4/25/2023 19:01,,,,10,,,,,120,2.71,357.72,,,,,,,,,,,,
35915,10.0275586v2,10,,2,4,,4/25/2023 15:48,,,,5,,,,,60,2.83,203.76,,,,,,,,,,,,
35915,10.0275584v2,10,,2,4,,4/25/2023 15:48,,,,5,,,,,60,2.83,203.76,,,,,,,,,,,,
35915,10.0275587v2,10,,2,4,,4/25/2023 15:48,,,,5,,,,,60,2.83,203.76,,,,,,,,,,,,
35916,10.02157877v1,10,,2,4,,4/25/2023 15:27,,,,31,,,,,370,2.54,975.36,,,,,,,,,,,,
35916,10.02157921v1,10,,2,4,,4/25/2023 15:27,,,,31,,,,,370,2.54,975.36,,,,,,,,,,,,
35916,10.02157910v1,10,,2,4,,4/25/2023 15:27,,,,31,,,,,370,2.54,975.36,,,,,,,,,,,,
35916,10.01158038v1,10,,2,4,,4/25/2023 15:27,,,,8,,,,,90,2.83,305.64,,,,,,,,,,,,
35917,10.02161213v1,10,,2,1,,4/25/2023 16:04,,,,10,,,,,120,2.23,294.36,,,,,,,,,,,,
35917,10.02161214v1,10,,2,1,,4/25/2023 16:04,,,,10,,,,,120,2.23,294.36,,,,,,,,,,,,
35918,10.0235104v3,10,,2,1,,4/25/2023 16:21,,,,10,,,,,120,2.23,294.36,,,,,,,,,,,,
35919,17.02131953v1,17,,9,1,,4/26/2023 19:57,,,,5,,,,,60,2.56,184.32,,,,,,,,,,,,
35920,10.02159114v2,10,,2,1,,4/25/2023 16:47,,,,21,,,,,250,1.96,517.44,,,,,,,,,,,,
35921,10.02158055v1,10,,2,1,,4/25/2023 19:53,,,,22,,,,,260,1.96,540.96,,,,,,,,,,,,
35922,932161251v1,93,500,120,10,45068,4/25/2023 18:25,Distributor,existingbusiness,13126400422,42,1.31,0,675.96,655,,,,,,,,,,,,,,,
35924,55.02151098v4,55,,114,1,,4/25/2023 20:09,,,,21,,,,,250,1.96,517.44,,,,,,,,,,,,
35925,10.02161287v1,10,,2,1,,4/25/2023 18:25,,,,3,,,,,30,3.5,168,,,,,,,,,,,,
35926,10.02136118v1,10,,2,1,,4/25/2023 18:13,,,,11,,,,,125,2.23,321.12,,,,,,,,,,,,
35926,10.02135358v1,10,,2,1,,4/25/2023 18:13,,,,11,,,,,125,2.23,321.12,,,,,,,,,,,,
35926,10.02134193v1,10,,2,1,,4/25/2023 18:13,,,,21,,,,,250,1.96,517.44,,,,,,,,,,,,
35927,10.02144411v3,10,,2,1,,4/25/2023 20:31,,,,84,,,,,1000,1.79,1825.8,,,,,,,,,,,,
35928,10.02161236v1,10,,2,1,,4/25/2023 18:35,,,,42,,,,,500,1.96,1011.36,,,,,,,,,,,,
35929,932161295v1,93,300,120,10,45065,4/25/2023 20:51,Distributor,existingbusiness,12580989741,25,1.42,0,443.04,426,,,,,,,,,,,,,,,
35930,10.02109344v2,10,,2,3,,4/25/2023 19:54,,,,4,,,,,40,2.85,171,,,,,,,,,,,,
35931,10.02147244v9,10,,2,1,,4/25/2023 20:07,,,,15,,,,,175,1.96,376.32,,,,,,,,,,,,
35932,10.0235136v3,10,,2,1,,4/27/2023 18:45,,,,75,,,,,900,1.79,1632.48,,,,,,,,,,,,
35933,17.02161202v1,17,,9,1,,4/26/2023 14:41,,,,30,,,,,360,1.96,729.12,,,,,,,,,,,,
35934,10.02131146v1,10,,2,1,,4/27/2023 13:51,,,,11,,,,,124,2.23,321.12,,,,,,,,,,,,
35935,10.02159752v1,10,,2,4,,4/25/2023 21:53,,,,9,,,,,100,2.83,339.6,,,,,,,,,,,,
35936,55.02159914v1,55,,114,4,,4/26/2023 2:15,,,,5,,,,,60,3,216,,,,,,,,,,,,
35937,10.0235867v1,10,,2,4,,4/26/2023 13:58,,,,5,,,,,60,2.83,203.76,,,,,,,,,,,,
35938,10.02154732v1,10,,2,3,,4/25/2023 22:22,,,,21,,,,,250,2.54,670.56,,,,,,,,,,,,
35939,932161334v1,93,2000,120,10,45063,4/25/2023 23:43,Distributor,existingbusiness,13135293368,167,1.2,0,2419.2,2400,,,,,,,,,,,,,,,
35940,10.02161297v1,10,,2,1,,4/26/2023 15:46,,,,25,,,,,300,1.96,611.52,,,,,,,,,,,,
35941,55.02156761v1,55,,114,1,,4/25/2023 22:52,,,,20,,,,,240,1.96,493.92,,,,,,,,,,,,
35942,,70,,,1,45051,4/26/2023 17:16,,,,,,,,,,2.23,,29572,120,18453,40934,118,15685,132,116350,4/26/2023 16:45,5/5/2023,10,294.36
35943,10.0257502v1,10,,2,3,,4/28/2023 18:19,,,,53,,,,,625,2.28,1477.44,,,,,,,,,,,,
35944,10.02113835v1,10,,2,4,,4/26/2023 2:28,,,,13,,,,,150,2.54,426.72,,,,,,,,,,,,
35945,10.02147109v2,10,,2,1,,4/26/2023 5:00,,,,21,,,,,250,1.96,517.44,,,,,,,,,,,,
35946,10.02132627v1,10,,2,3,,4/26/2023 13:31,,,,17,,,,,200,2.54,548.64,,,,,,,,,,,,
35947,10.0284007v1,10,,2,1,,4/26/2023 14:19,,,,17,,,,,200,1.96,423.36,,,,,,,,,,,,
35948,10.0231293v1,10,,2,3,,4/26/2023 14:50,,,,167,,,,,2000,2.01,4052.16,,,,,,,,,,,,
35949,932157854v4,93,150,120,10,45065,4/26/2023 17:11,Direct,existingbusiness,13136129567,13,1.8,0,302.4,270,,,,,,,,,,,,,,,
35950,55.02161261v1,55,,114,3,,4/26/2023 15:08,,,,10,,,,,120,2.8,369.6,,,,,,,,,,,,
35950,55.02161253v1,55,,114,3,,4/26/2023 15:08,,,,10,,,,,120,2.8,369.6,,,,,,,,,,,,
35951,10.029297v1,10,,2,1,,5/9/2023 16:55,,,,13,,,,,150,1.96,329.28,,,,,,,,,,,,
35952,10.02155890v1,10,,2,1,,4/26/2023 16:06,,,,50,,,,,600,1.88,1150.56,,,,,,,,,,,,
35953,10.02144950v1,10,,2,4,,4/27/2023 13:57,,,,42,,,,,500,2.54,1310.64,,,,,,,,,,,,
35954,9102156592v2,910,50000,25,5,45159,4/26/2023 20:13,Distributor,newbusiness,13043768924,4167,0.64,0,32010.24,32000,,,,,,,,,,,,,,,
35955,10.02160047v2,10,,2,1,,4/26/2023 16:30,,,,3,,,,,30,3.5,168,,,,,,,,,,,,
35956,10.02140572v1,10,,2,3,,4/26/2023 17:05,,,,15,,,,,175,2.54,487.68,,,,,,,,,,,,
35957,10.02120678v1,10,,2,3,,4/26/2023 18:41,,,,5,,,,,60,2.85,205.2,,,,,,,,,,,,
35958,10.02159977v1,10,,2,1,,4/26/2023 16:37,,,,11,,,,,125,2.23,321.12,,,,,,,,,,,,
35958,10.02159983v1,10,,2,1,,4/26/2023 16:37,,,,11,,,,,125,2.23,321.12,,,,,,,,,,,,
35959,10.02161365v1,10,,2,4,,4/27/2023 14:32,,,,10,,,,,120,2.71,357.72,,,,,,,,,,,,
35960,10.0219978v1,10,,2,3,,4/26/2023 17:38,,,,21,,,,,250,2.54,670.56,,,,,,,,,,,,
35961,932161980v1,93,650,120,10,45077,4/27/2023 20:34,Distributor,existingbusiness,10444735045,55,1.31,0,880.32,851.5,,,,,,,,,,,,,,,
35961,93246471v3,93,650,120,10,45077,4/27/2023 20:34,Distributor,existingbusiness,10444735045,55,1.31,0,880.32,851.5,,,,,,,,,,,,,,,
35961,93246473v5,93,650,120,10,45077,4/27/2023 20:34,Distributor,existingbusiness,10444735045,55,1.31,0,880.32,851.5,,,,,,,,,,,,,,,
35962,10.02144411v3,10,,2,1,,4/26/2023 21:19,,,,5,,,,,60,2.56,184.32,,,,,,,,,,,,
35963,10.02120975v1,10,,2,4,,4/26/2023 18:12,,,,6,,,,,62,2.83,237.72,,,,,,,,,,,,
35964,10.02159206v2,10,,2,4,,4/26/2023 18:13,,,,5,,,,,60,2.83,203.76,,,,,,,,,,,,
35965,55.02159896v1,55,,114,1,,4/26/2023 19:55,,,,21,,,,,250,1.96,517.44,,,,,,,,,,,,
35966,55.02161595v1,55,,114,1,,4/26/2023 21:31,,,,10,,,,,120,2.23,294.36,,,,,,,,,,,,
35967,10.02158464v1,10,,2,3,,4/28/2023 14:13,,,,20,,,,,240,2.54,640.08,,,,,,,,,,,,
35968,10.02161450v1,10,,2,1,,4/26/2023 19:58,,,,42,,,,,500,1.96,1011.36,,,,,,,,,,,,
35969,10.0260748v1,10,,2,1,,4/26/2023 18:46,,,,9,,,,,100,2.56,307.2,,,,,,,,,,,,
35970,932161461v2,93,120,120,10,45068,4/26/2023 20:22,Wholesale,existingbusiness,13117807983,10,1.8,0,237.6,216,,,,,,,,,,,,,,,
35971,10.02147416v1,10,,2,1,,4/26/2023 20:14,,,,42,,,,,500,1.96,1011.36,,,,,,,,,,,,
35971,44.0255598v1,44,,21,1,,4/26/2023 20:14,,,,63,,,,,750,1.79,1374.72,,,,,,,,,,,,
35972,10.02159508v2,10,,2,4,,5/18/2023 13:03,,,,5,,,,,60,2.83,203.76,,,,,,,,,,,,
35973,10.02159112v3,10,,2,4,,4/26/2023 21:11,,,,63,,,,,750,2.01,1543.68,,,,,,,,,,,,
35974,10.02157384v1,10,,2,4,,4/26/2023 22:06,,,,16,,,,,181,2.54,518.16,,,,,,,,,,,,
35974,10.02157386v1,10,,2,4,,4/26/2023 22:06,,,,16,,,,,181,2.54,518.16,,,,,,,,,,,,
35975,10.02158689v2,10,,2,1,,4/26/2023 21:22,,,,25,,,,,300,1.96,611.52,,,,,,,,,,,,
35975,10.02154886v3,10,,2,1,,4/26/2023 21:22,,,,25,,,,,300,1.96,611.52,,,,,,,,,,,,
35976,41.02119724v1,41,,19,3,,4/26/2023 21:21,,,,3,,,,,30,2.93,140.64,,,,,,,,,,,,
35977,10.02161598v1,10,,2,1,,4/27/2023 13:25,,,,42,,,,,500,1.96,1011.36,,,,,,,,,,,,
35978,10.02161220v2,10,,2,1,,4/26/2023 22:56,,,,32,,,,,381,1.96,776.16,,,,,,,,,,,,
35979,10.02161587v1,10,,2,1,,4/27/2023 13:37,,,,14,,,,,160,1.96,352.8,,,,,,,,,,,,
35980,10.0237794v3,10,,2,3,,4/27/2023 13:43,,,,5,,,,,60,2.85,205.2,,,,,,,,,,,,
35981,10.02161460v1,10,,2,1,,4/26/2023 23:47,,,,21,,,,,244,1.96,517.44,,,,,,,,,,,,
35982,10.02161497v1,10,,2,4,,5/2/2023 16:00,,,,5,,,,,60,2.83,203.76,,,,,,,,,,,,
35983,10.02161284v1,10,,2,4,,4/27/2023 16:04,,,,9,,,,,100,2.83,339.6,,,,,,,,,,,,
35984,55.02155012v2,55,,114,3,,4/27/2023 13:57,,,,17,,,,,200,2.62,565.92,,,,,,,,,,,,
35985,10.02157347v1,10,,2,1,,4/27/2023 14:08,,,,17,,,,,200,1.96,423.36,,,,,,,,,,,,
35986,10.02161534v1,10,,2,1,,4/27/2023 14:41,,,,5,,,,,59,3.5,252,,,,,,,,,,,,
35987,55.02160516v1,55,,114,4,,4/27/2023 16:35,,,,5,,,,,60,3,216,,,,,,,,,,,,
35988,10.02161580v1,10,,2,4,,4/27/2023 15:20,,,,5,,,,,60,2.83,203.76,,,,,,,,,,,,
35989,10.02160858v2,10,,2,1,,4/27/2023 20:30,,,,3,,,,,30,3.5,168,,,,,,,,,,,,
35990,10.02161614v2,10,,2,1,,4/27/2023 18:01,,,,21,,,,,250,1.96,517.44,,,,,,,,,,,,
35990,10.02161614v1,10,,2,1,,4/27/2023 18:01,,,,21,,,,,250,1.96,517.44,,,,,,,,,,,,
35991,10.02162357v1,10,,2,3,,4/27/2023 22:55,,,,5,,,,,60,2.85,205.2,,,,,,,,,,,,
35991,10.02162356v1,10,,2,3,,4/27/2023 22:55,,,,5,,,,,60,2.85,205.2,,,,,,,,,,,,
35991,10.02153759v4,10,,2,3,,4/27/2023 22:55,,,,20,,,,,240,2.54,640.08,,,,,,,,,,,,
35992,10.02155890v1,10,,2,1,,4/28/2023 16:36,,,,182,,,,,2175,1.71,3755.16,,,,,,,,,,,,
35993,10.02161861v1,10,,2,4,,5/19/2023 17:32,,,,5,,,,,60,2.83,203.76,,,,,,,,,,,,
35994,10.02155718v4,10,,2,3,,4/27/2023 18:43,,,,50,,,,,600,2.28,1395.36,,,,,,,,,,,,
35995,10.0235192v1,10,,2,3,,4/27/2023 19:03,,,,25,,,,,300,2.54,792.48,,,,,,,,,,,,
35996,10.02100392v1,10,,2,3,,4/28/2023 15:34,,,,21,,,,,250,2.54,670.56,,,,,,,,,,,,
35997,10.02161071v2,10,,2,1,,4/27/2023 20:05,,,,3,,,,,30,3.5,168,,,,,,,,,,,,
35997,,70,,,1,45055,4/27/2023 20:05,,,,,,,,,,2.56,,29609,60,18507,41043,118,15728,72,116697,4/27/2023 20:02,5/8/2023,5,184.32
35997,,70,,,1,45055,4/27/2023 20:05,,,,,,,,,,2.56,,29606,60,18507,41041,118,15728,72,116697,4/27/2023 20:02,5/8/2023,5,184.32
35998,10.02136130v1,10,,2,4,,4/27/2023 19:52,,,,21,,,,,250,2.54,670.56,,,,,,,,,,,,
35999,10.02154851v1,10,,2,4,,4/27/2023 20:03,,,,20,,,,,240,2.54,640.08,,,,,,,,,,,,
35999,10.02149140v3,10,,2,4,,4/27/2023 20:03,,,,20,,,,,240,2.54,640.08,,,,,,,,,,,,
36000,10.02115583v3,10,,2,1,,5/4/2023 14:40,,,,34,,,,,400,1.96,823.2,,,,,,,,,,,,
36001,10.02161103v1,10,,2,3,,4/27/2023 19:40,,,,11,,,,,122,2.72,391.68,,,,,,,,,,,,
36002,10.02152925v1,10,,2,3,,4/27/2023 21:23,,,,5,,,,,60,2.85,205.2,,,,,,,,,,,,
36003,17.02161932v1,17,,9,1,,5/3/2023 15:10,,,,21,,,,,250,1.96,517.44,,,,,,,,,,,,
36004,10.02122674v2,10,,2,1,,4/28/2023 16:19,,,,21,,,,,250,1.96,517.44,,,,,,,,,,,,
36005,10.02153969v1,10,,2,1,,4/27/2023 20:44,,,,5,,,,,60,2.56,184.32,,,,,,,,,,,,
36006,10.02151381v1,10,,2,3,,4/27/2023 21:56,,,,292,,,,,3500,1.72,6047.52,,,,,,,,,,,,
36007,10.02101812v1,10,,2,1,,5/12/2023 11:51,,,,6,,,,,62,2.56,215.04,,,,,,,,,,,,
36008,10.0290722v5,10,,2,4,,4/28/2023 18:37,,,,21,,,,,250,2.54,670.56,,,,,,,,,,,,
36009,46.02160394v1,46,,113,1,,4/28/2023 16:52,,,,5,,,,,60,2.56,184.32,,,,,,,,,,,,
36010,10.02161647v3,10,,2,3,,4/27/2023 21:41,,,,7,,,,,75,2.85,273.6,,,,,,,,,,,,
36011,10.02162711v1,10,,2,1,,5/12/2023 21:45,,,,90,,,,,1070,1.79,1954.68,,,,,,,,,,,,
36012,55.02161523v2,55,,114,1,,5/4/2023 19:49,,,,42,,,,,500,1.96,1011.36,,,,,,,,,,,,
36013,10.02137972v2,10,,2,3,,4/27/2023 23:33,,,,6,,,,,62,2.85,239.4,,,,,,,,,,,,
36014,10.02161744v1,10,,2,4,,4/28/2023 17:54,,,,10,,,,,120,2.71,357.72,,,,,,,,,,,,
36014,10.02161759v2,10,,2,4,,4/28/2023 17:54,,,,10,,,,,120,2.71,357.72,,,,,,,,,,,,
36014,10.02161755v1,10,,2,4,,4/28/2023 17:54,,,,10,,,,,120,2.71,357.72,,,,,,,,,,,,
36014,10.02161754v2,10,,2,4,,4/28/2023 17:54,,,,10,,,,,120,2.71,357.72,,,,,,,,,,,,
36016,10.0224743v2,10,,2,4,,4/28/2023 15:59,,,,5,,,,,60,2.83,203.76,,,,,,,,,,,,
36017,55.02162040v1,55,,114,4,,4/28/2023 15:40,,,,25,,,,,292,2.7,842.4,,,,,,,,,,,,
36018,10.02159684v1,10,,2,3,,4/28/2023 20:33,,,,5,,,,,50,2.85,205.2,,,,,,,,,,,,
36019,10.02122883v2,10,,2,3,,5/2/2023 21:18,,,,20,,,,,240,2.54,640.08,,,,,,,,,,,,
36020,46.02155828v2,46,,113,3,,4/28/2023 16:52,,,,10,,,,,120,2.72,359.04,,,,,,,,,,,,
36020,46.02155836v2,46,,113,3,,4/28/2023 16:52,,,,10,,,,,120,2.72,359.04,,,,,,,,,,,,
36020,46.02155978v1,46,,113,3,,4/28/2023 16:52,,,,10,,,,,120,2.72,359.04,,,,,,,,,,,,
36021,55.02157491v3,55,,114,3,,4/28/2023 15:32,,,,10,,,,,120,2.8,369.6,,,,,,,,,,,,
36022,12.02103830v1,12,,4,1,,4/28/2023 16:45,,,,5,,,,,60,2.23,160.56,,,,,,,,,,,,
36023,10.02122911v2,10,,2,1,,4/28/2023 16:11,,,,11,,,,,125,2.23,321.12,,,,,,,,,,,,
36023,10.02122913v2,10,,2,1,,4/28/2023 16:11,,,,11,,,,,125,2.23,321.12,,,,,,,,,,,,
36024,10.02160699v1,10,,2,4,,5/1/2023 19:47,,,,5,,,,,60,2.83,203.76,,,,,,,,,,,,
36025,17.02153900v4,17,,9,4,,5/1/2023 15:20,,,,9,,,,,100,2.83,339.6,,,,,,,,,,,,
36025,17.02153894v3,17,,9,4,,5/1/2023 15:20,,,,9,,,,,100,2.83,339.6,,,,,,,,,,,,
36025,17.0267818v3,17,,9,4,,5/1/2023 15:20,,,,9,,,,,100,2.83,339.6,,,,,,,,,,,,
36026,10.02112164v1,10,,2,3,,5/1/2023 12:41,,,,5,,,,,60,2.85,205.2,,,,,,,,,,,,
36027,10.02161538v1,10,,2,4,,4/28/2023 20:34,,,,10,,,,,120,2.71,357.72,,,,,,,,,,,,
36029,932136030v2,93,240,120,10,45071,5/1/2023 18:09,Distributor,existingbusiness,13173265057,20,1.42,0,357.84,340.8,,,,,,,,,,,,,,,
36030,55.02156212v3,55,,114,1,,4/28/2023 19:54,,,,59,,,,,700,1.88,1353.6,,,,,,,,,,,,
36031,10.02104736v4,10,,2,4,,4/28/2023 19:54,,,,15,,,,,180,2.54,487.68,,,,,,,,,,,,
36031,10.02106533v1,10,,2,4,,4/28/2023 19:54,,,,5,,,,,60,2.83,203.76,,,,,,,,,,,,
36032,10.02121503v8,10,,2,3,,4/28/2023 19:42,,,,10,,,,,120,2.72,359.04,,,,,,,,,,,,
36033,10.02162050v1,10,,2,1,,4/28/2023 22:23,,,,36,,,,,430,1.96,870.24,,,,,,,,,,,,
36035,10.0262821v1,10,,2,3,,4/28/2023 21:12,,,,34,,,,,400,2.54,1066.8,,,,,,,,,,,,
36036,10.02144339v5,10,,2,1,,4/28/2023 20:12,,,,10,,,,,120,2.23,294.36,,,,,,,,,,,,
36038,10.02161530v2,10,,2,4,,5/1/2023 22:37,,,,7,,,,,80,2.83,271.68,,,,,,,,,,,,
36040,55.02162242v1,55,,114,1,,4/28/2023 21:58,,,,5,,,,,60,2.56,184.32,,,,,,,,,,,,
36041,17.02161795v2,17,,9,4,,5/1/2023 16:25,,,,42,,,,,500,2.54,1310.64,,,,,,,,,,,,
36042,13.05156435v2,13,,5,3,,4/28/2023 22:24,,,,17,,,,,200,1.58,341.28,,,,,,,,,,,,
36043,10.02150502v1,10,,2,1,,5/1/2023 17:22,,,,32,,,,,382,1.96,776.16,,,,,,,,,,,,
36045,10.02162228v1,10,,2,1,,5/1/2023 13:51,,,,13,,,,,150,1.96,329.28,,,,,,,,,,,,
36046,10.02124448v1,10,,2,1,,5/2/2023 16:09,,,,20,,,,,240,1.96,493.92,,,,,,,,,,,,
36047,10.02162230v1,10,,2,4,,5/1/2023 15:22,,,,5,,,,,60,2.83,203.76,,,,,,,,,,,,
36047,10.02162229v1,10,,2,4,,5/1/2023 15:22,,,,5,,,,,60,2.83,203.76,,,,,,,,,,,,
36049,10.02156332v1,10,,2,3,,4/30/2023 22:39,,,,84,,,,,1000,2.01,2050.2,,,,,,,,,,,,
36050,10.02161835v1,10,,2,4,,5/1/2023 15:36,,,,10,,,,,120,2.71,357.72,,,,,,,,,,,,
36051,55.02162340v1,55,,114,1,,4/29/2023 0:38,,,,5,,,,,60,2.56,184.32,,,,,,,,,,,,
36052,10.0219502v8,10,,2,4,,5/3/2023 14:16,,,,7,,,,,75,2.83,271.68,,,,,,,,,,,,
36053,10.02155888v5,10,,2,4,,4/30/2023 22:40,,,,11,,,,,125,2.71,390.24,,,,,,,,,,,,
36054,10.02159201v1,10,,2,4,,5/1/2023 13:39,,,,5,,,,,60,2.83,203.76,,,,,,,,,,,,
36055,10.02150114v4,10,,2,1,,5/1/2023 18:21,,,,40,,,,,480,1.96,964.32,,,,,,,,,,,,
36056,10.02161908v2,10,,2,1,,5/1/2023 20:55,,,,3,,,,,30,3.5,168,,,,,,,,,,,,
36059,10.02142253v1,10,,2,3,,5/1/2023 19:31,,,,6,,,,,61,2.85,239.4,,,,,,,,,,,,
36060,10.02150219v2,10,,2,1,,5/1/2023 17:07,,,,13,,,,,150,1.96,329.28,,,,,,,,,,,,
36060,10.02150222v2,10,,2,1,,5/1/2023 17:07,,,,13,,,,,150,1.96,329.28,,,,,,,,,,,,
36061,10.0289865v1,10,,2,1,,5/1/2023 18:36,,,,5,,,,,60,2.56,184.32,,,,,,,,,,,,
36062,10.02162366v1,10,,2,3,,5/2/2023 14:00,,,,3,,,,,30,2.85,136.8,,,,,,,,,,,,
36063,10.0287306v2,10,,2,3,,5/1/2023 17:29,,,,21,,,,,250,2.54,670.56,,,,,,,,,,,,
36065,10.02158275v2,10,,2,1,,5/1/2023 19:24,,,,3,,,,,30,3.5,168,,,,,,,,,,,,
36066,55.02162153v1,55,,114,4,,5/1/2023 19:22,,,,9,,,,,100,3,360,,,,,,,,,,,,
36067,10.02162363v1,10,,2,1,,5/1/2023 18:57,,,,25,,,,,300,1.96,611.52,,,,,,,,,,,,
36068,10.02160036v2,10,,2,1,,5/1/2023 22:55,,,,23,,,,,275,1.96,564.48,,,,,,,,,,,,
36069,55.02162403v1,55,,114,3,,5/1/2023 19:25,,,,5,,,,,60,2.93,210.96,,,,,,,,,,,,
36069,55.02162404v1,55,,114,3,,5/1/2023 19:25,,,,5,,,,,60,2.93,210.96,,,,,,,,,,,,
36070,55.02163337v1,55,,114,3,,5/4/2023 21:50,,,,9,,,,,100,2.93,351.6,,,,,,,,,,,,
36071,55.0290864v3,55,,114,1,,5/18/2023 22:50,,,,20,,,,,240,1.96,493.92,,,,,,,,,,,,
36073,10.0236225v1,10,,2,4,,5/2/2023 14:43,,,,25,,,,,300,2.54,792.48,,,,,,,,,,,,
36074,10.02161260v1,10,,2,1,,5/2/2023 22:03,,,,11,,,,,125,2.23,321.12,,,,,,,,,,,,
36075,10.026879v2,10,,2,1,,5/3/2023 16:02,,,,40,,,,,480,1.96,964.32,,,,,,,,,,,,
36076,17.02161243v4,17,,9,1,,5/1/2023 22:00,,,,20,,,,,240,1.96,493.92,,,,,,,,,,,,
36077,10.02162446v1,10,,2,1,,5/1/2023 22:00,,,,17,,,,,200,1.96,423.36,,,,,,,,,,,,
36078,10.02159227v1,10,,2,1,,5/2/2023 16:07,,,,42,,,,,500,1.96,1011.36,,,,,,,,,,,,
36079,10.0264857v1,10,,2,3,,5/2/2023 11:53,,,,10,,,,,120,2.72,359.04,,,,,,,,,,,,
36079,10.0264469v2,10,,2,3,,5/2/2023 11:53,,,,10,,,,,120,2.72,359.04,,,,,,,,,,,,
36080,10.02162395v1,10,,2,4,,5/2/2023 13:59,,,,5,,,,,60,2.83,203.76,,,,,,,,,,,,
36081,10.02156442v1,10,,2,1,,5/3/2023 3:59,,,,7,,,,,75,2.56,245.76,,,,,,,,,,,,
36081,10.02156441v1,10,,2,1,,5/3/2023 3:59,,,,7,,,,,75,2.56,245.76,,,,,,,,,,,,
36082,10.0225572v1,10,,2,4,,5/2/2023 15:10,,,,20,,,,,240,2.54,640.08,,,,,,,,,,,,
36083,10.02162420v1,10,,2,1,,5/2/2023 19:36,,,,42,,,,,500,1.96,1011.36,,,,,,,,,,,,
36084,46.02160325v2,46,,113,1,,5/2/2023 20:34,,,,10,,,,,120,2.23,294.36,,,,,,,,,,,,
36085,10.0216604v1,10,,2,4,,5/2/2023 19:28,,,,5,,,,,60,2.83,203.76,,,,,,,,,,,,
36085,10.0216603v1,10,,2,4,,5/2/2023 19:28,,,,5,,,,,60,2.83,203.76,,,,,,,,,,,,
36086,10.0299660v2,10,,2,3,,5/2/2023 13:27,,,,10,,,,,120,2.72,359.04,,,,,,,,,,,,
36086,10.02114472v1,10,,2,3,,5/2/2023 13:27,,,,10,,,,,120,2.72,359.04,,,,,,,,,,,,
36087,55.02153338v1,55,,114,1,,5/2/2023 13:52,,,,10,,,,,120,2.23,294.36,,,,,,,,,,,,
36088,55.02119053v1,55,,114,1,,5/3/2023 14:44,,,,15,,,,,180,1.96,376.32,,,,,,,,,,,,
36088,55.02119055v1,55,,114,1,,5/3/2023 14:44,,,,15,,,,,180,1.96,376.32,,,,,,,,,,,,
36089,10.02162567v1,10,,2,1,,5/2/2023 15:12,,,,3,,,,,30,3.5,168,,,,,,,,,,,,
36090,44.02162218v1,44,,21,4,,5/2/2023 14:57,,,,6,,,,,65,3,252,,,,,,,,,,,,
36091,55.02162565v1,55,,114,3,,5/2/2023 16:54,,,,3,,,,,30,2.93,140.64,,,,,,,,,,,,
36092,10.02106503v4,10,,2,1,,5/2/2023 16:42,,,,7,,,,,80,2.56,245.76,,,,,,,,,,,,
36093,46.02162701v1,46,,113,1,,5/2/2023 14:51,,,,10,,,,,120,2.23,294.36,,,,,,,,,,,,
36093,46.03162839v1,46,,113,1,,5/2/2023 14:51,,,,3,,,,,30,3.5,168,,,,,,,,,,,,
36094,10.02162370v1,10,,2,1,,5/3/2023 15:47,,,,10,,,,,120,2.23,294.36,,,,,,,,,,,,
36094,10.02162371v1,10,,2,1,,5/3/2023 15:47,,,,10,,,,,120,2.23,294.36,,,,,,,,,,,,
36095,10.02162520v1,10,,2,3,,5/2/2023 16:09,,,,4,,,,,45,2.85,171,,,,,,,,,,,,
36096,55.02161341v1,55,,114,1,,5/2/2023 15:36,,,,14,,,,,160,1.96,352.8,,,,,,,,,,,,
36097,10.0258409v1,10,,2,1,,5/3/2023 12:21,,,,42,,,,,500,1.96,1011.36,,,,,,,,,,,,
36097,55.02149426v1,55,,114,1,,5/3/2023 12:21,,,,42,,,,,500,1.96,1011.36,,,,,,,,,,,,
36097,55.02149416v1,55,,114,1,,5/3/2023 12:21,,,,42,,,,,500,1.96,1011.36,,,,,,,,,,,,
36098,10.02150323v2,10,,2,4,,5/2/2023 15:43,,,,5,,,,,60,2.83,203.76,,,,,,,,,,,,
36100,10.0288438v1,10,,2,4,,5/2/2023 20:28,,,,5,,,,,60,2.83,203.76,,,,,,,,,,,,
36100,10.0288439v1,10,,2,4,,5/2/2023 20:28,,,,5,,,,,60,2.83,203.76,,,,,,,,,,,,
36100,10.02157617v1,10,,2,4,,5/2/2023 20:28,,,,5,,,,,60,2.83,203.76,,,,,,,,,,,,
36101,10.02156623v1,10,,2,1,,5/2/2023 20:43,,,,3,,,,,30,3.5,168,,,,,,,,,,,,
36101,10.02156628v1,10,,2,1,,5/2/2023 20:43,,,,3,,,,,30,3.5,168,,,,,,,,,,,,
36102,15.02162704v1,15,,7,3,,5/2/2023 18:46,,,,10,,,,,120,3.84,506.88,,,,,,,,,,,,
36103,10.02162175v1,10,,2,4,,5/2/2023 17:34,,,,13,,,,,150,2.54,426.72,,,,,,,,,,,,
36104,932161215v3,93,500,120,10,45076,5/2/2023 22:25,Distributor,existingbusiness,12993377355,42,1.31,0,675.96,655,,,,,,,,,,,,,,,
36105,46.02162590v1,46,,113,1,,5/2/2023 19:31,,,,5,,,,,60,2.56,184.32,,,,,,,,,,,,
36106,10.02133240v4,10,,2,4,,5/2/2023 19:20,,,,30,,,,,360,2.54,944.88,,,,,,,,,,,,
36107,10.0233038v2,10,,2,1,,5/4/2023 2:11,,,,17,,,,,200,1.96,423.36,,,,,,,,,,,,
36108,10.0283633v2,10,,2,3,,5/2/2023 20:32,,,,10,,,,,120,2.72,359.04,,,,,,,,,,,,
36109,55.02162294v2,55,,114,4,,5/3/2023 20:36,,,,10,,,,,120,2.88,380.16,,,,,,,,,,,,
36110,10.0272978v1,10,,2,1,,5/2/2023 19:44,,,,84,,,,,1000,1.79,1825.8,,,,,,,,,,,,
36111,46.02156779v1,46,,113,3,,5/4/2023 23:01,,,,67,,,,,800,2.01,1640.16,,,,,,,,,,,,
36111,46.02159401v2,46,,113,3,,5/4/2023 23:01,,,,100,,,,,1200,2.01,2436.12,,,,,,,,,,,,
36112,10.02157522v2,10,,2,3,,5/2/2023 22:27,,,,9,,,,,100,2.85,342,,,,,,,,,,,,
36113,46.02162846v1,46,,113,1,,5/2/2023 19:25,,,,5,,,,,60,2.56,184.32,,,,,,,,,,,,
36114,55.02161745v3,55,,114,1,,5/3/2023 21:02,,,,28,,,,,327,1.96,682.08,,,,,,,,,,,,
36114,10.02161501v1,10,,2,1,,5/3/2023 21:02,,,,28,,,,,327,1.96,682.08,,,,,,,,,,,,
36115,10.0283499v2,10,,2,1,,5/3/2023 20:02,,,,5,,,,,60,2.56,184.32,,,,,,,,,,,,
36116,10.02117926v1,10,,2,1,,5/2/2023 20:33,,,,13,,,,,150,1.96,329.28,,,,,,,,,,,,
36117,10.02148019v5,10,,2,1,,5/3/2023 15:10,,,,15,,,,,180,1.96,376.32,,,,,,,,,,,,
36118,55.02158878v1,55,,114,1,,5/2/2023 22:15,,,,10,,,,,120,2.23,294.36,,,,,,,,,,,,
36119,55.02155619v1,55,,114,4,,5/2/2023 21:16,,,,63,,,,,750,2.18,1674.24,,,,,,,,,,,,
36120,10.02159644v1,10,,2,3,,5/2/2023 21:22,,,,5,,,,,60,2.85,205.2,,,,,,,,,,,,
36121,10.0251287v1,10,,2,1,,5/2/2023 21:33,,,,10,,,,,120,2.23,294.36,,,,,,,,,,,,
36122,17.02121135v2,17,,9,4,,5/3/2023 16:27,,,,5,,,,,50,2.83,203.76,,,,,,,,,,,,
36123,932162928v1,93,300,120,10,45072,5/3/2023 18:06,Distributor,existingbusiness,13209218616,25,1.42,0,443.04,426,,,,,,,,,,,,,,,
36124,10.02161302v2,10,,2,1,,5/3/2023 15:57,,,,17,,,,,200,1.96,423.36,,,,,,,,,,,,
36125,10.0232494v1,10,,2,1,,5/3/2023 13:54,,,,13,,,,,150,1.96,329.28,,,,,,,,,,,,
36126,10.02162337v1,10,,2,1,,5/2/2023 23:16,,,,5,,,,,60,2.56,184.32,,,,,,,,,,,,
36127,10.02162926v1,10,,2,1,,5/3/2023 0:01,,,,17,,,,,200,1.96,423.36,,,,,,,,,,,,
36128,55.02130604v1,55,,114,4,,5/3/2023 9:51,,,,5,,,,,60,3,216,,,,,,,,,,,,
36130,10.02161970v1,10,,2,4,,5/3/2023 14:00,,,,5,,,,,60,2.83,203.76,,,,,,,,,,,,
36131,55.02160907v2,55,,114,3,,5/3/2023 14:56,,,,25,,,,,300,2.62,817.44,,,,,,,,,,,,
36132,10.02161896v1,10,,2,3,,5/3/2023 15:17,,,,5,,,,,60,2.85,205.2,,,,,,,,,,,,
36132,10.02161883v1,10,,2,3,,5/3/2023 15:17,,,,5,,,,,60,2.85,205.2,,,,,,,,,,,,
36133,10.02118438v2,10,,2,1,,5/3/2023 15:21,,,,11,,,,,124,2.23,321.12,,,,,,,,,,,,
36134,10.0247295v1,10,,2,3,,5/3/2023 17:26,,,,18,,,,,211,2.54,579.12,,,,,,,,,,,,
36135,10.02162545v1,10,,2,1,,5/3/2023 18:25,,,,21,,,,,250,1.96,517.44,,,,,,,,,,,,
36136,10.02162551v1,10,,2,1,,5/3/2023 18:21,,,,21,,,,,250,1.96,517.44,,,,,,,,,,,,
36137,10.02162920v1,10,,2,1,,5/3/2023 16:18,,,,15,,,,,175,1.96,376.32,,,,,,,,,,,,
36138,932163010v1,93,120,120,10,45072,5/3/2023 21:13,Direct,existingbusiness,13216393989,10,1.8,0,237.6,216,,,,,,,,,,,,,,,
36138,932163011v1,93,120,120,10,45072,5/3/2023 21:13,Direct,existingbusiness,13216393989,10,1.8,0,237.6,216,,,,,,,,,,,,,,,
36139,10.02162189v2,10,,2,3,,5/15/2023 21:45,,,,209,,,,,2500,1.72,4334.4,,,,,,,,,,,,
36140,55.02161811v1,55,,114,1,,5/4/2023 15:25,,,,10,,,,,120,2.23,294.36,,,,,,,,,,,,
36140,55.02161813v1,55,,114,1,,5/4/2023 15:25,,,,10,,,,,120,2.23,294.36,,,,,,,,,,,,
36141,10.02163184v1,10,,2,4,,5/3/2023 22:30,,,,9,,,,,100,2.83,339.6,,,,,,,,,,,,
36142,10.02161888v1,10,,2,4,,5/3/2023 19:51,,,,9,,,,,100,2.83,339.6,,,,,,,,,,,,
36143,13.05163137v1,13,,5,3,,5/3/2023 22:44,,,,35,,,,,410,1.58,682.56,,,,,,,,,,,,
36145,10.02162665v2,10,,2,3,,5/3/2023 18:54,,,,3,,,,,35,2.85,136.8,,,,,,,,,,,,
36146,10.02156703v2,10,,2,1,,5/10/2023 14:49,,,,10,,,,,120,2.23,294.36,,,,,,,,,,,,
36147,10.02162529v2,10,,2,1,,5/3/2023 19:15,,,,15,,,,,170,1.96,376.32,,,,,,,,,,,,
36148,10.02162438v2,10,,2,4,,5/4/2023 18:41,,,,5,,,,,60,2.83,203.76,,,,,,,,,,,,
36149,55.02157905v1,55,,114,3,,5/3/2023 20:43,,,,9,,,,,98,2.93,351.6,,,,,,,,,,,,
36150,10.0298557v1,10,,2,1,,5/4/2023 17:22,,,,42,,,,,500,1.96,1011.36,,,,,,,,,,,,
36151,10.02160740v1,10,,2,1,,5/3/2023 21:15,,,,13,,,,,150,1.96,329.28,,,,,,,,,,,,
36152,10.02162926v1,10,,2,1,,5/3/2023 21:07,,,,59,,,,,700,1.88,1353.6,,,,,,,,,,,,
36153,10.02150431v3,10,,2,3,,5/3/2023 21:18,,,,24,,,,,288,2.54,762,,,,,,,,,,,,
36153,10.02150433v3,10,,2,3,,5/3/2023 21:18,,,,24,,,,,288,2.54,762,,,,,,,,,,,,
36154,10.02162869v1,10,,2,1,,5/4/2023 14:54,,,,25,,,,,300,1.96,611.52,,,,,,,,,,,,
36157,10.02163279v1,10,,2,4,,5/4/2023 15:26,,,,42,,,,,500,2.54,1310.64,,,,,,,,,,,,
36159,10.02102069v1,10,,2,3,,5/3/2023 22:14,,,,17,,,,,204,2.54,548.64,,,,,,,,,,,,
36160,10.02155189v2,10,,2,3,,5/3/2023 22:30,,,,5,,,,,60,2.85,205.2,,,,,,,,,,,,
36161,10.02158057v10,10,,2,3,,5/10/2023 18:45,,,,5,,,,,60,2.85,205.2,,,,,,,,,,,,
36162,10.0288519v3,10,,2,1,,5/4/2023 17:59,,,,10,,,,,120,2.23,294.36,,,,,,,,,,,,
36164,10.02115639v1,10,,2,3,,5/4/2023 14:20,,,,42,,,,,500,2.54,1310.64,,,,,,,,,,,,
36166,10.02159568v1,10,,2,1,,5/4/2023 18:58,,,,834,,,,,10000,1.52,15230.4,,,,,,,,,,,,
36166,10.02159565v1,10,,2,1,,5/4/2023 18:58,,,,834,,,,,10000,1.52,15230.4,,,,,,,,,,,,
36167,17.02162720v1,17,,9,4,,5/4/2023 15:51,,,,5,,,,,60,2.83,203.76,,,,,,,,,,,,
36168,10.0247476v1,10,,2,4,,5/4/2023 17:30,,,,5,,,,,50,2.83,203.76,,,,,,,,,,,,
36169,10.02164049v1,10,,2,1,,5/9/2023 17:45,,,,17,,,,,200,1.96,423.36,,,,,,,,,,,,
36170,10.0216674v1,10,,2,1,,5/4/2023 16:29,,,,20,,,,,240,1.96,493.92,,,,,,,,,,,,
36171,55.02161944v1,55,,114,1,,5/4/2023 19:36,,,,5,,,,,60,2.56,184.32,,,,,,,,,,,,
36172,10.02153021v1,10,,2,1,,5/4/2023 17:05,,,,25,,,,,300,1.96,611.52,,,,,,,,,,,,
36173,10.02118897v1,10,,2,4,,5/4/2023 20:00,,,,8,,,,,85,2.83,305.64,,,,,,,,,,,,
36174,10.02153021v1,10,,2,1,,5/4/2023 17:08,,,,14,,,,,165,1.96,352.8,,,,,,,,,,,,
36175,55.02153636v2,55,,114,4,,5/4/2023 17:23,,,,10,,,,,120,2.88,380.16,,,,,,,,,,,,
36176,10.02154671v2,10,,2,1,,5/4/2023 17:42,,,,25,,,,,300,1.96,611.52,,,,,,,,,,,,
36177,10.02130336v1,10,,2,4,,5/4/2023 19:06,,,,7,,,,,82,2.83,271.68,,,,,,,,,,,,
36179,55.02120517v2,55,,114,4,,5/4/2023 19:40,,,,20,,,,,240,2.7,680.4,,,,,,,,,,,,
36180,10.02163358v1,10,,2,1,,5/4/2023 20:44,,,,3,,,,,30,3.5,168,,,,,,,,,,,,
36181,10.0284005v5,10,,2,3,,5/4/2023 21:38,,,,42,,,,,500,2.54,1310.64,,,,,,,,,,,,
36182,10.02162274v1,10,,2,4,,5/5/2023 21:00,,,,5,,,,,60,2.83,203.76,,,,,,,,,,,,
36182,10.02162276v1,10,,2,4,,5/5/2023 21:00,,,,13,,,,,150,2.54,426.72,,,,,,,,,,,,
36182,10.02162280v1,10,,2,4,,5/5/2023 21:00,,,,9,,,,,100,2.83,339.6,,,,,,,,,,,,
36183,10.02157116v2,10,,2,4,,5/4/2023 20:42,,,,105,,,,,1250,2.01,2556.72,,,,,,,,,,,,
36184,10.02162894v1,10,,2,4,,5/4/2023 20:43,,,,13,,,,,150,2.54,426.72,,,,,,,,,,,,
36185,10.0293905v2,10,,2,3,,5/4/2023 20:16,,,,7,,,,,80,2.85,273.6,,,,,,,,,,,,
36186,10.02163222v1,10,,2,1,,5/5/2023 16:27,,,,3,,,,,30,3.5,168,,,,,,,,,,,,
36187,10.02162416v1,10,,2,4,,5/4/2023 21:19,,,,10,,,,,120,2.71,357.72,,,,,,,,,,,,
36187,10.02162413v1,10,,2,4,,5/4/2023 21:19,,,,10,,,,,120,2.71,357.72,,,,,,,,,,,,
36188,10.02151795v1,10,,2,4,,5/4/2023 23:05,,,,10,,,,,120,2.71,357.72,,,,,,,,,,,,
36189,10.02152043v1,10,,2,4,,5/4/2023 22:40,,,,17,,,,,200,2.54,548.64,,,,,,,,,,,,
36191,10.026879v2,10,,2,1,,5/4/2023 21:38,,,,9,,,,,100,2.56,307.2,,,,,,,,,,,,
36192,55.02158231v2,55,,114,4,,5/4/2023 21:58,,,,20,,,,,240,2.7,680.4,,,,,,,,,,,,
36193,10.02164024v1,10,,2,1,,5/10/2023 14:11,,,,42,,,,,500,1.96,1011.36,,,,,,,,,,,,
36194,12.02161959v1,12,,4,1,,5/4/2023 22:40,,,,15,,,,,175,1.63,312.96,,,,,,,,,,,,
36195,17.02131953v1,17,,9,1,,5/5/2023 13:48,,,,5,,,,,60,2.56,184.32,,,,,,,,,,,,
36196,10.02158689v2,10,,2,1,,5/10/2023 18:44,,,,42,,,,,500,1.96,1011.36,,,,,,,,,,,,
36197,10.02162933v2,10,,2,1,,5/5/2023 17:19,,,,11,,,,,124,2.23,321.12,,,,,,,,,,,,
36198,10.02154886v3,10,,2,1,,5/10/2023 18:46,,,,42,,,,,500,1.96,1011.36,,,,,,,,,,,,
36199,10.02163333v2,10,,2,1,,5/5/2023 14:38,,,,60,,,,,720,1.79,1310.28,,,,,,,,,,,,
36200,10.02162473v2,10,,2,4,,5/5/2023 15:00,,,,5,,,,,60,2.83,203.76,,,,,,,,,,,,
36201,10.02156866v1,10,,2,1,,5/5/2023 20:33,,,,42,,,,,500,1.96,1011.36,,,,,,,,,,,,
36202,17.02146721v3,17,,9,3,,5/5/2023 16:12,,,,200,,,,,2400,1.72,4148.64,,,,,,,,,,,,
36203,10.02151718v1,10,,2,1,,5/5/2023 15:56,,,,13,,,,,150,1.96,329.28,,,,,,,,,,,,
36205,10.02161738v2,10,,2,1,,5/5/2023 20:59,,,,100,,,,,1200,1.71,2072.52,,,,,,,,,,,,
36206,10.02163515v1,10,,2,4,,5/5/2023 20:03,,,,5,,,,,60,2.83,203.76,,,,,,,,,,,,
36206,10.02163516v1,10,,2,4,,5/5/2023 20:03,,,,5,,,,,60,2.83,203.76,,,,,,,,,,,,
36206,10.02163510v1,10,,2,4,,5/5/2023 20:03,,,,5,,,,,60,2.83,203.76,,,,,,,,,,,,
36206,10.02163514v1,10,,2,4,,5/5/2023 20:03,,,,5,,,,,60,2.83,203.76,,,,,,,,,,,,
36206,10.02163511v1,10,,2,4,,5/5/2023 20:03,,,,5,,,,,60,2.83,203.76,,,,,,,,,,,,
36207,11.02161895v7,11,,3,3,,5/5/2023 16:35,,,,5,,,,,60,3.02,217.44,,,,,,,,,,,,
36208,10.02163537v3,10,,2,4,,5/12/2023 10:47,,,,10,,,,,120,2.71,357.72,,,,,,,,,,,,
36210,46.02163554v1,46,,113,1,,5/8/2023 14:56,,,,21,,,,,250,1.96,517.44,,,,,,,,,,,,
36210,10.02162868v3,10,,2,1,,5/8/2023 14:56,,,,21,,,,,250,1.96,517.44,,,,,,,,,,,,
36211,10.02163280v4,10,,2,1,,5/5/2023 18:02,,,,10,,,,,120,2.23,294.36,,,,,,,,,,,,
36212,10.02163575v1,10,,2,4,,5/5/2023 20:02,,,,5,,,,,60,2.83,203.76,,,,,,,,,,,,
36213,10.02150522v1,10,,2,1,,5/8/2023 17:20,,,,13,,,,,150,1.96,329.28,,,,,,,,,,,,
36214,10.02159399v1,10,,2,4,,5/5/2023 19:43,,,,60,,,,,720,2.01,1471.32,,,,,,,,,,,,
36215,10.02132240v2,10,,2,3,,5/5/2023 21:02,,,,3,,,,,30,2.85,136.8,,,,,,,,,,,,
36215,10.02156160v1,10,,2,3,,5/5/2023 21:02,,,,3,,,,,30,2.85,136.8,,,,,,,,,,,,
36216,10.02162855v4,10,,2,1,,5/8/2023 15:45,,,,10,,,,,120,2.23,294.36,,,,,,,,,,,,
36216,10.02162600v3,10,,2,1,,5/8/2023 15:45,,,,10,,,,,120,2.23,294.36,,,,,,,,,,,,
36217,10.0238954v1,10,,2,1,,5/16/2023 14:35,,,,5,,,,,60,2.56,184.32,,,,,,,,,,,,
36218,10.02162734v2,10,,2,1,,5/5/2023 20:27,,,,25,,,,,300,1.96,611.52,,,,,,,,,,,,
36219,10.0246762v1,10,,2,1,,5/5/2023 21:46,,,,9,,,,,100,2.56,307.2,,,,,,,,,,,,
36220,55.02160107v1,55,,114,4,,5/5/2023 22:39,,,,84,,,,,1005,2.18,2223.6,,,,,,,,,,,,
36221,10.02163683v1,10,,2,1,,5/9/2023 2:27,,,,5,,,,,60,2.56,184.32,,,,,,,,,,,,
36222,10.02163562v1,10,,2,3,,5/5/2023 21:38,,,,5,,,,,60,2.85,205.2,,,,,,,,,,,,
36223,10.02100715v1,10,,2,3,,5/8/2023 16:24,,,,42,,,,,500,2.54,1310.64,,,,,,,,,,,,
36224,55.02155191v2,55,,114,3,,5/8/2023 16:07,,,,9,,,,,100,2.93,351.6,,,,,,,,,,,,
36226,55.02163811v1,55,,114,3,,5/8/2023 17:22,,,,3,,,,,30,2.93,140.64,,,,,,,,,,,,
36228,46.02163585v1,46,,113,1,,5/8/2023 16:27,,,,13,,,,,150,1.96,329.28,,,,,,,,,,,,
36229,10.04161603v1,10,,2,3,,5/10/2023 21:08,,,,20,,,,,240,2.54,640.08,,,,,,,,,,,,
36229,14.06161602v1,14,,6,3,,5/10/2023 21:08,,,,20,,,,,240,1.58,398.16,,,,,,,,,,,,
36231,10.02117132v2,10,,2,1,,5/8/2023 15:01,,,,5,,,,,60,2.56,184.32,,,,,,,,,,,,
36232,10.02163805v1,10,,2,1,,5/8/2023 16:08,,,,5,,,,,60,2.56,184.32,,,,,,,,,,,,
36233,10.02163653v1,10,,2,1,,5/8/2023 16:50,,,,42,,,,,500,1.96,1011.36,,,,,,,,,,,,
36234,10.02151536v2,10,,2,1,,5/8/2023 17:35,,,,42,,,,,500,1.96,1011.36,,,,,,,,,,,,
36235,10.02131135v2,10,,2,1,,5/8/2023 15:30,,,,10,,,,,120,2.23,294.36,,,,,,,,,,,,
36236,46.02163567v1,46,,113,1,,5/8/2023 16:40,,,,21,,,,,250,1.96,517.44,,,,,,,,,,,,
36237,10.02163831v1,10,,2,1,,5/8/2023 17:37,,,,42,,,,,500,1.96,1011.36,,,,,,,,,,,,
36238,10.0254449v2,10,,2,3,,5/8/2023 19:13,,,,5,,,,,60,2.85,205.2,,,,,,,,,,,,
36238,10.0254448v1,10,,2,3,,5/8/2023 19:13,,,,5,,,,,60,2.85,205.2,,,,,,,,,,,,
36239,55.02156795v1,55,,114,1,,5/9/2023 18:42,,,,10,,,,,120,2.23,294.36,,,,,,,,,,,,
36240,10.02149667v2,10,,2,1,,6/7/2023 20:09,,,,15,,,,,180,1.96,376.32,,,,,,,,,,,,
36241,10.02105641v5,10,,2,1,,5/8/2023 19:07,,,,42,,,,,500,1.96,1011.36,,,,,,,,,,,,
36243,10.0222750v1,10,,2,3,,5/8/2023 22:41,,,,63,,,,,750,2.01,1543.68,,,,,,,,,,,,
36244,10.02158638v4,10,,2,1,,5/8/2023 20:55,,,,10,,,,,120,2.23,294.36,,,,,,,,,,,,
36245,10.02157629v3,10,,2,4,,5/16/2023 17:47,,,,9,,,,,100,2.83,339.6,,,,,,,,,,,,
36246,12.02156951v2,12,,4,3,,5/16/2023 17:52,,,,8,,,,,90,2.6,280.8,,,,,,,,,,,,
36247,12.03163838v1,12,,4,1,,5/8/2023 21:09,,,,11,,,,,130,1.9,273.6,,,,,,,,,,,,
36247,12.02163832v1,12,,4,1,,5/8/2023 21:09,,,,33,,,,,385,1.63,665.04,,,,,,,,,,,,
36248,55.02163058v3,55,,114,3,,5/8/2023 17:45,,,,15,,,,,180,2.62,503.04,,,,,,,,,,,,
36248,55.02163058v2,55,,114,3,,5/8/2023 17:45,,,,15,,,,,180,2.62,503.04,,,,,,,,,,,,
36249,10.024405v2,10,,2,4,,5/8/2023 20:49,,,,42,,,,,500,2.54,1310.64,,,,,,,,,,,,
36250,55.02156434v4,55,,114,1,,5/8/2023 17:48,,,,13,,,,,150,1.96,329.28,,,,,,,,,,,,
36251,10.02163836v1,10,,2,1,,5/9/2023 17:49,,,,38,,,,,450,1.96,917.28,,,,,,,,,,,,
36251,10.02163851v1,10,,2,1,,5/9/2023 17:49,,,,50,,,,,600,1.88,1150.56,,,,,,,,,,,,
36252,10.02163663v3,10,,2,1,,5/8/2023 17:38,,,,21,,,,,250,1.96,517.44,,,,,,,,,,,,
36253,10.02163406v1,10,,2,3,,5/8/2023 17:36,,,,6,,,,,62,2.85,239.4,,,,,,,,,,,,
36254,10.02163734v1,10,,2,1,,5/8/2023 20:18,,,,11,,,,,125,2.23,321.12,,,,,,,,,,,,
36256,10.02149778v2,10,,2,4,,5/8/2023 19:30,,,,38,,,,,451,2.54,1188.72,,,,,,,,,,,,
36257,10.02163452v1,10,,2,3,,5/8/2023 19:43,,,,15,,,,,170,2.54,487.68,,,,,,,,,,,,
36257,10.02163415v1,10,,2,3,,5/8/2023 19:43,,,,15,,,,,170,2.54,487.68,,,,,,,,,,,,
36257,10.02163409v1,10,,2,3,,5/8/2023 19:43,,,,15,,,,,170,2.54,487.68,,,,,,,,,,,,
36258,10.0317446v3,10,,2,1,,5/9/2023 13:36,,,,10,,,,,120,2.23,294.36,,,,,,,,,,,,
36259,55.02161979v7,55,,114,1,,5/8/2023 22:58,,,,3,,,,,30,2.56,122.88,,,,,,,,,,,,
36260,10.02156385v1,10,,2,1,,5/8/2023 20:37,,,,13,,,,,150,1.96,329.28,,,,,,,,,,,,
36261,12.02163857v1,12,,4,1,,5/9/2023 10:50,,,,10,,,,,120,1.9,250.8,,,,,,,,,,,,
36262,10.02162524v3,10,,2,1,,5/10/2023 13:44,,,,20,,,,,240,1.96,493.92,,,,,,,,,,,,
36264,10.02156833v2,10,,2,1,,5/9/2023 13:01,,,,10,,,,,120,2.23,294.36,,,,,,,,,,,,
36265,55.02163952v1,55,,114,1,,5/8/2023 21:07,,,,21,,,,,250,1.96,517.44,,,,,,,,,,,,
36265,55.02163871v1,55,,114,1,,5/8/2023 21:07,,,,21,,,,,250,1.96,517.44,,,,,,,,,,,,
36266,10.02158789v1,10,,2,1,,5/10/2023 18:43,,,,17,,,,,200,1.96,423.36,,,,,,,,,,,,
36267,10.02151185v2,10,,2,4,,5/9/2023 14:08,,,,21,,,,,248,2.54,670.56,,,,,,,,,,,,
36268,10.02162892v1,10,,2,3,,5/8/2023 22:03,,,,3,,,,,30,2.85,136.8,,,,,,,,,,,,
36269,10.02163651v1,10,,2,3,,5/9/2023 13:10,,,,43,,,,,505,2.54,1341.12,,,,,,,,,,,,
36269,10.02163654v1,10,,2,3,,5/9/2023 13:10,,,,84,,,,,1000,2.01,2050.2,,,,,,,,,,,,
36270,10.0226284v2,10,,2,4,,5/9/2023 14:17,,,,12,,,,,144,2.54,396.24,,,,,,,,,,,,
36271,10.02164021v1,10,,2,3,,5/9/2023 14:35,,,,3,,,,,30,2.85,136.8,,,,,,,,,,,,
36272,13.05153332v4,13,,5,3,,5/9/2023 2:07,,,,30,,,,,360,1.58,587.76,,,,,,,,,,,,
36273,10.02155248v4,10,,2,1,,5/9/2023 11:05,,,,34,,,,,400,1.96,823.2,,,,,,,,,,,,
36276,10.02159926v1,10,,2,1,,5/9/2023 19:25,,,,11,,,,,125,2.23,321.12,,,,,,,,,,,,
36276,10.0253621v3,10,,2,1,,5/9/2023 19:25,,,,11,,,,,125,2.23,321.12,,,,,,,,,,,,
36277,10.02162861v2,10,,2,1,,5/10/2023 14:35,,,,10,,,,,120,2.23,294.36,,,,,,,,,,,,
36278,10.02163402v1,10,,2,3,,5/11/2023 14:50,,,,130,,,,,1550,2.01,3159.72,,,,,,,,,,,,
36279,10.02162671v4,10,,2,1,,5/9/2023 15:47,,,,21,,,,,250,1.96,517.44,,,,,,,,,,,,
36280,55.02164203v1,55,,114,1,,5/10/2023 14:37,,,,5,,,,,60,2.56,184.32,,,,,,,,,,,,
36280,55.02164202v1,55,,114,1,,5/10/2023 14:37,,,,5,,,,,60,2.56,184.32,,,,,,,,,,,,
36281,10.02164084v1,10,,2,3,,5/9/2023 15:39,,,,5,,,,,60,2.85,205.2,,,,,,,,,,,,
36282,932164073v2,93,136,120,10,45079,5/9/2023 23:10,Distributor,existingbusiness,13231053853,12,1.8,0,280.8,244.8,,,,,,,,,,,,,,,
36283,10.02163800v1,10,,2,1,,5/9/2023 19:28,,,,25,,,,,300,1.96,611.52,,,,,,,,,,,,
36285,12.02164123v1,12,,4,1,,5/9/2023 21:01,,,,5,,,,,60,2.23,160.56,,,,,,,,,,,,
36286,10.02133175v1,10,,2,1,,5/9/2023 20:07,,,,13,,,,,150,1.96,329.28,,,,,,,,,,,,
36287,10.0247378v1,10,,2,1,,5/10/2023 14:07,,,,7,,,,,75,2.56,245.76,,,,,,,,,,,,
36287,10.02163790v1,10,,2,1,,5/10/2023 14:07,,,,3,,,,,31,3.5,168,,,,,,,,,,,,
36287,10.0247377v1,10,,2,1,,5/10/2023 14:07,,,,7,,,,,75,2.56,245.76,,,,,,,,,,,,
36288,10.02158400v1,10,,2,4,,5/15/2023 21:44,,,,30,,,,,360,2.54,944.88,,,,,,,,,,,,
36289,55.02162822v3,55,,114,1,,5/10/2023 14:35,,,,10,,,,,120,2.23,294.36,,,,,,,,,,,,
36291,10.02111277v1,10,,2,3,,5/9/2023 20:07,,,,10,,,,,120,2.72,359.04,,,,,,,,,,,,
36292,932164162v1,93,240,120,10,45082,5/10/2023 15:11,Direct,newbusiness,13243065944,20,1.42,0,357.84,340.8,,,,,,,,,,,,,,,
36293,10.02133141v1,10,,2,3,,5/10/2023 14:10,,,,42,,,,,500,2.54,1310.64,,,,,,,,,,,,
36294,10.02160871v4,10,,2,1,,5/9/2023 19:11,,,,10,,,,,120,2.23,294.36,,,,,,,,,,,,
36295,18.0251510v3,18,,10,3,,5/10/2023 14:05,,,,20,,,,,240,2.62,660.24,,,,,,,,,,,,
36297,10.02164246v2,10,,2,3,,5/10/2023 21:07,,,,5,,,,,60,2.85,205.2,,,,,,,,,,,,
36298,10.02160405v1,10,,2,4,,5/10/2023 14:12,,,,36,,,,,430,2.54,1127.76,,,,,,,,,,,,
36299,10.02101367v3,10,,2,1,,5/10/2023 14:11,,,,42,,,,,500,1.96,1011.36,,,,,,,,,,,,
36300,10.02137354v2,10,,2,1,,5/9/2023 21:00,,,,9,,,,,100,2.56,307.2,,,,,,,,,,,,
36301,46.0292083v1,46,,113,1,,5/9/2023 21:00,,,,42,,,,,500,1.96,1011.36,,,,,,,,,,,,
36302,10.02150229v1,10,,2,3,,5/10/2023 16:26,,,,5,,,,,60,2.85,205.2,,,,,,,,,,,,
36302,10.02150233v1,10,,2,3,,5/10/2023 16:26,,,,5,,,,,60,2.85,205.2,,,,,,,,,,,,
36303,10.02164199v1,10,,2,1,,5/9/2023 21:09,,,,5,,,,,50,3.5,252,,,,,,,,,,,,
36304,10.0242010v1,10,,2,4,,5/10/2023 14:09,,,,5,,,,,60,2.83,203.76,,,,,,,,,,,,
36304,10.0242028v1,10,,2,4,,5/10/2023 14:09,,,,5,,,,,60,2.83,203.76,,,,,,,,,,,,
36304,10.0241997v1,10,,2,4,,5/10/2023 14:09,,,,5,,,,,60,2.83,203.76,,,,,,,,,,,,
36305,10.02114934v1,10,,2,3,,5/10/2023 14:49,,,,5,,,,,60,2.85,205.2,,,,,,,,,,,,
36306,55.02163216v2,55,,114,3,,5/12/2023 11:58,,,,6,,,,,70,2.93,246.12,,,,,,,,,,,,
36306,55.02163234v2,55,,114,3,,5/12/2023 11:58,,,,6,,,,,70,2.93,246.12,,,,,,,,,,,,
36307,10.02153754v1,10,,2,4,,5/10/2023 14:34,,,,5,,,,,60,2.83,203.76,,,,,,,,,,,,
36308,10.02164205v1,10,,2,1,,5/10/2023 14:56,,,,100,,,,,1200,1.71,2072.52,,,,,,,,,,,,
36309,10.02149877v1,10,,2,3,,5/10/2023 21:08,,,,9,,,,,100,2.85,342,,,,,,,,,,,,
36311,10.0245785v1,10,,2,1,,5/10/2023 14:09,,,,9,,,,,100,2.56,307.2,,,,,,,,,,,,
36312,12.02163961v1,12,,4,1,,5/10/2023 14:51,,,,20,,,,,240,1.63,410.76,,,,,,,,,,,,
36313,10.0231293v1,10,,2,3,,5/10/2023 14:50,,,,17,,,,,200,2.54,548.64,,,,,,,,,,,,
36314,10.0291596v1,10,,2,1,,5/10/2023 16:26,,,,30,,,,,360,1.96,729.12,,,,,,,,,,,,
36315,46.02139133v1,46,,113,3,,5/10/2023 14:12,,,,10,,,,,120,2.72,359.04,,,,,,,,,,,,
36316,10.02144411v3,10,,2,1,,5/10/2023 14:09,,,,7,,,,,80,2.56,245.76,,,,,,,,,,,,
36317,55.02164116v1,55,,114,1,,5/10/2023 16:23,,,,3,,,,,30,2.56,122.88,,,,,,,,,,,,
36319,10.02158587v1,10,,2,3,,5/10/2023 18:41,,,,30,,,,,360,2.54,944.88,,,,,,,,,,,,
36321,10.02136130v1,10,,2,4,,5/10/2023 16:25,,,,25,,,,,300,2.54,792.48,,,,,,,,,,,,
36322,55.0298449v4,55,,114,1,,5/10/2023 18:43,,,,34,,,,,400,1.96,823.2,,,,,,,,,,,,
36322,10.02163546v1,10,,2,1,,5/10/2023 18:43,,,,3,,,,,30,3.5,168,,,,,,,,,,,,
36323,10.02124101v1,10,,2,1,,5/10/2023 16:23,,,,5,,,,,60,2.56,184.32,,,,,,,,,,,,
36324,21.02162087v1,21,,12,1,,5/10/2023 16:25,,,,21,,,,,250,2.71,715.44,,,,,,,,,,,,
36325,10.0261947v4,10,,2,1,,5/10/2023 16:25,,,,34,,,,,400,1.96,823.2,,,,,,,,,,,,
36327,10.02163729v2,10,,2,1,,5/10/2023 16:25,,,,10,,,,,120,2.23,294.36,,,,,,,,,,,,
36328,55.02164311v2,55,,114,1,,5/11/2023 16:06,,,,23,,,,,276,1.96,564.48,,,,,,,,,,,,
36328,55.02164314v1,55,,114,1,,5/11/2023 16:06,,,,23,,,,,274,1.96,564.48,,,,,,,,,,,,
36329,10.0290512v1,10,,2,4,,5/10/2023 18:39,,,,46,,,,,550,2.28,1285.92,,,,,,,,,,,,
36330,10.02163955v1,10,,2,1,,5/11/2023 15:26,,,,5,,,,,60,2.56,184.32,,,,,,,,,,,,
36330,10.02163956v1,10,,2,1,,5/11/2023 15:26,,,,5,,,,,60,2.56,184.32,,,,,,,,,,,,
36331,10.02161191v1,10,,2,3,,5/10/2023 18:46,,,,30,,,,,360,2.54,944.88,,,,,,,,,,,,
36332,10.02163169v3,10,,2,1,,5/10/2023 18:40,,,,17,,,,,200,1.96,423.36,,,,,,,,,,,,
36334,10.0290773v2,10,,2,3,,5/12/2023 18:04,,,,10,,,,,120,2.72,359.04,,,,,,,,,,,,
36335,15.02162030v2,15,,7,3,,5/10/2023 21:06,,,,13,,,,,150,3.66,614.88,,,,,,,,,,,,
36336,932164380v1,93,500,120,10,45084,5/11/2023 15:27,Direct,existingbusiness,13205516663,42,1.31,0,675.96,655,,,,,,,,,,,,,,,
36337,10.0224743v2,10,,2,4,,5/10/2023 18:40,,,,9,,,,,100,2.83,339.6,,,,,,,,,,,,
36338,44.0236831v5,44,,21,4,,5/10/2023 21:07,,,,18,,,,,215,2.7,615.6,,,,,,,,,,,,
36339,13.05162780v1,13,,5,3,,5/10/2023 21:07,,,,17,,,,,200,1.58,341.28,,,,,,,,,,,,
36340,10.02164414v1,10,,2,3,,5/10/2023 21:05,,,,21,,,,,250,2.54,670.56,,,,,,,,,,,,
36340,10.02164409v1,10,,2,3,,5/10/2023 21:05,,,,21,,,,,250,2.54,670.56,,,,,,,,,,,,
36341,10.0278314v1,10,,2,3,,5/10/2023 21:08,,,,6,,,,,61,2.85,239.4,,,,,,,,,,,,
36341,10.0278315v1,10,,2,3,,5/10/2023 21:08,,,,6,,,,,61,2.85,239.4,,,,,,,,,,,,
36342,10.02164201v1,10,,2,3,,5/11/2023 15:19,,,,5,,,,,60,2.85,205.2,,,,,,,,,,,,
36343,10.02142108v3,10,,2,3,,5/10/2023 21:06,,,,5,,,,,60,2.85,205.2,,,,,,,,,,,,
36344,10.02146457v1,10,,2,4,,5/10/2023 21:06,,,,5,,,,,60,2.83,203.76,,,,,,,,,,,,
36345,10.02161232v1,10,,2,4,,5/22/2023 22:50,,,,50,,,,,600,2.28,1395.36,,,,,,,,,,,,
36345,10.02161232v2,10,,2,4,,5/22/2023 22:50,,,,50,,,,,600,2.28,1395.36,,,,,,,,,,,,
36347,10.02162409v1,10,,2,3,,5/10/2023 23:02,,,,6,,,,,65,2.85,239.4,,,,,,,,,,,,
36348,17.02164652v2,17,,9,4,,5/16/2023 23:01,,,,5,,,,,60,2.83,203.76,,,,,,,,,,,,
36349,10.02116809v1,10,,2,4,,5/10/2023 23:04,,,,84,,,,,1000,2.01,2050.2,,,,,,,,,,,,
36350,12.02164513v1,12,,4,3,,5/11/2023 15:32,,,,84,,,,,1000,1.76,1795.2,,,,,,,,,,,,
36350,10.02161145v3,10,,2,3,,5/11/2023 15:32,,,,84,,,,,1000,2.01,2050.2,,,,,,,,,,,,
36351,10.02164630v1,10,,2,3,,5/12/2023 10:43,,,,21,,,,,250,2.54,670.56,,,,,,,,,,,,
36352,10.02151613v2,10,,2,3,,5/15/2023 20:26,,,,84,,,,,1000,2.01,2050.2,,,,,,,,,,,,
36354,10.0231293v1,10,,2,3,,5/11/2023 14:14,,,,12,,,,,137,2.54,396.24,,,,,,,,,,,,
36355,10.02164566v1,10,,2,1,,5/10/2023 23:02,,,,13,,,,,150,1.96,329.28,,,,,,,,,,,,
36356,55.02164141v1,55,,114,1,,5/10/2023 23:01,,,,60,,,,,720,1.79,1310.28,,,,,,,,,,,,
36358,10.02164595v3,10,,2,1,,5/12/2023 11:49,,,,51,,,,,612,1.88,1173.12,,,,,,,,,,,,
36359,55.02161529v1,55,,114,1,,5/12/2023 19:59,,,,42,,,,,500,1.96,1011.36,,,,,,,,,,,,
36360,55.02112333v3,55,,114,3,,5/11/2023 14:49,,,,5,,,,,60,2.93,210.96,,,,,,,,,,,,
36361,10.03164606v1,10,,2,4,,5/12/2023 14:58,,,,9,,,,,100,2.83,339.6,,,,,,,,,,,,
36362,10.02164427v1,10,,2,3,,5/12/2023 12:03,,,,42,,,,,500,2.54,1310.64,,,,,,,,,,,,
36365,10.0270329v2,10,,2,3,,5/11/2023 16:07,,,,20,,,,,240,2.54,640.08,,,,,,,,,,,,
36366,55.02159062v2,55,,114,4,,5/12/2023 17:10,,,,5,,,,,60,3,216,,,,,,,,,,,,
36367,10.02163450v1,10,,2,1,,5/12/2023 17:04,,,,17,,,,,200,1.96,423.36,,,,,,,,,,,,
36368,10.02163501v2,10,,2,4,,5/12/2023 10:43,,,,5,,,,,60,2.83,203.76,,,,,,,,,,,,
36369,10.02163132v4,10,,2,1,,5/16/2023 17:57,,,,42,,,,,500,1.96,1011.36,,,,,,,,,,,,
36370,10.0221252v1,10,,2,3,,5/11/2023 17:01,,,,40,,,,,480,2.54,1249.68,,,,,,,,,,,,
36371,46.02131887v1,46,,113,1,,5/11/2023 16:55,,,,34,,,,,400,1.96,823.2,,,,,,,,,,,,
36372,10.02163508v5,10,,2,3,,5/11/2023 16:28,,,,3,,,,,30,2.85,136.8,,,,,,,,,,,,
36373,10.02164197v1,10,,2,4,,5/12/2023 10:46,,,,10,,,,,120,2.71,357.72,,,,,,,,,,,,
36374,10.02164422v1,10,,2,3,,5/12/2023 11:50,,,,42,,,,,500,2.54,1310.64,,,,,,,,,,,,
36375,10.02164578v1,10,,2,3,,5/12/2023 11:30,,,,17,,,,,200,2.54,548.64,,,,,,,,,,,,
36376,10.02102118v1,10,,2,4,,5/12/2023 10:44,,,,5,,,,,60,2.83,203.76,,,,,,,,,,,,
36377,55.02129407v1,55,,114,1,,5/12/2023 14:59,,,,84,,,,,1000,1.79,1825.8,,,,,,,,,,,,
36377,55.02125324v5,55,,114,1,,5/12/2023 14:59,,,,84,,,,,1000,1.79,1825.8,,,,,,,,,,,,
36378,10.02162081v2,10,,2,3,,5/11/2023 20:39,,,,117,,,,,1400,2.01,2846.16,,,,,,,,,,,,
36378,10.02162083v2,10,,2,3,,5/11/2023 20:39,,,,117,,,,,1400,2.01,2846.16,,,,,,,,,,,,
36379,10.0217027v1,10,,2,4,,5/12/2023 13:29,,,,10,,,,,120,2.71,357.72,,,,,,,,,,,,
36380,10.02164160v1,10,,2,1,,5/12/2023 21:13,,,,10,,,,,120,2.23,294.36,,,,,,,,,,,,
36381,10.02163888v2,10,,2,1,,5/12/2023 14:09,,,,21,,,,,250,1.96,517.44,,,,,,,,,,,,
36382,10.02148375v2,10,,2,1,,5/12/2023 10:46,,,,13,,,,,150,1.96,329.28,,,,,,,,,,,,
36383,10.02162019v1,10,,2,4,,5/12/2023 11:27,,,,21,,,,,250,2.54,670.56,,,,,,,,,,,,
36384,9102164654v2,910,1000,25,5,45084,5/12/2023 19:29,Distributor,existingbusiness,9714084707,84,0.76,90,865.2,850,,,,,,,,,,,,,,,
36385,10.0268765v2,10,,2,4,,5/12/2023 10:55,,,,13,,,,,150,2.54,426.72,,,,,,,,,,,,
36385,10.0268766v2,10,,2,4,,5/12/2023 10:55,,,,10,,,,,120,2.71,357.72,,,,,,,,,,,,
36386,55.02163621v2,55,,114,1,,5/12/2023 11:59,,,,43,,,,,515,1.96,1034.88,,,,,,,,,,,,
36387,10.02163187v1,10,,2,1,,5/15/2023 20:22,,,,14,,,,,160,1.96,352.8,,,,,,,,,,,,
36388,93279095v2,93,665,120,10,45085,5/12/2023 12:16,Direct,existingbusiness,11775933712,56,1.31,0,896.04,871.15,,,,,,,,,,,,,,,
36388,93279095v2,93,20,120,10,45100,5/12/2023 12:16,Direct,existingbusiness,11775933712,2,1.8,0,64.8,36,,,,,,,,,,,,,,,
36388,93279105v2,93,625,120,10,45085,5/12/2023 12:16,Direct,existingbusiness,11775933712,53,1.31,0,848.88,818.75,,,,,,,,,,,,,,,
36389,10.0272978v1,10,,2,1,,5/12/2023 11:29,,,,9,,,,,100,2.56,307.2,,,,,,,,,,,,
36390,10.02161486v3,10,,2,1,,5/12/2023 11:28,,,,10,,,,,120,2.23,294.36,,,,,,,,,,,,
36391,55.02164653v1,55,,114,3,,5/12/2023 11:42,,,,10,,,,,120,2.8,369.6,,,,,,,,,,,,
36392,10.0218490v1,10,,2,1,,5/12/2023 14:59,,,,34,,,,,400,1.96,823.2,,,,,,,,,,,,
36393,10.0284729v1,10,,2,1,,5/17/2023 22:19,,,,5,,,,,60,2.56,184.32,,,,,,,,,,,,
36394,10.02164692v1,10,,2,1,,5/12/2023 11:43,,,,5,,,,,60,2.56,184.32,,,,,,,,,,,,
36395,10.0284330v1,10,,2,1,,5/12/2023 11:40,,,,5,,,,,60,2.56,184.32,,,,,,,,,,,,
36395,55.02112441v1,55,,114,1,,5/12/2023 11:40,,,,5,,,,,60,2.56,184.32,,,,,,,,,,,,
36395,10.0215502v1,10,,2,1,,5/12/2023 11:40,,,,5,,,,,60,2.56,184.32,,,,,,,,,,,,
36396,10.02164638v1,10,,2,4,,5/12/2023 15:45,,,,5,,,,,60,2.83,203.76,,,,,,,,,,,,
36397,10.02105031v1,10,,2,1,,5/12/2023 12:55,,,,20,,,,,240,1.96,493.92,,,,,,,,,,,,
36398,10.02164387v1,10,,2,1,,5/12/2023 18:55,,,,10,,,,,120,2.23,294.36,,,,,,,,,,,,
36399,17.02164361v2,17,,9,3,,5/12/2023 18:32,,,,5,,,,,60,2.85,205.2,,,,,,,,,,,,
36400,17.0258534v6,17,,9,1,,5/12/2023 14:39,,,,20,,,,,240,1.96,493.92,,,,,,,,,,,,
36401,10.0291946v3,10,,2,1,,5/12/2023 15:15,,,,42,,,,,500,1.96,1011.36,,,,,,,,,,,,
36402,10.02164218v2,10,,2,4,,5/12/2023 15:37,,,,5,,,,,60,2.83,203.76,,,,,,,,,,,,
36403,10.0210629v1,10,,2,1,,5/12/2023 20:59,,,,9,,,,,100,2.56,307.2,,,,,,,,,,,,
36404,46.02160394v1,46,,113,1,,5/12/2023 15:20,,,,5,,,,,60,2.56,184.32,,,,,,,,,,,,
36405,10.02164775v1,10,,2,4,,5/12/2023 17:54,,,,10,,,,,120,2.71,357.72,,,,,,,,,,,,
36406,10.02164774v1,10,,2,4,,5/12/2023 15:26,,,,5,,,,,60,2.83,203.76,,,,,,,,,,,,
36406,10.02164773v1,10,,2,4,,5/12/2023 15:26,,,,5,,,,,60,2.83,203.76,,,,,,,,,,,,
36407,10.02148689v1,10,,2,3,,5/12/2023 18:23,,,,7,,,,,75,2.85,273.6,,,,,,,,,,,,
36407,10.02148690v1,10,,2,3,,5/12/2023 18:23,,,,7,,,,,75,2.85,273.6,,,,,,,,,,,,
36408,10.0274993v1,10,,2,4,,5/12/2023 16:04,,,,10,,,,,120,2.71,357.72,,,,,,,,,,,,
36409,10.02164526v1,10,,2,4,,5/12/2023 16:18,,,,10,,,,,120,2.71,357.72,,,,,,,,,,,,
36411,10.02163426v1,10,,2,1,,5/12/2023 17:17,,,,21,,,,,250,1.96,517.44,,,,,,,,,,,,
36412,932164840v1,93,120,120,10,45084,5/12/2023 19:33,Direct,newbusiness,12003580680,10,1.8,0,237.6,216,,,,,,,,,,,,,,,
36412,932164841v1,93,120,120,10,45084,5/12/2023 19:33,Direct,newbusiness,12003580680,10,1.8,0,237.6,216,,,,,,,,,,,,,,,
36413,10.0249447v1,10,,2,4,,5/12/2023 20:00,,,,10,,,,,120,2.71,357.72,,,,,,,,,,,,
36414,10.02164614v1,10,,2,1,,5/12/2023 21:08,,,,21,,,,,250,1.96,517.44,,,,,,,,,,,,
36415,55.02162079v2,55,,114,3,,5/15/2023 18:04,,,,10,,,,,120,2.8,369.6,,,,,,,,,,,,
36416,55.02163139v1,55,,114,4,,5/12/2023 18:25,,,,5,,,,,60,3,216,,,,,,,,,,,,
36416,55.02163141v1,55,,114,4,,5/12/2023 18:25,,,,5,,,,,60,3,216,,,,,,,,,,,,
36418,10.0297618v1,10,,2,1,,5/12/2023 19:41,,,,5,,,,,60,2.56,184.32,,,,,,,,,,,,
36420,10.02126851v4,10,,2,1,,5/12/2023 19:58,,,,20,,,,,240,1.96,493.92,,,,,,,,,,,,
36421,55.02164893v1,55,,114,1,,5/12/2023 20:13,,,,3,,,,,30,2.56,122.88,,,,,,,,,,,,
36423,46.02162018v3,46,,113,1,,5/12/2023 20:43,,,,25,,,,,300,1.96,611.52,,,,,,,,,,,,
36423,46.02162018v2,46,,113,1,,5/12/2023 20:43,,,,25,,,,,290,1.96,611.52,,,,,,,,,,,,
36424,10.02161897v2,10,,2,4,,5/15/2023 17:59,,,,5,,,,,60,2.83,203.76,,,,,,,,,,,,
36425,10.02120729v1,10,,2,4,,5/15/2023 18:01,,,,5,,,,,60,2.83,203.76,,,,,,,,,,,,
36425,10.02120295v1,10,,2,4,,5/15/2023 18:01,,,,5,,,,,60,2.83,203.76,,,,,,,,,,,,
36426,10.0291085v2,10,,2,1,,5/12/2023 22:07,,,,21,,,,,250,1.96,517.44,,,,,,,,,,,,
36427,10.02167226v1,10,,2,3,,5/26/2023 15:21,,,,20,,,,,240,2.54,640.08,,,,,,,,,,,,
36428,10.02136130v1,10,,2,4,,5/17/2023 22:20,,,,10,,,,,120,2.71,357.72,,,,,,,,,,,,
36429,10.02155726v3,10,,2,3,,5/17/2023 17:05,,,,10,,,,,120,2.72,359.04,,,,,,,,,,,,
36430,10.0242507v1,10,,2,1,,5/16/2023 18:00,,,,60,,,,,720,1.79,1310.28,,,,,,,,,,,,
36431,55.02164962v1,55,,114,3,,5/19/2023 17:31,,,,10,,,,,120,2.8,369.6,,,,,,,,,,,,
36432,10.0218490v1,10,,2,1,,5/14/2023 11:37,,,,30,,,,,360,1.96,729.12,,,,,,,,,,,,
36433,10.02144411v3,10,,2,1,,5/15/2023 17:59,,,,21,,,,,250,1.96,517.44,,,,,,,,,,,,
36434,10.02157335v2,10,,2,3,,5/12/2023 23:06,,,,6,,,,,61,2.85,239.4,,,,,,,,,,,,
36435,10.02163311v1,10,,2,4,,5/15/2023 18:03,,,,10,,,,,120,2.71,357.72,,,,,,,,,,,,
36436,9102164990v1,910,1000,25,5,45096,5/15/2023 20:47,Distributor,existingbusiness,13062322593,84,0.76,90,865.2,850,,,,,,,,,,,,,,,
36436,9102164990v1,910,1000,25,5,45100,5/15/2023 20:47,Distributor,existingbusiness,13062322593,84,0.76,90,865.2,850,,,,,,,,,,,,,,,
36437,10.02164874v2,10,,2,1,,5/15/2023 17:58,,,,15,,,,,175,1.96,376.32,,,,,,,,,,,,
36437,10.02164926v1,10,,2,1,,5/15/2023 17:58,,,,15,,,,,175,1.96,376.32,,,,,,,,,,,,
36438,932164647v1,93,500,120,10,45086,5/14/2023 11:40,Direct,newbusiness,13293735723,42,1.31,0,675.96,655,,,,,,,,,,,,,,,
36439,10.02165012v1,10,,2,3,,5/15/2023 18:06,,,,3,,,,,30,2.85,136.8,,,,,,,,,,,,
36441,932163817v1,93,120,120,10,45085,5/16/2023 19:05,Direct,newbusiness,12270615680,10,1.8,0,237.6,216,,,,,,,,,,,,,,,
36442,10.02165022v1,10,,2,1,,5/15/2023 18:01,,,,17,,,,,200,1.96,423.36,,,,,,,,,,,,
36443,10.0273945v1,10,,2,4,,5/15/2023 18:00,,,,5,,,,,60,2.83,203.76,,,,,,,,,,,,
36444,10.02161398v3,10,,2,3,,5/16/2023 14:33,,,,10,,,,,120,2.72,359.04,,,,,,,,,,,,
36444,10.02161806v2,10,,2,3,,5/16/2023 14:33,,,,10,,,,,120,2.72,359.04,,,,,,,,,,,,
36445,10.02164560v1,10,,2,4,,5/15/2023 20:24,,,,184,,,,,2200,2.01,4462.2,,,,,,,,,,,,
36446,55.02164557v1,55,,114,3,,5/15/2023 18:05,,,,5,,,,,60,2.93,210.96,,,,,,,,,,,,
36446,55.02164556v1,55,,114,3,,5/15/2023 18:05,,,,5,,,,,60,2.93,210.96,,,,,,,,,,,,
36447,17.0296455v2,17,,9,4,,5/15/2023 20:24,,,,35,,,,,420,2.54,1097.28,,,,,,,,,,,,
36447,17.0296456v2,17,,9,4,,5/15/2023 20:24,,,,35,,,,,420,2.54,1097.28,,,,,,,,,,,,
36447,17.0396458v3,17,,9,4,,5/15/2023 20:24,,,,7,,,,,80,2.83,271.68,,,,,,,,,,,,
36447,17.0396457v3,17,,9,4,,5/15/2023 20:24,,,,7,,,,,80,2.83,271.68,,,,,,,,,,,,
36448,10.02160345v1,10,,2,3,,5/15/2023 20:22,,,,21,,,,,250,2.54,670.56,,,,,,,,,,,,
36449,55.02164850v4,55,,114,1,,5/18/2023 22:50,,,,3,,,,,30,2.56,122.88,,,,,,,,,,,,
36449,55.02164851v4,55,,114,1,,5/18/2023 22:50,,,,3,,,,,30,2.56,122.88,,,,,,,,,,,,
36450,17.02164569v2,17,,9,4,,5/15/2023 20:19,,,,7,,,,,75,2.83,271.68,,,,,,,,,,,,
36450,17.02164561v3,17,,9,4,,5/15/2023 20:19,,,,7,,,,,75,2.83,271.68,,,,,,,,,,,,
36450,17.02164562v2,17,,9,4,,5/15/2023 20:19,,,,7,,,,,75,2.83,271.68,,,,,,,,,,,,
36451,10.02150290v1,10,,2,4,,5/15/2023 20:25,,,,10,,,,,120,2.71,357.72,,,,,,,,,,,,
36452,12.0284272v2,12,,4,3,,5/15/2023 20:21,,,,5,,,,,60,2.6,187.2,,,,,,,,,,,,
36452,10.0233992v3,10,,2,3,,5/15/2023 20:21,,,,3,,,,,30,2.85,136.8,,,,,,,,,,,,
36452,10.0233995v1,10,,2,3,,5/15/2023 20:21,,,,3,,,,,30,2.85,136.8,,,,,,,,,,,,
36453,55.02165162v1,55,,114,3,,5/15/2023 21:48,,,,5,,,,,60,2.93,210.96,,,,,,,,,,,,
36455,10.0233810v6,10,,2,1,,5/15/2023 20:23,,,,17,,,,,200,1.96,423.36,,,,,,,,,,,,
36456,55.02165210v1,55,,114,3,,5/16/2023 21:09,,,,3,,,,,30,2.93,140.64,,,,,,,,,,,,
36457,10.02165197v1,10,,2,4,,5/16/2023 17:56,,,,5,,,,,60,2.83,203.76,,,,,,,,,,,,
36458,10.02137776v1,10,,2,4,,5/15/2023 21:44,,,,20,,,,,240,2.54,640.08,,,,,,,,,,,,
36459,10.02165164v2,10,,2,1,,5/16/2023 17:58,,,,30,,,,,360,1.96,729.12,,,,,,,,,,,,
36460,10.0297045v5,10,,2,1,,5/15/2023 23:00,,,,67,,,,,800,1.79,1460.64,,,,,,,,,,,,
36461,17.02164561v3,17,,9,1,,5/16/2023 14:39,,,,9,,,,,100,2.56,307.2,,,,,,,,,,,,
36461,17.02164562v2,17,,9,1,,5/16/2023 14:39,,,,9,,,,,100,2.56,307.2,,,,,,,,,,,,
36461,17.02164569v2,17,,9,1,,5/16/2023 14:39,,,,9,,,,,100,2.56,307.2,,,,,,,,,,,,
36462,55.02164849v1,55,,114,3,,5/15/2023 21:37,,,,13,,,,,150,2.62,440.16,,,,,,,,,,,,
36463,15.02116895v4,15,,7,3,,5/15/2023 21:47,,,,10,,,,,120,3.84,506.88,,,,,,,,,,,,
36464,10.0279832v1,10,,2,3,,5/15/2023 21:45,,,,63,,,,,750,2.01,1543.68,,,,,,,,,,,,
36464,55.02134909v1,55,,114,3,,5/15/2023 21:45,,,,46,,,,,550,2.36,1331.04,,,,,,,,,,,,
36465,10.02161361v1,10,,2,1,,5/16/2023 14:39,,,,17,,,,,193,1.96,423.36,,,,,,,,,,,,
36465,10.03161362v1,10,,2,1,,5/16/2023 14:39,,,,5,,,,,60,2.56,184.32,,,,,,,,,,,,
36466,10.02104939v1,10,,2,1,,5/16/2023 14:36,,,,75,,,,,900,1.79,1632.48,,,,,,,,,,,,
36467,,70,,,3,45068,5/15/2023 21:48,,,,,,,,,,2.85,,29708,60,19069,42190,64,16172,60,106134,5/15/2023 20:55,5/23/2023,5,205.2
36468,10.02163172v1,10,,2,3,,5/17/2023 19:32,,,,29,,,,,340,2.54,914.4,,,,,,,,,,,,
36469,10.02118002v1,10,,2,1,,5/15/2023 22:57,,,,25,,,,,300,1.96,611.52,,,,,,,,,,,,
36470,932153848v4,93,200,120,10,45084,5/17/2023 17:08,Distributor,existingbusiness,12555647790,17,1.8,0,388.8,360,,,,,,,,,,,,,,,
36471,10.02165286v1,10,,2,1,,5/15/2023 22:58,,,,25,,,,,300,1.96,611.52,,,,,,,,,,,,
36472,10.02165241v1,10,,2,1,,5/15/2023 22:59,,,,42,,,,,500,1.96,1011.36,,,,,,,,,,,,
36473,10.02161888v1,10,,2,4,,5/16/2023 14:35,,,,9,,,,,100,2.83,339.6,,,,,,,,,,,,
36474,18.0251510v3,18,,10,3,,5/16/2023 20:12,,,,10,,,,,120,2.8,369.6,,,,,,,,,,,,
36475,10.02156469v1,10,,2,1,,5/16/2023 14:35,,,,25,,,,,300,1.96,611.52,,,,,,,,,,,,
36476,10.0297287v3,10,,2,1,,5/16/2023 14:40,,,,5,,,,,60,2.56,184.32,,,,,,,,,,,,
36477,10.02156393v1,10,,2,4,,5/16/2023 17:53,,,,5,,,,,60,2.83,203.76,,,,,,,,,,,,
36479,,70,,,1,45070,5/16/2023 21:18,,,,,,,,,,1.96,,29706,500,19087,42242,64,16188,516,118702,5/16/2023 14:22,5/24/2023,42,1011.36
36480,10.02137354v2,10,,2,1,,5/16/2023 14:33,,,,13,,,,,150,1.96,329.28,,,,,,,,,,,,
36481,10.02164709v2,10,,2,1,,5/16/2023 14:34,,,,11,,,,,125,2.23,321.12,,,,,,,,,,,,
36482,10.02164094v1,10,,2,4,,5/16/2023 17:48,,,,5,,,,,60,2.83,203.76,,,,,,,,,,,,
36483,10.02162373v6,10,,2,3,,6/15/2023 17:19,,,,10,,,,,120,2.72,359.04,,,,,,,,,,,,
36483,,70,,,3,45120,6/15/2023 17:19,,,,,,,,,,2.72,,29702,120,19918,43872,64,16916,120,118606,6/15/2023 17:13,6/27/2023,10,359.04
36483,,70,,,3,45120,6/15/2023 17:19,,,,,,,,,,2.72,,29701,120,19918,43873,64,16916,120,118606,6/15/2023 17:13,6/27/2023,10,359.04
36486,10.02165063v1,10,,2,3,,5/17/2023 19:31,,,,5,,,,,60,2.85,205.2,,,,,,,,,,,,
36487,10.02164860v1,10,,2,4,,5/16/2023 17:50,,,,10,,,,,120,2.71,357.72,,,,,,,,,,,,
36489,10.02154142v2,10,,2,4,,5/16/2023 17:54,,,,5,,,,,60,2.83,203.76,,,,,,,,,,,,
36490,10.02117830v1,10,,2,3,,5/16/2023 20:13,,,,25,,,,,300,2.54,792.48,,,,,,,,,,,,
36491,10.02165216v1,10,,2,1,,5/16/2023 17:50,,,,20,,,,,240,1.96,493.92,,,,,,,,,,,,
36492,10.02164695v2,10,,2,4,,5/16/2023 20:15,,,,5,,,,,60,2.83,203.76,,,,,,,,,,,,
36492,10.02164696v2,10,,2,4,,5/16/2023 20:15,,,,5,,,,,60,2.83,203.76,,,,,,,,,,,,
36493,55.02162726v2,55,,114,3,,5/16/2023 21:16,,,,5,,,,,60,2.93,210.96,,,,,,,,,,,,
36494,10.02163205v1,10,,2,4,,5/16/2023 17:54,,,,5,,,,,60,2.83,203.76,,,,,,,,,,,,
36495,10.02162313v1,10,,2,3,,5/16/2023 19:57,,,,42,,,,,500,2.54,1310.64,,,,,,,,,,,,
36495,10.02162321v1,10,,2,3,,5/16/2023 19:57,,,,42,,,,,500,2.54,1310.64,,,,,,,,,,,,
36496,55.02165477v1,55,,114,4,,5/16/2023 20:01,,,,10,,,,,120,2.88,380.16,,,,,,,,,,,,
36496,10.024067v6,10,,2,4,,5/16/2023 20:01,,,,10,,,,,120,2.71,357.72,,,,,,,,,,,,
36496,55.02165478v1,55,,114,4,,5/16/2023 20:01,,,,10,,,,,120,2.88,380.16,,,,,,,,,,,,
36497,46.0279047v1,46,,113,3,,5/17/2023 19:33,,,,20,,,,,240,2.54,640.08,,,,,,,,,,,,
36498,10.027663v1,10,,2,3,,5/17/2023 14:52,,,,3,,,,,30,2.85,136.8,,,,,,,,,,,,
36498,10.027662v2,10,,2,3,,5/17/2023 14:52,,,,3,,,,,30,2.85,136.8,,,,,,,,,,,,
36499,10.02164642v1,10,,2,4,,5/16/2023 20:15,,,,10,,,,,120,2.71,357.72,,,,,,,,,,,,
36500,10.02165157v1,10,,2,4,,5/16/2023 21:08,,,,5,,,,,60,2.83,203.76,,,,,,,,,,,,
36501,10.02164927v1,10,,2,4,,5/16/2023 20:14,,,,10,,,,,120,2.71,357.72,,,,,,,,,,,,
36501,10.02164928v1,10,,2,4,,5/16/2023 20:14,,,,10,,,,,120,2.71,357.72,,,,,,,,,,,,
36502,55.02164803v7,55,,114,3,,5/16/2023 20:05,,,,10,,,,,120,2.8,369.6,,,,,,,,,,,,
36503,10.02148526v1,10,,2,4,,5/17/2023 16:48,,,,3,,,,,30,2.83,135.84,,,,,,,,,,,,
36504,10.02165068v1,10,,2,4,,5/16/2023 20:07,,,,10,,,,,120,2.71,357.72,,,,,,,,,,,,
36506,10.02165494v1,10,,2,3,,5/17/2023 16:48,,,,5,,,,,50,2.85,205.2,,,,,,,,,,,,
36507,10.02165470v1,10,,2,3,,5/19/2023 23:29,,,,5,,,,,50,2.85,205.2,,,,,,,,,,,,
36508,10.02162926v1,10,,2,1,,5/16/2023 21:09,,,,25,,,,,300,1.96,611.52,,,,,,,,,,,,
36509,55.02160147v1,55,,114,1,,5/16/2023 21:11,,,,9,,,,,100,2.56,307.2,,,,,,,,,,,,
36511,10.02135372v2,10,,2,1,,5/17/2023 19:33,,,,5,,,,,60,2.56,184.32,,,,,,,,,,,,
36511,10.02135370v3,10,,2,1,,5/17/2023 19:33,,,,5,,,,,60,2.56,184.32,,,,,,,,,,,,
36512,10.02162257v1,10,,2,3,,5/17/2023 14:51,,,,13,,,,,150,2.54,426.72,,,,,,,,,,,,
36513,10.0211866v2,10,,2,1,,5/17/2023 22:21,,,,20,,,,,240,1.96,493.92,,,,,,,,,,,,
36513,10.0211864v1,10,,2,1,,5/17/2023 22:21,,,,20,,,,,240,1.96,493.92,,,,,,,,,,,,
36514,10.02160871v5,10,,2,1,,5/16/2023 21:15,,,,10,,,,,120,2.23,294.36,,,,,,,,,,,,
36515,10.02162395v1,10,,2,4,,5/16/2023 20:57,,,,5,,,,,60,2.83,203.76,,,,,,,,,,,,
36516,10.0219046v2,10,,2,3,,5/16/2023 21:13,,,,5,,,,,60,2.85,205.2,,,,,,,,,,,,
36517,10.0247850v1,10,,2,4,,5/16/2023 21:11,,,,11,,,,,125,2.71,390.24,,,,,,,,,,,,
36518,10.02164322v1,10,,2,4,,5/16/2023 22:59,,,,8,,,,,88,2.83,305.64,,,,,,,,,,,,
36519,10.02164925v1,10,,2,3,,5/17/2023 16:46,,,,7,,,,,75,2.85,273.6,,,,,,,,,,,,
36519,17.02165238v2,17,,9,3,,5/17/2023 16:46,,,,7,,,,,75,2.85,273.6,,,,,,,,,,,,
36520,10.02161320v1,10,,2,3,,5/17/2023 15:07,,,,17,,,,,200,2.54,548.64,,,,,,,,,,,,
36521,10.0233020v1,10,,2,3,,5/18/2023 20:49,,,,13,,,,,150,2.54,426.72,,,,,,,,,,,,
36522,55.02137224v2,55,,114,1,,5/25/2023 1:00,,,,9,,,,,100,2.56,307.2,,,,,,,,,,,,
36522,10.02137226v2,10,,2,1,,5/25/2023 1:00,,,,9,,,,,100,2.56,307.2,,,,,,,,,,,,
36523,55.02161554v2,55,,114,1,,5/18/2023 14:25,,,,3,,,,,30,2.56,122.88,,,,,,,,,,,,
36523,55.02161555v1,55,,114,1,,5/18/2023 14:25,,,,3,,,,,30,2.56,122.88,,,,,,,,,,,,
36524,,70,,,3,45098,5/17/2023 19:32,,,,,,,,,,2.85,,29623,20,19973,44077,64,16228,0,118849,5/17/2023 0:12,6/21/2023,2,102.6
36524,,70,,,3,45098,5/17/2023 19:32,,,,,,,,,,2.85,,29623,55,19972,44076,64,16228,0,118849,5/17/2023 0:12,6/21/2023,5,205.2
36524,,70,,,3,45098,5/17/2023 19:32,,,,,,,,,,2.85,,29623,75,19130,44073,64,16228,84,118849,5/17/2023 0:12,6/21/2023,7,273.6
36525,10.02162926v1,10,,2,1,,5/17/2023 14:50,,,,17,,,,,200,1.96,423.36,,,,,,,,,,,,
36526,10.02163404v2,10,,2,3,,5/17/2023 14:51,,,,5,,,,,60,2.85,205.2,,,,,,,,,,,,
36527,10.02161106v2,10,,2,3,,5/17/2023 15:09,,,,17,,,,,200,2.54,548.64,,,,,,,,,,,,
36528,10.0223650v2,10,,2,1,,5/17/2023 15:09,,,,25,,,,,300,1.96,611.52,,,,,,,,,,,,
36528,10.0223650v1,10,,2,1,,5/17/2023 15:09,,,,25,,,,,300,1.96,611.52,,,,,,,,,,,,
36529,10.0243836v1,10,,2,1,,5/17/2023 15:08,,,,5,,,,,60,2.56,184.32,,,,,,,,,,,,
36530,10.02148735v4,10,,2,3,,5/17/2023 16:49,,,,3,,,,,30,2.85,136.8,,,,,,,,,,,,
36531,10.02105365v1,10,,2,1,,5/17/2023 14:49,,,,5,,,,,60,2.56,184.32,,,,,,,,,,,,
36532,10.02164825v1,10,,2,3,,5/17/2023 16:50,,,,5,,,,,60,2.85,205.2,,,,,,,,,,,,
36533,17.02131953v1,17,,9,1,,5/17/2023 19:34,,,,7,,,,,80,2.56,245.76,,,,,,,,,,,,
36534,55.02165032v1,55,,114,3,,5/17/2023 16:45,,,,5,,,,,60,2.93,210.96,,,,,,,,,,,,
36535,10.02122541v2,10,,2,1,,5/17/2023 16:50,,,,10,,,,,120,2.23,294.36,,,,,,,,,,,,
36535,10.02157775v1,10,,2,1,,5/17/2023 16:50,,,,23,,,,,275,1.96,564.48,,,,,,,,,,,,
36537,10.02130409v2,10,,2,3,,5/18/2023 16:59,,,,9,,,,,100,2.85,342,,,,,,,,,,,,
36539,12.02151725v2,12,,4,3,,5/18/2023 21:05,,,,42,,,,,500,2.29,1181.64,,,,,,,,,,,,
36540,10.02102533v3,10,,2,1,,5/17/2023 19:34,,,,5,,,,,60,2.56,184.32,,,,,,,,,,,,
36541,10.0246396v4,10,,2,1,,5/17/2023 19:35,,,,10,,,,,120,2.23,294.36,,,,,,,,,,,,
36542,10.0213785v1,10,,2,1,,5/17/2023 22:21,,,,17,,,,,200,1.96,423.36,,,,,,,,,,,,
36543,17.02164489v1,17,,9,3,,5/17/2023 19:36,,,,20,,,,,240,2.54,640.08,,,,,,,,,,,,
36544,10.02153035v4,10,,2,4,,5/18/2023 22:51,,,,5,,,,,60,2.83,203.76,,,,,,,,,,,,
36545,10.02164130v5,10,,2,3,,5/18/2023 21:04,,,,34,,,,,400,2.54,1066.8,,,,,,,,,,,,
36546,10.0246747v4,10,,2,1,,5/18/2023 22:52,,,,6,,,,,62,2.56,215.04,,,,,,,,,,,,
36547,10.0283633v2,10,,2,3,,5/18/2023 13:03,,,,4,,,,,40,2.85,171,,,,,,,,,,,,
36548,46.0273932v1,46,,113,3,,5/17/2023 22:22,,,,5,,,,,60,2.85,205.2,,,,,,,,,,,,
36549,55.02163619v2,55,,114,1,,5/18/2023 14:27,,,,3,,,,,30,2.56,122.88,,,,,,,,,,,,
36549,55.02163620v2,55,,114,1,,5/18/2023 14:27,,,,3,,,,,30,2.56,122.88,,,,,,,,,,,,
36550,10.02165405v1,10,,2,3,,5/17/2023 19:36,,,,3,,,,,30,2.85,136.8,,,,,,,,,,,,
36550,10.02164872v2,10,,2,3,,5/17/2023 19:36,,,,5,,,,,60,2.85,205.2,,,,,,,,,,,,
36550,10.02164872v1,10,,2,3,,5/17/2023 19:36,,,,3,,,,,30,2.85,136.8,,,,,,,,,,,,
36550,10.02165405v2,10,,2,3,,5/17/2023 19:36,,,,5,,,,,60,2.85,205.2,,,,,,,,,,,,
36551,10.02165448v1,10,,2,3,,5/17/2023 19:38,,,,3,,,,,30,2.85,136.8,,,,,,,,,,,,
36551,49.02165446v1,49,,116,3,,5/17/2023 19:38,,,,5,,,,,60,2.85,205.2,,,,,,,,,,,,
36551,49.02165441v1,49,,116,3,,5/17/2023 19:38,,,,5,,,,,60,2.85,205.2,,,,,,,,,,,,
36552,10.02165387v1,10,,2,3,,5/17/2023 22:22,,,,5,,,,,60,2.85,205.2,,,,,,,,,,,,
36553,10.02162420v1,10,,2,1,,5/18/2023 21:03,,,,17,,,,,200,1.96,423.36,,,,,,,,,,,,
36554,10.02165697v2,10,,2,3,,5/18/2023 14:33,,,,84,,,,,1000,2.01,2050.2,,,,,,,,,,,,
36555,10.02166594v1,10,,2,3,,5/23/2023 16:49,,,,3,,,,,30,2.85,136.8,,,,,,,,,,,,
36556,55.02122202v3,55,,114,4,,5/22/2023 22:51,,,,5,,,,,60,3,216,,,,,,,,,,,,
36557,932155937v2,93,120,120,10,45078,5/17/2023 21:01,Distributor,existingbusiness,13369966601,10,1.8,0,237.6,216,,,,,,,,,,,,,,,
36558,10.0238218v1,10,,2,1,,5/24/2023 17:10,,,,10,,,,,120,2.23,294.36,,,,,,,,,,,,
36559,55.02158992v2,55,,114,1,,5/18/2023 14:28,,,,10,,,,,120,2.23,294.36,,,,,,,,,,,,
36559,55.02158992v1,55,,114,1,,5/18/2023 14:28,,,,10,,,,,120,2.23,294.36,,,,,,,,,,,,
36560,10.02165037v2,10,,2,1,,5/18/2023 14:29,,,,8,,,,,85,2.56,276.48,,,,,,,,,,,,
36561,10.02164856v2,10,,2,1,,5/18/2023 14:29,,,,15,,,,,175,1.96,376.32,,,,,,,,,,,,
36561,10.02164855v2,10,,2,1,,5/18/2023 14:29,,,,15,,,,,175,1.96,376.32,,,,,,,,,,,,
36562,10.02165779v1,10,,2,1,,5/18/2023 17:00,,,,10,,,,,120,2.23,294.36,,,,,,,,,,,,
36562,10.02165783v1,10,,2,1,,5/18/2023 17:00,,,,10,,,,,120,2.23,294.36,,,,,,,,,,,,
36563,46.02165308v1,46,,113,1,,5/18/2023 17:00,,,,17,,,,,200,1.96,423.36,,,,,,,,,,,,
36565,55.02165549v4,55,,114,4,,5/18/2023 17:22,,,,5,,,,,60,3,216,,,,,,,,,,,,
36565,,70,,,4,45071,5/18/2023 17:22,,,,,,,,,,2.83,,29713,60,19173,42382,73,16263,60,118660,5/17/2023 22:52,5/23/2023,5,203.76
36567,10.02165458v2,10,,2,1,,5/18/2023 14:30,,,,13,,,,,150,1.96,329.28,,,,,,,,,,,,
36567,10.02165459v2,10,,2,1,,5/18/2023 14:30,,,,13,,,,,150,1.96,329.28,,,,,,,,,,,,
36568,10.02165765v1,10,,2,1,,5/18/2023 14:30,,,,5,,,,,60,2.56,184.32,,,,,,,,,,,,
36569,10.02164730v1,10,,2,1,,5/18/2023 14:31,,,,7,,,,,75,2.56,245.76,,,,,,,,,,,,
36569,12.02165367v1,12,,4,1,,5/18/2023 14:31,,,,5,,,,,60,2.23,160.56,,,,,,,,,,,,
36570,46.03165801v1,46,,113,3,,5/18/2023 17:27,,,,5,,,,,60,2.85,205.2,,,,,,,,,,,,
36570,46.03165803v1,46,,113,3,,5/18/2023 17:27,,,,5,,,,,60,2.85,205.2,,,,,,,,,,,,
36570,46.02165804v1,46,,113,3,,5/18/2023 17:27,,,,5,,,,,60,2.85,205.2,,,,,,,,,,,,
36570,46.02165802v1,46,,113,3,,5/18/2023 17:27,,,,5,,,,,60,2.85,205.2,,,,,,,,,,,,
36571,10.02165433v1,10,,2,4,,5/18/2023 20:48,,,,7,,,,,75,2.83,271.68,,,,,,,,,,,,
36571,10.02165432v1,10,,2,4,,5/18/2023 20:48,,,,7,,,,,75,2.83,271.68,,,,,,,,,,,,
36572,10.02165244v4,10,,2,3,,5/18/2023 17:01,,,,9,,,,,100,2.85,342,,,,,,,,,,,,
36574,10.0269916v1,10,,2,1,,5/18/2023 17:01,,,,84,,,,,1000,1.79,1825.8,,,,,,,,,,,,
36575,10.02165464v1,10,,2,1,,5/18/2023 17:02,,,,10,,,,,120,2.23,294.36,,,,,,,,,,,,
36576,10.02164134v3,10,,2,3,,5/19/2023 17:30,,,,41,,,,,482,2.54,1280.16,,,,,,,,,,,,
36577,10.02161839v2,10,,2,1,,5/18/2023 17:02,,,,18,,,,,210,1.96,446.88,,,,,,,,,,,,
36578,10.02163568v5,10,,2,1,,5/18/2023 17:02,,,,10,,,,,120,2.23,294.36,,,,,,,,,,,,
36579,10.02136030v1,10,,2,4,,5/22/2023 17:09,,,,30,,,,,360,2.54,944.88,,,,,,,,,,,,
36580,10.0283748v2,10,,2,3,,5/18/2023 22:52,,,,10,,,,,120,2.72,359.04,,,,,,,,,,,,
36581,10.02157242v1,10,,2,4,,5/18/2023 20:47,,,,10,,,,,120,2.71,357.72,,,,,,,,,,,,
36582,55.02165679v4,55,,114,1,,5/18/2023 20:43,,,,3,,,,,30,2.56,122.88,,,,,,,,,,,,
36583,10.02165261v2,10,,2,3,,5/18/2023 20:46,,,,42,,,,,500,2.54,1310.64,,,,,,,,,,,,
36584,10.02165664v3,10,,2,3,,5/18/2023 20:47,,,,30,,,,,360,2.54,944.88,,,,,,,,,,,,
36585,10.0239926v7,10,,2,1,,5/18/2023 22:53,,,,21,,,,,250,1.96,517.44,,,,,,,,,,,,
36586,55.02165927v1,55,,114,1,,5/18/2023 22:49,,,,3,,,,,30,2.56,122.88,,,,,,,,,,,,
36586,55.02165926v2,55,,114,1,,5/18/2023 22:49,,,,3,,,,,30,2.56,122.88,,,,,,,,,,,,
36587,55.02143252v1,55,,114,3,,5/18/2023 22:53,,,,10,,,,,115,2.8,369.6,,,,,,,,,,,,
36588,10.0293515v2,10,,2,1,,5/18/2023 22:49,,,,134,,,,,1600,1.71,2770.2,,,,,,,,,,,,
36589,17.02165861v1,17,,9,4,,5/18/2023 22:54,,,,6,,,,,71,2.83,237.72,,,,,,,,,,,,
36590,10.0279952v1,10,,2,1,,5/22/2023 17:10,,,,17,,,,,200,1.96,423.36,,,,,,,,,,,,
36591,10.02165674v2,10,,2,3,,5/19/2023 17:27,,,,25,,,,,300,2.54,792.48,,,,,,,,,,,,
36592,10.02165737v2,10,,2,1,,5/18/2023 22:54,,,,10,,,,,120,2.23,294.36,,,,,,,,,,,,
36593,10.02107583v2,10,,2,3,,5/18/2023 23:38,,,,55,,,,,655,2.28,1532.16,,,,,,,,,,,,
36594,10.02156748v1,10,,2,3,,5/19/2023 20:35,,,,21,,,,,250,2.54,670.56,,,,,,,,,,,,
36595,17.03165925v1,17,,9,4,,5/18/2023 23:39,,,,5,,,,,50,2.83,203.76,,,,,,,,,,,,
36595,10.02158852v2,10,,2,4,,5/18/2023 23:39,,,,5,,,,,50,2.83,203.76,,,,,,,,,,,,
36595,17.03165924v1,17,,9,4,,5/18/2023 23:39,,,,5,,,,,50,2.83,203.76,,,,,,,,,,,,
36595,17.02158822v3,17,,9,4,,5/18/2023 23:39,,,,5,,,,,50,2.83,203.76,,,,,,,,,,,,
36597,55.02111622v1,55,,114,1,,5/19/2023 20:36,,,,13,,,,,150,1.96,329.28,,,,,,,,,,,,
36598,46.02166079v1,46,,113,3,,5/19/2023 23:37,,,,5,,,,,60,2.85,205.2,,,,,,,,,,,,
36599,10.02165782v1,10,,2,4,,5/19/2023 17:26,,,,10,,,,,120,2.71,357.72,,,,,,,,,,,,
36600,10.02107672v1,10,,2,1,,5/19/2023 9:41,,,,21,,,,,250,1.96,517.44,,,,,,,,,,,,
36601,10.02165650v1,10,,2,1,,5/22/2023 17:08,,,,42,,,,,500,1.96,1011.36,,,,,,,,,,,,
36602,12.02166102v1,12,,4,3,,5/19/2023 17:26,,,,10,,,,,120,2.47,326.04,,,,,,,,,,,,
36603,10.02165819v1,10,,2,3,,5/22/2023 16:59,,,,5,,,,,60,2.85,205.2,,,,,,,,,,,,
36604,55.02164553v1,55,,114,1,,5/19/2023 17:25,,,,25,,,,,300,1.96,611.52,,,,,,,,,,,,
36605,46.02135574v3,46,,113,4,,5/19/2023 17:25,,,,5,,,,,60,2.83,203.76,,,,,,,,,,,,
36606,10.02164387v1,10,,2,1,,5/19/2023 17:23,,,,10,,,,,120,2.23,294.36,,,,,,,,,,,,
36607,10.02125730v1,10,,2,4,,5/19/2023 17:23,,,,9,,,,,100,2.83,339.6,,,,,,,,,,,,
36608,55.02124605v1,55,,114,1,,5/22/2023 20:16,,,,5,,,,,60,2.56,184.32,,,,,,,,,,,,
36608,55.02124604v1,55,,114,1,,5/22/2023 20:16,,,,5,,,,,60,2.56,184.32,,,,,,,,,,,,
36609,10.0243564v5,10,,2,4,,5/19/2023 20:36,,,,13,,,,,150,2.54,426.72,,,,,,,,,,,,
36610,55.02156465v1,55,,114,1,,5/22/2023 16:51,,,,10,,,,,120,2.23,294.36,,,,,,,,,,,,
36612,10.02165957v2,10,,2,4,,5/19/2023 17:23,,,,5,,,,,60,2.83,203.76,,,,,,,,,,,,
36613,20.02162568v1,20,,11,3,,5/19/2023 17:32,,,,35,,,,,410,3.12,1347.84,,,,,,,,,,,,
36614,10.02166110v1,10,,2,3,,5/19/2023 17:16,,,,13,,,,,150,2.54,426.72,,,,,,,,,,,,
36615,10.02163615v1,10,,2,3,,5/23/2023 15:48,,,,5,,,,,60,2.85,205.2,,,,,,,,,,,,
36616,10.04154250v1,10,,2,4,,5/19/2023 20:37,,,,63,,,,,750,2.01,1543.68,,,,,,,,,,,,
36617,10.02158378v1,10,,2,3,,5/23/2023 23:03,,,,5,,,,,60,2.85,205.2,,,,,,,,,,,,
36618,10.02166103v1,10,,2,4,,5/19/2023 17:22,,,,5,,,,,60,2.83,203.76,,,,,,,,,,,,
36619,10.02161829v1,10,,2,4,,5/19/2023 20:37,,,,10,,,,,120,2.71,357.72,,,,,,,,,,,,
36619,,70,,,1,45070,5/19/2023 20:37,,,,,,,,,,2.23,,29612,120,19363,42709,118,16336,120,117081,5/19/2023 19:33,5/24/2023,10,294.36
36620,10.04166125v1,10,,2,3,,5/19/2023 23:41,,,,17,,,,,200,2.54,548.64,,,,,,,,,,,,
36621,10.0240881v2,10,,2,1,,5/19/2023 20:34,,,,50,,,,,600,1.88,1150.56,,,,,,,,,,,,
36621,10.02155509v1,10,,2,1,,5/19/2023 20:34,,,,50,,,,,600,1.88,1150.56,,,,,,,,,,,,
36621,10.02155507v1,10,,2,1,,5/19/2023 20:34,,,,50,,,,,600,1.88,1150.56,,,,,,,,,,,,
36621,10.02155502v1,10,,2,1,,5/19/2023 20:34,,,,50,,,,,600,1.88,1150.56,,,,,,,,,,,,
36622,55.02164220v2,55,,114,3,,5/31/2023 15:48,,,,3,,,,,30,2.93,140.64,,,,,,,,,,,,
36622,55.02163904v2,55,,114,3,,5/31/2023 15:48,,,,3,,,,,30,2.93,140.64,,,,,,,,,,,,
36622,55.02159242v2,55,,114,3,,5/31/2023 15:48,,,,3,,,,,30,2.93,140.64,,,,,,,,,,,,
36622,55.02163594v2,55,,114,3,,5/31/2023 15:48,,,,3,,,,,30,2.93,140.64,,,,,,,,,,,,
36623,10.02160197v1,10,,2,4,,5/23/2023 16:50,,,,6,,,,,62,2.83,237.72,,,,,,,,,,,,
36624,10.02105496v1,10,,2,1,,5/19/2023 23:41,,,,13,,,,,150,1.96,329.28,,,,,,,,,,,,
36625,10.0296094v3,10,,2,1,,5/23/2023 20:17,,,,25,,,,,300,1.96,611.52,,,,,,,,,,,,
36626,10.02164892v1,10,,2,4,,5/19/2023 20:38,,,,5,,,,,60,2.83,203.76,,,,,,,,,,,,
36628,55.02166132v2,55,,114,1,,5/19/2023 20:39,,,,13,,,,,150,1.96,329.28,,,,,,,,,,,,
36629,10.02166110v1,10,,2,3,,5/19/2023 23:38,,,,3,,,,,30,2.85,136.8,,,,,,,,,,,,
36630,10.02165717v1,10,,2,4,,5/19/2023 23:41,,,,10,,,,,120,2.71,357.72,,,,,,,,,,,,
36631,10.02122287v1,10,,2,1,,5/19/2023 20:39,,,,100,,,,,1200,1.71,2072.52,,,,,,,,,,,,
36632,10.02166143v4,10,,2,4,,5/19/2023 20:40,,,,10,,,,,120,2.71,357.72,,,,,,,,,,,,
36632,10.02166140v1,10,,2,4,,5/19/2023 20:40,,,,10,,,,,120,2.71,357.72,,,,,,,,,,,,
36633,55.02138947v1,55,,114,3,,5/22/2023 16:51,,,,25,,,,,300,2.62,817.44,,,,,,,,,,,,
36634,10.02143127v4,10,,2,1,,5/23/2023 16:50,,,,10,,,,,120,2.23,294.36,,,,,,,,,,,,
36635,10.02165838v2,10,,2,4,,5/22/2023 16:51,,,,5,,,,,60,2.83,203.76,,,,,,,,,,,,
36635,10.02164829v1,10,,2,4,,5/22/2023 16:51,,,,5,,,,,60,2.83,203.76,,,,,,,,,,,,
36635,10.02164828v1,10,,2,4,,5/22/2023 16:51,,,,5,,,,,60,2.83,203.76,,,,,,,,,,,,
36636,10.02114934v1,10,,2,3,,5/19/2023 23:43,,,,6,,,,,70,2.85,239.4,,,,,,,,,,,,
36637,10.0231447v6,10,,2,4,,5/22/2023 13:18,,,,20,,,,,240,2.54,640.08,,,,,,,,,,,,
36638,10.02165705v1,10,,2,3,,5/19/2023 23:44,,,,34,,,,,400,2.54,1066.8,,,,,,,,,,,,
36638,10.03166186v1,10,,2,3,,5/19/2023 23:44,,,,5,,,,,50,2.85,205.2,,,,,,,,,,,,
36639,10.02166145v1,10,,2,3,,5/22/2023 17:10,,,,4,,,,,40,2.85,171,,,,,,,,,,,,
36640,55.02139073v1,55,,114,3,,5/19/2023 23:44,,,,167,,,,,2000,2.1,4233.6,,,,,,,,,,,,
36640,55.02139073v2,55,,114,3,,5/19/2023 23:44,,,,167,,,,,2000,2.1,4233.6,,,,,,,,,,,,
36641,10.0356551v4,10,,2,3,,5/19/2023 23:44,,,,125,,,,,1500,2.01,3039.12,,,,,,,,,,,,
36642,55.02164681v1,55,,114,4,,5/22/2023 16:51,,,,9,,,,,100,3,360,,,,,,,,,,,,
36643,10.0220564v3,10,,2,1,,5/22/2023 16:52,,,,20,,,,,240,1.96,493.92,,,,,,,,,,,,
36644,10.02129107v3,10,,2,3,,5/19/2023 23:45,,,,10,,,,,120,2.72,359.04,,,,,,,,,,,,
36645,12.0239799v9,12,,4,1,,5/23/2023 16:28,,,,10,,,,,120,1.9,250.8,,,,,,,,,,,,
36645,12.0239799v7,12,,4,1,,5/23/2023 16:28,,,,10,,,,,120,1.9,250.8,,,,,,,,,,,,
36646,49.02166223v1,49,,116,4,,5/22/2023 16:54,,,,30,,,,,360,2.54,944.88,,,,,,,,,,,,
36647,10.02105496v2,10,,2,4,,5/22/2023 17:00,,,,9,,,,,100,2.83,339.6,,,,,,,,,,,,
36648,10.0239299v1,10,,2,4,,5/22/2023 22:47,,,,5,,,,,60,2.83,203.76,,,,,,,,,,,,
36649,10.02166472v1,10,,2,1,,5/22/2023 23:52,,,,12,,,,,140,1.96,305.76,,,,,,,,,,,,
36649,11.02152190v1,11,,3,1,,5/22/2023 23:52,,,,5,,,,,60,3.33,239.76,,,,,,,,,,,,
36650,10.03164810v1,10,,2,4,,5/22/2023 17:01,,,,10,,,,,120,2.71,357.72,,,,,,,,,,,,
36651,10.02165416v1,10,,2,4,,5/22/2023 22:51,,,,42,,,,,500,2.54,1310.64,,,,,,,,,,,,
36653,55.02166324v1,55,,114,3,,5/23/2023 16:31,,,,5,,,,,60,2.93,210.96,,,,,,,,,,,,
36653,55.02166322v1,55,,114,3,,5/23/2023 16:31,,,,5,,,,,60,2.93,210.96,,,,,,,,,,,,
36653,15.02166323v1,15,,7,3,,5/23/2023 16:31,,,,10,,,,,120,3.84,506.88,,,,,,,,,,,,
36653,15.02166325v1,15,,7,3,,5/23/2023 16:31,,,,10,,,,,120,3.84,506.88,,,,,,,,,,,,
36655,10.0247736v2,10,,2,3,,5/22/2023 17:01,,,,10,,,,,120,2.72,359.04,,,,,,,,,,,,
36656,15.02166316v1,15,,7,3,,5/22/2023 17:04,,,,10,,,,,120,3.84,506.88,,,,,,,,,,,,
36657,10.0293515v2,10,,2,1,,5/22/2023 17:01,,,,13,,,,,150,1.96,329.28,,,,,,,,,,,,
36658,46.02166357v1,46,,113,4,,5/22/2023 20:27,,,,5,,,,,60,2.83,203.76,,,,,,,,,,,,
36660,10.0248463v2,10,,2,3,,5/23/2023 20:18,,,,9,,,,,100,2.85,342,,,,,,,,,,,,
36661,10.03128012v3,10,,2,4,,5/22/2023 20:36,,,,6,,,,,70,2.83,237.72,,,,,,,,,,,,
36662,10.02150624v1,10,,2,1,,5/24/2023 15:35,,,,64,,,,,760,1.79,1396.2,,,,,,,,,,,,
36663,10.02164685v2,10,,2,4,,5/22/2023 20:36,,,,5,,,,,60,2.83,203.76,,,,,,,,,,,,
36663,10.02164684v4,10,,2,4,,5/22/2023 20:36,,,,5,,,,,60,2.83,203.76,,,,,,,,,,,,
36664,10.02163798v2,10,,2,4,,5/22/2023 20:38,,,,5,,,,,60,2.83,203.76,,,,,,,,,,,,
36666,10.02164969v2,10,,2,4,,5/23/2023 16:52,,,,8,,,,,92,2.83,305.64,,,,,,,,,,,,
36667,10.02163894v1,10,,2,4,,5/22/2023 20:39,,,,5,,,,,60,2.83,203.76,,,,,,,,,,,,
36667,10.02163895v1,10,,2,4,,5/22/2023 20:39,,,,5,,,,,60,2.83,203.76,,,,,,,,,,,,
36669,55.02157491v3,55,,114,4,,5/22/2023 22:52,,,,10,,,,,120,2.88,380.16,,,,,,,,,,,,
36671,10.0246604v1,10,,2,3,,5/22/2023 20:40,,,,10,,,,,120,2.72,359.04,,,,,,,,,,,,
36674,10.02166471v1,10,,2,4,,5/22/2023 22:53,,,,17,,,,,200,2.54,548.64,,,,,,,,,,,,
36675,46.02151634v3,46,,113,1,,5/22/2023 22:53,,,,5,,,,,60,2.56,184.32,,,,,,,,,,,,
36676,10.02165452v2,10,,2,1,,5/23/2023 16:53,,,,10,,,,,120,2.23,294.36,,,,,,,,,,,,
36677,55.02166484v2,55,,114,1,,5/23/2023 17:02,,,,20,,,,,240,1.96,493.92,,,,,,,,,,,,
36678,10.02166467v1,10,,2,3,,5/22/2023 22:54,,,,3,,,,,30,2.85,136.8,,,,,,,,,,,,
36680,10.02166249v1,10,,2,3,,5/23/2023 14:32,,,,10,,,,,120,2.72,359.04,,,,,,,,,,,,
36681,10.02109918v2,10,,2,4,,5/23/2023 20:18,,,,5,,,,,60,2.83,203.76,,,,,,,,,,,,
36682,55.02100930v4,55,,114,3,,5/23/2023 20:23,,,,11,,,,,125,2.8,403.2,,,,,,,,,,,,
36682,55.02100932v4,55,,114,3,,5/23/2023 20:23,,,,11,,,,,125,2.8,403.2,,,,,,,,,,,,
36683,10.02159303v6,10,,2,4,,5/22/2023 22:54,,,,14,,,,,160,2.54,457.2,,,,,,,,,,,,
36684,10.02166432v1,10,,2,1,,5/24/2023 16:05,,,,42,,,,,500,1.96,1011.36,,,,,,,,,,,,
36684,10.02166431v1,10,,2,1,,5/24/2023 16:05,,,,42,,,,,500,1.96,1011.36,,,,,,,,,,,,
36684,10.02166430v1,10,,2,1,,5/24/2023 16:05,,,,42,,,,,500,1.96,1011.36,,,,,,,,,,,,
36685,10.02166354v1,10,,2,4,,5/23/2023 14:37,,,,6,,,,,66,2.83,237.72,,,,,,,,,,,,
36685,10.02166351v1,10,,2,4,,5/23/2023 14:37,,,,6,,,,,67,2.83,237.72,,,,,,,,,,,,
36685,10.02166345v1,10,,2,4,,5/23/2023 14:37,,,,6,,,,,67,2.83,237.72,,,,,,,,,,,,
36686,10.0289718v1,10,,2,3,,5/23/2023 14:38,,,,25,,,,,300,2.54,792.48,,,,,,,,,,,,
36687,10.02164633v3,10,,2,3,,5/23/2023 16:53,,,,20,,,,,240,2.54,640.08,,,,,,,,,,,,
36687,11.02164635v1,11,,3,3,,5/23/2023 16:53,,,,20,,,,,240,2.71,682.92,,,,,,,,,,,,
36687,12.02164636v2,12,,4,3,,5/23/2023 16:53,,,,20,,,,,240,2.29,577.08,,,,,,,,,,,,
36687,11.04166365v1,11,,3,3,,5/23/2023 16:53,,,,20,,,,,240,2.71,682.92,,,,,,,,,,,,
36688,10.02166547v1,10,,2,1,,5/23/2023 20:19,,,,3,,,,,30,3.5,168,,,,,,,,,,,,
36689,49.02166346v1,49,,116,1,,5/23/2023 16:53,,,,17,,,,,200,1.96,423.36,,,,,,,,,,,,
36690,10.02113835v1,10,,2,4,,5/23/2023 14:39,,,,20,,,,,240,2.54,640.08,,,,,,,,,,,,
36691,55.02123274v2,55,,114,1,,5/23/2023 16:54,,,,10,,,,,120,2.23,294.36,,,,,,,,,,,,
36692,17.0281025v2,17,,9,1,,5/23/2023 14:39,,,,10,,,,,120,2.23,294.36,,,,,,,,,,,,
36692,10.0280995v1,10,,2,1,,5/23/2023 14:39,,,,10,,,,,120,2.23,294.36,,,,,,,,,,,,
36693,10.02166487v3,10,,2,1,,5/24/2023 15:35,,,,10,,,,,120,2.23,294.36,,,,,,,,,,,,
36694,10.02163477v1,10,,2,1,,5/23/2023 16:54,,,,10,,,,,120,2.23,294.36,,,,,,,,,,,,
36696,10.02132559v1,10,,2,1,,5/23/2023 16:55,,,,30,,,,,360,1.96,729.12,,,,,,,,,,,,
36696,10.02132560v1,10,,2,1,,5/23/2023 16:55,,,,30,,,,,360,1.96,729.12,,,,,,,,,,,,
36697,10.0229935v3,10,,2,1,,5/23/2023 16:56,,,,5,,,,,60,2.56,184.32,,,,,,,,,,,,
36698,10.02166358v1,10,,2,3,,5/23/2023 16:57,,,,50,,,,,600,2.28,1395.36,,,,,,,,,,,,
36699,10.02122404v10,10,,2,4,,5/23/2023 16:58,,,,3,,,,,30,2.83,135.84,,,,,,,,,,,,
36699,10.02122404v11,10,,2,4,,5/23/2023 16:58,,,,3,,,,,30,2.83,135.84,,,,,,,,,,,,
36700,10.02165573v1,10,,2,4,,5/23/2023 16:58,,,,9,,,,,100,2.83,339.6,,,,,,,,,,,,
36701,10.02166511v3,10,,2,1,,5/23/2023 16:59,,,,10,,,,,120,2.23,294.36,,,,,,,,,,,,
36703,10.02152613v1,10,,2,3,,5/23/2023 16:59,,,,12,,,,,135,2.54,396.24,,,,,,,,,,,,
36704,10.02128244v1,10,,2,1,,5/24/2023 15:36,,,,9,,,,,100,2.56,307.2,,,,,,,,,,,,
36707,10.02164631v1,10,,2,1,,5/23/2023 20:20,,,,11,,,,,125,2.23,321.12,,,,,,,,,,,,
36708,10.02132576v2,10,,2,4,,5/23/2023 17:00,,,,10,,,,,120,2.71,357.72,,,,,,,,,,,,
36709,10.02113563v2,10,,2,3,,5/23/2023 20:20,,,,20,,,,,240,2.54,640.08,,,,,,,,,,,,
36710,55.02126837v5,55,,114,3,,5/23/2023 20:21,,,,10,,,,,120,2.8,369.6,,,,,,,,,,,,
36711,10.02163934v1,10,,2,1,,5/23/2023 20:21,,,,5,,,,,60,2.56,184.32,,,,,,,,,,,,
36711,10.02163933v1,10,,2,1,,5/23/2023 20:21,,,,5,,,,,60,2.56,184.32,,,,,,,,,,,,
36711,10.02163931v1,10,,2,1,,5/23/2023 20:21,,,,5,,,,,60,2.56,184.32,,,,,,,,,,,,
36712,55.02166509v1,55,,114,1,,5/23/2023 20:22,,,,3,,,,,30,2.56,122.88,,,,,,,,,,,,
36713,10.02165692v4,10,,2,1,,5/23/2023 20:23,,,,10,,,,,120,2.23,294.36,,,,,,,,,,,,
36713,12.02166726v1,12,,4,1,,5/23/2023 20:23,,,,10,,,,,120,1.9,250.8,,,,,,,,,,,,
36714,12.02166727v1,12,,4,1,,5/23/2023 20:23,,,,20,,,,,240,1.63,410.76,,,,,,,,,,,,
36715,10.02115623v2,10,,2,3,,5/25/2023 17:22,,,,14,,,,,165,2.54,457.2,,,,,,,,,,,,
36716,10.02127214v1,10,,2,1,,5/23/2023 23:03,,,,34,,,,,400,1.96,823.2,,,,,,,,,,,,
36718,10.02165922v1,10,,2,1,,5/24/2023 20:35,,,,5,,,,,60,2.56,184.32,,,,,,,,,,,,
36719,10.0276671v4,10,,2,3,,5/25/2023 21:04,,,,10,,,,,120,2.72,359.04,,,,,,,,,,,,
36719,10.02103042v1,10,,2,3,,5/25/2023 21:04,,,,10,,,,,120,2.72,359.04,,,,,,,,,,,,
36720,12.0211256v1,12,,4,1,,5/24/2023 20:36,,,,10,,,,,120,1.9,250.8,,,,,,,,,,,,
36721,10.02166674v1,10,,2,4,,5/26/2023 20:23,,,,5,,,,,60,2.83,203.76,,,,,,,,,,,,
36723,10.02164495v3,10,,2,1,,6/6/2023 0:00,,,,20,,,,,240,1.96,493.92,,,,,,,,,,,,
36724,10.02166951v1,10,,2,3,,5/25/2023 22:54,,,,13,,,,,145,2.54,426.72,,,,,,,,,,,,
36725,55.02162497v6,55,,114,1,,5/24/2023 16:10,,,,10,,,,,120,2.23,294.36,,,,,,,,,,,,
36726,10.0219046v2,10,,2,3,,5/24/2023 15:36,,,,20,,,,,240,2.54,640.08,,,,,,,,,,,,
36727,10.02166883v1,10,,2,1,,5/24/2023 20:36,,,,3,,,,,30,3.5,168,,,,,,,,,,,,
36728,55.02159910v1,55,,114,1,,5/24/2023 16:10,,,,20,,,,,240,1.96,493.92,,,,,,,,,,,,
36729,10.02138844v1,10,,2,1,,5/24/2023 16:11,,,,20,,,,,240,1.96,493.92,,,,,,,,,,,,
36731,10.0228320v2,10,,2,1,,5/24/2023 20:36,,,,17,,,,,200,1.96,423.36,,,,,,,,,,,,
36732,49.02166894v1,49,,116,1,,5/24/2023 16:12,,,,31,,,,,365,1.96,752.64,,,,,,,,,,,,
36733,55.02135341v1,55,,114,3,,5/25/2023 20:48,,,,7,,,,,75,2.93,281.28,,,,,,,,,,,,
36735,10.02162862v2,10,,2,3,,5/24/2023 16:12,,,,20,,,,,240,2.54,640.08,,,,,,,,,,,,
36737,10.02164397v2,10,,2,1,,5/24/2023 20:38,,,,3,,,,,30,3.5,168,,,,,,,,,,,,
36738,55.02123259v2,55,,114,1,,5/24/2023 16:13,,,,12,,,,,135,1.96,305.76,,,,,,,,,,,,
36740,55.02166902v2,55,,114,3,,5/24/2023 17:10,,,,13,,,,,150,2.62,440.16,,,,,,,,,,,,
36741,17.02166489v1,17,,9,1,,5/24/2023 20:48,,,,209,,,,,2500,1.6,4032,,,,,,,,,,,,
36741,17.02166491v1,17,,9,1,,5/24/2023 20:48,,,,209,,,,,2500,1.6,4032,,,,,,,,,,,,
36742,10.02166915v2,10,,2,1,,5/24/2023 20:38,,,,34,,,,,400,1.96,823.2,,,,,,,,,,,,
36743,10.02166954v1,10,,2,4,,5/24/2023 17:55,,,,10,,,,,120,2.71,357.72,,,,,,,,,,,,
36744,10.02166967v1,10,,2,3,,5/24/2023 17:11,,,,21,,,,,250,2.54,670.56,,,,,,,,,,,,
36745,10.02166923v1,10,,2,4,,5/26/2023 20:24,,,,5,,,,,60,2.83,203.76,,,,,,,,,,,,
36746,10.02140675v1,10,,2,4,,5/24/2023 20:39,,,,17,,,,,200,2.54,548.64,,,,,,,,,,,,
36746,10.02140683v1,10,,2,4,,5/24/2023 20:39,,,,17,,,,,200,2.54,548.64,,,,,,,,,,,,
36748,10.02113026v1,10,,2,4,,5/24/2023 20:40,,,,10,,,,,120,2.71,357.72,,,,,,,,,,,,
36749,10.02166707v1,10,,2,4,,5/24/2023 22:34,,,,5,,,,,60,2.83,203.76,,,,,,,,,,,,
36750,10.02166624v4,10,,2,1,,5/24/2023 20:43,,,,5,,,,,60,2.56,184.32,,,,,,,,,,,,
36751,10.02166869v1,10,,2,4,,5/24/2023 22:34,,,,5,,,,,60,2.83,203.76,,,,,,,,,,,,
36751,10.02166872v1,10,,2,4,,5/24/2023 22:34,,,,5,,,,,60,2.83,203.76,,,,,,,,,,,,
36753,10.02164391v3,10,,2,3,,5/26/2023 22:07,,,,42,,,,,500,2.54,1310.64,,,,,,,,,,,,
36754,10.0255055v1,10,,2,1,,5/24/2023 20:43,,,,10,,,,,110,2.56,337.92,,,,,,,,,,,,
36755,55.02164562v3,55,,114,3,,5/26/2023 20:24,,,,7,,,,,75,2.93,281.28,,,,,,,,,,,,
36755,55.02164561v4,55,,114,3,,5/26/2023 20:24,,,,7,,,,,75,2.93,281.28,,,,,,,,,,,,
36755,55.02164569v3,55,,114,3,,5/26/2023 20:24,,,,7,,,,,75,2.93,281.28,,,,,,,,,,,,
36756,10.02166275v1,10,,2,3,,5/25/2023 14:57,,,,21,,,,,250,2.54,670.56,,,,,,,,,,,,
36757,10.02166699v1,10,,2,3,,5/25/2023 0:00,,,,10,,,,,120,2.72,359.04,,,,,,,,,,,,
36758,10.0251963v1,10,,2,4,,5/25/2023 21:00,,,,5,,,,,60,2.83,203.76,,,,,,,,,,,,
36759,10.02114044v2,10,,2,3,,5/25/2023 20:50,,,,5,,,,,60,2.85,205.2,,,,,,,,,,,,
36760,10.0219978v1,10,,2,4,,5/24/2023 22:35,,,,9,,,,,100,2.83,339.6,,,,,,,,,,,,
36761,10.0242479v2,10,,2,1,,5/25/2023 20:50,,,,10,,,,,120,2.23,294.36,,,,,,,,,,,,
36761,12.02167080v1,12,,4,1,,5/25/2023 20:50,,,,10,,,,,120,1.9,250.8,,,,,,,,,,,,
36761,10.0242466v2,10,,2,1,,5/25/2023 20:50,,,,10,,,,,120,2.23,294.36,,,,,,,,,,,,
36761,10.0242481v2,10,,2,1,,5/25/2023 20:50,,,,10,,,,,120,2.23,294.36,,,,,,,,,,,,
36761,12.02167081v1,12,,4,1,,5/25/2023 20:50,,,,10,,,,,120,1.9,250.8,,,,,,,,,,,,
36761,10.0240069v1,10,,2,1,,5/25/2023 20:50,,,,10,,,,,120,2.23,294.36,,,,,,,,,,,,
36762,10.03128012v3,10,,2,4,,5/24/2023 22:36,,,,10,,,,,120,2.71,357.72,,,,,,,,,,,,
36763,10.02166254v1,10,,2,4,,5/24/2023 22:39,,,,5,,,,,60,2.83,203.76,,,,,,,,,,,,
36764,55.02166868v1,55,,114,3,,5/25/2023 17:27,,,,21,,,,,250,2.62,691.68,,,,,,,,,,,,
36764,,70,,,3,45085,5/25/2023 17:27,,,,,,,,,,2.54,,29720,250,19405,42810,118,16471,264,119220,5/25/2023 15:55,6/8/2023,21,670.56
36765,17.02164325v2,17,,9,3,,5/26/2023 15:37,,,,125,,,,,1500,2.01,3039.12,,,,,,,,,,,,
36765,17.02164324v2,17,,9,3,,5/26/2023 15:37,,,,125,,,,,1500,2.01,3039.12,,,,,,,,,,,,
36766,10.02165699v1,10,,2,3,,5/25/2023 14:58,,,,9,,,,,100,2.85,342,,,,,,,,,,,,
36767,10.02148476v1,10,,2,3,,5/25/2023 17:33,,,,9,,,,,100,2.85,342,,,,,,,,,,,,
36768,10.02165605v1,10,,2,3,,5/24/2023 23:59,,,,10,,,,,120,2.72,359.04,,,,,,,,,,,,
36768,46.02166593v1,46,,113,3,,5/24/2023 23:59,,,,10,,,,,120,2.72,359.04,,,,,,,,,,,,
36768,10.02165536v1,10,,2,3,,5/24/2023 23:59,,,,10,,,,,120,2.72,359.04,,,,,,,,,,,,
36769,46.02139133v1,46,,113,3,,5/25/2023 14:58,,,,13,,,,,150,2.54,426.72,,,,,,,,,,,,
36770,10.02120678v1,10,,2,3,,5/25/2023 22:54,,,,5,,,,,60,2.85,205.2,,,,,,,,,,,,
36772,10.02167157v1,10,,2,1,,5/25/2023 21:05,,,,10,,,,,120,2.23,294.36,,,,,,,,,,,,
36773,932166941v2,93,225,120,10,45092,5/25/2023 22:37,Distributor,existingbusiness,13388755085,19,1.8,0,432,405,,,,,,,,,,,,,,,
36774,10.0262174v1,10,,2,1,,5/25/2023 17:34,,,,20,,,,,240,1.96,493.92,,,,,,,,,,,,
36774,10.0262467v4,10,,2,1,,5/25/2023 17:34,,,,20,,,,,240,1.96,493.92,,,,,,,,,,,,
36775,17.02166912v2,17,,9,1,,5/25/2023 20:51,,,,13,,,,,151,1.96,329.28,,,,,,,,,,,,
36776,10.02161141v2,10,,2,3,,5/25/2023 17:34,,,,5,,,,,60,2.85,205.2,,,,,,,,,,,,
36777,10.02166294v1,10,,2,1,,5/31/2023 20:55,,,,42,,,,,500,1.96,1011.36,,,,,,,,,,,,
36777,10.02166296v1,10,,2,1,,5/31/2023 20:55,,,,42,,,,,500,1.96,1011.36,,,,,,,,,,,,
36778,12.02161689v1,12,,4,3,,5/25/2023 20:51,,,,5,,,,,60,2.6,187.2,,,,,,,,,,,,
36779,10.02100873v1,10,,2,1,,5/25/2023 17:34,,,,42,,,,,500,1.96,1011.36,,,,,,,,,,,,
36780,10.02162833v1,10,,2,3,,5/26/2023 20:25,,,,13,,,,,150,2.54,426.72,,,,,,,,,,,,
36780,10.02167204v1,10,,2,3,,5/26/2023 20:25,,,,13,,,,,150,2.54,426.72,,,,,,,,,,,,
36781,10.02132611v1,10,,2,1,,5/25/2023 20:52,,,,13,,,,,150,1.96,329.28,,,,,,,,,,,,
36782,10.02166652v1,10,,2,1,,5/25/2023 20:54,,,,84,,,,,1000,1.79,1825.8,,,,,,,,,,,,
36783,10.02166490v3,10,,2,3,,5/25/2023 20:55,,,,3,,,,,30,2.85,136.8,,,,,,,,,,,,
36784,10.02167032v1,10,,2,4,,5/25/2023 21:01,,,,5,,,,,60,2.83,203.76,,,,,,,,,,,,
36785,12.02167256v1,12,,4,1,,5/25/2023 21:01,,,,10,,,,,120,1.9,250.8,,,,,,,,,,,,
36786,13.05101141v2,13,,5,3,,5/30/2023 15:47,,,,100,,,,,1200,1.56,1890.72,,,,,,,,,,,,
36787,17.02156988v2,17,,9,4,,5/26/2023 15:37,,,,10,,,,,120,2.71,357.72,,,,,,,,,,,,
36787,17.02155926v3,17,,9,4,,5/26/2023 15:37,,,,10,,,,,120,2.71,357.72,,,,,,,,,,,,
36788,10.02105187v1,10,,2,4,,5/30/2023 19:15,,,,13,,,,,150,2.54,426.72,,,,,,,,,,,,
36788,10.02105181v1,10,,2,4,,5/30/2023 19:15,,,,13,,,,,150,2.54,426.72,,,,,,,,,,,,
36789,10.02166545v2,10,,2,3,,5/25/2023 21:01,,,,75,,,,,900,2.01,1833.12,,,,,,,,,,,,
36790,10.02166973v2,10,,2,3,,5/26/2023 15:21,,,,21,,,,,250,2.54,670.56,,,,,,,,,,,,
36791,55.02163274v1,55,,114,1,,5/25/2023 21:02,,,,10,,,,,120,2.23,294.36,,,,,,,,,,,,
36792,10.0288519v3,10,,2,4,,5/30/2023 16:10,,,,10,,,,,120,2.71,357.72,,,,,,,,,,,,
36793,10.02166170v2,10,,2,4,,5/25/2023 21:02,,,,5,,,,,60,2.83,203.76,,,,,,,,,,,,
36794,10.02161739v2,10,,2,1,,5/25/2023 22:55,,,,50,,,,,600,1.88,1150.56,,,,,,,,,,,,
36795,10.02167194v1,10,,2,4,,5/25/2023 22:56,,,,5,,,,,60,2.83,203.76,,,,,,,,,,,,
36796,10.02167126v1,10,,2,4,,5/25/2023 22:58,,,,5,,,,,60,2.83,203.76,,,,,,,,,,,,
36797,10.02166537v2,10,,2,1,,5/26/2023 15:33,,,,42,,,,,500,1.96,1011.36,,,,,,,,,,,,
36799,10.02167281v1,10,,2,4,,5/26/2023 20:26,,,,9,,,,,100,2.83,339.6,,,,,,,,,,,,
36800,10.02167279v1,10,,2,1,,5/30/2023 19:16,,,,13,,,,,155,1.96,329.28,,,,,,,,,,,,
36801,10.02166166v1,10,,2,4,,5/26/2023 15:22,,,,6,,,,,65,2.83,237.72,,,,,,,,,,,,
36802,932165451v2,93,240,120,10,45098,5/26/2023 22:15,Direct,newbusiness,13354944638,20,1.42,0,357.84,340.8,,,,,,,,,,,,,,,
36803,10.02173752v3,10,,2,1,,7/10/2023 17:43,,,,17,,,,,200,1.96,423.36,,,,,,,,,,,,
36805,10.0237855v1,10,,2,4,,5/26/2023 15:22,,,,5,,,,,60,2.83,203.76,,,,,,,,,,,,
36806,10.0237651v1,10,,2,4,,5/26/2023 15:22,,,,5,,,,,60,2.83,203.76,,,,,,,,,,,,
36807,12.02134630v2,12,,4,1,,5/30/2023 12:45,,,,5,,,,,60,2.23,160.56,,,,,,,,,,,,
36807,10.02134538v2,10,,2,1,,5/30/2023 12:45,,,,5,,,,,60,2.56,184.32,,,,,,,,,,,,
36809,10.02167283v1,10,,2,4,,5/26/2023 20:26,,,,5,,,,,60,2.83,203.76,,,,,,,,,,,,
36810,10.02164856v2,10,,2,1,,5/31/2023 20:25,,,,7,,,,,75,2.56,245.76,,,,,,,,,,,,
36810,10.02164855v2,10,,2,1,,5/31/2023 20:25,,,,7,,,,,75,2.56,245.76,,,,,,,,,,,,
36811,10.0288654v1,10,,2,4,,5/26/2023 15:23,,,,10,,,,,120,2.71,357.72,,,,,,,,,,,,
36812,55.02166834v2,55,,114,3,,5/26/2023 20:27,,,,9,,,,,100,2.93,351.6,,,,,,,,,,,,
36813,55.02159184v2,55,,114,1,,5/26/2023 20:27,,,,13,,,,,150,1.96,329.28,,,,,,,,,,,,
36813,10.02159180v2,10,,2,1,,5/26/2023 20:27,,,,13,,,,,150,1.96,329.28,,,,,,,,,,,,
36814,10.02144034v1,10,,2,3,,5/26/2023 20:27,,,,17,,,,,204,2.54,548.64,,,,,,,,,,,,
36815,10.02166816v1,10,,2,4,,5/26/2023 22:07,,,,10,,,,,120,2.71,357.72,,,,,,,,,,,,
36816,932167371v1,93,120,120,10,45098,5/26/2023 22:44,Distributor,existingbusiness,13460799582,10,1.8,0,237.6,216,,,,,,,,,,,,,,,
36816,932167372v1,93,120,120,10,45098,5/26/2023 22:44,Distributor,existingbusiness,13460799582,10,1.8,0,237.6,216,,,,,,,,,,,,,,,
36816,932167373v1,93,120,120,10,45098,5/26/2023 22:44,Distributor,existingbusiness,13460799582,10,1.8,0,237.6,216,,,,,,,,,,,,,,,
36817,10.0292584v2,10,,2,4,,5/31/2023 22:34,,,,5,,,,,60,2.83,203.76,,,,,,,,,,,,
36818,10.02103394v1,10,,2,3,,5/26/2023 20:27,,,,3,,,,,30,2.85,136.8,,,,,,,,,,,,
36819,13.0588055v2,13,,5,3,,5/30/2023 19:16,,,,30,,,,,360,1.58,587.76,,,,,,,,,,,,
36820,10.0225005v8,10,,2,4,,5/26/2023 20:28,,,,5,,,,,60,2.83,203.76,,,,,,,,,,,,
36822,10.02167091v1,10,,2,4,,5/26/2023 20:29,,,,10,,,,,120,2.71,357.72,,,,,,,,,,,,
36823,55.02167410v1,55,,114,3,,5/26/2023 20:29,,,,6,,,,,70,2.93,246.12,,,,,,,,,,,,
36824,932167369v2,93,500,120,10,45103,5/30/2023 15:14,Direct,newbusiness,13256659092,42,1.31,0,675.96,655,,,,,,,,,,,,,,,
36825,10.02167436v2,10,,2,3,,5/31/2023 17:26,,,,5,,,,,60,2.85,205.2,,,,,,,,,,,,
36826,10.02144339v5,10,,2,1,,5/30/2023 16:18,,,,13,,,,,150,1.96,329.28,,,,,,,,,,,,
36827,10.02165127v1,10,,2,4,,5/30/2023 23:31,,,,42,,,,,500,2.54,1310.64,,,,,,,,,,,,
36828,10.03156861v1,10,,2,1,,5/30/2023 17:05,,,,15,,,,,180,1.96,376.32,,,,,,,,,,,,
36830,10.02128645v1,10,,2,1,,5/30/2023 16:11,,,,25,,,,,300,1.96,611.52,,,,,,,,,,,,
36831,10.02133464v1,10,,2,3,,5/26/2023 22:08,,,,5,,,,,60,2.85,205.2,,,,,,,,,,,,
36832,55.02167459v2,55,,114,3,,5/26/2023 22:09,,,,9,,,,,100,2.93,351.6,,,,,,,,,,,,
36833,10.02103152v1,10,,2,4,,6/2/2023 15:00,,,,21,,,,,250,2.54,670.56,,,,,,,,,,,,
36834,10.03167362v1,10,,2,1,,5/30/2023 10:33,,,,5,,,,,60,2.56,184.32,,,,,,,,,,,,
36835,55.02161543v1,55,,114,1,,5/30/2023 16:18,,,,15,,,,,175,1.96,376.32,,,,,,,,,,,,
36836,55.02167680v1,55,,114,1,,5/30/2023 16:13,,,,5,,,,,60,2.56,184.32,,,,,,,,,,,,
36837,10.02145272v2,10,,2,4,,5/29/2023 20:51,,,,10,,,,,120,2.71,357.72,,,,,,,,,,,,
36838,10.02137354v2,10,,2,1,,5/29/2023 23:42,,,,13,,,,,150,1.96,329.28,,,,,,,,,,,,
36839,17.02167358v1,17,,9,1,,5/31/2023 15:45,,,,42,,,,,500,1.96,1011.36,,,,,,,,,,,,
36840,55.0299933v1,55,,114,3,,5/30/2023 16:13,,,,13,,,,,150,2.62,440.16,,,,,,,,,,,,
36842,10.02167655v1,10,,2,1,,5/30/2023 19:17,,,,10,,,,,120,2.23,294.36,,,,,,,,,,,,
36842,10.02167710v1,10,,2,1,,5/30/2023 19:17,,,,10,,,,,120,2.23,294.36,,,,,,,,,,,,
36843,10.02167282v1,10,,2,4,,5/30/2023 16:20,,,,42,,,,,500,2.54,1310.64,,,,,,,,,,,,
36846,55.02167302v1,55,,114,4,,6/5/2023 19:17,,,,9,,,,,100,3,360,,,,,,,,,,,,
36847,55.02167278v2,55,,114,1,,5/30/2023 19:16,,,,34,,,,,400,1.96,823.2,,,,,,,,,,,,
36847,55.02167280v2,55,,114,1,,5/30/2023 19:16,,,,34,,,,,400,1.96,823.2,,,,,,,,,,,,
36850,10.02167044v2,10,,2,1,,5/30/2023 21:50,,,,45,,,,,530,1.96,1081.92,,,,,,,,,,,,
36851,20.02167320v1,20,,11,1,,5/30/2023 21:38,,,,11,,,,,125,3.23,465.12,,,,,,,,,,,,
36851,20.02167310v1,20,,11,1,,5/30/2023 21:38,,,,11,,,,,125,3.23,465.12,,,,,,,,,,,,
36852,10.02118440v1,10,,2,4,,5/30/2023 19:15,,,,10,,,,,120,2.71,357.72,,,,,,,,,,,,
36853,10.02167704v1,10,,2,1,,5/30/2023 22:03,,,,10,,,,,120,2.23,294.36,,,,,,,,,,,,
36854,55.02167842v1,55,,114,1,,5/30/2023 21:52,,,,5,,,,,60,2.56,184.32,,,,,,,,,,,,
36855,10.0220599v1,10,,2,1,,5/31/2023 14:56,,,,10,,,,,120,2.23,294.36,,,,,,,,,,,,
36856,10.02167831v1,10,,2,4,,5/31/2023 15:45,,,,9,,,,,100,2.83,339.6,,,,,,,,,,,,
36857,10.02163493v3,10,,2,4,,5/30/2023 21:50,,,,5,,,,,60,2.83,203.76,,,,,,,,,,,,
36858,10.02118570v1,10,,2,3,,5/31/2023 15:48,,,,30,,,,,360,2.54,944.88,,,,,,,,,,,,
36859,10.02132451v1,10,,2,1,,5/30/2023 22:35,,,,21,,,,,250,1.96,517.44,,,,,,,,,,,,
36860,12.02167176v1,12,,4,3,,5/31/2023 20:27,,,,209,,,,,2500,1.47,3704.4,,,,,,,,,,,,
36861,10.02167624v1,10,,2,4,,5/30/2023 21:59,,,,10,,,,,120,2.71,357.72,,,,,,,,,,,,
36863,10.02165708v5,10,,2,1,,6/1/2023 14:53,,,,21,,,,,250,1.96,517.44,,,,,,,,,,,,
36864,10.0224743v2,10,,2,4,,5/31/2023 1:39,,,,6,,,,,70,2.83,237.72,,,,,,,,,,,,
36865,10.02163173v2,10,,2,1,,5/31/2023 22:36,,,,10,,,,,120,2.23,294.36,,,,,,,,,,,,
36866,10.02144411v3,10,,2,1,,5/31/2023 14:55,,,,30,,,,,360,1.96,729.12,,,,,,,,,,,,
36867,10.02167828v1,10,,2,1,,5/31/2023 17:25,,,,10,,,,,120,2.23,294.36,,,,,,,,,,,,
36868,10.02137145v2,10,,2,1,,6/5/2023 9:15,,,,10,,,,,120,2.23,294.36,,,,,,,,,,,,
36869,10.0243578v1,10,,2,1,,5/31/2023 15:44,,,,5,,,,,60,2.56,184.32,,,,,,,,,,,,
36870,10.02149543v1,10,,2,4,,5/31/2023 15:49,,,,5,,,,,60,2.83,203.76,,,,,,,,,,,,
36871,10.02167368v3,10,,2,1,,5/31/2023 17:27,,,,10,,,,,120,2.23,294.36,,,,,,,,,,,,
36872,10.02167740v1,10,,2,3,,6/5/2023 18:41,,,,60,,,,,720,2.01,1471.32,,,,,,,,,,,,
36873,55.02167993v1,55,,114,1,,5/31/2023 17:26,,,,11,,,,,130,2.23,321.12,,,,,,,,,,,,
36874,10.02166899v4,10,,2,4,,6/5/2023 14:07,,,,5,,,,,60,2.83,203.76,,,,,,,,,,,,
36875,55.02166743v5,55,,114,1,,5/31/2023 17:26,,,,10,,,,,120,2.23,294.36,,,,,,,,,,,,
36875,55.02166743v1,55,,114,1,,5/31/2023 17:26,,,,10,,,,,120,2.23,294.36,,,,,,,,,,,,
36876,10.02167979v1,10,,2,1,,5/31/2023 17:25,,,,5,,,,,50,3.18,228.96,,,,,,,,,,,,
36878,10.02155034v1,10,,2,3,,5/31/2023 20:54,,,,21,,,,,250,2.54,670.56,,,,,,,,,,,,
36878,10.02155033v1,10,,2,3,,5/31/2023 20:54,,,,21,,,,,250,2.54,670.56,,,,,,,,,,,,
36879,10.02145166v1,10,,2,4,,5/31/2023 16:59,,,,30,,,,,360,2.54,944.88,,,,,,,,,,,,
36880,10.02168022v3,10,,2,4,,6/3/2023 19:33,,,,10,,,,,120,2.71,357.72,,,,,,,,,,,,
36881,10.0221917v1,10,,2,1,,5/31/2023 17:24,,,,25,,,,,300,1.96,611.52,,,,,,,,,,,,
36881,10.0286618v3,10,,2,1,,5/31/2023 17:24,,,,17,,,,,200,1.96,423.36,,,,,,,,,,,,
36882,10.0268685v1,10,,2,4,,5/31/2023 17:38,,,,10,,,,,120,2.71,357.72,,,,,,,,,,,,
36883,10.02145863v1,10,,2,4,,5/31/2023 22:33,,,,42,,,,,500,2.54,1310.64,,,,,,,,,,,,
36883,10.02145863v2,10,,2,4,,5/31/2023 22:33,,,,42,,,,,500,2.54,1310.64,,,,,,,,,,,,
36884,10.02115549v1,10,,2,3,,5/31/2023 20:26,,,,10,,,,,120,2.72,359.04,,,,,,,,,,,,
36885,10.02126441v1,10,,2,4,,5/31/2023 20:25,,,,3,,,,,30,2.83,135.84,,,,,,,,,,,,
36886,10.02168083v1,10,,2,4,,5/31/2023 20:26,,,,9,,,,,100,2.83,339.6,,,,,,,,,,,,
36887,17.02121130v2,17,,9,4,,5/31/2023 20:54,,,,17,,,,,200,2.54,548.64,,,,,,,,,,,,
36887,17.02121137v2,17,,9,4,,5/31/2023 20:54,,,,17,,,,,200,2.54,548.64,,,,,,,,,,,,
36887,17.02121135v2,17,,9,4,,5/31/2023 20:54,,,,17,,,,,200,2.54,548.64,,,,,,,,,,,,
36887,17.02121138v2,17,,9,4,,5/31/2023 20:54,,,,17,,,,,200,2.54,548.64,,,,,,,,,,,,
36888,55.02165497v1,55,,114,1,,6/1/2023 17:41,,,,5,,,,,60,2.56,184.32,,,,,,,,,,,,
36890,10.02167915v1,10,,2,1,,6/2/2023 16:57,,,,5,,,,,50,3.18,228.96,,,,,,,,,,,,
36891,10.02138998v2,10,,2,3,,5/31/2023 22:33,,,,5,,,,,60,2.85,205.2,,,,,,,,,,,,
36892,55.02168059v1,55,,114,3,,5/31/2023 22:34,,,,3,,,,,30,2.93,140.64,,,,,,,,,,,,
36893,55.02105924v1,55,,114,1,,6/1/2023 17:41,,,,5,,,,,60,2.56,184.32,,,,,,,,,,,,
36894,10.02152915v1,10,,2,4,,5/31/2023 22:36,,,,21,,,,,250,2.54,670.56,,,,,,,,,,,,
36896,10.02115170v2,10,,2,3,,6/1/2023 14:55,,,,417,,,,,5000,1.72,8627.52,,,,,,,,,,,,
36897,10.0238189v1,10,,2,1,,6/1/2023 14:56,,,,3,,,,,30,3.18,152.64,,,,,,,,,,,,
36897,55.02124114v1,55,,114,1,,6/1/2023 14:56,,,,3,,,,,30,2.56,122.88,,,,,,,,,,,,
36898,10.02168080v1,10,,2,1,,6/1/2023 20:59,,,,17,,,,,200,1.96,423.36,,,,,,,,,,,,
36899,10.02165830v1,10,,2,1,,6/1/2023 17:41,,,,42,,,,,500,1.96,1011.36,,,,,,,,,,,,
36899,10.02166514v1,10,,2,1,,6/1/2023 17:41,,,,42,,,,,500,1.96,1011.36,,,,,,,,,,,,
36900,10.029026v1,10,,2,1,,6/5/2023 21:34,,,,10,,,,,120,2.23,294.36,,,,,,,,,,,,
36901,10.02103374v1,10,,2,3,,6/1/2023 17:40,,,,5,,,,,60,2.85,205.2,,,,,,,,,,,,
36903,55.03167780v2,55,,114,1,,6/1/2023 20:59,,,,7,,,,,75,2.56,245.76,,,,,,,,,,,,
36903,55.03167779v2,55,,114,1,,6/1/2023 20:59,,,,7,,,,,75,2.56,245.76,,,,,,,,,,,,
36904,10.02168254v1,10,,2,1,,6/1/2023 20:56,,,,9,,,,,100,2.56,307.2,,,,,,,,,,,,
36905,10.0249142v1,10,,2,1,,6/1/2023 21:01,,,,10,,,,,120,2.23,294.36,,,,,,,,,,,,
36905,10.02167798v1,10,,2,1,,6/1/2023 21:01,,,,5,,,,,50,3.18,228.96,,,,,,,,,,,,
36906,10.02168169v1,10,,2,4,,6/1/2023 22:52,,,,10,,,,,120,2.71,357.72,,,,,,,,,,,,
36907,10.02160343v3,10,,2,1,,6/1/2023 20:58,,,,10,,,,,120,2.23,294.36,,,,,,,,,,,,
36908,10.0266665v1,10,,2,1,,6/5/2023 16:35,,,,21,,,,,250,1.96,517.44,,,,,,,,,,,,
36909,10.02168347v1,10,,2,4,,6/2/2023 15:01,,,,12,,,,,144,2.54,396.24,,,,,,,,,,,,
36910,10.02156753v1,10,,2,4,,6/1/2023 20:58,,,,5,,,,,60,2.83,203.76,,,,,,,,,,,,
36911,10.02161538v1,10,,2,4,,6/2/2023 14:58,,,,10,,,,,120,2.71,357.72,,,,,,,,,,,,
36912,10.02162949v1,10,,2,1,,6/2/2023 21:07,,,,32,,,,,380,1.96,776.16,,,,,,,,,,,,
36913,10.02165585v1,10,,2,3,,6/1/2023 20:58,,,,7,,,,,75,2.85,273.6,,,,,,,,,,,,
36913,10.02165299v1,10,,2,3,,6/1/2023 20:58,,,,7,,,,,75,2.85,273.6,,,,,,,,,,,,
36914,10.02165556v2,10,,2,3,,6/5/2023 15:30,,,,5,,,,,60,2.85,205.2,,,,,,,,,,,,
36914,12.02166950v1,12,,4,3,,6/5/2023 15:30,,,,5,,,,,60,2.6,187.2,,,,,,,,,,,,
36914,12.02166949v1,12,,4,3,,6/5/2023 15:30,,,,5,,,,,60,2.6,187.2,,,,,,,,,,,,
36914,10.02165133v1,10,,2,3,,6/5/2023 15:30,,,,5,,,,,60,2.85,205.2,,,,,,,,,,,,
36915,10.02164591v1,10,,2,1,,6/12/2023 17:26,,,,25,,,,,300,1.96,611.52,,,,,,,,,,,,
36916,55.02168235v1,55,,114,1,,6/1/2023 21:00,,,,50,,,,,600,1.88,1150.56,,,,,,,,,,,,
36917,10.0248411v3,10,,2,1,,6/1/2023 20:57,,,,17,,,,,200,1.96,423.36,,,,,,,,,,,,
36918,10.02168286v1,10,,2,1,,7/6/2023 17:55,,,,10,,,,,120,2.23,294.36,,,,,,,,,,,,
36918,10.02169357v1,10,,2,1,,7/6/2023 17:55,,,,10,,,,,120,2.23,294.36,,,,,,,,,,,,
36918,10.02168284v1,10,,2,1,,7/6/2023 17:55,,,,10,,,,,120,2.23,294.36,,,,,,,,,,,,
36919,10.02155004v1,10,,2,1,,6/2/2023 21:07,,,,7,,,,,76,2.56,245.76,,,,,,,,,,,,
36920,10.02168294v1,10,,2,4,,6/1/2023 20:54,,,,7,,,,,75,2.83,271.68,,,,,,,,,,,,
36921,10.02147418v1,10,,2,1,,6/1/2023 21:02,,,,125,,,,,1500,1.71,2585.52,,,,,,,,,,,,
36921,10.02147416v1,10,,2,1,,6/1/2023 21:02,,,,60,,,,,720,1.79,1310.28,,,,,,,,,,,,
36922,10.02168095v1,10,,2,3,,6/1/2023 20:24,,,,13,,,,,150,2.54,426.72,,,,,,,,,,,,
36922,10.02168307v1,10,,2,3,,6/1/2023 20:24,,,,13,,,,,150,2.54,426.72,,,,,,,,,,,,
36923,46.02168309v1,46,,113,1,,6/2/2023 16:57,,,,10,,,,,120,2.23,294.36,,,,,,,,,,,,
36924,10.02168133v1,10,,2,4,,6/1/2023 20:55,,,,7,,,,,80,2.83,271.68,,,,,,,,,,,,
36925,49.02168232v2,49,,116,4,,6/1/2023 20:55,,,,7,,,,,75,2.83,271.68,,,,,,,,,,,,
36926,10.02168317v1,10,,2,1,,6/2/2023 16:56,,,,42,,,,,500,1.96,1011.36,,,,,,,,,,,,
36927,46.02168327v1,46,,113,1,,6/16/2023 17:40,,,,7,,,,,80,2.56,245.76,,,,,,,,,,,,
36928,10.02166976v1,10,,2,4,,6/1/2023 22:52,,,,10,,,,,120,2.71,357.72,,,,,,,,,,,,
36929,10.02168078v3,10,,2,4,,6/1/2023 22:53,,,,5,,,,,60,2.83,203.76,,,,,,,,,,,,
36930,55.02168356v1,55,,114,1,,6/1/2023 22:53,,,,11,,,,,121,2.23,321.12,,,,,,,,,,,,
36931,55.02168161v1,55,,114,1,,6/1/2023 22:54,,,,21,,,,,250,1.96,517.44,,,,,,,,,,,,
36931,55.02168159v1,55,,114,1,,6/1/2023 22:54,,,,21,,,,,250,1.96,517.44,,,,,,,,,,,,
36931,55.02169892v1,55,,114,1,,6/1/2023 22:54,,,,5,,,,,60,2.56,184.32,,,,,,,,,,,,
36931,55.02169893v1,55,,114,1,,6/1/2023 22:54,,,,5,,,,,60,2.56,184.32,,,,,,,,,,,,
36932,932172198v1,93,120,120,10,45125,6/22/2023 22:46,Distributor,existingbusiness,13062597736,10,1.8,0,237.6,216,,,,,,,,,,,,,,,
36933,10.0250841v1,10,,2,1,,6/2/2023 15:02,,,,7,,,,,75,2.56,245.76,,,,,,,,,,,,
36934,10.02168068v2,10,,2,4,,6/6/2023 18:29,,,,42,,,,,500,2.54,1310.64,,,,,,,,,,,,
36935,932167679v3,93,120,120,10,45104,6/2/2023 15:43,Direct,existingbusiness,13546555467,10,1.8,0,237.6,216,,,,,,,,,,,,,,,
36936,10.02149573v7,10,,2,3,,6/2/2023 15:03,,,,20,,,,,240,2.54,640.08,,,,,,,,,,,,
36937,10.02168215v1,10,,2,1,,6/2/2023 16:56,,,,15,,,,,175,1.96,376.32,,,,,,,,,,,,
36938,55.02167376v1,55,,114,4,,6/2/2023 15:03,,,,5,,,,,60,3,216,,,,,,,,,,,,
36939,55.02168108v2,55,,114,1,,6/5/2023 19:35,,,,17,,,,,200,1.96,423.36,,,,,,,,,,,,
36939,55.02168110v1,55,,114,1,,6/5/2023 19:35,,,,13,,,,,150,1.96,329.28,,,,,,,,,,,,
36939,55.02168111v1,55,,114,1,,6/5/2023 19:35,,,,13,,,,,150,1.96,329.28,,,,,,,,,,,,
36939,55.02168115v1,55,,114,1,,6/5/2023 19:35,,,,25,,,,,300,1.96,611.52,,,,,,,,,,,,
36940,10.0247790v1,10,,2,4,,6/2/2023 16:54,,,,6,,,,,70,2.83,237.72,,,,,,,,,,,,
36942,10.02168228v5,10,,2,4,,6/2/2023 16:58,,,,10,,,,,120,2.71,357.72,,,,,,,,,,,,
36945,10.02158483v1,10,,2,4,,6/5/2023 15:54,,,,5,,,,,60,2.83,203.76,,,,,,,,,,,,
36946,10.0229935v3,10,,2,1,,6/2/2023 21:00,,,,21,,,,,250,1.96,517.44,,,,,,,,,,,,
36947,10.02168155v2,10,,2,1,,6/2/2023 21:08,,,,3,,,,,35,3.18,152.64,,,,,,,,,,,,
36948,55.02168308v1,55,,114,1,,6/3/2023 19:32,,,,3,,,,,30,2.56,122.88,,,,,,,,,,,,
36950,10.02168505v2,10,,2,1,,6/2/2023 21:09,,,,7,,,,,80,2.56,245.76,,,,,,,,,,,,
36952,10.02167345v1,10,,2,4,,6/2/2023 22:33,,,,5,,,,,60,2.83,203.76,,,,,,,,,,,,
36952,10.02167344v1,10,,2,4,,6/2/2023 22:33,,,,5,,,,,60,2.83,203.76,,,,,,,,,,,,
36953,55.02167115v1,55,,114,1,,6/2/2023 22:18,,,,6,,,,,72,2.56,215.04,,,,,,,,,,,,
36954,10.02167476v2,10,,2,1,,6/2/2023 22:20,,,,21,,,,,250,1.96,517.44,,,,,,,,,,,,
36955,10.02118484v3,10,,2,1,,6/2/2023 21:09,,,,7,,,,,80,2.56,245.76,,,,,,,,,,,,
36956,10.03156861v1,10,,2,1,,6/2/2023 22:19,,,,25,,,,,300,1.96,611.52,,,,,,,,,,,,
36957,10.02168424v1,10,,2,1,,6/7/2023 15:04,,,,10,,,,,120,2.23,294.36,,,,,,,,,,,,
36958,10.02130303v1,10,,2,3,,6/2/2023 21:10,,,,20,,,,,240,2.54,640.08,,,,,,,,,,,,
36959,55.02168578v1,55,,114,4,,6/6/2023 18:29,,,,30,,,,,360,2.7,1004.4,,,,,,,,,,,,
36959,55.02168579v1,55,,114,4,,6/6/2023 18:29,,,,30,,,,,360,2.7,1004.4,,,,,,,,,,,,
36960,10.0214706v1,10,,2,4,,6/2/2023 22:17,,,,10,,,,,120,2.71,357.72,,,,,,,,,,,,
36961,93268350v2,93,1199,120,10,45107,6/5/2023 15:17,Distributor,existingbusiness,13390145598,100,1.24,0,1502.88,1486.76,,,,,,,,,,,,,,,
36961,93268350v2,93,1,120,10,45119,6/5/2023 15:17,Distributor,existingbusiness,13390145598,1,1.8,0,43.2,1.8,,,,,,,,,,,,,,,
36962,10.03169361v1,10,,2,3,,6/19/2023 16:59,,,,7,,,,,75,2.85,273.6,,,,,,,,,,,,
36962,10.03169160v1,10,,2,3,,6/19/2023 16:59,,,,7,,,,,75,2.85,273.6,,,,,,,,,,,,
36963,10.02167907v1,10,,2,1,,6/5/2023 14:31,,,,7,,,,,80,2.56,245.76,,,,,,,,,,,,
36963,10.02167904v1,10,,2,1,,6/5/2023 14:31,,,,5,,,,,60,2.56,184.32,,,,,,,,,,,,
36964,55.02112441v1,55,,114,1,,6/2/2023 22:26,,,,5,,,,,60,2.56,184.32,,,,,,,,,,,,
36964,10.0215502v1,10,,2,1,,6/2/2023 22:26,,,,5,,,,,60,2.56,184.32,,,,,,,,,,,,
36964,10.0284330v1,10,,2,1,,6/2/2023 22:26,,,,5,,,,,60,2.56,184.32,,,,,,,,,,,,
36965,10.02154431v3,10,,2,1,,6/3/2023 19:40,,,,20,,,,,240,1.96,493.92,,,,,,,,,,,,
36966,,70,,,1,45086,6/5/2023 16:01,,,,,,,,,,2.23,,28036,120,19619,43273,64,16651,132,120127,6/4/2023 1:31,6/9/2023,10,294.36
36967,55.03168548v1,55,,114,1,,6/4/2023 20:20,,,,10,,,,,120,2.23,294.36,,,,,,,,,,,,
36968,10.0299660v2,10,,2,3,,6/5/2023 10:11,,,,10,,,,,120,2.72,359.04,,,,,,,,,,,,
36968,10.02114472v1,10,,2,3,,6/5/2023 10:11,,,,10,,,,,120,2.72,359.04,,,,,,,,,,,,
36969,55.02168611v1,55,,114,1,,6/5/2023 14:41,,,,20,,,,,240,1.96,493.92,,,,,,,,,,,,
36970,10.02168332v1,10,,2,1,,6/5/2023 16:10,,,,17,,,,,200,1.96,423.36,,,,,,,,,,,,
36971,10.0230917v1,10,,2,1,,6/6/2023 3:35,,,,5,,,,,60,2.56,184.32,,,,,,,,,,,,
36972,10.02168610v1,10,,2,1,,6/5/2023 15:54,,,,21,,,,,250,1.96,517.44,,,,,,,,,,,,
36973,932168716v1,93,120,120,10,45105,6/6/2023 20:59,Direct,newbusiness,13551551865,10,1.8,0,237.6,216,,,,,,,,,,,,,,,
36973,932168718v1,93,120,120,10,45105,6/6/2023 20:59,Direct,newbusiness,13551551865,10,1.8,0,237.6,216,,,,,,,,,,,,,,,
36974,46.02168728v1,46,,113,3,,6/5/2023 16:33,,,,5,,,,,60,2.85,205.2,,,,,,,,,,,,
36974,46.02168729v1,46,,113,3,,6/5/2023 16:33,,,,5,,,,,60,2.85,205.2,,,,,,,,,,,,
36975,10.0235507v1,10,,2,3,,6/5/2023 16:06,,,,10,,,,,120,2.72,359.04,,,,,,,,,,,,
36976,10.02143514v2,10,,2,4,,6/5/2023 16:48,,,,17,,,,,200,2.54,548.64,,,,,,,,,,,,
36977,10.02147711v1,10,,2,3,,6/7/2023 15:04,,,,21,,,,,250,2.54,670.56,,,,,,,,,,,,
36978,10.02135372v2,10,,2,1,,6/5/2023 16:36,,,,50,,,,,600,1.88,1150.56,,,,,,,,,,,,
36980,932163552v1,93,120,120,10,45105,6/5/2023 18:16,Distributor,existingbusiness,13234934185,10,1.8,0,237.6,216,,,,,,,,,,,,,,,
36981,10.02164733v1,10,,2,4,,6/5/2023 19:35,,,,117,,,,,1400,2.01,2846.16,,,,,,,,,,,,
36983,55.02151682v3,55,,114,1,,6/5/2023 19:36,,,,144,,,,,1720,1.71,2975.4,,,,,,,,,,,,
36984,10.02167174v3,10,,2,1,,6/5/2023 17:49,,,,10,,,,,120,2.23,294.36,,,,,,,,,,,,
36985,10.02168204v1,10,,2,1,,6/5/2023 19:36,,,,42,,,,,500,1.96,1011.36,,,,,,,,,,,,
36985,55.02168754v1,55,,114,1,,6/5/2023 19:36,,,,42,,,,,500,1.96,1011.36,,,,,,,,,,,,
36985,55.02168753v1,55,,114,1,,6/5/2023 19:36,,,,42,,,,,500,1.96,1011.36,,,,,,,,,,,,
36986,10.0272204v1,10,,2,3,,6/9/2023 17:15,,,,31,,,,,361,2.54,975.36,,,,,,,,,,,,
36987,10.0272384v1,10,,2,3,,6/9/2023 17:15,,,,31,,,,,361,2.54,975.36,,,,,,,,,,,,
36989,10.02127475v2,10,,2,1,,6/7/2023 20:10,,,,50,,,,,600,1.88,1150.56,,,,,,,,,,,,
36990,10.0283167v2,10,,2,3,,6/5/2023 19:55,,,,30,,,,,360,2.54,944.88,,,,,,,,,,,,
36991,15.02159422v1,15,,7,3,,6/5/2023 21:26,,,,40,,,,,480,3.66,1800.72,,,,,,,,,,,,
36992,10.02168775v1,10,,2,1,,6/5/2023 22:20,,,,20,,,,,240,1.96,493.92,,,,,,,,,,,,
36993,10.02168752v1,10,,2,1,,6/5/2023 20:37,,,,42,,,,,500,1.96,1011.36,,,,,,,,,,,,
36994,55.02168773v1,55,,114,4,,6/6/2023 14:39,,,,10,,,,,120,2.88,380.16,,,,,,,,,,,,
36995,10.02127805v1,10,,2,3,,6/5/2023 20:40,,,,7,,,,,75,2.85,273.6,,,,,,,,,,,,
36996,10.02168550v1,10,,2,4,,6/6/2023 18:02,,,,10,,,,,120,2.71,357.72,,,,,,,,,,,,
36996,10.02168549v1,10,,2,4,,6/6/2023 18:02,,,,10,,,,,120,2.71,357.72,,,,,,,,,,,,
36998,10.029026v1,10,,2,4,,6/6/2023 21:18,,,,10,,,,,120,2.71,357.72,,,,,,,,,,,,
37000,10.02168588v1,10,,2,4,,6/6/2023 17:46,,,,10,,,,,120,2.71,357.72,,,,,,,,,,,,
37001,55.02168850v3,55,,114,1,,6/6/2023 13:36,,,,20,,,,,240,1.96,493.92,,,,,,,,,,,,
37002,10.02165774v2,10,,2,4,,6/6/2023 14:56,,,,10,,,,,120,2.71,357.72,,,,,,,,,,,,
37003,55.02160701v1,55,,114,1,,6/8/2023 14:58,,,,10,,,,,120,2.23,294.36,,,,,,,,,,,,
37004,10.029297v1,10,,2,3,,6/7/2023 15:05,,,,42,,,,,500,2.54,1310.64,,,,,,,,,,,,
37005,10.02168735v2,10,,2,4,,6/6/2023 17:47,,,,5,,,,,60,2.83,203.76,,,,,,,,,,,,
37005,10.02168619v1,10,,2,4,,6/6/2023 17:47,,,,5,,,,,60,2.83,203.76,,,,,,,,,,,,
37005,17.02168636v2,17,,9,4,,6/6/2023 17:47,,,,5,,,,,60,2.83,203.76,,,,,,,,,,,,
37006,10.0290510v2,10,,2,1,,6/6/2023 21:15,,,,20,,,,,240,1.96,493.92,,,,,,,,,,,,
37008,10.02128839v9,10,,2,4,,6/6/2023 17:49,,,,10,,,,,120,2.71,357.72,,,,,,,,,,,,
37009,10.02167856v1,10,,2,4,,6/6/2023 18:29,,,,30,,,,,360,2.54,944.88,,,,,,,,,,,,
37012,10.02167147v2,10,,2,4,,6/6/2023 17:50,,,,17,,,,,200,2.54,548.64,,,,,,,,,,,,
37014,17.02155221v3,17,,9,1,,6/7/2023 20:45,,,,10,,,,,120,2.23,294.36,,,,,,,,,,,,
37015,10.0229564v1,10,,2,3,,6/6/2023 18:02,,,,84,,,,,1000,2.01,2050.2,,,,,,,,,,,,
37016,10.02167990v1,10,,2,4,,6/6/2023 17:56,,,,21,,,,,250,2.54,670.56,,,,,,,,,,,,
37017,10.02151272v1,10,,2,3,,6/6/2023 18:30,,,,7,,,,,75,2.85,273.6,,,,,,,,,,,,
37018,10.02168898v1,10,,2,1,,6/7/2023 15:06,,,,5,,,,,60,2.56,184.32,,,,,,,,,,,,
37019,10.02168278v2,10,,2,1,,6/7/2023 15:06,,,,15,,,,,175,1.96,376.32,,,,,,,,,,,,
37020,10.02168928v2,10,,2,1,,6/6/2023 21:16,,,,10,,,,,120,2.23,294.36,,,,,,,,,,,,
37021,10.02168543v1,10,,2,1,,6/6/2023 21:16,,,,17,,,,,200,1.96,423.36,,,,,,,,,,,,
37022,10.02120743v1,10,,2,1,,6/6/2023 21:17,,,,10,,,,,120,2.23,294.36,,,,,,,,,,,,
37023,10.02119576v2,10,,2,1,,6/7/2023 20:51,,,,20,,,,,240,1.96,493.92,,,,,,,,,,,,
37024,17.02166538v3,17,,9,3,,6/8/2023 19:19,,,,575,,,,,6900,1.72,11888.64,,,,,,,,,,,,
37025,55.02169100v1,55,,114,1,,6/6/2023 20:10,,,,15,,,,,170,1.96,376.32,,,,,,,,,,,,
37026,10.0259059v1,10,,2,4,,6/8/2023 14:58,,,,6,,,,,62,2.83,237.72,,,,,,,,,,,,
37027,,70,,,1,45089,6/6/2023 21:17,,,,,,,,,,1.96,,29785,200,19678,43363,64,16709,216,119810,6/6/2023 20:39,6/12/2023,17,423.36
37028,13.05163137v1,13,,5,3,,6/6/2023 20:09,,,,17,,,,,204,1.58,341.28,,,,,,,,,,,,
37031,10.02110591v1,10,,2,3,,6/7/2023 15:08,,,,30,,,,,360,2.54,944.88,,,,,,,,,,,,
37031,10.02110379v1,10,,2,3,,6/7/2023 15:08,,,,30,,,,,360,2.54,944.88,,,,,,,,,,,,
37032,10.0250940v2,10,,2,4,,6/7/2023 17:16,,,,84,,,,,1008,2.01,2050.2,,,,,,,,,,,,
37033,10.02169175v1,10,,2,1,,6/8/2023 22:40,,,,20,,,,,240,1.96,493.92,,,,,,,,,,,,
37034,12.02169261v1,12,,4,1,,6/7/2023 15:08,,,,5,,,,,60,2.23,160.56,,,,,,,,,,,,
37036,10.0233597v1,10,,2,4,,6/7/2023 17:17,,,,5,,,,,60,2.83,203.76,,,,,,,,,,,,
37039,10.0231293v1,10,,2,3,,6/7/2023 17:17,,,,21,,,,,250,2.54,670.56,,,,,,,,,,,,
37040,55.02167288v2,55,,114,1,,6/12/2023 21:17,,,,20,,,,,240,1.96,493.92,,,,,,,,,,,,
37041,10.029026v1,10,,2,1,,6/7/2023 17:18,,,,10,,,,,120,2.23,294.36,,,,,,,,,,,,
37042,10.02169247v1,10,,2,4,,6/7/2023 17:18,,,,7,,,,,80,2.83,271.68,,,,,,,,,,,,
37044,10.02168790v2,10,,2,3,,6/7/2023 20:10,,,,4,,,,,45,3.18,190.8,,,,,,,,,,,,
37044,10.02168789v2,10,,2,3,,6/7/2023 20:10,,,,4,,,,,45,3.18,190.8,,,,,,,,,,,,
37045,10.0222373v2,10,,2,4,,6/8/2023 15:03,,,,5,,,,,60,2.83,203.76,,,,,,,,,,,,
37046,10.02166376v1,10,,2,1,,6/7/2023 20:11,,,,21,,,,,250,1.96,517.44,,,,,,,,,,,,
37047,10.02167126v1,10,,2,4,,6/7/2023 17:19,,,,10,,,,,120,2.71,357.72,,,,,,,,,,,,
37048,49.02167274v3,49,,116,1,,6/7/2023 17:19,,,,5,,,,,60,2.56,184.32,,,,,,,,,,,,
37050,10.02162175v1,10,,2,4,,6/7/2023 20:11,,,,34,,,,,400,2.54,1066.8,,,,,,,,,,,,
37051,55.02161543v1,55,,114,1,,6/7/2023 20:04,,,,15,,,,,175,1.96,376.32,,,,,,,,,,,,
37052,10.02141399v2,10,,2,3,,6/14/2023 22:37,,,,9,,,,,100,2.85,342,,,,,,,,,,,,
37052,10.02141398v2,10,,2,3,,6/14/2023 22:37,,,,9,,,,,100,2.85,342,,,,,,,,,,,,
37052,10.02139501v2,10,,2,3,,6/14/2023 22:37,,,,9,,,,,100,2.85,342,,,,,,,,,,,,
37052,10.02141396v2,10,,2,3,,6/14/2023 22:37,,,,9,,,,,100,2.85,342,,,,,,,,,,,,
37053,10.029177v1,10,,2,3,,6/7/2023 20:11,,,,10,,,,,120,2.72,359.04,,,,,,,,,,,,
37054,932169337v1,93,250,120,10,45107,6/7/2023 20:57,Distributor,existingbusiness,13506697303,21,1.42,0,374.88,355,,,,,,,,,,,,,,,
37054,932169339v1,93,250,120,10,45107,6/7/2023 20:57,Distributor,existingbusiness,13506697303,21,1.42,0,374.88,355,,,,,,,,,,,,,,,
37055,10.0283633v2,10,,2,3,,6/8/2023 14:59,,,,6,,,,,70,2.85,239.4,,,,,,,,,,,,
37056,10.02168544v3,10,,2,1,,6/7/2023 20:12,,,,15,,,,,175,1.96,376.32,,,,,,,,,,,,
37057,10.0230986v2,10,,2,1,,6/8/2023 14:59,,,,42,,,,,500,1.96,1011.36,,,,,,,,,,,,
37058,10.02166964v1,10,,2,3,,6/12/2023 17:25,,,,5,,,,,60,2.85,205.2,,,,,,,,,,,,
37059,10.0283782v4,10,,2,1,,6/7/2023 23:06,,,,60,,,,,720,1.79,1310.28,,,,,,,,,,,,
37061,10.02169398v1,10,,2,1,,6/8/2023 14:59,,,,30,,,,,360,1.96,729.12,,,,,,,,,,,,
37061,10.02169362v1,10,,2,1,,6/8/2023 14:59,,,,30,,,,,360,1.96,729.12,,,,,,,,,,,,
37067,10.02167697v1,10,,2,1,,6/7/2023 23:07,,,,13,,,,,150,1.96,329.28,,,,,,,,,,,,
37070,10.02154786v3,10,,2,3,,6/8/2023 22:41,,,,42,,,,,500,2.54,1310.64,,,,,,,,,,,,
37070,10.02154787v3,10,,2,3,,6/8/2023 22:41,,,,42,,,,,500,2.54,1310.64,,,,,,,,,,,,
37073,55.02154279v2,55,,114,1,,6/7/2023 23:07,,,,17,,,,,200,1.96,423.36,,,,,,,,,,,,
37075,12.02168968v3,12,,4,1,,6/8/2023 22:42,,,,5,,,,,60,2.23,160.56,,,,,,,,,,,,
37077,10.02169219v1,10,,2,1,,6/8/2023 17:51,,,,40,,,,,480,1.96,964.32,,,,,,,,,,,,
37078,10.027975v1,10,,2,3,,6/8/2023 17:49,,,,355,,,,,4250,1.72,7347.84,,,,,,,,,,,,
37079,10.02148178v1,10,,2,1,,6/8/2023 22:43,,,,13,,,,,150,1.96,329.28,,,,,,,,,,,,
37080,12.02169486v1,12,,4,1,,6/8/2023 15:00,,,,10,,,,,120,1.9,250.8,,,,,,,,,,,,
37081,10.0290642v2,10,,2,3,,6/8/2023 15:00,,,,13,,,,,150,2.54,426.72,,,,,,,,,,,,
37082,12.02169492v1,12,,4,1,,6/8/2023 15:00,,,,42,,,,,500,1.63,841.08,,,,,,,,,,,,
37083,49.02168291v1,49,,116,4,,6/9/2023 23:10,,,,21,,,,,250,2.54,670.56,,,,,,,,,,,,
37084,10.02167182v4,10,,2,3,,6/9/2023 22:16,,,,5,,,,,60,2.85,205.2,,,,,,,,,,,,
37084,10.0214740v3,10,,2,3,,6/9/2023 22:16,,,,5,,,,,60,2.85,205.2,,,,,,,,,,,,
37086,10.0238404v5,10,,2,3,,6/8/2023 17:51,,,,60,,,,,720,2.01,1471.32,,,,,,,,,,,,
37087,10.02169186v1,10,,2,4,,6/8/2023 22:43,,,,10,,,,,120,2.71,357.72,,,,,,,,,,,,
37088,10.03170404v1,10,,2,1,,6/13/2023 22:38,,,,30,,,,,360,1.96,729.12,,,,,,,,,,,,
37089,10.0232714v1,10,,2,1,,6/9/2023 15:06,,,,24,,,,,288,1.96,588,,,,,,,,,,,,
37090,46.02166754v1,46,,113,1,,6/8/2023 22:43,,,,10,,,,,120,2.23,294.36,,,,,,,,,,,,
37091,10.02168515v2,10,,2,1,,6/8/2023 17:54,,,,10,,,,,120,2.23,294.36,,,,,,,,,,,,
37092,10.02161320v1,10,,2,3,,6/15/2023 16:54,,,,9,,,,,100,2.85,342,,,,,,,,,,,,
37093,932169613v1,93,1200,120,10,45113,6/9/2023 16:38,Direct,existingbusiness,13637004415,100,1.2,0,1454.4,1440,,,,,,,,,,,,,,,
37094,10.02169074v2,10,,2,1,,6/8/2023 22:44,,,,21,,,,,250,1.96,517.44,,,,,,,,,,,,
37095,10.02166382v1,10,,2,1,,6/8/2023 22:45,,,,3,,,,,33,3.18,152.64,,,,,,,,,,,,
37096,10.02169249v1,10,,2,4,,6/9/2023 17:28,,,,21,,,,,250,2.54,670.56,,,,,,,,,,,,
37097,55.02167552v1,55,,114,3,,6/12/2023 15:03,,,,33,,,,,388,2.62,1068.96,,,,,,,,,,,,
37098,55.02117779v1,55,,114,1,,6/13/2023 15:04,,,,8,,,,,85,2.56,276.48,,,,,,,,,,,,
37099,44.02168786v1,44,,21,1,,6/9/2023 15:13,,,,7,,,,,80,2.56,245.76,,,,,,,,,,,,
37100,10.02169636v2,10,,2,4,,6/9/2023 15:23,,,,21,,,,,250,2.54,670.56,,,,,,,,,,,,
37102,55.02119236v2,55,,114,1,,6/9/2023 20:16,,,,13,,,,,150,1.96,329.28,,,,,,,,,,,,
37103,932169095v2,93,1,120,10,45112,6/9/2023 16:38,Distributor,existingbusiness,13590045838,1,1.8,0,43.2,1.8,,,,,,,,,,,,,,,
37103,932169095v2,93,360,120,10,45113,6/9/2023 16:38,Distributor,existingbusiness,13590045838,30,1.42,0,528.24,511.2,,,,,,,,,,,,,,,
37104,10.02137354v2,10,,2,1,,6/9/2023 15:23,,,,13,,,,,150,1.96,329.28,,,,,,,,,,,,
37107,932167450v1,93,120,120,10,45112,6/9/2023 21:50,Direct,existingbusiness,13360227722,10,1.8,0,237.6,216,,,,,,,,,,,,,,,
37108,10.02137815v1,10,,2,3,,6/9/2023 15:23,,,,25,,,,,300,2.54,792.48,,,,,,,,,,,,
37110,10.02166816v1,10,,2,4,,6/9/2023 15:15,,,,4,,,,,40,2.83,169.8,,,,,,,,,,,,
37111,10.02107606v2,10,,2,4,,6/9/2023 15:18,,,,10,,,,,120,2.71,357.72,,,,,,,,,,,,
37112,49.02168232v2,49,,116,4,,6/9/2023 15:18,,,,5,,,,,60,2.83,203.76,,,,,,,,,,,,
37113,10.02169535v1,10,,2,4,,6/9/2023 17:29,,,,10,,,,,120,2.71,357.72,,,,,,,,,,,,
37114,10.0282301v3,10,,2,1,,6/9/2023 17:29,,,,834,,,,,10000,1.52,15230.4,,,,,,,,,,,,
37115,10.02169715v1,10,,2,1,,6/9/2023 17:29,,,,10,,,,,120,2.23,294.36,,,,,,,,,,,,
37116,10.02165862v5,10,,2,1,,6/9/2023 20:16,,,,6,,,,,72,2.56,215.04,,,,,,,,,,,,
37117,55.02169638v1,55,,114,1,,6/9/2023 17:30,,,,10,,,,,120,2.23,294.36,,,,,,,,,,,,
37117,10.02169643v1,10,,2,1,,6/9/2023 17:30,,,,10,,,,,120,2.23,294.36,,,,,,,,,,,,
37117,10.02169642v1,10,,2,1,,6/9/2023 17:30,,,,10,,,,,120,2.23,294.36,,,,,,,,,,,,
37117,10.02169639v2,10,,2,1,,6/9/2023 17:30,,,,10,,,,,120,2.23,294.36,,,,,,,,,,,,
37117,10.02169645v1,10,,2,1,,6/9/2023 17:30,,,,10,,,,,120,2.23,294.36,,,,,,,,,,,,
37118,17.02159392v1,17,,9,1,,6/9/2023 17:30,,,,42,,,,,500,1.96,1011.36,,,,,,,,,,,,
37119,10.0261838v1,10,,2,3,,6/9/2023 17:30,,,,10,,,,,120,2.72,359.04,,,,,,,,,,,,
37120,10.02156725v3,10,,2,1,,6/9/2023 22:16,,,,10,,,,,120,2.23,294.36,,,,,,,,,,,,
37121,10.02169603v2,10,,2,1,,6/12/2023 15:02,,,,25,,,,,300,1.96,611.52,,,,,,,,,,,,
37121,10.02169608v1,10,,2,1,,6/12/2023 15:02,,,,5,,,,,60,2.56,184.32,,,,,,,,,,,,
37122,10.02163162v1,10,,2,4,,6/12/2023 17:18,,,,9,,,,,100,2.83,339.6,,,,,,,,,,,,
37123,17.02169664v2,17,,9,1,,6/9/2023 20:17,,,,10,,,,,120,2.23,294.36,,,,,,,,,,,,
37124,10.0219978v1,10,,2,4,,6/9/2023 20:18,,,,38,,,,,450,2.54,1188.72,,,,,,,,,,,,
37125,55.02106084v1,55,,114,3,,6/9/2023 20:18,,,,10,,,,,120,2.8,369.6,,,,,,,,,,,,
37125,55.02106076v1,55,,114,3,,6/9/2023 20:18,,,,10,,,,,120,2.8,369.6,,,,,,,,,,,,
37126,55.02169675v1,55,,114,3,,6/9/2023 22:17,,,,5,,,,,60,2.93,210.96,,,,,,,,,,,,
37127,10.02116800v1,10,,2,3,,6/9/2023 22:14,,,,17,,,,,200,2.54,548.64,,,,,,,,,,,,
37128,10.02165584v1,10,,2,4,,6/11/2023 4:36,,,,10,,,,,120,2.71,357.72,,,,,,,,,,,,
37129,10.02168216v2,10,,2,1,,6/9/2023 22:15,,,,21,,,,,250,1.96,517.44,,,,,,,,,,,,
37131,17.02169723v1,17,,9,1,,6/9/2023 22:47,,,,20,,,,,240,1.96,493.92,,,,,,,,,,,,
37132,9102162227v1,910,500,25,5,45118,6/12/2023 16:37,Direct,newbusiness,12882793759,42,0.76,90,482.16,470,,,,,,,,,,,,,,,
37133,10.0233736v1,10,,2,1,,6/12/2023 15:03,,,,3,,,,,33,3.18,152.64,,,,,,,,,,,,
37134,10.02169769v1,10,,2,3,,6/12/2023 15:04,,,,5,,,,,50,3.18,228.96,,,,,,,,,,,,
37134,10.02169768v1,10,,2,3,,6/12/2023 15:04,,,,5,,,,,50,3.18,228.96,,,,,,,,,,,,
37137,46.02169858v1,46,,113,3,,6/12/2023 17:20,,,,5,,,,,60,2.85,205.2,,,,,,,,,,,,
37137,10.02157021v1,10,,2,3,,6/12/2023 17:20,,,,5,,,,,60,2.85,205.2,,,,,,,,,,,,
37137,10.02155858v1,10,,2,3,,6/12/2023 17:20,,,,5,,,,,60,2.85,205.2,,,,,,,,,,,,
37138,10.0214706v1,10,,2,4,,6/12/2023 17:20,,,,11,,,,,130,2.71,390.24,,,,,,,,,,,,
37139,10.02169944v1,10,,2,4,,6/27/2023 14:58,,,,9,,,,,100,2.83,339.6,,,,,,,,,,,,
37139,10.02169947v1,10,,2,4,,6/27/2023 14:58,,,,17,,,,,200,2.54,548.64,,,,,,,,,,,,
37140,10.02103716v1,10,,2,4,,6/12/2023 18:33,,,,500,,,,,6000,1.71,10280.52,,,,,,,,,,,,
37141,10.02100715v1,10,,2,3,,6/12/2023 21:03,,,,100,,,,,1200,2.01,2436.12,,,,,,,,,,,,
37142,10.02169996v2,10,,2,1,,6/12/2023 21:04,,,,21,,,,,250,1.96,517.44,,,,,,,,,,,,
37143,10.02150114v4,10,,2,1,,6/12/2023 21:04,,,,11,,,,,125,2.23,321.12,,,,,,,,,,,,
37143,10.02150114v3,10,,2,1,,6/12/2023 21:04,,,,11,,,,,125,2.23,321.12,,,,,,,,,,,,
37144,10.0285100v1,10,,2,3,,6/12/2023 21:17,,,,5,,,,,60,2.85,205.2,,,,,,,,,,,,
37145,55.02168886v3,55,,114,1,,6/12/2023 21:16,,,,17,,,,,200,1.96,423.36,,,,,,,,,,,,
37146,10.02169878v1,10,,2,3,,6/12/2023 21:05,,,,3,,,,,30,3.18,152.64,,,,,,,,,,,,
37147,55.02169066v2,55,,114,1,,6/15/2023 14:21,,,,9,,,,,100,2.56,307.2,,,,,,,,,,,,
37148,55.02169774v1,55,,114,1,,6/12/2023 21:04,,,,17,,,,,200,1.96,423.36,,,,,,,,,,,,
37149,10.02167415v1,10,,2,1,,6/12/2023 21:16,,,,20,,,,,240,1.96,493.92,,,,,,,,,,,,
37150,10.02168795v1,10,,2,4,,6/16/2023 17:41,,,,11,,,,,126,2.71,390.24,,,,,,,,,,,,
37150,10.02168794v1,10,,2,4,,6/16/2023 17:41,,,,11,,,,,126,2.71,390.24,,,,,,,,,,,,
37151,10.02167138v2,10,,2,3,,6/12/2023 21:16,,,,25,,,,,300,2.54,792.48,,,,,,,,,,,,
37151,10.02167131v2,10,,2,3,,6/12/2023 21:16,,,,25,,,,,300,2.54,792.48,,,,,,,,,,,,
37152,49.02168803v4,49,,116,1,,6/13/2023 15:10,,,,5,,,,,60,2.56,184.32,,,,,,,,,,,,
37153,10.02169961v1,10,,2,1,,6/13/2023 20:38,,,,19,,,,,220,1.96,470.4,,,,,,,,,,,,
37154,10.0219046v2,10,,2,3,,6/12/2023 22:31,,,,17,,,,,200,2.54,548.64,,,,,,,,,,,,
37156,10.02160192v1,10,,2,1,,6/13/2023 21:14,,,,25,,,,,300,1.96,611.52,,,,,,,,,,,,
37157,10.0274805v1,10,,2,4,,6/13/2023 21:07,,,,42,,,,,500,2.54,1310.64,,,,,,,,,,,,
37158,55.02166552v2,55,,114,1,,6/13/2023 15:04,,,,5,,,,,60,2.56,184.32,,,,,,,,,,,,
37159,10.02133676v1,10,,2,3,,6/13/2023 15:03,,,,10,,,,,120,2.72,359.04,,,,,,,,,,,,
37160,10.02169825v2,10,,2,4,,6/13/2023 20:29,,,,30,,,,,360,2.54,944.88,,,,,,,,,,,,
37161,10.02167126v3,10,,2,4,,6/13/2023 15:07,,,,10,,,,,120,2.71,357.72,,,,,,,,,,,,
37162,10.02167707v2,10,,2,4,,6/13/2023 15:07,,,,10,,,,,120,2.71,357.72,,,,,,,,,,,,
37163,10.0294337v2,10,,2,4,,6/13/2023 17:22,,,,5,,,,,60,2.83,203.76,,,,,,,,,,,,
37165,10.02134804v1,10,,2,4,,6/16/2023 22:20,,,,16,,,,,190,2.54,518.16,,,,,,,,,,,,
37165,10.02153300v1,10,,2,4,,6/16/2023 22:20,,,,16,,,,,190,2.54,518.16,,,,,,,,,,,,
37166,,70,,,1,45092,6/13/2023 15:10,,,,,,,,,,2.56,,29800,60,19830,43684,64,16839,72,120571,6/13/2023 14:56,6/15/2023,5,184.32
37167,10.02105221v4,10,,2,1,,6/13/2023 15:08,,,,5,,,,,60,2.56,184.32,,,,,,,,,,,,
37168,10.02169701v2,10,,2,1,,6/13/2023 20:36,,,,100,,,,,1200,1.71,2072.52,,,,,,,,,,,,
37169,10.02169265v3,10,,2,4,,6/13/2023 17:17,,,,5,,,,,60,2.83,203.76,,,,,,,,,,,,
37170,10.02169262v2,10,,2,4,,6/13/2023 17:17,,,,5,,,,,60,2.83,203.76,,,,,,,,,,,,
37171,10.02170175v1,10,,2,1,,6/13/2023 17:18,,,,5,,,,,60,2.56,184.32,,,,,,,,,,,,
37172,10.02168258v1,10,,2,1,,7/19/2023 15:10,,,,17,,,,,200,1.96,423.36,,,,,,,,,,,,
37174,10.02169941v1,10,,2,4,,6/13/2023 17:19,,,,11,,,,,124,2.71,390.24,,,,,,,,,,,,
37175,10.02153572v1,10,,2,1,,6/13/2023 17:19,,,,17,,,,,194,1.96,423.36,,,,,,,,,,,,
37176,10.02170238v1,10,,2,1,,6/13/2023 22:38,,,,20,,,,,240,1.96,493.92,,,,,,,,,,,,
37177,10.02147495v1,10,,2,1,,6/13/2023 22:37,,,,7,,,,,75,2.56,245.76,,,,,,,,,,,,
37179,10.02126851v4,10,,2,1,,6/13/2023 20:27,,,,9,,,,,100,2.56,307.2,,,,,,,,,,,,
37181,55.02170312v1,55,,114,3,,6/13/2023 20:34,,,,3,,,,,30,2.93,140.64,,,,,,,,,,,,
37182,10.02170165v1,10,,2,4,,6/13/2023 20:27,,,,10,,,,,120,2.71,357.72,,,,,,,,,,,,
37182,10.02170176v1,10,,2,4,,6/13/2023 20:27,,,,10,,,,,120,2.71,357.72,,,,,,,,,,,,
37183,10.02170373v1,10,,2,1,,6/14/2023 15:06,,,,30,,,,,360,1.96,729.12,,,,,,,,,,,,
37184,55.02160147v1,55,,114,1,,6/13/2023 20:28,,,,13,,,,,150,1.96,329.28,,,,,,,,,,,,
37185,10.02170349v1,10,,2,3,,6/15/2023 22:47,,,,7,,,,,80,2.85,273.6,,,,,,,,,,,,
37185,10.02170348v1,10,,2,3,,6/15/2023 22:47,,,,5,,,,,60,2.85,205.2,,,,,,,,,,,,
37185,10.02170347v1,10,,2,3,,6/15/2023 22:47,,,,7,,,,,80,2.85,273.6,,,,,,,,,,,,
37186,932170388v1,93,250,120,10,45119,6/14/2023 15:33,Distributor,existingbusiness,13391937964,21,1.42,0,374.88,355,,,,,,,,,,,,,,,
37187,10.02168401v3,10,,2,1,,6/13/2023 20:37,,,,10,,,,,120,2.23,294.36,,,,,,,,,,,,
37189,10.02167113v1,10,,2,1,,6/13/2023 21:15,,,,5,,,,,60,2.56,184.32,,,,,,,,,,,,
37190,55.02169058v1,55,,114,3,,6/13/2023 22:37,,,,3,,,,,30,2.93,140.64,,,,,,,,,,,,
37191,10.02167529v1,10,,2,1,,6/14/2023 17:33,,,,5,,,,,60,2.56,184.32,,,,,,,,,,,,
37192,10.02166623v1,10,,2,3,,6/14/2023 20:23,,,,51,,,,,602,2.28,1422.72,,,,,,,,,,,,
37193,55.02170383v1,55,,114,3,,6/13/2023 22:37,,,,3,,,,,30,2.93,140.64,,,,,,,,,,,,
37195,10.02159571v2,10,,2,1,,6/14/2023 15:47,,,,84,,,,,1000,1.79,1825.8,,,,,,,,,,,,
37196,10.02169778v11,10,,2,4,,6/13/2023 23:52,,,,834,,,,,10000,1.71,17134.2,,,,,,,,,,,,
37197,17.02131953v1,17,,9,1,,6/14/2023 15:07,,,,8,,,,,85,2.56,276.48,,,,,,,,,,,,
37198,10.029297v1,10,,2,3,,6/14/2023 20:24,,,,9,,,,,100,2.85,342,,,,,,,,,,,,
37199,932133466v1,93,500,120,10,45118,6/14/2023 17:38,Direct,existingbusiness,13699389367,42,1.31,0,675.96,655,,,,,,,,,,,,,,,
37200,10.02170423v1,10,,2,1,,6/14/2023 15:07,,,,42,,,,,500,1.96,1011.36,,,,,,,,,,,,
37201,10.02169502v1,10,,2,1,,6/14/2023 20:25,,,,10,,,,,120,2.23,294.36,,,,,,,,,,,,
37202,10.02170399v1,10,,2,4,,6/15/2023 22:57,,,,34,,,,,400,2.54,1066.8,,,,,,,,,,,,
37203,10.02159429v1,10,,2,3,,6/14/2023 17:35,,,,3,,,,,30,3.18,152.64,,,,,,,,,,,,
37204,10.02151201v1,10,,2,1,,6/14/2023 17:34,,,,84,,,,,1000,1.79,1825.8,,,,,,,,,,,,
37205,10.02169942v1,10,,2,1,,6/14/2023 17:33,,,,21,,,,,250,1.96,517.44,,,,,,,,,,,,
37206,49.02169390v3,49,,116,1,,6/14/2023 17:34,,,,10,,,,,120,2.23,294.36,,,,,,,,,,,,
37207,10.02169360v1,10,,2,1,,6/14/2023 20:25,,,,5,,,,,60,2.56,184.32,,,,,,,,,,,,
37208,,70,,,1,45097,6/14/2023 22:39,,,,,,,,,,1.96,,29728,250,19889,43812,64,16891,264,119084,6/14/2023 20:58,6/20/2023,21,517.44
37209,10.02164614v1,10,,2,1,,6/14/2023 22:37,,,,5,,,,,60,2.56,184.32,,,,,,,,,,,,
37210,10.02166510v2,10,,2,3,,6/14/2023 20:26,,,,5,,,,,60,2.85,205.2,,,,,,,,,,,,
37211,10.02170177v2,10,,2,1,,6/14/2023 20:26,,,,50,,,,,600,1.88,1150.56,,,,,,,,,,,,
37212,55.02170529v1,55,,114,3,,6/14/2023 20:29,,,,42,,,,,500,2.62,1351.92,,,,,,,,,,,,
37213,10.03170588v1,10,,2,1,,6/14/2023 22:38,,,,200,,,,,2400,1.6,3859.2,,,,,,,,,,,,
37213,10.02169140v3,10,,2,1,,6/14/2023 22:38,,,,60,,,,,720,1.79,1310.28,,,,,,,,,,,,
37214,10.0285684v2,10,,2,1,,6/20/2023 21:45,,,,11,,,,,125,2.23,321.12,,,,,,,,,,,,
37214,10.0285561v2,10,,2,1,,6/20/2023 21:45,,,,11,,,,,125,2.23,321.12,,,,,,,,,,,,
37215,55.02169272v1,55,,114,3,,6/15/2023 16:56,,,,5,,,,,60,2.93,210.96,,,,,,,,,,,,
37215,55.02169274v2,55,,114,3,,6/15/2023 16:56,,,,5,,,,,60,2.93,210.96,,,,,,,,,,,,
37216,10.02167516v3,10,,2,3,,6/14/2023 20:26,,,,5,,,,,60,2.85,205.2,,,,,,,,,,,,
37217,932170590v1,93,240,120,10,45118,6/15/2023 16:40,Distributor,existingbusiness,13709761088,20,1.42,0,357.84,340.8,,,,,,,,,,,,,,,
37219,10.02167203v2,10,,2,1,,6/14/2023 20:27,,,,12,,,,,133,1.96,305.76,,,,,,,,,,,,
37220,10.02169420v1,10,,2,3,,6/14/2023 20:27,,,,5,,,,,50,3.18,228.96,,,,,,,,,,,,
37221,10.0278937v1,10,,2,3,,6/16/2023 16:31,,,,11,,,,,125,2.72,391.68,,,,,,,,,,,,
37222,46.02170666v1,46,,113,1,,6/14/2023 22:38,,,,5,,,,,60,2.56,184.32,,,,,,,,,,,,
37224,17.02170299v1,17,,9,1,,6/14/2023 20:28,,,,13,,,,,150,1.96,329.28,,,,,,,,,,,,
37224,17.02170298v1,17,,9,1,,6/14/2023 20:28,,,,13,,,,,150,1.96,329.28,,,,,,,,,,,,
37225,10.02170653v1,10,,2,1,,6/14/2023 22:39,,,,5,,,,,60,2.56,184.32,,,,,,,,,,,,
37226,10.02139538v2,10,,2,1,,6/14/2023 20:28,,,,17,,,,,200,1.96,423.36,,,,,,,,,,,,
37229,10.02105434v1,10,,2,1,,6/15/2023 14:20,,,,20,,,,,240,1.96,493.92,,,,,,,,,,,,
37230,10.0262575v1,10,,2,3,,6/14/2023 22:40,,,,125,,,,,1500,2.01,3039.12,,,,,,,,,,,,
37231,10.02170213v2,10,,2,1,,6/14/2023 22:43,,,,21,,,,,250,1.96,517.44,,,,,,,,,,,,
37233,55.02122989v1,55,,114,4,,6/15/2023 14:19,,,,5,,,,,60,3,216,,,,,,,,,,,,
37234,10.02135372v2,10,,2,1,,6/14/2023 22:43,,,,7,,,,,75,2.56,245.76,,,,,,,,,,,,
37234,10.02135370v3,10,,2,1,,6/14/2023 22:43,,,,7,,,,,75,2.56,245.76,,,,,,,,,,,,
37235,17.02131953v1,17,,9,1,,6/15/2023 14:20,,,,10,,,,,120,2.23,294.36,,,,,,,,,,,,
37236,932170736v1,93,120,120,10,45119,6/15/2023 16:54,Direct,existingbusiness,13507293705,10,1.8,0,237.6,216,,,,,,,,,,,,,,,
37237,55.02168459v1,55,,114,1,,6/15/2023 16:57,,,,10,,,,,120,2.23,294.36,,,,,,,,,,,,
37238,44.02169841v1,44,,21,1,,6/20/2023 19:43,,,,21,,,,,250,1.96,517.44,,,,,,,,,,,,
37238,44.02169840v1,44,,21,1,,6/20/2023 19:43,,,,21,,,,,250,1.96,517.44,,,,,,,,,,,,
37239,932170802v1,93,119,120,10,45118,6/15/2023 16:48,Direct,newbusiness,13587307672,10,1.8,0,237.6,214.2,,,,,,,,,,,,,,,
37239,932170802v1,93,1,120,10,45128,6/15/2023 16:48,Direct,newbusiness,13587307672,1,1.8,0,43.2,1.8,,,,,,,,,,,,,,,
37240,10.02169753v1,10,,2,3,,6/15/2023 14:21,,,,17,,,,,200,2.54,548.64,,,,,,,,,,,,
37242,10.02127811v4,10,,2,1,,6/15/2023 16:56,,,,30,,,,,360,1.96,729.12,,,,,,,,,,,,
37243,10.02150450v2,10,,2,1,,6/15/2023 18:03,,,,21,,,,,250,1.96,517.44,,,,,,,,,,,,
37244,10.02170729v1,10,,2,1,,6/15/2023 16:57,,,,5,,,,,60,2.56,184.32,,,,,,,,,,,,
37244,10.02110070v1,10,,2,1,,6/15/2023 16:57,,,,5,,,,,60,2.56,184.32,,,,,,,,,,,,
37245,10.02168529v1,10,,2,3,,6/15/2023 16:56,,,,20,,,,,240,2.54,640.08,,,,,,,,,,,,
37246,55.02170719v1,55,,114,1,,6/15/2023 15:49,,,,6,,,,,65,2.56,215.04,,,,,,,,,,,,
37247,10.02165197v1,10,,2,4,,6/15/2023 16:54,,,,5,,,,,60,2.83,203.76,,,,,,,,,,,,
37249,10.02170824v1,10,,2,3,,6/15/2023 18:02,,,,10,,,,,120,2.72,359.04,,,,,,,,,,,,
37250,10.02168062v1,10,,2,1,,6/15/2023 18:02,,,,5,,,,,60,2.56,184.32,,,,,,,,,,,,
37250,10.02168067v1,10,,2,1,,6/15/2023 18:02,,,,5,,,,,60,2.56,184.32,,,,,,,,,,,,
37251,10.02150450v2,10,,2,1,,6/15/2023 18:00,,,,21,,,,,250,1.96,517.44,,,,,,,,,,,,
37252,49.02170035v1,49,,116,3,,6/15/2023 18:01,,,,9,,,,,100,2.85,342,,,,,,,,,,,,
37253,10.02170779v1,10,,2,3,,6/15/2023 18:01,,,,40,,,,,480,2.54,1249.68,,,,,,,,,,,,
37254,55.02170101v1,55,,114,4,,6/15/2023 18:57,,,,3,,,,,30,3,144,,,,,,,,,,,,
37254,11.02170198v1,11,,3,4,,6/15/2023 18:57,,,,5,,,,,60,2.83,203.76,,,,,,,,,,,,
37254,55.02170112v1,55,,114,4,,6/15/2023 18:57,,,,4,,,,,40,3,180,,,,,,,,,,,,
37255,10.02150450v2,10,,2,1,,6/15/2023 18:00,,,,21,,,,,250,1.96,517.44,,,,,,,,,,,,
37257,10.02164402v1,10,,2,4,,6/15/2023 18:55,,,,5,,,,,60,2.83,203.76,,,,,,,,,,,,
37258,10.0322216v2,10,,2,3,,6/15/2023 18:56,,,,100,,,,,1200,2.01,2436.12,,,,,,,,,,,,
37259,10.02140085v2,10,,2,1,,6/15/2023 18:56,,,,5,,,,,60,2.56,184.32,,,,,,,,,,,,
37260,46.02170782v2,46,,113,1,,6/16/2023 16:32,,,,10,,,,,120,2.23,294.36,,,,,,,,,,,,
37261,10.02170883v1,10,,2,3,,6/19/2023 16:12,,,,5,,,,,60,2.85,205.2,,,,,,,,,,,,
37262,932150034v3,93,500,120,10,45119,6/15/2023 20:41,Distributor,existingbusiness,13725396480,42,1.31,0,675.96,655,,,,,,,,,,,,,,,
37263,10.02170652v1,10,,2,1,,6/15/2023 22:48,,,,10,,,,,120,2.23,294.36,,,,,,,,,,,,
37264,10.0356551v4,10,,2,3,,6/15/2023 20:49,,,,42,,,,,500,2.54,1310.64,,,,,,,,,,,,
37265,10.0240412v3,10,,2,3,,6/15/2023 22:48,,,,71,,,,,850,2.01,1736.64,,,,,,,,,,,,
37266,10.02164692v1,10,,2,1,,6/16/2023 13:59,,,,12,,,,,135,1.96,305.76,,,,,,,,,,,,
37267,10.02154377v1,10,,2,1,,6/15/2023 22:47,,,,34,,,,,400,1.96,823.2,,,,,,,,,,,,
37268,55.02169096v2,55,,114,3,,6/15/2023 22:00,,,,2,,,,,24,2.93,105.48,,,,,,,,,,,,
37268,55.02169096v4,55,,114,3,,6/15/2023 22:00,,,,30,,,,,360,2.62,974.64,,,,,,,,,,,,
37269,10.02170977v1,10,,2,3,,6/15/2023 23:27,,,,3,,,,,30,3.18,152.64,,,,,,,,,,,,
37270,55.03171086v1,55,,114,4,,6/19/2023 19:28,,,,5,,,,,60,3,216,,,,,,,,,,,,
37271,10.02170296v1,10,,2,4,,6/16/2023 17:08,,,,5,,,,,60,2.83,203.76,,,,,,,,,,,,
37274,10.02170524v1,10,,2,3,,6/16/2023 13:59,,,,13,,,,,150,2.54,426.72,,,,,,,,,,,,
37275,46.02168309v1,46,,113,1,,6/16/2023 14:45,,,,10,,,,,120,2.23,294.36,,,,,,,,,,,,
37276,55.02169127v1,55,,114,4,,6/16/2023 15:38,,,,9,,,,,100,3,360,,,,,,,,,,,,
37277,10.02163909v1,10,,2,1,,6/16/2023 22:19,,,,5,,,,,60,2.56,184.32,,,,,,,,,,,,
37277,10.02163910v1,10,,2,1,,6/16/2023 22:19,,,,5,,,,,60,2.56,184.32,,,,,,,,,,,,
37278,10.0226232v1,10,,2,1,,6/20/2023 19:41,,,,15,,,,,176,1.96,376.32,,,,,,,,,,,,
37278,10.0226231v2,10,,2,1,,6/20/2023 19:41,,,,15,,,,,176,1.96,376.32,,,,,,,,,,,,
37279,49.02166997v2,49,,116,3,,6/16/2023 19:52,,,,5,,,,,60,2.85,205.2,,,,,,,,,,,,
37280,55.02114419v1,55,,114,3,,6/16/2023 16:14,,,,10,,,,,120,2.8,369.6,,,,,,,,,,,,
37281,10.02135107v3,10,,2,1,,6/19/2023 17:00,,,,30,,,,,360,1.96,729.12,,,,,,,,,,,,
37282,10.02168233v1,10,,2,4,,6/22/2023 14:14,,,,10,,,,,120,2.71,357.72,,,,,,,,,,,,
37282,10.02168271v1,10,,2,4,,6/22/2023 14:14,,,,10,,,,,120,2.71,357.72,,,,,,,,,,,,
37283,10.0264906v1,10,,2,1,,6/16/2023 17:09,,,,10,,,,,120,2.23,294.36,,,,,,,,,,,,
37284,10.0224743v2,10,,2,4,,6/16/2023 18:28,,,,3,,,,,30,2.83,135.84,,,,,,,,,,,,
37286,10.02164346v1,10,,2,3,,6/20/2023 15:04,,,,5,,,,,50,3.18,228.96,,,,,,,,,,,,
37286,10.0214892v5,10,,2,3,,6/20/2023 15:04,,,,5,,,,,50,3.18,228.96,,,,,,,,,,,,
37287,10.02170528v1,10,,2,3,,6/16/2023 18:00,,,,5,,,,,60,2.85,205.2,,,,,,,,,,,,
37288,10.02102281v5,10,,2,1,,6/16/2023 18:27,,,,21,,,,,250,1.96,517.44,,,,,,,,,,,,
37289,55.02170601v1,55,,114,1,,6/16/2023 22:20,,,,20,,,,,240,1.96,493.92,,,,,,,,,,,,
37290,10.02118872v1,10,,2,1,,6/16/2023 19:50,,,,13,,,,,150,1.96,329.28,,,,,,,,,,,,
37291,10.02169976v1,10,,2,1,,6/20/2023 15:04,,,,5,,,,,60,2.56,184.32,,,,,,,,,,,,
37292,10.02151690v1,10,,2,4,,6/19/2023 16:01,,,,17,,,,,200,2.54,548.64,,,,,,,,,,,,
37292,10.02151689v1,10,,2,4,,6/19/2023 16:01,,,,17,,,,,200,2.54,548.64,,,,,,,,,,,,
37293,10.02170939v1,10,,2,1,,6/16/2023 22:20,,,,10,,,,,120,2.23,294.36,,,,,,,,,,,,
37293,10.02170963v1,10,,2,1,,6/16/2023 22:20,,,,10,,,,,120,2.23,294.36,,,,,,,,,,,,
37293,10.02170958v1,10,,2,1,,6/16/2023 22:20,,,,10,,,,,120,2.23,294.36,,,,,,,,,,,,
37294,10.02170644v1,10,,2,3,,6/16/2023 21:49,,,,20,,,,,240,2.54,640.08,,,,,,,,,,,,
37295,10.02171176v1,10,,2,3,,6/19/2023 13:25,,,,5,,,,,60,2.85,205.2,,,,,,,,,,,,
37295,10.02171175v1,10,,2,3,,6/19/2023 13:25,,,,5,,,,,60,2.85,205.2,,,,,,,,,,,,
37296,10.02169770v1,10,,2,3,,6/16/2023 22:12,,,,209,,,,,2500,1.72,4334.4,,,,,,,,,,,,
37297,10.02114879v2,10,,2,1,,6/16/2023 23:17,,,,5,,,,,60,2.56,184.32,,,,,,,,,,,,
37297,10.02114881v2,10,,2,1,,6/16/2023 23:17,,,,5,,,,,60,2.56,184.32,,,,,,,,,,,,
37298,10.02148469v1,10,,2,1,,6/19/2023 18:04,,,,10,,,,,120,2.23,294.36,,,,,,,,,,,,
37299,10.02102118v1,10,,2,4,,6/16/2023 22:37,,,,5,,,,,60,2.83,203.76,,,,,,,,,,,,
37300,10.02170733v1,10,,2,1,,6/19/2023 18:04,,,,11,,,,,122,2.23,321.12,,,,,,,,,,,,
37300,10.02170732v1,10,,2,1,,6/19/2023 18:04,,,,11,,,,,122,2.23,321.12,,,,,,,,,,,,
37301,10.02168034v3,10,,2,1,,6/16/2023 22:50,,,,5,,,,,60,2.56,184.32,,,,,,,,,,,,
37302,10.02108673v1,10,,2,4,,6/19/2023 18:41,,,,9,,,,,100,2.83,339.6,,,,,,,,,,,,
37303,10.02117154v2,10,,2,3,,6/19/2023 17:33,,,,42,,,,,500,2.54,1310.64,,,,,,,,,,,,
37304,10.02171059v5,10,,2,1,,6/17/2023 14:13,,,,20,,,,,240,1.96,493.92,,,,,,,,,,,,
37305,10.02128845v1,10,,2,1,,6/19/2023 20:00,,,,17,,,,,200,1.96,423.36,,,,,,,,,,,,
37305,10.02128844v1,10,,2,1,,6/19/2023 20:00,,,,17,,,,,200,1.96,423.36,,,,,,,,,,,,
37306,10.02170892v4,10,,2,1,,6/19/2023 12:50,,,,20,,,,,240,1.96,493.92,,,,,,,,,,,,
37308,10.0270329v2,10,,2,3,,6/19/2023 14:38,,,,49,,,,,580,2.28,1368,,,,,,,,,,,,
37309,10.02170990v1,10,,2,1,,6/19/2023 16:04,,,,10,,,,,120,2.23,294.36,,,,,,,,,,,,
37310,10.02170892v2,10,,2,1,,6/19/2023 16:19,,,,20,,,,,240,1.96,493.92,,,,,,,,,,,,
37311,10.02171270v1,10,,2,1,,6/26/2023 22:25,,,,6,,,,,70,2.56,215.04,,,,,,,,,,,,
37312,15.02158732v1,15,,7,3,,6/20/2023 23:19,,,,31,,,,,361,3.66,1405.44,,,,,,,,,,,,
37313,10.02170992v1,10,,2,3,,6/19/2023 19:47,,,,7,,,,,75,2.85,273.6,,,,,,,,,,,,
37314,10.02171172v2,10,,2,1,,6/20/2023 17:28,,,,42,,,,,500,1.96,1011.36,,,,,,,,,,,,
37315,46.02170908v1,46,,113,1,,6/19/2023 20:35,,,,21,,,,,250,1.96,517.44,,,,,,,,,,,,
37316,10.02112124v1,10,,2,1,,6/19/2023 20:35,,,,40,,,,,480,1.96,964.32,,,,,,,,,,,,
37317,10.02163321v1,10,,2,3,,6/20/2023 16:37,,,,15,,,,,175,2.54,487.68,,,,,,,,,,,,
37318,46.02171404v1,46,,113,1,,6/21/2023 16:32,,,,13,,,,,150,1.96,329.28,,,,,,,,,,,,
37319,10.02168048v1,10,,2,4,,6/20/2023 19:42,,,,5,,,,,60,2.83,203.76,,,,,,,,,,,,
37319,10.02168047v1,10,,2,4,,6/20/2023 19:42,,,,5,,,,,60,2.83,203.76,,,,,,,,,,,,
37320,10.02114472v1,10,,2,3,,6/20/2023 17:28,,,,13,,,,,150,2.54,426.72,,,,,,,,,,,,
37320,10.0299660v2,10,,2,3,,6/20/2023 17:28,,,,13,,,,,150,2.54,426.72,,,,,,,,,,,,
37321,10.02163053v5,10,,2,1,,6/20/2023 19:42,,,,17,,,,,200,1.96,423.36,,,,,,,,,,,,
37323,10.03171420v1,10,,2,1,,6/20/2023 19:43,,,,24,,,,,280,1.96,588,,,,,,,,,,,,
37323,10.01171421v1,10,,2,1,,6/20/2023 19:43,,,,10,,,,,120,2.23,294.36,,,,,,,,,,,,
37324,10.02161098v1,10,,2,4,,6/21/2023 16:31,,,,5,,,,,60,2.83,203.76,,,,,,,,,,,,
37325,10.02171305v2,10,,2,3,,6/20/2023 20:24,,,,10,,,,,120,2.72,359.04,,,,,,,,,,,,
37326,55.02171132v1,55,,114,1,,6/21/2023 14:03,,,,25,,,,,300,1.96,611.52,,,,,,,,,,,,
37327,10.02102719v1,10,,2,1,,6/20/2023 20:24,,,,7,,,,,75,2.56,245.76,,,,,,,,,,,,
37328,10.02164520v1,10,,2,4,,6/20/2023 21:46,,,,5,,,,,60,2.83,203.76,,,,,,,,,,,,
37329,10.02130986v1,10,,2,3,,6/20/2023 21:46,,,,5,,,,,60,2.85,205.2,,,,,,,,,,,,
37330,,70,,,3,45124,6/21/2023 14:59,,,,,,,,,,2.01,,29812,720,20011,44134,64,16997,732,120857,6/20/2023 21:21,7/14/2023,60,1471.32
37331,932136030v2,93,1212,120,10,45126,6/20/2023 23:54,Distributor,existingbusiness,13796424086,101,1.2,0,1468.8,1454.4,,,,,,,,,,,,,,,
37331,932136030v2,93,8,120,10,45128,6/20/2023 23:54,Distributor,existingbusiness,13796424086,1,1.8,0,43.2,14.4,,,,,,,,,,,,,,,
37332,10.02164908v1,10,,2,3,,6/20/2023 23:40,,,,10,,,,,120,2.72,359.04,,,,,,,,,,,,
37333,10.02153079v1,10,,2,1,,6/20/2023 22:48,,,,42,,,,,500,1.96,1011.36,,,,,,,,,,,,
37334,10.02171339v1,10,,2,1,,6/22/2023 14:50,,,,10,,,,,120,2.23,294.36,,,,,,,,,,,,
37335,55.02168411v2,55,,114,1,,6/22/2023 20:58,,,,12,,,,,140,1.96,305.76,,,,,,,,,,,,
37335,46.02171798v1,46,,113,1,,6/22/2023 20:58,,,,5,,,,,60,2.56,184.32,,,,,,,,,,,,
37336,10.02117092v1,10,,2,4,,6/21/2023 14:02,,,,5,,,,,60,2.83,203.76,,,,,,,,,,,,
37336,10.02117081v1,10,,2,4,,6/21/2023 14:02,,,,5,,,,,60,2.83,203.76,,,,,,,,,,,,
37337,10.0297481v1,10,,2,1,,6/26/2023 17:15,,,,19,,,,,225,1.96,470.4,,,,,,,,,,,,
37338,10.02165705v1,10,,2,3,,6/21/2023 16:46,,,,8,,,,,90,2.85,307.8,,,,,,,,,,,,
37339,10.03166186v1,10,,2,3,,6/21/2023 16:32,,,,3,,,,,30,3.18,152.64,,,,,,,,,,,,
37339,10.02165705v1,10,,2,3,,6/21/2023 16:32,,,,8,,,,,90,2.85,307.8,,,,,,,,,,,,
37341,46.01171617v1,46,,113,1,,6/21/2023 16:32,,,,5,,,,,60,2.56,184.32,,,,,,,,,,,,
37341,46.03171613v1,46,,113,1,,6/21/2023 16:32,,,,17,,,,,200,1.96,423.36,,,,,,,,,,,,
37341,46.03171616v1,46,,113,1,,6/21/2023 16:32,,,,12,,,,,140,1.96,305.76,,,,,,,,,,,,
37341,46.01171615v1,46,,113,1,,6/21/2023 16:32,,,,9,,,,,100,2.56,307.2,,,,,,,,,,,,
37343,10.02145606v3,10,,2,3,,6/21/2023 16:31,,,,10,,,,,120,2.72,359.04,,,,,,,,,,,,
37344,10.0225636v1,10,,2,3,,6/21/2023 18:32,,,,10,,,,,120,2.72,359.04,,,,,,,,,,,,
37344,10.0225638v2,10,,2,3,,6/21/2023 18:32,,,,10,,,,,120,2.72,359.04,,,,,,,,,,,,
37344,10.0225638v4,10,,2,3,,6/21/2023 18:32,,,,10,,,,,120,2.72,359.04,,,,,,,,,,,,
37345,10.0288519v3,10,,2,4,,6/21/2023 18:32,,,,74,,,,,880,2.01,1809,,,,,,,,,,,,
37346,10.02171142v2,10,,2,3,,6/21/2023 22:34,,,,13,,,,,150,2.54,426.72,,,,,,,,,,,,
37347,10.02165369v2,10,,2,3,,6/21/2023 22:32,,,,84,,,,,1000,2.01,2050.2,,,,,,,,,,,,
37348,10.02164560v1,10,,2,4,,6/28/2023 22:02,,,,30,,,,,360,2.54,944.88,,,,,,,,,,,,
37348,10.02168321v1,10,,2,4,,6/28/2023 22:02,,,,130,,,,,1560,2.01,3159.72,,,,,,,,,,,,
37348,10.02168320v1,10,,2,4,,6/28/2023 22:02,,,,130,,,,,1560,2.01,3159.72,,,,,,,,,,,,
37349,10.02158343v1,10,,2,4,,6/21/2023 21:11,,,,10,,,,,120,2.71,357.72,,,,,,,,,,,,
37349,10.02158342v1,10,,2,4,,6/21/2023 21:11,,,,10,,,,,120,2.71,357.72,,,,,,,,,,,,
37349,10.02158341v1,10,,2,4,,6/21/2023 21:11,,,,10,,,,,120,2.71,357.72,,,,,,,,,,,,
37350,10.02170952v2,10,,2,1,,6/22/2023 14:09,,,,11,,,,,125,2.23,321.12,,,,,,,,,,,,
37350,10.02170953v2,10,,2,1,,6/22/2023 14:09,,,,11,,,,,125,2.23,321.12,,,,,,,,,,,,
37351,55.02135085v1,55,,114,1,,6/21/2023 21:11,,,,5,,,,,60,2.56,184.32,,,,,,,,,,,,
37352,55.02166348v1,55,,114,1,,6/21/2023 21:54,,,,5,,,,,60,2.56,184.32,,,,,,,,,,,,
37352,55.02166347v1,55,,114,1,,6/21/2023 21:54,,,,5,,,,,60,2.56,184.32,,,,,,,,,,,,
37354,10.02165830v1,10,,2,1,,6/21/2023 22:32,,,,84,,,,,1000,1.79,1825.8,,,,,,,,,,,,
37354,10.02166514v1,10,,2,1,,6/21/2023 22:32,,,,84,,,,,1000,1.79,1825.8,,,,,,,,,,,,
37355,10.02163625v1,10,,2,1,,6/21/2023 21:54,,,,20,,,,,240,1.96,493.92,,,,,,,,,,,,
37356,10.02141594v6,10,,2,3,,6/21/2023 22:33,,,,42,,,,,500,2.54,1310.64,,,,,,,,,,,,
37357,10.02133175v1,10,,2,1,,6/22/2023 16:27,,,,42,,,,,500,1.96,1011.36,,,,,,,,,,,,
37358,10.02171913v1,10,,2,3,,6/21/2023 22:34,,,,10,,,,,120,2.72,359.04,,,,,,,,,,,,
37359,10.02135372v2,10,,2,1,,6/21/2023 21:54,,,,59,,,,,700,1.88,1353.6,,,,,,,,,,,,
37359,10.02135370v3,10,,2,1,,6/21/2023 21:54,,,,59,,,,,700,1.88,1353.6,,,,,,,,,,,,
37362,10.02171101v1,10,,2,1,,6/21/2023 22:41,,,,21,,,,,250,1.96,517.44,,,,,,,,,,,,
37363,10.03171956v2,10,,2,1,,6/28/2023 22:34,,,,14,,,,,160,1.96,352.8,,,,,,,,,,,,
37364,10.02164129v1,10,,2,3,,6/23/2023 20:48,,,,15,,,,,175,2.54,487.68,,,,,,,,,,,,
37365,,70,,,1,45139,6/21/2023 22:45,,,,,,,,,,2.56,,29924,80,20985,46196,64,17026,0,79125,6/21/2023 22:45,8/1/2023,7,245.76
37366,10.02169948v1,10,,2,1,,6/22/2023 14:08,,,,10,,,,,120,2.23,294.36,,,,,,,,,,,,
37367,10.0356551v4,10,,2,3,,6/22/2023 14:50,,,,125,,,,,1500,2.01,3039.12,,,,,,,,,,,,
37369,10.02171771v1,10,,2,1,,6/22/2023 16:26,,,,50,,,,,600,1.88,1150.56,,,,,,,,,,,,
37369,10.02171034v1,10,,2,1,,6/22/2023 16:26,,,,50,,,,,600,1.88,1150.56,,,,,,,,,,,,
37370,10.02171875v1,10,,2,1,,6/22/2023 19:20,,,,10,,,,,120,2.23,294.36,,,,,,,,,,,,
37371,10.02169231v4,10,,2,1,,6/22/2023 16:27,,,,10,,,,,120,2.23,294.36,,,,,,,,,,,,
37372,55.02171965v1,55,,114,1,,6/22/2023 16:25,,,,9,,,,,100,2.56,307.2,,,,,,,,,,,,
37373,10.02168024v1,10,,2,3,,6/23/2023 19:18,,,,8,,,,,95,2.85,307.8,,,,,,,,,,,,
37374,10.02170656v4,10,,2,1,,6/22/2023 16:26,,,,21,,,,,250,1.96,517.44,,,,,,,,,,,,
37375,10.0289132v1,10,,2,1,,6/22/2023 16:26,,,,20,,,,,240,1.96,493.92,,,,,,,,,,,,
37376,10.02157550v1,10,,2,4,,6/22/2023 18:03,,,,10,,,,,120,2.71,357.72,,,,,,,,,,,,
37377,10.02171733v1,10,,2,1,,6/22/2023 20:55,,,,5,,,,,60,2.56,184.32,,,,,,,,,,,,
37378,12.0274176v2,12,,4,3,,6/22/2023 18:02,,,,5,,,,,60,2.6,187.2,,,,,,,,,,,,
37378,10.0273660v2,10,,2,3,,6/22/2023 18:02,,,,5,,,,,60,2.85,205.2,,,,,,,,,,,,
37379,10.03103306v1,10,,2,3,,6/22/2023 18:02,,,,10,,,,,120,2.72,359.04,,,,,,,,,,,,
37380,10.02168624v3,10,,2,1,,6/22/2023 18:03,,,,10,,,,,120,2.23,294.36,,,,,,,,,,,,
37381,15.02171498v2,15,,7,3,,6/22/2023 18:11,,,,10,,,,,120,3.84,506.88,,,,,,,,,,,,
37382,10.02118357v1,10,,2,3,,6/22/2023 18:46,,,,20,,,,,240,2.54,640.08,,,,,,,,,,,,
37384,55.02172128v1,55,,114,1,,6/23/2023 17:11,,,,17,,,,,200,1.96,423.36,,,,,,,,,,,,
37385,10.02172119v1,10,,2,4,,6/22/2023 19:21,,,,10,,,,,120,2.71,357.72,,,,,,,,,,,,
37385,10.03172089v1,10,,2,4,,6/22/2023 19:21,,,,3,,,,,30,2.83,135.84,,,,,,,,,,,,
37386,10.02107794v1,10,,2,3,,6/22/2023 20:57,,,,10,,,,,120,2.72,359.04,,,,,,,,,,,,
37388,11.02152191v3,11,,3,3,,6/23/2023 18:32,,,,11,,,,,123,2.88,414.72,,,,,,,,,,,,
37388,10.02170002v2,10,,2,3,,6/23/2023 18:32,,,,20,,,,,240,2.54,640.08,,,,,,,,,,,,
37390,10.02148538v1,10,,2,3,,6/23/2023 13:17,,,,13,,,,,150,2.54,426.72,,,,,,,,,,,,
37390,10.02148541v1,10,,2,3,,6/23/2023 13:17,,,,13,,,,,150,2.54,426.72,,,,,,,,,,,,
37391,55.02171376v3,55,,114,1,,6/23/2023 19:01,,,,5,,,,,60,2.56,184.32,,,,,,,,,,,,
37392,10.02171251v1,10,,2,1,,6/23/2023 14:56,,,,11,,,,,125,2.23,321.12,,,,,,,,,,,,
37393,10.0239188v1,10,,2,3,,6/22/2023 20:57,,,,84,,,,,1000,2.01,2050.2,,,,,,,,,,,,
37394,10.02170411v8,10,,2,4,,6/22/2023 20:59,,,,10,,,,,120,2.71,357.72,,,,,,,,,,,,
37395,10.02167385v3,10,,2,3,,6/22/2023 23:01,,,,59,,,,,700,2.28,1641.6,,,,,,,,,,,,
37396,10.0237989v1,10,,2,1,,6/23/2023 14:46,,,,30,,,,,360,1.96,729.12,,,,,,,,,,,,
37397,10.02171600v1,10,,2,1,,6/23/2023 16:01,,,,67,,,,,800,1.79,1460.64,,,,,,,,,,,,
37398,10.02171716v1,10,,2,1,,6/23/2023 16:01,,,,10,,,,,120,2.23,294.36,,,,,,,,,,,,
37399,10.02171806v1,10,,2,4,,6/23/2023 15:36,,,,209,,,,,2500,1.71,4309.2,,,,,,,,,,,,
37400,10.02171320v3,10,,2,1,,6/23/2023 17:11,,,,42,,,,,500,1.96,1011.36,,,,,,,,,,,,
37401,932172280v1,93,120,120,10,45134,7/3/2023 17:09,Distributor,existingbusiness,11995200172,10,1.8,0,237.6,216,,,,,,,,,,,,,,,
37401,932172284v1,93,120,120,10,45134,7/3/2023 17:09,Distributor,existingbusiness,11995200172,10,1.8,0,237.6,216,,,,,,,,,,,,,,,
37403,55.02171836v1,55,,114,1,,6/26/2023 13:24,,,,5,,,,,60,2.56,184.32,,,,,,,,,,,,
37403,55.02171839v1,55,,114,1,,6/26/2023 13:24,,,,5,,,,,60,2.56,184.32,,,,,,,,,,,,
37403,46.02171840v1,46,,113,1,,6/26/2023 13:24,,,,5,,,,,60,2.56,184.32,,,,,,,,,,,,
37404,11.02171105v1,11,,3,1,,6/28/2023 22:34,,,,5,,,,,60,3.33,239.76,,,,,,,,,,,,
37406,,70,,,1,45118,6/23/2023 19:01,,,,,,,,,,1.96,,28159,300,20085,44310,118,17064,312,121570,6/23/2023 17:42,7/10/2023,25,611.52
37407,10.02171607v1,10,,2,1,,6/26/2023 17:16,,,,11,,,,,122,2.23,321.12,,,,,,,,,,,,
37407,10.02171614v1,10,,2,1,,6/26/2023 17:16,,,,11,,,,,122,2.23,321.12,,,,,,,,,,,,
37408,55.02172239v1,55,,114,1,,7/7/2023 19:04,,,,80,,,,,950,1.79,1739.88,,,,,,,,,,,,
37410,10.02105843v6,10,,2,1,,6/23/2023 20:48,,,,7,,,,,82,2.56,245.76,,,,,,,,,,,,
37411,10.02160148v1,10,,2,4,,9/15/2023 17:46,,,,30,,,,,360,2.54,944.88,,,,,,,,,,,,
37412,10.02170046v2,10,,2,1,,6/23/2023 20:48,,,,24,,,,,281,1.96,588,,,,,,,,,,,,
37414,10.02171069v2,10,,2,3,,6/23/2023 21:13,,,,75,,,,,900,2.01,1833.12,,,,,,,,,,,,
37415,10.02171790v4,10,,2,1,,6/23/2023 21:38,,,,10,,,,,120,2.23,294.36,,,,,,,,,,,,
37416,10.02171069v2,10,,2,3,,6/23/2023 21:13,,,,34,,,,,400,2.54,1066.8,,,,,,,,,,,,
37418,10.02171069v2,10,,2,3,,6/23/2023 21:37,,,,21,,,,,250,2.54,670.56,,,,,,,,,,,,
37419,10.02166781v1,10,,2,1,,6/26/2023 17:17,,,,38,,,,,450,1.96,917.28,,,,,,,,,,,,
37420,10.0227887v2,10,,2,1,,6/23/2023 22:16,,,,5,,,,,60,2.56,184.32,,,,,,,,,,,,
37421,11.02171805v4,11,,3,3,,6/26/2023 13:24,,,,30,,,,,360,2.71,1008.12,,,,,,,,,,,,
37422,55.02172334v3,55,,114,1,,6/26/2023 17:17,,,,10,,,,,120,2.23,294.36,,,,,,,,,,,,
37424,932138714v2,93,720,120,10,45133,6/28/2023 22:14,Distributor,existingbusiness,13820763661,60,1.24,0,907.68,892.8,,,,,,,,,,,,,,,
37425,10.02165645v3,10,,2,4,,6/26/2023 17:19,,,,5,,,,,60,2.83,203.76,,,,,,,,,,,,
37427,10.02166006v1,10,,2,1,,6/26/2023 20:34,,,,44,,,,,525,1.96,1058.4,,,,,,,,,,,,
37429,10.02172542v1,10,,2,1,,6/27/2023 14:58,,,,10,,,,,120,2.23,294.36,,,,,,,,,,,,
37430,17.02170459v3,17,,9,1,,6/27/2023 21:07,,,,14,,,,,160,1.96,352.8,,,,,,,,,,,,
37431,10.0247476v1,10,,2,4,,6/26/2023 20:34,,,,17,,,,,200,2.54,548.64,,,,,,,,,,,,
37431,10.0247459v2,10,,2,4,,6/26/2023 20:34,,,,17,,,,,200,2.54,548.64,,,,,,,,,,,,
37431,10.0222029v1,10,,2,4,,6/26/2023 20:34,,,,17,,,,,200,2.54,548.64,,,,,,,,,,,,
37432,10.02115583v3,10,,2,1,,6/26/2023 17:20,,,,17,,,,,200,1.96,423.36,,,,,,,,,,,,
37433,9102168759v1,910,501,25,5,45125,6/27/2023 12:39,Distributor,newbusiness,13504524553,42,0.76,90,482.16,470.76,,,,,,,,,,,,,,,
37434,10.02116742v4,10,,2,1,,6/26/2023 17:20,,,,42,,,,,500,1.96,1011.36,,,,,,,,,,,,
37435,10.02169718v7,10,,2,1,,6/27/2023 14:26,,,,10,,,,,120,2.23,294.36,,,,,,,,,,,,
37436,932172588v1,93,500,120,10,45128,6/26/2023 17:22,Direct,existingbusiness,13868128827,42,1.31,0,675.96,655,,,,,,,,,,,,,,,
37437,10.0231293v1,10,,2,3,,6/26/2023 18:26,,,,5,,,,,60,2.85,205.2,,,,,,,,,,,,
37438,10.02170415v4,10,,2,1,,6/27/2023 14:27,,,,15,,,,,175,1.96,376.32,,,,,,,,,,,,
37438,10.02172113v2,10,,2,1,,6/27/2023 14:27,,,,15,,,,,175,1.96,376.32,,,,,,,,,,,,
37439,10.02136130v1,10,,2,4,,6/26/2023 18:26,,,,42,,,,,500,2.54,1310.64,,,,,,,,,,,,
37440,10.02143852v3,10,,2,4,,6/26/2023 18:26,,,,10,,,,,120,2.71,357.72,,,,,,,,,,,,
37441,55.02136066v1,55,,114,1,,6/26/2023 18:27,,,,9,,,,,100,2.56,307.2,,,,,,,,,,,,
37442,10.02162363v1,10,,2,1,,6/26/2023 20:34,,,,9,,,,,100,2.56,307.2,,,,,,,,,,,,
37443,10.02169756v1,10,,2,1,,6/26/2023 22:25,,,,5,,,,,60,2.56,184.32,,,,,,,,,,,,
37443,10.02169757v1,10,,2,1,,6/26/2023 22:25,,,,5,,,,,60,2.56,184.32,,,,,,,,,,,,
37444,10.02155432v1,10,,2,1,,6/26/2023 20:34,,,,21,,,,,250,1.96,517.44,,,,,,,,,,,,
37445,10.02151650v2,10,,2,3,,6/26/2023 20:35,,,,60,,,,,715,2.28,1668.96,,,,,,,,,,,,
37446,10.02130409v2,10,,2,3,,6/28/2023 16:19,,,,9,,,,,100,2.85,342,,,,,,,,,,,,
37447,55.02172704v1,55,,114,3,,6/26/2023 22:26,,,,5,,,,,60,2.93,210.96,,,,,,,,,,,,
37447,55.02172705v1,55,,114,3,,6/26/2023 22:26,,,,5,,,,,60,2.93,210.96,,,,,,,,,,,,
37447,55.02172706v1,55,,114,3,,6/26/2023 22:26,,,,5,,,,,60,2.93,210.96,,,,,,,,,,,,
37448,10.02104669v1,10,,2,1,,6/26/2023 22:26,,,,10,,,,,120,2.23,294.36,,,,,,,,,,,,
37449,10.02166490v3,10,,2,3,,6/26/2023 22:26,,,,20,,,,,240,2.54,640.08,,,,,,,,,,,,
37450,10.02171635v1,10,,2,4,,6/27/2023 14:58,,,,7,,,,,75,2.83,271.68,,,,,,,,,,,,
37451,55.02172643v2,55,,114,3,,6/27/2023 14:27,,,,5,,,,,60,2.93,210.96,,,,,,,,,,,,
37451,55.02172642v2,55,,114,3,,6/27/2023 14:27,,,,5,,,,,60,2.93,210.96,,,,,,,,,,,,
37452,10.0297766v1,10,,2,1,,7/3/2023 21:48,,,,5,,,,,60,2.56,184.32,,,,,,,,,,,,
37453,10.02172743v1,10,,2,1,,6/27/2023 17:12,,,,17,,,,,200,1.96,423.36,,,,,,,,,,,,
37456,10.02155718v4,10,,2,3,,6/28/2023 16:20,,,,125,,,,,1500,2.01,3039.12,,,,,,,,,,,,
37457,10.02167998v1,10,,2,1,,7/7/2023 20:24,,,,20,,,,,240,1.96,493.92,,,,,,,,,,,,
37458,55.02172781v1,55,,114,1,,6/27/2023 17:12,,,,10,,,,,120,2.23,294.36,,,,,,,,,,,,
37459,10.02170831v1,10,,2,1,,6/27/2023 17:13,,,,25,,,,,300,1.96,611.52,,,,,,,,,,,,
37460,55.02172668v1,55,,114,4,,6/28/2023 22:35,,,,9,,,,,100,3,360,,,,,,,,,,,,
37461,10.02172806v1,10,,2,1,,6/27/2023 17:13,,,,10,,,,,120,2.23,294.36,,,,,,,,,,,,
37462,10.0218584v2,10,,2,1,,6/27/2023 17:13,,,,14,,,,,165,1.96,352.8,,,,,,,,,,,,
37463,15.02172258v3,15,,7,3,,6/27/2023 16:58,,,,10,,,,,120,3.84,506.88,,,,,,,,,,,,
37464,10.02171683v1,10,,2,1,,6/27/2023 17:13,,,,10,,,,,120,2.23,294.36,,,,,,,,,,,,
37465,10.02169942v2,10,,2,4,,6/27/2023 17:01,,,,21,,,,,250,2.54,670.56,,,,,,,,,,,,
37466,10.02132149v2,10,,2,1,,6/27/2023 17:13,,,,10,,,,,120,2.23,294.36,,,,,,,,,,,,
37467,10.02151947v1,10,,2,4,,6/28/2023 16:19,,,,5,,,,,60,2.83,203.76,,,,,,,,,,,,
37467,10.02151940v2,10,,2,4,,6/28/2023 16:19,,,,5,,,,,60,2.83,203.76,,,,,,,,,,,,
37467,10.02151941v1,10,,2,4,,6/28/2023 16:19,,,,5,,,,,60,2.83,203.76,,,,,,,,,,,,
37467,10.02151945v2,10,,2,4,,6/28/2023 16:19,,,,5,,,,,60,2.83,203.76,,,,,,,,,,,,
37468,10.0296489v1,10,,2,4,,6/27/2023 16:58,,,,5,,,,,60,2.83,203.76,,,,,,,,,,,,
37469,10.0286658v1,10,,2,1,,6/27/2023 17:13,,,,5,,,,,60,2.56,184.32,,,,,,,,,,,,
37471,10.0232541v1,10,,2,3,,6/27/2023 21:08,,,,20,,,,,240,2.54,640.08,,,,,,,,,,,,
37472,10.02138685v3,10,,2,4,,6/27/2023 19:12,,,,5,,,,,60,2.83,203.76,,,,,,,,,,,,
37472,10.02138686v1,10,,2,4,,6/27/2023 19:12,,,,5,,,,,60,2.83,203.76,,,,,,,,,,,,
37473,46.02172893v1,46,,113,3,,6/27/2023 22:24,,,,5,,,,,60,2.85,205.2,,,,,,,,,,,,
37473,10.02172633v1,10,,2,3,,6/27/2023 22:24,,,,5,,,,,60,2.85,205.2,,,,,,,,,,,,
37474,10.02167586v2,10,,2,4,,6/27/2023 21:08,,,,6,,,,,65,2.83,237.72,,,,,,,,,,,,
37475,10.02166294v1,10,,2,1,,6/27/2023 21:08,,,,42,,,,,500,1.96,1011.36,,,,,,,,,,,,
37475,10.02166296v1,10,,2,1,,6/27/2023 21:08,,,,42,,,,,500,1.96,1011.36,,,,,,,,,,,,
37476,10.02172776v1,10,,2,1,,6/28/2023 18:01,,,,30,,,,,360,1.96,729.12,,,,,,,,,,,,
37477,932172900v1,93,120,120,10,45133,6/30/2023 22:58,Distributor,newbusiness,13384051620,10,1.8,0,237.6,216,,,,,,,,,,,,,,,
37477,932172902v1,93,120,120,10,45133,6/30/2023 22:58,Distributor,newbusiness,13384051620,10,1.8,0,237.6,216,,,,,,,,,,,,,,,
37478,10.02172895v1,10,,2,1,,6/27/2023 21:08,,,,25,,,,,300,1.96,611.52,,,,,,,,,,,,
37479,10.02154719v1,10,,2,3,,6/27/2023 21:09,,,,200,,,,,2400,1.72,4148.64,,,,,,,,,,,,
37480,10.02172842v1,10,,2,1,,6/27/2023 23:55,,,,42,,,,,500,1.96,1011.36,,,,,,,,,,,,
37481,10.02172924v1,10,,2,4,,6/28/2023 15:30,,,,9,,,,,100,2.83,339.6,,,,,,,,,,,,
37481,10.02172921v1,10,,2,4,,6/28/2023 15:30,,,,9,,,,,100,2.83,339.6,,,,,,,,,,,,
37482,10.02170997v2,10,,2,4,,6/27/2023 22:24,,,,5,,,,,60,2.83,203.76,,,,,,,,,,,,
37483,55.02163532v3,55,,114,1,,6/28/2023 18:01,,,,80,,,,,960,1.79,1739.88,,,,,,,,,,,,
37486,10.027975v1,10,,2,3,,6/27/2023 23:53,,,,92,,,,,1103,2.01,2243.16,,,,,,,,,,,,
37487,10.02172195v1,10,,2,1,,6/29/2023 20:41,,,,7,,,,,80,2.56,245.76,,,,,,,,,,,,
37488,10.02173002v1,10,,2,1,,6/28/2023 14:55,,,,9,,,,,100,2.56,307.2,,,,,,,,,,,,
37489,10.02163651v1,10,,2,3,,6/28/2023 18:01,,,,42,,,,,500,2.54,1310.64,,,,,,,,,,,,
37490,10.02156709v1,10,,2,1,,6/28/2023 16:19,,,,13,,,,,150,1.96,329.28,,,,,,,,,,,,
37491,10.02173092v2,10,,2,3,,7/21/2023 18:07,,,,3,,,,,30,3.18,152.64,,,,,,,,,,,,
37491,10.02170195v1,10,,2,3,,7/21/2023 18:07,,,,3,,,,,30,3.18,152.64,,,,,,,,,,,,
37492,10.02171684v1,10,,2,3,,6/29/2023 0:09,,,,63,,,,,750,2.01,1543.68,,,,,,,,,,,,
37493,10.02173384v1,10,,2,1,,6/30/2023 21:16,,,,67,,,,,800,1.79,1460.64,,,,,,,,,,,,
37494,10.02166176v1,10,,2,1,,6/28/2023 14:56,,,,10,,,,,120,2.23,294.36,,,,,,,,,,,,
37495,10.02172819v1,10,,2,1,,6/28/2023 14:56,,,,14,,,,,160,1.96,352.8,,,,,,,,,,,,
37496,10.02171934v2,10,,2,1,,6/28/2023 14:56,,,,11,,,,,125,2.23,321.12,,,,,,,,,,,,
37497,10.02172593v1,10,,2,1,,6/28/2023 23:17,,,,55,,,,,650,1.88,1263.36,,,,,,,,,,,,
37498,10.02172560v2,10,,2,1,,6/28/2023 16:21,,,,6,,,,,70,2.56,215.04,,,,,,,,,,,,
37499,10.02173049v1,10,,2,4,,6/28/2023 23:17,,,,10,,,,,120,2.71,357.72,,,,,,,,,,,,
37500,10.02171954v1,10,,2,4,,6/28/2023 18:09,,,,63,,,,,750,2.01,1543.68,,,,,,,,,,,,
37500,10.02171955v1,10,,2,4,,6/28/2023 18:09,,,,21,,,,,250,2.54,670.56,,,,,,,,,,,,
37501,10.02172090v2,10,,2,1,,6/28/2023 16:20,,,,10,,,,,120,2.23,294.36,,,,,,,,,,,,
37502,55.02105771v2,55,,114,3,,6/28/2023 16:58,,,,5,,,,,50,2.93,210.96,,,,,,,,,,,,
37502,55.02105770v2,55,,114,3,,6/28/2023 16:58,,,,5,,,,,50,2.93,210.96,,,,,,,,,,,,
37503,10.02135383v6,10,,2,1,,6/28/2023 18:05,,,,20,,,,,240,1.96,493.92,,,,,,,,,,,,
37504,10.03173102v1,10,,2,1,,6/28/2023 19:41,,,,10,,,,,120,2.23,294.36,,,,,,,,,,,,
37505,46.02172926v1,46,,113,1,,6/28/2023 22:35,,,,15,,,,,170,1.96,376.32,,,,,,,,,,,,
37506,10.02144411v3,10,,2,1,,6/28/2023 22:36,,,,10,,,,,120,2.23,294.36,,,,,,,,,,,,
37507,10.02173057v1,10,,2,3,,6/28/2023 19:48,,,,3,,,,,30,3.18,152.64,,,,,,,,,,,,
37508,10.0283782v4,10,,2,1,,6/28/2023 22:36,,,,40,,,,,480,1.96,964.32,,,,,,,,,,,,
37509,55.02174214v1,55,,114,1,,7/6/2023 18:22,,,,21,,,,,250,1.96,517.44,,,,,,,,,,,,
37509,55.02174215v1,55,,114,1,,7/6/2023 18:22,,,,21,,,,,250,1.96,517.44,,,,,,,,,,,,
37510,10.0226231v2,10,,2,1,,7/13/2023 14:06,,,,21,,,,,250,1.96,517.44,,,,,,,,,,,,
37510,10.0226232v1,10,,2,1,,7/13/2023 14:06,,,,21,,,,,250,1.96,517.44,,,,,,,,,,,,
37511,10.02173196v1,10,,2,4,,6/28/2023 22:36,,,,10,,,,,120,2.71,357.72,,,,,,,,,,,,
37512,10.02172040v1,10,,2,1,,6/29/2023 14:39,,,,5,,,,,60,2.56,184.32,,,,,,,,,,,,
37513,55.02173103v1,55,,114,1,,6/28/2023 22:37,,,,25,,,,,300,1.96,611.52,,,,,,,,,,,,
37514,10.02173185v1,10,,2,1,,6/29/2023 14:39,,,,50,,,,,600,1.88,1150.56,,,,,,,,,,,,
37515,55.02173173v1,55,,114,1,,6/29/2023 16:48,,,,5,,,,,60,2.56,184.32,,,,,,,,,,,,
37515,55.02173172v1,55,,114,1,,6/29/2023 16:48,,,,5,,,,,60,2.56,184.32,,,,,,,,,,,,
37516,10.02173320v1,10,,2,1,,6/29/2023 16:49,,,,10,,,,,120,2.23,294.36,,,,,,,,,,,,
37517,10.02135810v5,10,,2,1,,7/5/2023 14:40,,,,10,,,,,120,2.23,294.36,,,,,,,,,,,,
37518,10.02135818v5,10,,2,1,,7/5/2023 14:32,,,,10,,,,,120,2.23,294.36,,,,,,,,,,,,
37519,10.02173181v1,10,,2,3,,6/29/2023 15:16,,,,163,,,,,1950,2.01,3955.68,,,,,,,,,,,,
37519,10.02173270v1,10,,2,3,,6/29/2023 15:16,,,,163,,,,,1950,2.01,3955.68,,,,,,,,,,,,
37520,10.02168319v1,10,,2,1,,6/30/2023 17:55,,,,11,,,,,125,2.23,321.12,,,,,,,,,,,,
37521,55.02169941v2,55,,114,1,,6/29/2023 16:48,,,,30,,,,,360,1.96,729.12,,,,,,,,,,,,
37522,10.02169469v1,10,,2,1,,6/29/2023 17:27,,,,5,,,,,60,2.56,184.32,,,,,,,,,,,,
37522,10.02169481v1,10,,2,1,,6/29/2023 17:27,,,,5,,,,,60,2.56,184.32,,,,,,,,,,,,
37523,10.02172011v1,10,,2,4,,6/29/2023 16:49,,,,5,,,,,60,2.83,203.76,,,,,,,,,,,,
37524,10.02108475v3,10,,2,1,,6/29/2023 16:47,,,,10,,,,,120,2.23,294.36,,,,,,,,,,,,
37525,55.02126505v1,55,,114,4,,6/29/2023 19:01,,,,9,,,,,100,3,360,,,,,,,,,,,,
37526,55.02173067v1,55,,114,1,,6/29/2023 18:39,,,,9,,,,,100,2.56,307.2,,,,,,,,,,,,
37527,10.02172807v2,10,,2,1,,6/29/2023 22:54,,,,5,,,,,60,2.56,184.32,,,,,,,,,,,,
37527,10.02173355v1,10,,2,1,,6/29/2023 22:54,,,,5,,,,,60,2.56,184.32,,,,,,,,,,,,
37528,10.02106860v2,10,,2,1,,6/29/2023 22:55,,,,100,,,,,1200,1.71,2072.52,,,,,,,,,,,,
37529,10.02145285v1,10,,2,3,,6/29/2023 19:02,,,,417,,,,,5000,1.72,8627.52,,,,,,,,,,,,
37529,10.02166545v2,10,,2,3,,6/29/2023 19:02,,,,200,,,,,2400,1.72,4148.64,,,,,,,,,,,,
37530,10.0258859v2,10,,2,1,,6/29/2023 19:01,,,,16,,,,,187,1.96,399.84,,,,,,,,,,,,
37531,55.02161745v3,55,,114,1,,6/29/2023 20:41,,,,64,,,,,760,1.79,1396.2,,,,,,,,,,,,
37531,10.02161501v1,10,,2,1,,6/29/2023 20:41,,,,64,,,,,765,1.79,1396.2,,,,,,,,,,,,
37532,55.02173372v2,55,,114,1,,6/30/2023 19:30,,,,100,,,,,1200,1.71,2072.52,,,,,,,,,,,,
37534,932172611v2,93,600,120,10,45135,6/30/2023 22:00,Distributor,existingbusiness,13692165420,50,1.31,0,801.72,786,,,,,,,,,,,,,,,
37536,10.0243334v2,10,,2,4,,6/29/2023 20:41,,,,10,,,,,120,2.71,357.72,,,,,,,,,,,,
37537,10.02147682v2,10,,2,1,,6/29/2023 20:42,,,,11,,,,,131,2.23,321.12,,,,,,,,,,,,
37538,17.02170700v4,17,,9,1,,6/29/2023 22:54,,,,6,,,,,61,2.56,215.04,,,,,,,,,,,,
37538,17.02170505v6,17,,9,1,,6/29/2023 22:54,,,,6,,,,,61,2.56,215.04,,,,,,,,,,,,
37539,10.02173144v2,10,,2,1,,6/29/2023 23:31,,,,5,,,,,60,2.56,184.32,,,,,,,,,,,,
37540,10.02155189v2,10,,2,3,,6/29/2023 22:53,,,,10,,,,,120,2.72,359.04,,,,,,,,,,,,
37541,55.02111622v1,55,,114,1,,7/3/2023 15:53,,,,9,,,,,100,2.56,307.2,,,,,,,,,,,,
37542,10.02168559v2,10,,2,1,,6/30/2023 15:32,,,,4,,,,,40,3.18,190.8,,,,,,,,,,,,
37543,10.02111577v2,10,,2,4,,6/30/2023 15:24,,,,5,,,,,60,2.83,203.76,,,,,,,,,,,,
37544,55.02150686v2,55,,114,1,,6/30/2023 17:17,,,,3,,,,,30,2.56,122.88,,,,,,,,,,,,
37545,10.02175070v2,10,,2,3,,7/18/2023 16:52,,,,21,,,,,250,2.54,670.56,,,,,,,,,,,,
37546,10.02127817v1,10,,2,4,,7/5/2023 15:34,,,,5,,,,,60,2.83,203.76,,,,,,,,,,,,
37547,10.02172632v1,10,,2,4,,7/5/2023 16:12,,,,6,,,,,65,2.83,237.72,,,,,,,,,,,,
37549,10.02102282v1,10,,2,3,,7/6/2023 17:53,,,,5,,,,,60,2.85,205.2,,,,,,,,,,,,
37550,55.02172396v2,55,,114,4,,6/30/2023 16:12,,,,5,,,,,60,3,216,,,,,,,,,,,,
37551,10.0284729v1,10,,2,1,,6/30/2023 15:44,,,,25,,,,,300,1.96,611.52,,,,,,,,,,,,
37552,10.02173546v1,10,,2,1,,6/30/2023 17:16,,,,3,,,,,30,3.18,152.64,,,,,,,,,,,,
37553,10.02156283v1,10,,2,4,,7/7/2023 17:37,,,,5,,,,,60,2.83,203.76,,,,,,,,,,,,
37554,12.02173413v1,12,,4,4,,6/30/2023 18:15,,,,5,,,,,60,2.83,203.76,,,,,,,,,,,,
37555,10.02172093v1,10,,2,4,,6/30/2023 19:49,,,,5,,,,,60,2.83,203.76,,,,,,,,,,,,
37556,10.02169623v4,10,,2,1,,6/30/2023 22:01,,,,42,,,,,500,1.96,1011.36,,,,,,,,,,,,
37557,10.02173163v2,10,,2,1,,6/30/2023 20:48,,,,10,,,,,120,2.23,294.36,,,,,,,,,,,,
37558,10.02173623v2,10,,2,4,,6/30/2023 20:21,,,,5,,,,,60,2.83,203.76,,,,,,,,,,,,
37559,55.02169375v1,55,,114,3,,7/5/2023 13:55,,,,3,,,,,30,2.93,140.64,,,,,,,,,,,,
37559,46.02169733v2,46,,113,3,,7/5/2023 13:55,,,,3,,,,,30,3.18,152.64,,,,,,,,,,,,
37560,55.02152750v1,55,,114,3,,6/30/2023 20:17,,,,50,,,,,600,2.36,1444.32,,,,,,,,,,,,
37561,10.02173668v3,10,,2,1,,6/30/2023 20:48,,,,30,,,,,360,1.96,729.12,,,,,,,,,,,,
37562,10.0289597v1,10,,2,3,,6/30/2023 20:47,,,,10,,,,,120,2.72,359.04,,,,,,,,,,,,
37563,10.02154719v1,10,,2,3,,6/30/2023 20:06,,,,61,,,,,732,2.01,1495.44,,,,,,,,,,,,
37564,55.02173305v3,55,,114,3,,7/6/2023 16:02,,,,7,,,,,73,2.93,281.28,,,,,,,,,,,,
37565,17.02169723v1,17,,9,1,,7/3/2023 18:15,,,,17,,,,,200,1.96,423.36,,,,,,,,,,,,
37566,55.02172058v5,55,,114,1,,7/3/2023 19:29,,,,8,,,,,90,2.56,276.48,,,,,,,,,,,,
37567,10.026352v1,10,,2,4,,7/11/2023 15:13,,,,9,,,,,100,2.83,339.6,,,,,,,,,,,,
37568,49.02173311v1,49,,116,1,,7/3/2023 16:14,,,,15,,,,,175,1.96,376.32,,,,,,,,,,,,
37569,10.02100018v1,10,,2,4,,6/30/2023 22:14,,,,13,,,,,150,2.54,426.72,,,,,,,,,,,,
37569,10.02130713v1,10,,2,4,,6/30/2023 22:14,,,,10,,,,,120,2.71,357.72,,,,,,,,,,,,
37569,10.02100040v3,10,,2,4,,6/30/2023 22:14,,,,13,,,,,150,2.54,426.72,,,,,,,,,,,,
37570,10.02168497v11,10,,2,1,,6/30/2023 21:46,,,,3,,,,,30,3.18,152.64,,,,,,,,,,,,
37572,10.02173568v1,10,,2,1,,6/30/2023 22:13,,,,4,,,,,40,3.18,190.8,,,,,,,,,,,,
37574,55.02127084v5,55,,114,1,,6/30/2023 23:28,,,,17,,,,,200,1.96,423.36,,,,,,,,,,,,
37574,55.02173505v2,55,,114,1,,6/30/2023 23:28,,,,13,,,,,150,1.96,329.28,,,,,,,,,,,,
37575,10.0221648v3,10,,2,1,,7/3/2023 14:32,,,,59,,,,,700,1.88,1353.6,,,,,,,,,,,,
37576,49.02172052v1,49,,116,1,,6/30/2023 22:21,,,,5,,,,,60,2.56,184.32,,,,,,,,,,,,
37577,10.02102597v1,10,,2,1,,7/3/2023 16:07,,,,5,,,,,60,2.56,184.32,,,,,,,,,,,,
37578,49.02166363v2,49,,116,1,,7/17/2023 19:06,,,,5,,,,,60,2.56,184.32,,,,,,,,,,,,
37579,10.02173301v1,10,,2,1,,6/30/2023 22:57,,,,13,,,,,150,1.96,329.28,,,,,,,,,,,,
37580,49.02166364v1,49,,116,4,,7/5/2023 15:24,,,,5,,,,,60,2.83,203.76,,,,,,,,,,,,
37581,55.02172030v1,55,,114,3,,7/3/2023 14:52,,,,3,,,,,30,2.93,140.64,,,,,,,,,,,,
37582,10.02173252v2,10,,2,1,,7/3/2023 16:31,,,,5,,,,,60,2.56,184.32,,,,,,,,,,,,
37583,10.02170559v2,10,,2,1,,7/3/2023 15:17,,,,5,,,,,60,2.56,184.32,,,,,,,,,,,,
37584,10.0289205v1,10,,2,4,,7/3/2023 14:55,,,,5,,,,,60,2.83,203.76,,,,,,,,,,,,
37585,55.02173553v1,55,,114,1,,7/3/2023 15:42,,,,10,,,,,120,2.23,294.36,,,,,,,,,,,,
37587,10.02128054v1,10,,2,3,,7/3/2023 16:45,,,,84,,,,,1000,2.01,2050.2,,,,,,,,,,,,
37588,44.02108038v1,44,,21,3,,7/5/2023 15:55,,,,40,,,,,480,2.62,1289.04,,,,,,,,,,,,
37589,932173540v1,93,120,120,10,45140,7/10/2023 21:49,Direct,newbusiness,13915601461,10,1.8,0,237.6,216,,,,,,,,,,,,,,,
37590,10.02170254v2,10,,2,4,,7/3/2023 20:04,,,,42,,,,,500,2.54,1310.64,,,,,,,,,,,,
37591,55.02173709v2,55,,114,1,,7/5/2023 14:38,,,,42,,,,,500,1.96,1011.36,,,,,,,,,,,,
37592,10.02173675v1,10,,2,1,,7/3/2023 20:46,,,,25,,,,,300,1.96,611.52,,,,,,,,,,,,
37593,44.0255598v1,44,,21,1,,7/3/2023 20:52,,,,100,,,,,1200,1.71,2072.52,,,,,,,,,,,,
37594,10.02173589v2,10,,2,1,,7/5/2023 16:26,,,,5,,,,,60,2.56,184.32,,,,,,,,,,,,
37595,10.02155197v4,10,,2,4,,7/5/2023 19:47,,,,11,,,,,125,2.71,390.24,,,,,,,,,,,,
37595,10.02158406v2,10,,2,4,,7/5/2023 19:47,,,,11,,,,,125,2.71,390.24,,,,,,,,,,,,
37595,10.02155195v1,10,,2,4,,7/5/2023 19:47,,,,11,,,,,125,2.71,390.24,,,,,,,,,,,,
37595,10.02158405v2,10,,2,4,,7/5/2023 19:47,,,,11,,,,,125,2.71,390.24,,,,,,,,,,,,
37596,10.02173871v2,10,,2,1,,7/3/2023 21:21,,,,21,,,,,250,1.96,517.44,,,,,,,,,,,,
37597,18.02156210v1,18,,10,1,,7/3/2023 21:39,,,,3,,,,,30,2.56,122.88,,,,,,,,,,,,
37598,55.02173940v2,55,,114,1,,7/5/2023 14:55,,,,20,,,,,240,1.96,493.92,,,,,,,,,,,,
37598,55.02173941v2,55,,114,1,,7/5/2023 14:55,,,,20,,,,,240,1.96,493.92,,,,,,,,,,,,
37599,10.02149510v1,10,,2,3,,7/5/2023 15:38,,,,17,,,,,200,2.54,548.64,,,,,,,,,,,,
37599,10.02149507v1,10,,2,3,,7/5/2023 15:38,,,,13,,,,,150,2.54,426.72,,,,,,,,,,,,
37600,10.02173879v1,10,,2,1,,7/5/2023 13:56,,,,17,,,,,200,1.96,423.36,,,,,,,,,,,,
37601,10.02155248v4,10,,2,1,,7/6/2023 17:53,,,,100,,,,,1200,1.71,2072.52,,,,,,,,,,,,
37602,10.02173682v1,10,,2,3,,7/5/2023 15:02,,,,21,,,,,250,2.54,670.56,,,,,,,,,,,,
37603,10.02173564v1,10,,2,1,,7/5/2023 17:00,,,,34,,,,,400,1.96,823.2,,,,,,,,,,,,
37604,10.02173512v1,10,,2,3,,7/5/2023 16:18,,,,19,,,,,225,2.54,609.6,,,,,,,,,,,,
37605,10.02166024v1,10,,2,1,,7/5/2023 16:36,,,,10,,,,,120,2.23,294.36,,,,,,,,,,,,
37606,932148045v6,93,175,120,10,45135,7/5/2023 17:59,Distributor,existingbusiness,13980356115,15,1.8,0,345.6,315,,,,,,,,,,,,,,,
37607,12.02168272v1,12,,4,1,,7/6/2023 14:14,,,,13,,,,,155,1.63,273.84,,,,,,,,,,,,
37608,10.02127523v2,10,,2,4,,7/5/2023 22:46,,,,10,,,,,120,2.71,357.72,,,,,,,,,,,,
37609,10.02171161v4,10,,2,1,,7/5/2023 17:39,,,,5,,,,,60,2.56,184.32,,,,,,,,,,,,
37610,10.02174030v1,10,,2,3,,7/10/2023 12:44,,,,84,,,,,1000,2.01,2050.2,,,,,,,,,,,,
37611,10.02172768v2,10,,2,1,,7/5/2023 22:44,,,,13,,,,,155,1.96,329.28,,,,,,,,,,,,
37612,10.02173128v2,10,,2,1,,7/5/2023 17:53,,,,20,,,,,240,1.96,493.92,,,,,,,,,,,,
37613,10.02166155v1,10,,2,3,,7/5/2023 18:50,,,,5,,,,,50,3.18,228.96,,,,,,,,,,,,
37613,10.02166157v1,10,,2,3,,7/5/2023 18:50,,,,5,,,,,50,3.18,228.96,,,,,,,,,,,,
37614,10.02173975v2,10,,2,1,,7/5/2023 21:54,,,,10,,,,,120,2.23,294.36,,,,,,,,,,,,
37615,932174200v1,93,180,120,10,45141,7/6/2023 21:22,Direct,existingbusiness,13927962739,15,1.8,0,345.6,324,,,,,,,,,,,,,,,
37615,932174201v1,93,180,120,10,45141,7/6/2023 21:22,Direct,existingbusiness,13927962739,15,1.8,0,345.6,324,,,,,,,,,,,,,,,
37616,932117759v1,93,500,120,10,45135,7/6/2023 14:05,Direct,existingbusiness,13868630797,42,1.31,0,675.96,655,,,,,,,,,,,,,,,
37618,10.02174095v1,10,,2,1,,7/6/2023 18:38,,,,15,,,,,175,1.96,376.32,,,,,,,,,,,,
37619,46.02157961v2,46,,113,1,,7/6/2023 17:44,,,,5,,,,,60,2.56,184.32,,,,,,,,,,,,
37620,10.02174138v1,10,,2,1,,7/5/2023 21:15,,,,10,,,,,120,2.23,294.36,,,,,,,,,,,,
37622,10.02172571v1,10,,2,1,,7/11/2023 15:47,,,,14,,,,,160,1.96,352.8,,,,,,,,,,,,
37623,10.02146991v2,10,,2,4,,7/5/2023 21:52,,,,21,,,,,250,2.54,670.56,,,,,,,,,,,,
37624,10.02173883v2,10,,2,1,,7/5/2023 21:51,,,,28,,,,,325,1.96,682.08,,,,,,,,,,,,
37625,10.02107794v2,10,,2,1,,7/7/2023 19:12,,,,25,,,,,300,1.96,611.52,,,,,,,,,,,,
37626,10.02174176v1,10,,2,4,,7/5/2023 22:22,,,,5,,,,,60,2.83,203.76,,,,,,,,,,,,
37627,10.02174139v1,10,,2,3,,7/6/2023 13:06,,,,5,,,,,60,2.85,205.2,,,,,,,,,,,,
37628,10.02171181v1,10,,2,1,,7/6/2023 15:57,,,,5,,,,,60,2.56,184.32,,,,,,,,,,,,
37629,55.02174098v1,55,,114,3,,7/6/2023 17:54,,,,3,,,,,30,2.93,140.64,,,,,,,,,,,,
37630,10.02159491v1,10,,2,1,,7/6/2023 17:53,,,,3,,,,,30,3.18,152.64,,,,,,,,,,,,
37631,10.02174063v2,10,,2,3,,7/6/2023 15:36,,,,5,,,,,60,2.85,205.2,,,,,,,,,,,,
37632,10.02155644v1,10,,2,1,,7/6/2023 18:37,,,,63,,,,,750,1.79,1374.72,,,,,,,,,,,,
37633,10.02172998v2,10,,2,1,,7/6/2023 15:12,,,,10,,,,,120,2.23,294.36,,,,,,,,,,,,
37634,10.02171913v1,10,,2,3,,7/6/2023 19:07,,,,10,,,,,120,2.72,359.04,,,,,,,,,,,,
37635,10.02175197v1,10,,2,1,,7/13/2023 16:00,,,,10,,,,,120,2.23,294.36,,,,,,,,,,,,
37636,10.02174886v1,10,,2,1,,7/6/2023 20:08,,,,10,,,,,120,2.23,294.36,,,,,,,,,,,,
37637,10.02167869v4,10,,2,4,,7/13/2023 18:19,,,,10,,,,,120,2.71,357.72,,,,,,,,,,,,
37638,10.02174121v2,10,,2,1,,7/6/2023 20:21,,,,3,,,,,30,3.18,152.64,,,,,,,,,,,,
37639,10.02173567v1,10,,2,1,,7/6/2023 17:51,,,,10,,,,,120,2.23,294.36,,,,,,,,,,,,
37640,11.04172720v1,11,,3,4,,7/11/2023 15:20,,,,5,,,,,60,2.83,203.76,,,,,,,,,,,,
37640,11.02172718v1,11,,3,4,,7/11/2023 15:20,,,,5,,,,,60,2.83,203.76,,,,,,,,,,,,
37641,10.02167929v1,10,,2,1,,7/6/2023 19:07,,,,3,,,,,30,3.18,152.64,,,,,,,,,,,,
37642,10.02172155v3,10,,2,3,,7/6/2023 20:46,,,,13,,,,,150,2.54,426.72,,,,,,,,,,,,
37642,10.03174126v1,10,,2,3,,7/6/2023 20:46,,,,5,,,,,60,2.85,205.2,,,,,,,,,,,,
37642,10.02172153v2,10,,2,3,,7/6/2023 20:46,,,,13,,,,,150,2.54,426.72,,,,,,,,,,,,
37643,55.02174175v2,55,,114,3,,7/7/2023 15:33,,,,3,,,,,30,2.93,140.64,,,,,,,,,,,,
37644,10.02167931v1,10,,2,1,,7/6/2023 20:21,,,,3,,,,,30,3.18,152.64,,,,,,,,,,,,
37645,10.02155608v2,10,,2,3,,7/6/2023 20:22,,,,167,,,,,2000,2.01,4052.16,,,,,,,,,,,,
37646,10.02171526v2,10,,2,1,,7/6/2023 19:15,,,,21,,,,,250,1.96,517.44,,,,,,,,,,,,
37647,10.02167821v1,10,,2,3,,7/6/2023 20:21,,,,3,,,,,30,3.18,152.64,,,,,,,,,,,,
37649,46.02173030v2,46,,113,3,,7/6/2023 22:56,,,,5,,,,,60,2.85,205.2,,,,,,,,,,,,
37650,10.0214706v1,10,,2,3,,7/6/2023 19:40,,,,17,,,,,200,2.54,548.64,,,,,,,,,,,,
37651,55.02169624v6,55,,114,3,,7/6/2023 21:58,,,,5,,,,,56,2.93,210.96,,,,,,,,,,,,
37652,10.02173987v1,10,,2,1,,7/6/2023 20:43,,,,84,,,,,1000,1.79,1825.8,,,,,,,,,,,,
37654,55.02174359v1,55,,114,3,,7/7/2023 17:12,,,,5,,,,,60,2.93,210.96,,,,,,,,,,,,
37655,10.02169202v2,10,,2,4,,7/6/2023 21:53,,,,10,,,,,120,2.71,357.72,,,,,,,,,,,,
37656,10.02174330v1,10,,2,4,,7/6/2023 21:56,,,,10,,,,,120,2.71,357.72,,,,,,,,,,,,
37657,10.02173979v4,10,,2,1,,7/6/2023 22:32,,,,34,,,,,400,1.96,823.2,,,,,,,,,,,,
37658,10.02174421v2,10,,2,4,,7/7/2023 19:27,,,,30,,,,,360,2.54,944.88,,,,,,,,,,,,
37658,10.03174432v1,10,,2,4,,7/7/2023 19:27,,,,3,,,,,30,2.83,135.84,,,,,,,,,,,,
37659,10.02174042v1,10,,2,3,,7/7/2023 14:50,,,,5,,,,,60,2.85,205.2,,,,,,,,,,,,
37660,10.0298144v1,10,,2,3,,7/6/2023 23:36,,,,6,,,,,67,2.85,239.4,,,,,,,,,,,,
37661,10.02174323v2,10,,2,4,,7/7/2023 15:16,,,,10,,,,,120,2.71,357.72,,,,,,,,,,,,
37662,932174400v1,93,120,120,10,45139,7/7/2023 17:13,Direct,existingbusiness,13784244778,10,1.8,0,237.6,216,,,,,,,,,,,,,,,
37663,10.02174373v1,10,,2,4,,7/7/2023 20:20,,,,9,,,,,101,2.83,339.6,,,,,,,,,,,,
37664,10.02136030v1,10,,2,4,,7/7/2023 15:32,,,,30,,,,,360,2.54,944.88,,,,,,,,,,,,
37665,10.02174123v1,10,,2,4,,7/7/2023 18:32,,,,5,,,,,60,2.83,203.76,,,,,,,,,,,,
37665,10.02174143v1,10,,2,4,,7/7/2023 18:32,,,,5,,,,,60,2.83,203.76,,,,,,,,,,,,
37666,10.02158371v1,10,,2,4,,7/7/2023 15:07,,,,5,,,,,60,2.83,203.76,,,,,,,,,,,,
37667,10.02164775v1,10,,2,4,,7/7/2023 18:02,,,,13,,,,,150,2.54,426.72,,,,,,,,,,,,
37668,10.02174277v1,10,,2,3,,7/7/2023 15:50,,,,3,,,,,30,3.18,152.64,,,,,,,,,,,,
37668,55.02174297v1,55,,114,3,,7/7/2023 15:50,,,,3,,,,,30,2.93,140.64,,,,,,,,,,,,
37669,10.0237671v1,10,,2,1,,7/7/2023 15:33,,,,10,,,,,120,2.23,294.36,,,,,,,,,,,,
37670,55.02173946v2,55,,114,3,,7/7/2023 16:01,,,,13,,,,,150,2.62,440.16,,,,,,,,,,,,
37671,10.02171837v2,10,,2,1,,7/7/2023 16:47,,,,32,,,,,375,1.96,776.16,,,,,,,,,,,,
37672,10.02155608v2,10,,2,3,,7/7/2023 16:46,,,,50,,,,,600,2.28,1395.36,,,,,,,,,,,,
37673,10.02174429v1,10,,2,1,,7/7/2023 17:20,,,,7,,,,,75,2.56,245.76,,,,,,,,,,,,
37674,10.027676v4,10,,2,4,,7/7/2023 17:47,,,,5,,,,,60,2.83,203.76,,,,,,,,,,,,
37675,10.02167822v1,10,,2,3,,7/7/2023 19:04,,,,3,,,,,30,3.18,152.64,,,,,,,,,,,,
37676,10.02167855v4,10,,2,3,,7/7/2023 19:05,,,,3,,,,,30,3.18,152.64,,,,,,,,,,,,
37677,10.02167855v3,10,,2,3,,7/7/2023 21:08,,,,3,,,,,30,3.18,152.64,,,,,,,,,,,,
37679,10.03174475v1,10,,2,4,,7/7/2023 18:26,,,,5,,,,,60,2.83,203.76,,,,,,,,,,,,
37680,10.02174409v1,10,,2,4,,7/7/2023 19:03,,,,5,,,,,60,2.83,203.76,,,,,,,,,,,,
37680,10.04174476v1,10,,2,4,,7/7/2023 19:03,,,,5,,,,,60,2.83,203.76,,,,,,,,,,,,
37681,10.02104987v1,10,,2,4,,7/7/2023 19:05,,,,3,,,,,30,2.83,135.84,,,,,,,,,,,,
37682,10.02154308v3,10,,2,4,,7/7/2023 18:58,,,,5,,,,,60,2.83,203.76,,,,,,,,,,,,
37682,10.02154392v2,10,,2,4,,7/7/2023 18:58,,,,5,,,,,60,2.83,203.76,,,,,,,,,,,,
37683,10.02174258v2,10,,2,4,,7/7/2023 20:47,,,,9,,,,,100,2.83,339.6,,,,,,,,,,,,
37684,10.0291596v1,10,,2,1,,7/7/2023 19:45,,,,17,,,,,200,1.96,423.36,,,,,,,,,,,,
37685,10.0225556v1,10,,2,3,,7/7/2023 21:20,,,,5,,,,,60,2.85,205.2,,,,,,,,,,,,
37686,55.02174569v1,55,,114,1,,7/8/2023 13:06,,,,5,,,,,60,2.56,184.32,,,,,,,,,,,,
37687,10.02172191v2,10,,2,4,,7/8/2023 13:06,,,,5,,,,,60,2.83,203.76,,,,,,,,,,,,
37688,10.04174222v2,10,,2,3,,7/11/2023 0:04,,,,3,,,,,30,3.18,152.64,,,,,,,,,,,,
37688,10.01174224v2,10,,2,3,,7/11/2023 0:04,,,,3,,,,,30,3.18,152.64,,,,,,,,,,,,
37689,44.02143407v3,44,,21,1,,7/10/2023 14:24,,,,12,,,,,140,1.96,305.76,,,,,,,,,,,,
37689,10.02173819v1,10,,2,1,,7/10/2023 14:24,,,,10,,,,,120,2.23,294.36,,,,,,,,,,,,
37691,10.02174510v2,10,,2,1,,7/7/2023 21:41,,,,13,,,,,150,1.96,329.28,,,,,,,,,,,,
37692,10.02159926v1,10,,2,1,,7/10/2023 16:24,,,,15,,,,,175,1.96,376.32,,,,,,,,,,,,
37692,10.0253621v3,10,,2,1,,7/10/2023 16:24,,,,15,,,,,175,1.96,376.32,,,,,,,,,,,,
37693,10.02174483v2,10,,2,1,,7/7/2023 23:01,,,,13,,,,,150,1.96,329.28,,,,,,,,,,,,
37694,10.02166537v2,10,,2,1,,7/10/2023 14:32,,,,84,,,,,1000,1.79,1825.8,,,,,,,,,,,,
37695,10.02171102v1,10,,2,1,,7/11/2023 22:21,,,,13,,,,,152,1.96,329.28,,,,,,,,,,,,
37696,10.02101041v1,10,,2,1,,7/10/2023 12:12,,,,10,,,,,120,2.23,294.36,,,,,,,,,,,,
37697,10.02174470v1,10,,2,3,,7/10/2023 15:13,,,,3,,,,,30,3.18,152.64,,,,,,,,,,,,
37698,10.02110932v2,10,,2,3,,7/10/2023 14:43,,,,5,,,,,60,2.85,205.2,,,,,,,,,,,,
37698,10.02167921v2,10,,2,3,,7/10/2023 14:43,,,,5,,,,,60,2.85,205.2,,,,,,,,,,,,
37699,55.02173642v1,55,,114,3,,7/11/2023 17:32,,,,10,,,,,120,2.8,369.6,,,,,,,,,,,,
37699,55.02173644v1,55,,114,3,,7/11/2023 17:32,,,,10,,,,,120,2.8,369.6,,,,,,,,,,,,
37700,10.02137980v1,10,,2,1,,7/11/2023 16:29,,,,105,,,,,1250,1.71,2175.12,,,,,,,,,,,,
37703,12.02112586v1,12,,4,1,,7/13/2023 15:31,,,,40,,,,,480,1.63,801.96,,,,,,,,,,,,
37704,12.02173376v1,12,,4,3,,7/10/2023 19:16,,,,21,,,,,250,2.29,604.56,,,,,,,,,,,,
37705,10.02173337v5,10,,2,3,,7/10/2023 18:15,,,,11,,,,,124,2.72,391.68,,,,,,,,,,,,
37706,932174649v1,93,120,120,10,45140,7/10/2023 21:48,Direct,existingbusiness,14046438958,10,1.8,0,237.6,216,,,,,,,,,,,,,,,
37707,10.02174558v2,10,,2,3,,7/10/2023 20:56,,,,168,,,,,2010,2.01,4076.28,,,,,,,,,,,,
37709,10.02174315v2,10,,2,1,,7/26/2023 18:15,,,,7,,,,,80,2.56,245.76,,,,,,,,,,,,
37710,10.02174225v1,10,,2,3,,7/10/2023 21:14,,,,10,,,,,120,2.72,359.04,,,,,,,,,,,,
37711,10.02146797v2,10,,2,4,,7/12/2023 16:27,,,,5,,,,,60,2.83,203.76,,,,,,,,,,,,
37712,10.02111612v6,10,,2,1,,7/12/2023 14:25,,,,42,,,,,500,1.96,1011.36,,,,,,,,,,,,
37713,10.02159314v2,10,,2,4,,7/11/2023 13:58,,,,42,,,,,500,2.54,1310.64,,,,,,,,,,,,
37714,10.02174720v1,10,,2,1,,7/11/2023 17:32,,,,59,,,,,700,1.88,1353.6,,,,,,,,,,,,
37715,10.02174710v1,10,,2,1,,7/11/2023 14:47,,,,5,,,,,60,2.56,184.32,,,,,,,,,,,,
37716,10.0294248v1,10,,2,3,,7/10/2023 23:27,,,,10,,,,,120,2.72,359.04,,,,,,,,,,,,
37717,49.02173151v1,49,,116,1,,7/11/2023 14:52,,,,10,,,,,120,2.23,294.36,,,,,,,,,,,,
37718,10.02171433v1,10,,2,1,,7/11/2023 15:29,,,,10,,,,,120,2.23,294.36,,,,,,,,,,,,
37719,55.02136244v1,55,,114,4,,7/11/2023 15:10,,,,7,,,,,75,3,288,,,,,,,,,,,,
37721,46.02174785v1,46,,113,3,,7/11/2023 18:01,,,,7,,,,,75,2.85,273.6,,,,,,,,,,,,
37721,55.02174547v1,55,,114,3,,7/11/2023 18:01,,,,7,,,,,75,2.93,281.28,,,,,,,,,,,,
37722,10.02172780v1,10,,2,4,,7/11/2023 16:28,,,,10,,,,,120,2.71,357.72,,,,,,,,,,,,
37723,10.02174612v1,10,,2,1,,7/11/2023 16:32,,,,16,,,,,190,1.96,399.84,,,,,,,,,,,,
37724,55.02167975v1,55,,114,4,,7/13/2023 15:22,,,,17,,,,,200,2.7,583.2,,,,,,,,,,,,
37725,10.02174069v2,10,,2,3,,7/11/2023 18:56,,,,100,,,,,1200,2.01,2436.12,,,,,,,,,,,,
37726,10.02173036v1,10,,2,3,,7/11/2023 18:51,,,,10,,,,,120,2.72,359.04,,,,,,,,,,,,
37727,55.02167082v1,55,,114,3,,7/11/2023 19:12,,,,10,,,,,112,2.8,369.6,,,,,,,,,,,,
37729,10.0295383v1,10,,2,4,,7/11/2023 18:35,,,,7,,,,,75,2.83,271.68,,,,,,,,,,,,
37731,21.02167808v1,21,,12,3,,7/12/2023 14:38,,,,59,,,,,700,2.94,2116.8,,,,,,,,,,,,
37733,10.02174813v1,10,,2,3,,7/11/2023 22:11,,,,9,,,,,102,2.85,342,,,,,,,,,,,,
37734,10.02168354v1,10,,2,3,,7/11/2023 20:24,,,,5,,,,,60,2.85,205.2,,,,,,,,,,,,
37735,10.02175107v1,10,,2,4,,7/12/2023 21:48,,,,11,,,,,127,2.71,390.24,,,,,,,,,,,,
37735,10.02175106v1,10,,2,4,,7/12/2023 21:48,,,,11,,,,,127,2.71,390.24,,,,,,,,,,,,
37736,10.02171631v2,10,,2,1,,7/11/2023 21:02,,,,21,,,,,250,1.96,517.44,,,,,,,,,,,,
37737,10.02174749v1,10,,2,3,,7/11/2023 20:20,,,,5,,,,,60,2.85,205.2,,,,,,,,,,,,
37738,10.02174599v1,10,,2,3,,7/11/2023 21:47,,,,3,,,,,30,3.18,152.64,,,,,,,,,,,,
37740,10.02158540v3,10,,2,1,,7/13/2023 23:47,,,,5,,,,,60,2.56,184.32,,,,,,,,,,,,
37741,10.02147769v2,10,,2,1,,7/13/2023 15:34,,,,11,,,,,125,2.23,321.12,,,,,,,,,,,,
37742,10.0291596v1,10,,2,1,,7/12/2023 13:28,,,,34,,,,,400,1.96,823.2,,,,,,,,,,,,
37743,10.02170020v2,10,,2,4,,7/13/2023 15:19,,,,9,,,,,100,2.83,339.6,,,,,,,,,,,,
37744,12.02174913v1,12,,4,3,,7/11/2023 22:40,,,,11,,,,,125,2.47,355.68,,,,,,,,,,,,
37745,10.02146843v4,10,,2,1,,7/12/2023 14:44,,,,5,,,,,60,2.56,184.32,,,,,,,,,,,,
37745,10.02146843v2,10,,2,1,,7/12/2023 14:44,,,,5,,,,,60,2.56,184.32,,,,,,,,,,,,
37745,10.02146843v3,10,,2,1,,7/12/2023 14:44,,,,5,,,,,60,2.56,184.32,,,,,,,,,,,,
37746,10.02174914v1,10,,2,1,,7/12/2023 16:01,,,,10,,,,,120,2.23,294.36,,,,,,,,,,,,
37747,10.02174854v1,10,,2,3,,7/11/2023 22:58,,,,5,,,,,60,2.85,205.2,,,,,,,,,,,,
37747,10.02174853v1,10,,2,3,,7/11/2023 22:58,,,,5,,,,,60,2.85,205.2,,,,,,,,,,,,
37748,10.02165127v1,10,,2,4,,7/12/2023 14:59,,,,42,,,,,500,2.54,1310.64,,,,,,,,,,,,
37749,49.02174890v1,49,,116,3,,7/11/2023 22:53,,,,60,,,,,720,2.01,1471.32,,,,,,,,,,,,
37750,10.02114432v1,10,,2,4,,7/13/2023 21:11,,,,10,,,,,120,2.71,357.72,,,,,,,,,,,,
37751,10.0277055v1,10,,2,3,,7/13/2023 21:28,,,,67,,,,,800,2.01,1640.16,,,,,,,,,,,,
37752,46.02174879v1,46,,113,3,,7/12/2023 13:59,,,,5,,,,,60,2.85,205.2,,,,,,,,,,,,
37752,55.02174694v2,55,,114,3,,7/12/2023 13:59,,,,5,,,,,60,2.93,210.96,,,,,,,,,,,,
37753,10.02174939v1,10,,2,1,,7/12/2023 14:19,,,,3,,,,,34,3.18,152.64,,,,,,,,,,,,
37756,10.02166339v1,10,,2,1,,7/12/2023 18:11,,,,5,,,,,60,2.56,184.32,,,,,,,,,,,,
37758,10.0288654v1,10,,2,4,,7/12/2023 17:50,,,,10,,,,,120,2.71,357.72,,,,,,,,,,,,
37759,55.02162040v1,55,,114,4,,7/12/2023 18:57,,,,3,,,,,30,3,144,,,,,,,,,,,,
37760,10.02162020v1,10,,2,3,,7/17/2023 20:26,,,,5,,,,,60,2.85,205.2,,,,,,,,,,,,
37760,10.02162012v1,10,,2,3,,7/17/2023 20:26,,,,5,,,,,60,2.85,205.2,,,,,,,,,,,,
37760,10.02161701v1,10,,2,3,,7/17/2023 20:26,,,,5,,,,,60,2.85,205.2,,,,,,,,,,,,
37760,10.02161700v1,10,,2,3,,7/17/2023 20:26,,,,5,,,,,60,2.85,205.2,,,,,,,,,,,,
37760,10.02162152v1,10,,2,3,,7/17/2023 20:26,,,,5,,,,,60,2.85,205.2,,,,,,,,,,,,
37760,10.02162151v1,10,,2,3,,7/17/2023 20:26,,,,5,,,,,60,2.85,205.2,,,,,,,,,,,,
37761,49.02171329v3,49,,116,1,,7/12/2023 16:44,,,,42,,,,,500,1.96,1011.36,,,,,,,,,,,,
37762,10.02174938v1,10,,2,1,,7/12/2023 16:58,,,,34,,,,,400,1.96,823.2,,,,,,,,,,,,
37762,10.02174940v1,10,,2,1,,7/12/2023 16:58,,,,34,,,,,400,1.96,823.2,,,,,,,,,,,,
37763,10.0284300v1,10,,2,3,,7/12/2023 18:07,,,,3,,,,,30,3.18,152.64,,,,,,,,,,,,
37764,10.03118722v2,10,,2,1,,7/19/2023 13:05,,,,17,,,,,204,1.96,423.36,,,,,,,,,,,,
37765,10.02153416v1,10,,2,4,,7/12/2023 17:08,,,,10,,,,,120,2.71,357.72,,,,,,,,,,,,
37766,932175060v1,93,120,120,10,45142,7/12/2023 18:59,Direct,newbusiness,14041967917,10,1.8,0,237.6,216,,,,,,,,,,,,,,,
37768,10.04175001v1,10,,2,4,,7/12/2023 17:30,,,,5,,,,,60,2.83,203.76,,,,,,,,,,,,
37769,55.02174999v1,55,,114,4,,7/14/2023 18:07,,,,3,,,,,30,3,144,,,,,,,,,,,,
37770,10.02175004v1,10,,2,4,,7/12/2023 17:28,,,,5,,,,,60,2.83,203.76,,,,,,,,,,,,
37771,10.0227001v3,10,,2,4,,7/12/2023 18:06,,,,9,,,,,100,2.83,339.6,,,,,,,,,,,,
37772,49.02175002v1,49,,116,1,,7/12/2023 21:05,,,,3,,,,,30,3.18,152.64,,,,,,,,,,,,
37774,10.02154719v1,10,,2,3,,7/12/2023 20:05,,,,21,,,,,250,2.54,670.56,,,,,,,,,,,,
37775,10.02122689v2,10,,2,4,,7/12/2023 21:04,,,,5,,,,,60,2.83,203.76,,,,,,,,,,,,
37775,10.02175084v2,10,,2,4,,7/12/2023 21:04,,,,5,,,,,60,2.83,203.76,,,,,,,,,,,,
37777,10.02155334v1,10,,2,1,,7/12/2023 21:10,,,,10,,,,,120,2.23,294.36,,,,,,,,,,,,
37778,55.02172269v1,55,,114,4,,7/12/2023 21:56,,,,14,,,,,160,2.7,486,,,,,,,,,,,,
37779,15.02173717v3,15,,7,3,,7/12/2023 21:46,,,,10,,,,,120,3.84,506.88,,,,,,,,,,,,
37780,10.0219046v2,10,,2,3,,7/12/2023 21:42,,,,10,,,,,120,2.72,359.04,,,,,,,,,,,,
37781,10.02140675v1,10,,2,4,,7/13/2023 13:21,,,,5,,,,,60,2.83,203.76,,,,,,,,,,,,
37782,10.02123149v1,10,,2,4,,7/13/2023 12:45,,,,10,,,,,120,2.71,357.72,,,,,,,,,,,,
37783,55.02175103v1,55,,114,1,,8/15/2023 17:01,,,,10,,,,,120,2.23,294.36,,,,,,,,,,,,
37784,55.02175083v1,55,,114,4,,8/15/2023 20:35,,,,5,,,,,60,3,216,,,,,,,,,,,,
37784,55.02175082v1,55,,114,4,,8/15/2023 20:35,,,,5,,,,,60,3,216,,,,,,,,,,,,
37785,10.02173549v2,10,,2,1,,7/18/2023 21:24,,,,44,,,,,525,1.96,1058.4,,,,,,,,,,,,
37785,10.02173547v1,10,,2,1,,7/18/2023 21:24,,,,44,,,,,525,1.96,1058.4,,,,,,,,,,,,
37785,10.02173548v2,10,,2,1,,7/18/2023 21:24,,,,36,,,,,425,1.96,870.24,,,,,,,,,,,,
37786,46.02108763v1,46,,113,1,,7/13/2023 11:29,,,,13,,,,,150,1.96,329.28,,,,,,,,,,,,
37787,10.02144471v2,10,,2,4,,7/13/2023 15:34,,,,4,,,,,41,2.83,169.8,,,,,,,,,,,,
37787,10.02146843v1,10,,2,4,,7/13/2023 15:34,,,,4,,,,,41,2.83,169.8,,,,,,,,,,,,
37788,10.02173885v2,10,,2,4,,7/13/2023 17:46,,,,10,,,,,120,2.71,357.72,,,,,,,,,,,,
37789,10.02175147v1,10,,2,4,,7/13/2023 13:51,,,,10,,,,,120,2.71,357.72,,,,,,,,,,,,
37790,55.02112174v4,55,,114,1,,7/13/2023 15:52,,,,40,,,,,480,1.96,964.32,,,,,,,,,,,,
37791,10.02175056v1,10,,2,3,,7/14/2023 15:06,,,,9,,,,,100,2.85,342,,,,,,,,,,,,
37792,10.02162933v2,10,,2,1,,7/13/2023 15:56,,,,9,,,,,100,2.56,307.2,,,,,,,,,,,,
37793,55.02175151v1,55,,114,4,,7/13/2023 16:01,,,,5,,,,,60,3,216,,,,,,,,,,,,
37794,10.02153658v1,10,,2,3,,7/13/2023 17:35,,,,42,,,,,500,2.54,1310.64,,,,,,,,,,,,
37795,46.02169826v1,46,,113,3,,7/13/2023 16:55,,,,10,,,,,120,2.72,359.04,,,,,,,,,,,,
37796,46.02172594v1,46,,113,1,,7/14/2023 15:06,,,,10,,,,,120,2.23,294.36,,,,,,,,,,,,
37797,10.0241791v1,10,,2,3,,7/13/2023 16:59,,,,20,,,,,240,2.54,640.08,,,,,,,,,,,,
37798,10.02174796v2,10,,2,1,,7/17/2023 16:42,,,,17,,,,,200,1.96,423.36,,,,,,,,,,,,
37798,10.02174789v2,10,,2,1,,7/17/2023 16:42,,,,17,,,,,200,1.96,423.36,,,,,,,,,,,,
37799,55.02174160v1,55,,114,4,,7/13/2023 20:50,,,,11,,,,,121,2.88,414.72,,,,,,,,,,,,
37799,55.02174159v1,55,,114,4,,7/13/2023 20:50,,,,11,,,,,121,2.88,414.72,,,,,,,,,,,,
37801,933174607v2,93,600,120,10,45154,7/14/2023 15:08,Direct,existingbusiness,13783814536,50,1.31,0,801.72,786,,,,,,,,,,,,,,,
37802,10.02174873v3,10,,2,4,,7/13/2023 18:20,,,,21,,,,,250,2.54,670.56,,,,,,,,,,,,
37803,55.02167280v2,55,,114,1,,7/14/2023 15:52,,,,17,,,,,200,1.96,423.36,,,,,,,,,,,,
37803,55.02167278v2,55,,114,1,,7/14/2023 15:52,,,,17,,,,,200,1.96,423.36,,,,,,,,,,,,
37804,10.02172543v1,10,,2,4,,7/13/2023 19:16,,,,10,,,,,120,2.71,357.72,,,,,,,,,,,,
37804,10.02172556v1,10,,2,4,,7/13/2023 19:16,,,,10,,,,,120,2.71,357.72,,,,,,,,,,,,
37805,10.02107862v4,10,,2,1,,7/14/2023 22:50,,,,10,,,,,120,2.23,294.36,,,,,,,,,,,,
37806,10.02175206v1,10,,2,4,,7/13/2023 20:12,,,,31,,,,,371,2.54,975.36,,,,,,,,,,,,
37807,10.02172687v2,10,,2,4,,7/13/2023 23:04,,,,20,,,,,240,2.54,640.08,,,,,,,,,,,,
37808,12.02174559v1,12,,4,1,,7/21/2023 21:28,,,,30,,,,,350,1.63,606.36,,,,,,,,,,,,
37810,10.02155718v4,10,,2,3,,7/14/2023 16:51,,,,542,,,,,6500,1.72,11207.52,,,,,,,,,,,,
37811,10.02173592v1,10,,2,4,,7/14/2023 15:00,,,,60,,,,,720,2.01,1471.32,,,,,,,,,,,,
37812,10.02174624v2,10,,2,1,,7/14/2023 1:15,,,,21,,,,,250,1.96,517.44,,,,,,,,,,,,
37813,10.02102566v1,10,,2,3,,7/14/2023 16:27,,,,10,,,,,120,2.72,359.04,,,,,,,,,,,,
37814,10.02171059v5,10,,2,3,,7/14/2023 15:00,,,,10,,,,,120,2.72,359.04,,,,,,,,,,,,
37814,10.02103039v1,10,,2,3,,7/14/2023 15:00,,,,10,,,,,120,2.72,359.04,,,,,,,,,,,,
37815,10.02169803v1,10,,2,4,,7/14/2023 17:03,,,,13,,,,,150,2.54,426.72,,,,,,,,,,,,
37816,55.02173305v3,55,,114,3,,7/14/2023 22:35,,,,5,,,,,50,2.93,210.96,,,,,,,,,,,,
37817,10.02175222v1,10,,2,4,,7/14/2023 15:05,,,,5,,,,,60,2.83,203.76,,,,,,,,,,,,
37817,10.02175221v1,10,,2,4,,7/14/2023 15:05,,,,5,,,,,60,2.83,203.76,,,,,,,,,,,,
37818,10.02155246v1,10,,2,1,,7/17/2023 14:33,,,,10,,,,,120,2.23,294.36,,,,,,,,,,,,
37819,10.02137910v1,10,,2,1,,7/14/2023 13:45,,,,10,,,,,120,2.23,294.36,,,,,,,,,,,,
37820,17.02173710v2,17,,9,1,,7/14/2023 20:57,,,,31,,,,,363,1.96,752.64,,,,,,,,,,,,
37820,17.02175220v1,17,,9,1,,7/14/2023 20:57,,,,31,,,,,363,1.96,752.64,,,,,,,,,,,,
37821,10.02174941v3,10,,2,1,,7/14/2023 20:06,,,,40,,,,,480,1.96,964.32,,,,,,,,,,,,
37822,10.02167206v1,10,,2,1,,7/17/2023 16:45,,,,10,,,,,120,2.23,294.36,,,,,,,,,,,,
37823,10.02172661v1,10,,2,1,,7/15/2023 17:17,,,,48,,,,,576,1.88,1105.44,,,,,,,,,,,,
37824,10.02172882v1,10,,2,4,,7/14/2023 15:16,,,,6,,,,,63,2.83,237.72,,,,,,,,,,,,
37825,10.0240030v3,10,,2,4,,7/14/2023 18:06,,,,100,,,,,1200,2.01,2436.12,,,,,,,,,,,,
37826,10.02175246v1,10,,2,3,,7/14/2023 16:33,,,,5,,,,,60,2.85,205.2,,,,,,,,,,,,
37827,10.02175030v1,10,,2,1,,7/14/2023 16:33,,,,36,,,,,425,1.96,870.24,,,,,,,,,,,,
37828,10.02166155v1,10,,2,3,,7/17/2023 22:17,,,,17,,,,,200,2.54,548.64,,,,,,,,,,,,
37828,10.02166157v1,10,,2,3,,7/17/2023 22:17,,,,17,,,,,200,2.54,548.64,,,,,,,,,,,,
37829,55.02174463v1,55,,114,3,,7/14/2023 22:33,,,,3,,,,,32,2.93,140.64,,,,,,,,,,,,
37830,10.02174907v3,10,,2,3,,7/17/2023 17:44,,,,3,,,,,30,3.18,152.64,,,,,,,,,,,,
37831,10.02153195v2,10,,2,4,,7/14/2023 18:01,,,,42,,,,,500,2.54,1310.64,,,,,,,,,,,,
37832,10.02103152v1,10,,2,4,,7/17/2023 19:01,,,,25,,,,,300,2.54,792.48,,,,,,,,,,,,
37833,10.02117793v1,10,,2,4,,7/14/2023 18:37,,,,10,,,,,120,2.71,357.72,,,,,,,,,,,,
37834,10.02113594v7,10,,2,1,,7/14/2023 19:32,,,,17,,,,,200,1.96,423.36,,,,,,,,,,,,
37835,10.02172342v2,10,,2,3,,7/14/2023 18:42,,,,5,,,,,60,2.85,205.2,,,,,,,,,,,,
37836,10.02110379v1,10,,2,3,,7/14/2023 20:09,,,,25,,,,,300,2.54,792.48,,,,,,,,,,,,
37836,10.02110591v1,10,,2,3,,7/14/2023 20:09,,,,25,,,,,300,2.54,792.48,,,,,,,,,,,,
37837,11.02172453v2,11,,3,4,,7/14/2023 19:04,,,,5,,,,,60,2.83,203.76,,,,,,,,,,,,
37838,10.0289951v1,10,,2,1,,7/14/2023 19:07,,,,13,,,,,150,1.96,329.28,,,,,,,,,,,,
37839,10.02142029v1,10,,2,1,,7/14/2023 22:34,,,,85,,,,,1020,1.79,1847.28,,,,,,,,,,,,
37840,55.02162403v1,55,,114,3,,7/14/2023 19:55,,,,5,,,,,60,2.93,210.96,,,,,,,,,,,,
37840,55.02162404v1,55,,114,3,,7/14/2023 19:55,,,,5,,,,,60,2.93,210.96,,,,,,,,,,,,
37841,10.02168238v6,10,,2,1,,7/18/2023 16:05,,,,50,,,,,600,1.88,1150.56,,,,,,,,,,,,
37842,10.02147429v1,10,,2,3,,7/14/2023 20:05,,,,30,,,,,360,2.54,944.88,,,,,,,,,,,,
37844,10.02171820v2,10,,2,1,,7/17/2023 19:22,,,,13,,,,,150,1.96,329.28,,,,,,,,,,,,
37845,10.02171819v2,10,,2,1,,7/17/2023 19:20,,,,13,,,,,150,1.96,329.28,,,,,,,,,,,,
37846,55.02174440v2,55,,114,4,,7/17/2023 14:37,,,,5,,,,,50,3,216,,,,,,,,,,,,
37846,55.02174440v1,55,,114,4,,7/17/2023 14:37,,,,5,,,,,50,3,216,,,,,,,,,,,,
37847,10.02113289v2,10,,2,4,,7/18/2023 20:50,,,,4,,,,,40,2.83,169.8,,,,,,,,,,,,
37847,10.02113293v2,10,,2,4,,7/18/2023 20:50,,,,4,,,,,40,2.83,169.8,,,,,,,,,,,,
37848,920232657v3,920,500,26,5,45160,7/28/2023 21:51,Distributor,existingbusiness,14107993472,42,1.04,90,626.64,610,,,,,,,,,,,,,,,
37850,10.02175486v1,10,,2,1,,7/14/2023 22:33,,,,3,,,,,30,3.18,152.64,,,,,,,,,,,,
37851,932175468v1,93,250,120,10,45145,7/14/2023 22:43,Distributor,existingbusiness,13910064657,21,1.42,0,374.88,355,,,,,,,,,,,,,,,
37851,932175468v1,93,250,120,10,45146,7/14/2023 22:43,Distributor,existingbusiness,13910064657,21,1.42,0,374.88,355,,,,,,,,,,,,,,,
37852,17.0277330v1,17,,9,4,,7/17/2023 23:11,,,,5,,,,,60,2.83,203.76,,,,,,,,,,,,
37854,10.0231641v1,10,,2,1,,7/17/2023 14:31,,,,5,,,,,60,2.56,184.32,,,,,,,,,,,,
37855,17.02166538v3,17,,9,3,,7/17/2023 17:04,,,,20,,,,,232,2.54,640.08,,,,,,,,,,,,
37856,10.02172623v3,10,,2,1,,7/15/2023 0:34,,,,42,,,,,500,1.96,1011.36,,,,,,,,,,,,
37857,10.02175476v1,10,,2,4,,7/14/2023 22:47,,,,9,,,,,100,2.83,339.6,,,,,,,,,,,,
37857,10.02175482v1,10,,2,4,,7/14/2023 22:47,,,,9,,,,,100,2.83,339.6,,,,,,,,,,,,
37858,10.0290289v1,10,,2,3,,7/14/2023 22:49,,,,5,,,,,60,2.85,205.2,,,,,,,,,,,,
37858,10.0290277v1,10,,2,3,,7/14/2023 22:49,,,,5,,,,,60,2.85,205.2,,,,,,,,,,,,
37858,10.0290291v1,10,,2,3,,7/14/2023 22:49,,,,5,,,,,60,2.85,205.2,,,,,,,,,,,,
37859,9202175923v3,920,2,26,5,45149,7/31/2023 19:43,Distributor,existingbusiness,14126279293,1,1.04,90,114.96,92.08,,,,,,,,,,,,,,,
37860,10.02178702v1,10,,2,4,,8/4/2023 20:42,,,,10,,,,,120,2.71,357.72,,,,,,,,,,,,
37861,10.0220834v6,10,,2,1,,7/15/2023 0:39,,,,10,,,,,120,2.23,294.36,,,,,,,,,,,,
37861,10.0221666v8,10,,2,1,,7/15/2023 0:39,,,,20,,,,,240,1.96,493.92,,,,,,,,,,,,
37861,10.02115368v4,10,,2,1,,7/15/2023 0:39,,,,10,,,,,120,2.23,294.36,,,,,,,,,,,,
37861,10.02116162v1,10,,2,1,,7/15/2023 0:39,,,,20,,,,,240,1.96,493.92,,,,,,,,,,,,
37863,10.02175212v2,10,,2,4,,7/26/2023 14:32,,,,5,,,,,60,2.83,203.76,,,,,,,,,,,,
37864,932175598v1,93,120,120,10,45148,7/17/2023 14:45,Direct,existingbusiness,14150502477,10,1.8,0,237.6,216,,,,,,,,,,,,,,,
37865,11.02169618v1,11,,3,3,,7/17/2023 15:08,,,,10,,,,,120,2.88,380.16,,,,,,,,,,,,
37866,55.02175427v1,55,,114,1,,7/17/2023 15:20,,,,9,,,,,100,2.56,307.2,,,,,,,,,,,,
37867,49.02175063v1,49,,116,1,,7/17/2023 17:59,,,,26,,,,,305,1.96,635.04,,,,,,,,,,,,
37868,10.02175389v2,10,,2,1,,7/17/2023 19:01,,,,10,,,,,120,2.23,294.36,,,,,,,,,,,,
37869,55.02105547v3,55,,114,1,,7/18/2023 18:48,,,,31,,,,,365,1.96,752.64,,,,,,,,,,,,
37870,10.0222373v2,10,,2,4,,7/17/2023 20:46,,,,5,,,,,60,2.83,203.76,,,,,,,,,,,,
37871,10.02174735v1,10,,2,1,,7/17/2023 17:10,,,,5,,,,,60,2.56,184.32,,,,,,,,,,,,
37872,55.02175664v1,55,,114,1,,7/17/2023 17:42,,,,7,,,,,75,2.56,245.76,,,,,,,,,,,,
37873,10.02140183v1,10,,2,3,,7/17/2023 21:59,,,,85,,,,,1020,2.01,2074.32,,,,,,,,,,,,
37874,10.02177332v1,10,,2,4,,7/26/2023 20:10,,,,3,,,,,30,2.83,135.84,,,,,,,,,,,,
37875,10.0211110v2,10,,2,1,,7/17/2023 20:07,,,,42,,,,,500,1.96,1011.36,,,,,,,,,,,,
37876,10.02174951v1,10,,2,1,,7/17/2023 18:29,,,,12,,,,,135,1.96,305.76,,,,,,,,,,,,
37876,10.02174954v1,10,,2,1,,7/17/2023 18:29,,,,12,,,,,135,1.96,305.76,,,,,,,,,,,,
37876,10.02174953v1,10,,2,1,,7/17/2023 18:29,,,,12,,,,,135,1.96,305.76,,,,,,,,,,,,
37877,10.02175195v1,10,,2,1,,7/17/2023 19:03,,,,10,,,,,120,2.23,294.36,,,,,,,,,,,,
37878,46.0286062v2,46,,113,3,,7/17/2023 19:22,,,,5,,,,,60,2.85,205.2,,,,,,,,,,,,
37878,46.0286062v3,46,,113,3,,7/17/2023 19:22,,,,5,,,,,60,2.85,205.2,,,,,,,,,,,,
37879,10.0296489v1,10,,2,3,,7/17/2023 19:42,,,,5,,,,,60,2.85,205.2,,,,,,,,,,,,
37880,10.02156603v3,10,,2,1,,7/17/2023 19:53,,,,10,,,,,120,2.23,294.36,,,,,,,,,,,,
37881,55.02175403v1,55,,114,1,,7/17/2023 20:20,,,,30,,,,,360,1.96,729.12,,,,,,,,,,,,
37882,10.02138686v1,10,,2,4,,7/17/2023 20:35,,,,21,,,,,250,2.54,670.56,,,,,,,,,,,,
37882,10.02138685v3,10,,2,4,,7/17/2023 20:35,,,,21,,,,,250,2.54,670.56,,,,,,,,,,,,
37883,55.02175683v1,55,,114,1,,7/17/2023 20:23,,,,20,,,,,240,1.96,493.92,,,,,,,,,,,,
37884,55.02152750v1,55,,114,3,,7/17/2023 21:57,,,,100,,,,,1200,2.1,2545.2,,,,,,,,,,,,
37885,10.02110513v2,10,,2,4,,7/18/2023 18:31,,,,40,,,,,480,2.54,1249.68,,,,,,,,,,,,
37886,10.02171857v1,10,,2,1,,7/17/2023 20:36,,,,10,,,,,120,2.23,294.36,,,,,,,,,,,,
37887,10.02171859v1,10,,2,1,,7/17/2023 20:39,,,,10,,,,,120,2.23,294.36,,,,,,,,,,,,
37888,10.02175473v1,10,,2,1,,7/17/2023 22:56,,,,10,,,,,120,2.23,294.36,,,,,,,,,,,,
37889,10.02174844v1,10,,2,1,,7/18/2023 17:25,,,,10,,,,,120,2.23,294.36,,,,,,,,,,,,
37891,17.02175731v1,17,,9,1,,7/17/2023 21:51,,,,10,,,,,120,2.23,294.36,,,,,,,,,,,,
37892,10.0216674v2,10,,2,3,,7/19/2023 20:29,,,,25,,,,,300,2.54,792.48,,,,,,,,,,,,
37892,10.0216674v1,10,,2,3,,7/19/2023 20:29,,,,25,,,,,300,2.54,792.48,,,,,,,,,,,,
37893,10.02145777v2,10,,2,3,,7/18/2023 18:39,,,,9,,,,,100,2.85,342,,,,,,,,,,,,
37893,10.02163076v2,10,,2,3,,7/18/2023 18:39,,,,5,,,,,60,2.85,205.2,,,,,,,,,,,,
37894,10.02175171v1,10,,2,1,,7/31/2023 17:24,,,,23,,,,,275,1.96,564.48,,,,,,,,,,,,
37895,10.02174211v5,10,,2,4,,7/18/2023 3:36,,,,5,,,,,60,2.83,203.76,,,,,,,,,,,,
37897,10.02145758v1,10,,2,1,,7/18/2023 13:02,,,,10,,,,,120,2.23,294.36,,,,,,,,,,,,
37898,12.02175866v1,12,,4,1,,7/18/2023 13:45,,,,10,,,,,120,1.9,250.8,,,,,,,,,,,,
37899,55.02157116v1,55,,114,1,,7/18/2023 14:26,,,,25,,,,,300,1.96,611.52,,,,,,,,,,,,
37900,10.02175947v1,10,,2,1,,7/18/2023 20:25,,,,21,,,,,250,1.96,517.44,,,,,,,,,,,,
37901,12.02175475v1,12,,4,1,,7/18/2023 15:11,,,,10,,,,,120,1.9,250.8,,,,,,,,,,,,
37902,55.02140002v2,55,,114,1,,7/18/2023 14:42,,,,10,,,,,120,2.23,294.36,,,,,,,,,,,,
37903,12.02175727v1,12,,4,1,,7/18/2023 15:02,,,,5,,,,,60,2.23,160.56,,,,,,,,,,,,
37904,10.02164560v1,10,,2,4,,7/18/2023 16:38,,,,10,,,,,120,2.71,357.72,,,,,,,,,,,,
37905,10.02175426v1,10,,2,1,,7/18/2023 17:23,,,,25,,,,,300,1.96,611.52,,,,,,,,,,,,
37906,10.02161725v3,10,,2,3,,7/19/2023 14:08,,,,60,,,,,720,2.01,1471.32,,,,,,,,,,,,
37907,10.02175181v2,10,,2,4,,7/20/2023 13:31,,,,13,,,,,150,2.54,426.72,,,,,,,,,,,,
37909,10.0252078v2,10,,2,3,,7/18/2023 16:50,,,,63,,,,,750,2.01,1543.68,,,,,,,,,,,,
37911,10.02175888v1,10,,2,4,,7/18/2023 17:35,,,,10,,,,,120,2.71,357.72,,,,,,,,,,,,
37912,10.0286672v3,10,,2,1,,7/18/2023 17:16,,,,5,,,,,60,2.56,184.32,,,,,,,,,,,,
37913,10.02174885v1,10,,2,3,,7/19/2023 19:32,,,,3,,,,,36,3.18,152.64,,,,,,,,,,,,
37914,10.02175832v1,10,,2,4,,7/18/2023 19:23,,,,10,,,,,120,2.71,357.72,,,,,,,,,,,,
37915,10.0253818v1,10,,2,4,,7/18/2023 17:57,,,,42,,,,,500,2.54,1310.64,,,,,,,,,,,,
37916,10.02166826v4,10,,2,1,,7/18/2023 20:19,,,,38,,,,,450,1.96,917.28,,,,,,,,,,,,
37917,55.02172997v2,55,,114,1,,7/18/2023 20:45,,,,10,,,,,120,2.23,294.36,,,,,,,,,,,,
37918,10.0232530v1,10,,2,1,,7/18/2023 19:24,,,,20,,,,,240,1.96,493.92,,,,,,,,,,,,
37919,10.0268765v2,10,,2,4,,7/18/2023 19:11,,,,10,,,,,120,2.71,357.72,,,,,,,,,,,,
37919,10.0268766v2,10,,2,4,,7/18/2023 19:11,,,,10,,,,,120,2.71,357.72,,,,,,,,,,,,
37920,10.02132507v1,10,,2,3,,7/24/2023 18:30,,,,21,,,,,250,2.54,670.56,,,,,,,,,,,,
37921,55.02176092v1,55,,114,1,,7/18/2023 22:38,,,,34,,,,,400,1.96,823.2,,,,,,,,,,,,
37922,10.02175464v1,10,,2,1,,7/19/2023 15:53,,,,6,,,,,61,2.56,215.04,,,,,,,,,,,,
37923,10.02175869v2,10,,2,4,,7/19/2023 22:08,,,,25,,,,,300,2.54,792.48,,,,,,,,,,,,
37924,49.02175876v1,49,,116,3,,7/18/2023 21:29,,,,7,,,,,80,2.85,273.6,,,,,,,,,,,,
37925,55.02163532v3,55,,114,1,,7/20/2023 14:29,,,,13,,,,,150,1.96,329.28,,,,,,,,,,,,
37926,10.02130828v2,10,,2,3,,7/19/2023 19:37,,,,5,,,,,60,2.85,205.2,,,,,,,,,,,,
37927,10.02109752v4,10,,2,1,,7/20/2023 22:36,,,,25,,,,,300,1.96,611.52,,,,,,,,,,,,
37928,10.02166152v1,10,,2,3,,7/19/2023 17:47,,,,25,,,,,300,2.54,792.48,,,,,,,,,,,,
37928,10.02166154v1,10,,2,3,,7/19/2023 17:47,,,,25,,,,,300,2.54,792.48,,,,,,,,,,,,
37929,10.0277736v2,10,,2,3,,7/18/2023 22:38,,,,3,,,,,30,3.18,152.64,,,,,,,,,,,,
37930,10.02176048v1,10,,2,1,,7/26/2023 18:53,,,,10,,,,,120,2.23,294.36,,,,,,,,,,,,
37931,10.02172885v2,10,,2,3,,7/18/2023 22:40,,,,9,,,,,100,2.85,342,,,,,,,,,,,,
37932,10.02168364v2,10,,2,1,,7/19/2023 13:14,,,,11,,,,,125,2.23,321.12,,,,,,,,,,,,
37932,10.02168363v4,10,,2,1,,7/19/2023 13:14,,,,11,,,,,125,2.23,321.12,,,,,,,,,,,,
37932,10.02168362v4,10,,2,1,,7/19/2023 13:14,,,,11,,,,,125,2.23,321.12,,,,,,,,,,,,
37932,10.02168365v2,10,,2,1,,7/19/2023 13:14,,,,11,,,,,125,2.23,321.12,,,,,,,,,,,,
37933,10.02155238v1,10,,2,3,,7/19/2023 13:07,,,,13,,,,,153,2.54,426.72,,,,,,,,,,,,
37934,55.02169605v5,55,,114,3,,7/19/2023 13:47,,,,21,,,,,252,2.62,691.68,,,,,,,,,,,,
37935,10.02133157v7,10,,2,1,,7/19/2023 15:54,,,,250,,,,,3000,1.6,4819.2,,,,,,,,,,,,
37935,12.02133816v3,12,,4,1,,7/19/2023 15:54,,,,42,,,,,500,1.63,841.08,,,,,,,,,,,,
37936,10.0243578v1,10,,2,1,,7/20/2023 21:17,,,,9,,,,,100,2.56,307.2,,,,,,,,,,,,
37937,10.02175545v2,10,,2,1,,7/19/2023 15:28,,,,10,,,,,120,2.23,294.36,,,,,,,,,,,,
37938,46.02175169v1,46,,113,3,,7/19/2023 16:54,,,,5,,,,,60,2.85,205.2,,,,,,,,,,,,
37938,46.02175170v1,46,,113,3,,7/19/2023 16:54,,,,5,,,,,60,2.85,205.2,,,,,,,,,,,,
37939,10.0272978v1,10,,2,1,,7/19/2023 19:32,,,,9,,,,,100,2.56,307.2,,,,,,,,,,,,
37940,10.02175786v1,10,,2,1,,7/19/2023 19:04,,,,38,,,,,450,1.96,917.28,,,,,,,,,,,,
37940,10.02175785v1,10,,2,1,,7/19/2023 19:04,,,,38,,,,,450,1.96,917.28,,,,,,,,,,,,
37941,10.0270659v4,10,,2,3,,7/19/2023 19:05,,,,10,,,,,120,2.72,359.04,,,,,,,,,,,,
37942,10.02175999v1,10,,2,4,,7/19/2023 20:54,,,,10,,,,,120,2.71,357.72,,,,,,,,,,,,
37942,10.02175810v2,10,,2,4,,7/19/2023 20:54,,,,10,,,,,120,2.71,357.72,,,,,,,,,,,,
37943,10.02103527v1,10,,2,3,,7/19/2023 19:32,,,,3,,,,,30,3.18,152.64,,,,,,,,,,,,
37943,10.02103526v1,10,,2,3,,7/19/2023 19:32,,,,3,,,,,30,3.18,152.64,,,,,,,,,,,,
37944,10.02175867v1,10,,2,4,,7/19/2023 22:07,,,,15,,,,,175,2.54,487.68,,,,,,,,,,,,
37945,46.0292083v1,46,,113,1,,7/25/2023 18:15,,,,159,,,,,1900,1.71,3283.2,,,,,,,,,,,,
37946,55.02175818v1,55,,114,4,,7/20/2023 14:35,,,,3,,,,,30,3,144,,,,,,,,,,,,
37947,9102176163v2,910,2,25,5,45140,7/19/2023 22:20,Distributor,newbusiness,14229933099,1,0.76,90,108.24,91.52,,,,,,,,,,,,,,,
37948,55.02132805v1,55,,114,4,,7/20/2023 19:21,,,,9,,,,,101,3,360,,,,,,,,,,,,
37949,10.02138784v1,10,,2,1,,7/20/2023 13:31,,,,150,,,,,1800,1.71,3098.52,,,,,,,,,,,,
37950,10.02176052v1,10,,2,1,,7/20/2023 14:25,,,,11,,,,,125,2.23,321.12,,,,,,,,,,,,
37952,10.02157384v1,10,,2,4,,7/25/2023 19:36,,,,25,,,,,300,2.54,792.48,,,,,,,,,,,,
37952,10.02157386v1,10,,2,4,,7/25/2023 19:36,,,,25,,,,,300,2.54,792.48,,,,,,,,,,,,
37953,17.02176116v2,17,,9,3,,7/20/2023 13:26,,,,63,,,,,750,2.01,1543.68,,,,,,,,,,,,
37954,10.02176101v1,10,,2,3,,7/20/2023 14:54,,,,5,,,,,50,3.18,228.96,,,,,,,,,,,,
37955,10.02172487v1,10,,2,4,,7/20/2023 19:26,,,,5,,,,,60,2.83,203.76,,,,,,,,,,,,
37956,10.02175218v1,10,,2,3,,7/21/2023 14:36,,,,5,,,,,50,3.18,228.96,,,,,,,,,,,,
37956,10.02175380v1,10,,2,3,,7/21/2023 14:36,,,,5,,,,,50,3.18,228.96,,,,,,,,,,,,
37957,10.0320523v2,10,,2,4,,7/20/2023 15:43,,,,10,,,,,120,2.71,357.72,,,,,,,,,,,,
37959,17.02172106v1,17,,9,4,,7/20/2023 15:58,,,,5,,,,,60,2.83,203.76,,,,,,,,,,,,
37960,17.02176258v1,17,,9,4,,7/20/2023 16:07,,,,5,,,,,60,2.83,203.76,,,,,,,,,,,,
37961,55.02175549v4,55,,114,4,,7/20/2023 16:35,,,,10,,,,,120,2.88,380.16,,,,,,,,,,,,
37962,10.02121806v1,10,,2,3,,7/20/2023 16:57,,,,13,,,,,150,2.54,426.72,,,,,,,,,,,,
37963,10.02176813v1,10,,2,4,,7/26/2023 14:07,,,,10,,,,,120,2.71,357.72,,,,,,,,,,,,
37964,55.02176376v1,55,,114,3,,7/20/2023 21:01,,,,3,,,,,30,2.93,140.64,,,,,,,,,,,,
37964,55.03176228v1,55,,114,3,,7/20/2023 21:01,,,,3,,,,,30,2.93,140.64,,,,,,,,,,,,
37964,55.02176377v1,55,,114,3,,7/20/2023 21:01,,,,3,,,,,30,2.93,140.64,,,,,,,,,,,,
37964,55.02176375v1,55,,114,3,,7/20/2023 21:01,,,,3,,,,,30,2.93,140.64,,,,,,,,,,,,
37965,46.02175500v2,46,,113,1,,7/20/2023 21:36,,,,56,,,,,667,1.88,1285.92,,,,,,,,,,,,
37966,10.02170991v1,10,,2,4,,7/20/2023 18:09,,,,10,,,,,120,2.71,357.72,,,,,,,,,,,,
37967,44.02176365v1,44,,21,4,,7/20/2023 18:47,,,,3,,,,,30,3,144,,,,,,,,,,,,
37968,10.02124016v1,10,,2,1,,7/21/2023 12:36,,,,10,,,,,120,2.23,294.36,,,,,,,,,,,,
37969,10.0236023v1,10,,2,4,,7/20/2023 21:00,,,,10,,,,,120,2.71,357.72,,,,,,,,,,,,
37970,10.02171153v2,10,,2,4,,7/20/2023 20:38,,,,10,,,,,120,2.71,357.72,,,,,,,,,,,,
37971,10.02128438v3,10,,2,3,,7/20/2023 20:40,,,,10,,,,,120,2.72,359.04,,,,,,,,,,,,
37971,10.02128441v1,10,,2,3,,7/20/2023 20:40,,,,10,,,,,120,2.72,359.04,,,,,,,,,,,,
37972,10.02176358v1,10,,2,3,,7/20/2023 21:16,,,,3,,,,,30,3.18,152.64,,,,,,,,,,,,
37972,10.03176359v1,10,,2,3,,7/20/2023 21:16,,,,3,,,,,30,3.18,152.64,,,,,,,,,,,,
37973,12.02176360v1,12,,4,4,,7/20/2023 21:17,,,,5,,,,,60,2.83,203.76,,,,,,,,,,,,
37973,12.03176363v1,12,,4,4,,7/20/2023 21:17,,,,5,,,,,60,2.83,203.76,,,,,,,,,,,,
37974,10.02129799v2,10,,2,1,,7/20/2023 19:59,,,,9,,,,,100,2.56,307.2,,,,,,,,,,,,
37976,10.02107138v1,10,,2,4,,7/24/2023 21:52,,,,9,,,,,100,2.83,339.6,,,,,,,,,,,,
37977,55.02157116v1,55,,114,4,,7/20/2023 20:38,,,,38,,,,,450,2.7,1263.6,,,,,,,,,,,,
37978,10.03176427v1,10,,2,3,,7/20/2023 20:40,,,,3,,,,,30,3.18,152.64,,,,,,,,,,,,
37979,12.02173299v1,12,,4,3,,7/20/2023 22:51,,,,9,,,,,100,2.6,312,,,,,,,,,,,,
37980,10.02102434v1,10,,2,1,,7/25/2023 16:14,,,,12,,,,,143,1.96,305.76,,,,,,,,,,,,
37981,55.02112334v2,55,,114,3,,7/20/2023 21:33,,,,5,,,,,60,2.93,210.96,,,,,,,,,,,,
37982,55.02175801v3,55,,114,1,,7/20/2023 21:29,,,,16,,,,,181,1.96,399.84,,,,,,,,,,,,
37983,55.02111735v2,55,,114,4,,7/20/2023 21:58,,,,215,,,,,2570,1.88,4872.96,,,,,,,,,,,,
37984,10.03176494v1,10,,2,3,,7/24/2023 13:07,,,,3,,,,,30,3.18,152.64,,,,,,,,,,,,
37984,10.02172056v3,10,,2,3,,7/24/2023 13:07,,,,9,,,,,100,2.85,342,,,,,,,,,,,,
37984,12.02174846v1,12,,4,3,,7/24/2023 13:07,,,,5,,,,,60,2.6,187.2,,,,,,,,,,,,
37986,10.02172943v1,10,,2,4,,7/24/2023 18:30,,,,3,,,,,30,2.83,135.84,,,,,,,,,,,,
37986,10.02172944v1,10,,2,4,,7/24/2023 18:30,,,,3,,,,,30,2.83,135.84,,,,,,,,,,,,
37986,10.02172947v1,10,,2,4,,7/24/2023 18:30,,,,3,,,,,30,2.83,135.84,,,,,,,,,,,,
37987,10.02175889v2,10,,2,3,,7/20/2023 22:22,,,,5,,,,,60,2.85,205.2,,,,,,,,,,,,
37987,10.02176524v1,10,,2,3,,7/20/2023 22:22,,,,5,,,,,60,2.85,205.2,,,,,,,,,,,,
37988,10.02116162v14,10,,2,4,,7/21/2023 0:28,,,,10,,,,,120,2.71,357.72,,,,,,,,,,,,
37988,10.02175115v1,10,,2,4,,7/21/2023 0:28,,,,10,,,,,120,2.71,357.72,,,,,,,,,,,,
37988,10.02175965v9,10,,2,4,,7/21/2023 0:28,,,,10,,,,,120,2.71,357.72,,,,,,,,,,,,
37988,10.02175496v5,10,,2,4,,7/21/2023 0:28,,,,10,,,,,120,2.71,357.72,,,,,,,,,,,,
37988,10.0221666v20,10,,2,4,,7/21/2023 0:28,,,,10,,,,,120,2.71,357.72,,,,,,,,,,,,
37988,10.02175965v7,10,,2,4,,7/21/2023 0:28,,,,10,,,,,120,2.71,357.72,,,,,,,,,,,,
37989,10.02173293v1,10,,2,1,,7/21/2023 19:24,,,,10,,,,,120,2.23,294.36,,,,,,,,,,,,
37990,932177667v1,93,1000,120,10,45163,7/31/2023 22:34,Distributor,existingbusiness,14250148210,84,1.24,0,1264.8,1240,,,,,,,,,,,,,,,
37991,10.02176486v1,10,,2,1,,7/21/2023 13:02,,,,9,,,,,100,2.56,307.2,,,,,,,,,,,,
37992,10.02175298v1,10,,2,4,,7/21/2023 20:22,,,,10,,,,,120,2.71,357.72,,,,,,,,,,,,
37993,10.02171101v1,10,,2,1,,7/21/2023 19:57,,,,21,,,,,250,1.96,517.44,,,,,,,,,,,,
37994,932176728v1,93,120,120,10,45153,7/24/2023 15:07,Distributor,existingbusiness,13998329396,10,1.8,0,237.6,216,,,,,,,,,,,,,,,
37995,10.02175870v2,10,,2,4,,7/21/2023 20:41,,,,5,,,,,60,2.83,203.76,,,,,,,,,,,,
37996,10.02175914v1,10,,2,1,,7/21/2023 15:40,,,,10,,,,,120,2.23,294.36,,,,,,,,,,,,
37997,10.02143613v2,10,,2,3,,7/21/2023 18:10,,,,6,,,,,70,2.85,239.4,,,,,,,,,,,,
37998,10.03156861v1,10,,2,1,,7/21/2023 22:28,,,,21,,,,,250,1.96,517.44,,,,,,,,,,,,
37999,10.02176200v2,10,,2,3,,7/21/2023 16:33,,,,3,,,,,30,3.18,152.64,,,,,,,,,,,,
38000,10.02106963v1,10,,2,3,,7/21/2023 21:26,,,,17,,,,,200,2.54,548.64,,,,,,,,,,,,
38000,10.02106959v1,10,,2,3,,7/21/2023 21:26,,,,17,,,,,200,2.54,548.64,,,,,,,,,,,,
38000,10.02106966v1,10,,2,3,,7/21/2023 21:26,,,,17,,,,,200,2.54,548.64,,,,,,,,,,,,
38000,10.02106960v1,10,,2,3,,7/21/2023 21:26,,,,17,,,,,200,2.54,548.64,,,,,,,,,,,,
38001,10.02176579v1,10,,2,1,,7/21/2023 17:51,,,,49,,,,,585,1.88,1128,,,,,,,,,,,,
38002,10.02135709v1,10,,2,3,,7/21/2023 18:00,,,,50,,,,,600,2.28,1395.36,,,,,,,,,,,,
38003,55.02176462v1,55,,114,3,,7/21/2023 18:33,,,,5,,,,,60,2.93,210.96,,,,,,,,,,,,
38004,10.02175526v2,10,,2,1,,7/21/2023 19:31,,,,4,,,,,48,3.18,190.8,,,,,,,,,,,,
38004,10.02175516v3,10,,2,1,,7/21/2023 19:31,,,,4,,,,,48,3.18,190.8,,,,,,,,,,,,
38004,10.02175527v3,10,,2,1,,7/21/2023 19:31,,,,4,,,,,48,3.18,190.8,,,,,,,,,,,,
38004,10.02175515v2,10,,2,1,,7/21/2023 19:31,,,,4,,,,,48,3.18,190.8,,,,,,,,,,,,
38004,10.02175514v2,10,,2,1,,7/21/2023 19:31,,,,4,,,,,48,3.18,190.8,,,,,,,,,,,,
38005,10.02164927v1,10,,2,4,,7/21/2023 18:48,,,,15,,,,,180,2.54,487.68,,,,,,,,,,,,
38006,55.02170418v1,55,,114,3,,7/21/2023 19:04,,,,20,,,,,230,2.62,660.24,,,,,,,,,,,,
38006,55.02170417v1,55,,114,3,,7/21/2023 19:04,,,,20,,,,,238,2.62,660.24,,,,,,,,,,,,
38007,10.02176637v1,10,,2,4,,7/21/2023 20:15,,,,20,,,,,240,2.54,640.08,,,,,,,,,,,,
38008,10.02144411v3,10,,2,1,,7/24/2023 14:38,,,,9,,,,,100,2.56,307.2,,,,,,,,,,,,
38010,10.02171761v1,10,,2,1,,7/24/2023 18:30,,,,125,,,,,1500,1.71,2585.52,,,,,,,,,,,,
38010,10.02171765v1,10,,2,1,,7/24/2023 18:30,,,,125,,,,,1500,1.71,2585.52,,,,,,,,,,,,
38011,10.02176607v2,10,,2,1,,7/25/2023 18:13,,,,49,,,,,580,1.88,1128,,,,,,,,,,,,
38012,46.02176729v1,46,,113,1,,7/24/2023 16:51,,,,40,,,,,480,1.96,964.32,,,,,,,,,,,,
38014,10.02140936v1,10,,2,1,,7/26/2023 15:04,,,,42,,,,,500,1.96,1011.36,,,,,,,,,,,,
38016,10.02175881v4,10,,2,1,,7/24/2023 15:28,,,,7,,,,,75,2.56,245.76,,,,,,,,,,,,
38017,12.02172411v4,12,,4,4,,7/28/2023 16:41,,,,10,,,,,120,2.71,357.72,,,,,,,,,,,,
38017,55.02176353v3,55,,114,4,,7/28/2023 16:41,,,,10,,,,,120,2.88,380.16,,,,,,,,,,,,
38017,10.02172107v2,10,,2,4,,7/28/2023 16:41,,,,10,,,,,120,2.71,357.72,,,,,,,,,,,,
38018,10.02176595v2,10,,2,1,,7/24/2023 15:42,,,,15,,,,,180,1.96,376.32,,,,,,,,,,,,
38018,46.02176630v2,46,,113,1,,7/24/2023 15:42,,,,10,,,,,120,2.23,294.36,,,,,,,,,,,,
38019,10.0287375v1,10,,2,3,,7/24/2023 16:43,,,,20,,,,,240,2.54,640.08,,,,,,,,,,,,
38020,10.02174884v2,10,,2,3,,7/24/2023 17:23,,,,21,,,,,250,2.54,670.56,,,,,,,,,,,,
38021,10.02174530v2,10,,2,1,,7/24/2023 21:03,,,,17,,,,,200,1.96,423.36,,,,,,,,,,,,
38022,10.02153122v1,10,,2,4,,7/24/2023 20:33,,,,6,,,,,61,2.83,237.72,,,,,,,,,,,,
38023,10.02165511v5,10,,2,4,,7/25/2023 18:32,,,,5,,,,,60,2.83,203.76,,,,,,,,,,,,
38024,55.02122127v1,55,,114,1,,7/24/2023 20:20,,,,13,,,,,150,1.96,329.28,,,,,,,,,,,,
38025,55.02176294v1,55,,114,3,,7/26/2023 21:42,,,,9,,,,,100,2.93,351.6,,,,,,,,,,,,
38026,10.02176086v1,10,,2,1,,7/24/2023 21:33,,,,5,,,,,60,2.56,184.32,,,,,,,,,,,,
38027,10.02176946v3,10,,2,1,,7/25/2023 15:47,,,,10,,,,,120,2.23,294.36,,,,,,,,,,,,
38028,10.02152959v2,10,,2,1,,7/24/2023 23:04,,,,10,,,,,120,2.23,294.36,,,,,,,,,,,,
38029,17.02167603v1,17,,9,1,,7/25/2023 14:46,,,,417,,,,,5000,1.56,7824.96,,,,,,,,,,,,
38030,55.02174007v1,55,,114,1,,7/25/2023 14:46,,,,3,,,,,30,2.56,122.88,,,,,,,,,,,,
38031,55.02176914v2,55,,114,1,,7/25/2023 1:50,,,,3,,,,,30,2.56,122.88,,,,,,,,,,,,
38032,17.02175484v1,17,,9,1,,7/25/2023 15:36,,,,21,,,,,250,1.96,517.44,,,,,,,,,,,,
38032,17.02175485v1,17,,9,1,,7/25/2023 15:36,,,,21,,,,,250,1.96,517.44,,,,,,,,,,,,
38034,10.02176927v1,10,,2,4,,7/25/2023 15:26,,,,5,,,,,60,2.83,203.76,,,,,,,,,,,,
38035,10.02116007v1,10,,2,4,,8/1/2023 1:42,,,,9,,,,,105,2.83,339.6,,,,,,,,,,,,
38035,10.02116004v1,10,,2,4,,8/1/2023 1:42,,,,9,,,,,105,2.83,339.6,,,,,,,,,,,,
38036,46.02151902v1,46,,113,1,,7/25/2023 18:15,,,,5,,,,,60,2.56,184.32,,,,,,,,,,,,
38037,10.0283317v2,10,,2,3,,7/25/2023 15:27,,,,94,,,,,1125,2.01,2291.4,,,,,,,,,,,,
38037,10.0283316v2,10,,2,3,,7/25/2023 15:27,,,,94,,,,,1125,2.01,2291.4,,,,,,,,,,,,
38038,55.02163336v1,55,,114,3,,7/25/2023 21:59,,,,5,,,,,60,2.93,210.96,,,,,,,,,,,,
38039,13.05168673v2,13,,5,3,,7/25/2023 18:13,,,,17,,,,,200,1.58,341.28,,,,,,,,,,,,
38040,932177075v1,93,500,120,10,45156,7/25/2023 18:14,Direct,newbusiness,13864870970,42,1.31,0,675.96,655,,,,,,,,,,,,,,,
38041,10.02147416v1,10,,2,3,,7/25/2023 16:10,,,,60,,,,,720,2.01,1471.32,,,,,,,,,,,,
38042,10.02160725v3,10,,2,4,,7/25/2023 21:58,,,,5,,,,,60,2.83,203.76,,,,,,,,,,,,
38043,10.02158951v1,10,,2,4,,8/4/2023 20:28,,,,11,,,,,121,2.71,390.24,,,,,,,,,,,,
38043,10.02159047v1,10,,2,4,,8/4/2023 20:28,,,,6,,,,,61,2.83,237.72,,,,,,,,,,,,
38044,10.02150303v1,10,,2,1,,7/25/2023 18:13,,,,9,,,,,100,2.56,307.2,,,,,,,,,,,,
38046,55.02126837v5,55,,114,3,,7/27/2023 20:50,,,,84,,,,,1000,2.1,2142,,,,,,,,,,,,
38047,10.02175653v1,10,,2,4,,7/25/2023 19:21,,,,10,,,,,120,2.71,357.72,,,,,,,,,,,,
38048,10.03171956v2,10,,2,1,,7/25/2023 21:42,,,,14,,,,,160,1.96,352.8,,,,,,,,,,,,
38049,10.02176342v3,10,,2,4,,7/26/2023 14:24,,,,10,,,,,120,2.71,357.72,,,,,,,,,,,,
38050,10.02186343v1,10,,2,3,,8/18/2023 22:43,,,,25,,,,,300,2.54,792.48,,,,,,,,,,,,
38051,10.02174217v5,10,,2,1,,7/26/2023 15:20,,,,13,,,,,150,1.96,329.28,,,,,,,,,,,,
38052,10.02176623v2,10,,2,1,,7/26/2023 18:16,,,,25,,,,,300,1.96,611.52,,,,,,,,,,,,
38053,10.0243612v1,10,,2,1,,7/26/2023 16:32,,,,9,,,,,100,2.56,307.2,,,,,,,,,,,,
38054,10.02109482v1,10,,2,3,,7/26/2023 15:46,,,,60,,,,,720,2.01,1471.32,,,,,,,,,,,,
38055,10.0222373v2,10,,2,4,,7/26/2023 14:25,,,,5,,,,,60,2.83,203.76,,,,,,,,,,,,
38056,10.02173682v1,10,,2,3,,7/25/2023 21:43,,,,21,,,,,250,2.54,670.56,,,,,,,,,,,,
38057,10.022498v1,10,,2,3,,7/26/2023 20:37,,,,84,,,,,1000,2.01,2050.2,,,,,,,,,,,,
38059,46.02139133v1,46,,113,3,,7/27/2023 13:56,,,,17,,,,,200,2.54,548.64,,,,,,,,,,,,
38060,55.02177194v1,55,,114,3,,7/26/2023 15:04,,,,3,,,,,30,2.93,140.64,,,,,,,,,,,,
38061,10.0282423v1,10,,2,1,,7/26/2023 19:46,,,,9,,,,,100,2.56,307.2,,,,,,,,,,,,
38062,55.02162963v1,55,,114,3,,7/27/2023 21:33,,,,13,,,,,150,2.62,440.16,,,,,,,,,,,,
38062,55.02162961v1,55,,114,3,,7/27/2023 21:33,,,,13,,,,,150,2.62,440.16,,,,,,,,,,,,
38063,55.02173515v2,55,,114,1,,7/26/2023 15:26,,,,5,,,,,60,2.56,184.32,,,,,,,,,,,,
38063,55.02173516v2,55,,114,1,,7/26/2023 15:26,,,,8,,,,,90,2.56,276.48,,,,,,,,,,,,
38064,10.02177190v1,10,,2,4,,7/26/2023 14:08,,,,5,,,,,60,2.83,203.76,,,,,,,,,,,,
38065,10.02171429v6,10,,2,1,,7/27/2023 14:03,,,,10,,,,,120,2.23,294.36,,,,,,,,,,,,
38066,10.02167883v3,10,,2,1,,7/28/2023 15:54,,,,10,,,,,120,2.23,294.36,,,,,,,,,,,,
38068,55.02177061v1,55,,114,1,,7/26/2023 14:59,,,,10,,,,,120,2.23,294.36,,,,,,,,,,,,
38068,55.02177065v1,55,,114,1,,7/26/2023 14:59,,,,10,,,,,120,2.23,294.36,,,,,,,,,,,,
38069,10.0219978v1,10,,2,3,,7/26/2023 15:01,,,,13,,,,,150,2.54,426.72,,,,,,,,,,,,
38070,55.02177152v1,55,,114,1,,7/26/2023 17:27,,,,10,,,,,120,2.23,294.36,,,,,,,,,,,,
38070,55.02177151v1,55,,114,1,,7/26/2023 17:27,,,,10,,,,,120,2.23,294.36,,,,,,,,,,,,
38071,10.02127845v1,10,,2,1,,7/27/2023 10:23,,,,5,,,,,60,2.56,184.32,,,,,,,,,,,,
38072,932177291v1,93,180,120,10,45156,7/26/2023 22:08,Direct,newbusiness,13994162060,15,1.8,0,345.6,324,,,,,,,,,,,,,,,
38074,55.02177311v1,55,,114,3,,7/26/2023 20:48,,,,5,,,,,60,2.93,210.96,,,,,,,,,,,,
38075,10.0248411v3,10,,2,3,,7/27/2023 16:02,,,,42,,,,,500,2.54,1310.64,,,,,,,,,,,,
38076,12.02177316v1,12,,4,3,,7/26/2023 18:23,,,,5,,,,,60,2.6,187.2,,,,,,,,,,,,
38077,10.02174948v1,10,,2,1,,7/31/2023 17:15,,,,67,,,,,800,1.79,1460.64,,,,,,,,,,,,
38078,10.02159926v1,10,,2,1,,7/26/2023 20:29,,,,3,,,,,30,3.18,152.64,,,,,,,,,,,,
38078,10.0253621v3,10,,2,1,,7/26/2023 20:29,,,,3,,,,,30,3.18,152.64,,,,,,,,,,,,
38079,10.02177124v1,10,,2,1,,7/27/2023 18:49,,,,21,,,,,250,1.96,517.44,,,,,,,,,,,,
38079,10.02177123v1,10,,2,1,,7/27/2023 18:49,,,,21,,,,,250,1.96,517.44,,,,,,,,,,,,
38080,10.02177297v1,10,,2,3,,7/26/2023 20:41,,,,30,,,,,350,2.54,944.88,,,,,,,,,,,,
38081,10.02156519v6,10,,2,3,,7/27/2023 13:26,,,,25,,,,,300,2.54,792.48,,,,,,,,,,,,
38083,17.02175731v1,17,,9,1,,7/31/2023 22:25,,,,24,,,,,280,1.96,588,,,,,,,,,,,,
38084,10.02117154v2,10,,2,3,,8/3/2023 22:42,,,,100,,,,,1200,2.01,2436.12,,,,,,,,,,,,
38085,10.02175623v1,10,,2,1,,7/26/2023 23:00,,,,10,,,,,120,2.23,294.36,,,,,,,,,,,,
38085,10.02175626v1,10,,2,1,,7/26/2023 23:00,,,,10,,,,,120,2.23,294.36,,,,,,,,,,,,
38086,10.02171943v1,10,,2,4,,7/27/2023 22:47,,,,42,,,,,500,2.54,1310.64,,,,,,,,,,,,
38087,10.02177391v1,10,,2,1,,7/27/2023 21:08,,,,17,,,,,200,1.96,423.36,,,,,,,,,,,,
38088,10.02170213v2,10,,2,1,,7/27/2023 18:07,,,,9,,,,,100,2.56,307.2,,,,,,,,,,,,
38089,10.02171203v1,10,,2,3,,7/28/2023 16:34,,,,5,,,,,60,2.85,205.2,,,,,,,,,,,,
38090,10.02176514v1,10,,2,4,,7/27/2023 17:19,,,,10,,,,,120,2.71,357.72,,,,,,,,,,,,
38091,55.02127560v1,55,,114,3,,7/27/2023 15:27,,,,10,,,,,120,2.8,369.6,,,,,,,,,,,,
38092,49.02177409v1,49,,116,4,,7/27/2023 16:05,,,,5,,,,,60,2.83,203.76,,,,,,,,,,,,
38093,10.02127457v1,10,,2,3,,7/27/2023 18:25,,,,9,,,,,100,2.85,342,,,,,,,,,,,,
38094,10.0231293v1,10,,2,3,,7/27/2023 17:35,,,,10,,,,,120,2.72,359.04,,,,,,,,,,,,
38095,10.02177540v1,10,,2,1,,7/27/2023 23:49,,,,21,,,,,250,1.96,517.44,,,,,,,,,,,,
38096,10.03177265v1,10,,2,1,,7/27/2023 17:06,,,,5,,,,,60,2.56,184.32,,,,,,,,,,,,
38096,10.03177266v1,10,,2,1,,7/27/2023 17:06,,,,5,,,,,60,2.56,184.32,,,,,,,,,,,,
38097,10.02169938v1,10,,2,3,,7/27/2023 20:52,,,,5,,,,,60,2.85,205.2,,,,,,,,,,,,
38099,12.02136393v1,12,,4,1,,7/28/2023 15:31,,,,17,,,,,200,1.63,352.08,,,,,,,,,,,,
38100,10.026700v1,10,,2,3,,7/31/2023 1:29,,,,10,,,,,120,2.72,359.04,,,,,,,,,,,,
38100,10.026701v4,10,,2,3,,7/31/2023 1:29,,,,10,,,,,120,2.72,359.04,,,,,,,,,,,,
38101,10.0273591v3,10,,2,4,,7/27/2023 19:15,,,,5,,,,,60,2.83,203.76,,,,,,,,,,,,
38102,10.0226732v1,10,,2,4,,7/27/2023 18:01,,,,10,,,,,120,2.71,357.72,,,,,,,,,,,,
38103,10.02138820v1,10,,2,3,,7/27/2023 19:08,,,,13,,,,,150,2.54,426.72,,,,,,,,,,,,
38105,10.02122122v3,10,,2,1,,7/28/2023 15:33,,,,10,,,,,120,2.23,294.36,,,,,,,,,,,,
38106,10.02172860v1,10,,2,4,,7/28/2023 14:34,,,,3,,,,,30,2.83,135.84,,,,,,,,,,,,
38107,10.02175439v1,10,,2,3,,7/31/2023 19:45,,,,20,,,,,240,2.54,640.08,,,,,,,,,,,,
38108,10.02177150v3,10,,2,1,,7/31/2023 21:24,,,,5,,,,,60,2.56,184.32,,,,,,,,,,,,
38109,17.02176116v2,17,,9,3,,7/27/2023 22:30,,,,25,,,,,300,2.54,792.48,,,,,,,,,,,,
38110,12.02177876v2,12,,4,1,,8/7/2023 22:06,,,,21,,,,,250,1.63,430.32,,,,,,,,,,,,
38111,17.02135594v1,17,,9,1,,8/1/2023 15:04,,,,5,,,,,60,2.56,184.32,,,,,,,,,,,,
38111,17.02135601v1,17,,9,1,,8/1/2023 15:04,,,,5,,,,,60,2.56,184.32,,,,,,,,,,,,
38112,10.02176647v1,10,,2,1,,7/28/2023 17:32,,,,84,,,,,1000,1.79,1825.8,,,,,,,,,,,,
38113,,70,,,1,45140,7/28/2023 14:56,,,,,,,,,,1.96,,29952,240,20939,46098,64,17780,252,123420,7/28/2023 14:50,8/2/2023,20,493.92
38114,10.02174510v2,10,,2,1,,7/27/2023 23:34,,,,17,,,,,200,1.96,423.36,,,,,,,,,,,,
38115,49.02177553v1,49,,116,1,,7/28/2023 16:18,,,,16,,,,,183,1.96,399.84,,,,,,,,,,,,
38115,49.02177554v1,49,,116,1,,7/28/2023 16:18,,,,16,,,,,183,1.96,399.84,,,,,,,,,,,,
38116,10.02176313v2,10,,2,4,,7/31/2023 15:56,,,,10,,,,,120,2.71,357.72,,,,,,,,,,,,
38117,10.02173680v5,10,,2,1,,8/1/2023 12:34,,,,16,,,,,185,1.96,399.84,,,,,,,,,,,,
38118,55.02177561v1,55,,114,1,,7/28/2023 15:48,,,,30,,,,,351,1.96,729.12,,,,,,,,,,,,
38118,55.02177563v1,55,,114,1,,7/28/2023 15:48,,,,30,,,,,351,1.96,729.12,,,,,,,,,,,,
38119,10.0258877v4,10,,2,4,,7/28/2023 15:31,,,,5,,,,,60,2.83,203.76,,,,,,,,,,,,
38120,10.02143514v2,10,,2,4,,7/28/2023 16:42,,,,10,,,,,120,2.71,357.72,,,,,,,,,,,,
38121,55.02177032v3,55,,114,4,,7/28/2023 15:01,,,,5,,,,,60,3,216,,,,,,,,,,,,
38122,10.02175356v1,10,,2,1,,7/28/2023 17:40,,,,21,,,,,250,1.96,517.44,,,,,,,,,,,,
38123,10.02135709v1,10,,2,3,,7/28/2023 16:18,,,,75,,,,,900,2.01,1833.12,,,,,,,,,,,,
38124,10.0235096v2,10,,2,1,,7/28/2023 15:31,,,,20,,,,,240,1.96,493.92,,,,,,,,,,,,
38125,10.02130278v2,10,,2,1,,7/28/2023 17:02,,,,30,,,,,360,1.96,729.12,,,,,,,,,,,,
38126,10.02105365v1,10,,2,1,,7/28/2023 16:42,,,,3,,,,,30,3.18,152.64,,,,,,,,,,,,
38127,10.02176546v1,10,,2,4,,7/28/2023 17:28,,,,10,,,,,120,2.71,357.72,,,,,,,,,,,,
38128,10.02173049v1,10,,2,4,,7/28/2023 17:49,,,,5,,,,,60,2.83,203.76,,,,,,,,,,,,
38129,10.02177674v1,10,,2,4,,7/28/2023 17:34,,,,4,,,,,40,2.83,169.8,,,,,,,,,,,,
38132,10.02176815v2,10,,2,1,,7/31/2023 19:57,,,,14,,,,,162,1.96,352.8,,,,,,,,,,,,
38134,10.02169941v1,10,,2,1,,8/3/2023 15:37,,,,30,,,,,360,1.96,729.12,,,,,,,,,,,,
38135,55.02177662v3,55,,114,3,,7/28/2023 19:54,,,,4,,,,,40,2.93,175.8,,,,,,,,,,,,
38136,10.02177480v5,10,,2,3,,7/28/2023 20:52,,,,10,,,,,120,2.72,359.04,,,,,,,,,,,,
38137,55.02173946v2,55,,114,3,,7/28/2023 21:42,,,,50,,,,,600,2.36,1444.32,,,,,,,,,,,,
38138,10.02176162v2,10,,2,3,,7/31/2023 19:20,,,,25,,,,,300,2.54,792.48,,,,,,,,,,,,
38139,10.02167126v1,10,,2,4,,8/1/2023 15:23,,,,20,,,,,240,2.54,640.08,,,,,,,,,,,,
38140,10.02177164v1,10,,2,3,,7/28/2023 22:34,,,,21,,,,,250,2.54,670.56,,,,,,,,,,,,
38141,10.02177659v2,10,,2,4,,7/28/2023 22:37,,,,5,,,,,60,2.83,203.76,,,,,,,,,,,,
38142,24.02176860v1,24,,15,1,,7/28/2023 22:37,,,,10,,,,,120,3.23,426.36,,,,,,,,,,,,
38142,,70,,,1,45142,7/28/2023 22:37,,,,,,,,,,2.56,,29954,60,20974,46160,64,17809,72,121824,7/28/2023 22:13,8/4/2023,5,184.32
38142,,70,,,1,45142,7/28/2023 22:37,,,,,,,,,,2.56,,29956,60,20974,46159,64,17809,72,121824,7/28/2023 22:13,8/4/2023,5,184.32
38143,10.02175626v1,10,,2,1,,7/31/2023 1:29,,,,10,,,,,120,2.23,294.36,,,,,,,,,,,,
38143,10.02175623v1,10,,2,1,,7/31/2023 1:29,,,,10,,,,,120,2.23,294.36,,,,,,,,,,,,
38145,10.02104695v5,10,,2,1,,7/31/2023 16:09,,,,10,,,,,120,2.23,294.36,,,,,,,,,,,,
38147,10.02175761v4,10,,2,1,,7/31/2023 13:15,,,,17,,,,,200,1.96,423.36,,,,,,,,,,,,
38148,932176067v3,93,500,120,10,45162,8/1/2023 14:22,Direct,existingbusiness,14210820977,42,1.31,0,675.96,655,,,,,,,,,,,,,,,
38148,10.02134887v2,10,,2,1,,7/28/2023 17:43,,,,5,,,,,60,2.56,184.32,,,,,,,,,,,,
38149,10.02172473v2,10,,2,1,,7/31/2023 15:08,,,,13,,,,,150,1.96,329.28,,,,,,,,,,,,
38150,10.02177597v2,10,,2,1,,7/31/2023 15:43,,,,21,,,,,250,1.96,517.44,,,,,,,,,,,,
38152,46.02176451v3,46,,113,1,,8/1/2023 17:37,,,,63,,,,,750,1.79,1374.72,,,,,,,,,,,,
38153,10.02177069v3,10,,2,1,,7/31/2023 17:12,,,,5,,,,,60,2.56,184.32,,,,,,,,,,,,
38154,10.02173144v2,10,,2,1,,7/31/2023 16:42,,,,5,,,,,60,2.56,184.32,,,,,,,,,,,,
38155,10.02136687v1,10,,2,3,,8/7/2023 19:10,,,,9,,,,,100,2.85,342,,,,,,,,,,,,
38156,,70,,,1,45147,8/1/2023 13:24,,,,,,,,,,1.96,,29958,400,21028,46281,64,17846,420,121955,8/1/2023 4:48,8/9/2023,34,823.2
38157,10.02171913v1,10,,2,3,,7/31/2023 18:45,,,,14,,,,,160,2.54,457.2,,,,,,,,,,,,
38158,10.02176332v4,10,,2,4,,7/31/2023 19:58,,,,3,,,,,30,2.83,135.84,,,,,,,,,,,,
38159,10.02177482v1,10,,2,4,,7/31/2023 17:31,,,,10,,,,,120,2.71,357.72,,,,,,,,,,,,
38160,10.02177404v1,10,,2,3,,7/31/2023 19:19,,,,42,,,,,502,2.54,1310.64,,,,,,,,,,,,
38161,10.02113835v1,10,,2,4,,7/31/2023 20:36,,,,10,,,,,120,2.71,357.72,,,,,,,,,,,,
38162,55.02157905v1,55,,114,3,,7/31/2023 20:39,,,,50,,,,,600,2.36,1444.32,,,,,,,,,,,,
38163,55.02133911v2,55,,114,1,,7/31/2023 21:19,,,,10,,,,,120,2.23,294.36,,,,,,,,,,,,
38164,10.02177487v1,10,,2,1,,7/31/2023 22:10,,,,5,,,,,60,2.56,184.32,,,,,,,,,,,,
38165,10.02177911v1,10,,2,1,,8/1/2023 14:04,,,,17,,,,,200,1.96,423.36,,,,,,,,,,,,
38167,10.02174574v3,10,,2,1,,7/31/2023 22:07,,,,19,,,,,220,1.96,470.4,,,,,,,,,,,,
38168,55.02177916v1,55,,114,1,,8/1/2023 14:36,,,,5,,,,,60,2.56,184.32,,,,,,,,,,,,
38169,10.02177143v1,10,,2,1,,7/31/2023 22:38,,,,13,,,,,150,1.96,329.28,,,,,,,,,,,,
38171,10.02173992v1,10,,2,1,,7/31/2023 22:46,,,,10,,,,,120,2.23,294.36,,,,,,,,,,,,
38171,10.02173997v4,10,,2,1,,7/31/2023 22:46,,,,10,,,,,120,2.23,294.36,,,,,,,,,,,,
38172,10.02177580v1,10,,2,1,,7/31/2023 23:06,,,,13,,,,,150,1.96,329.28,,,,,,,,,,,,
38173,12.02177988v1,12,,4,1,,8/1/2023 0:10,,,,34,,,,,400,1.63,684.6,,,,,,,,,,,,
38174,10.0284330v1,10,,2,1,,8/1/2023 3:45,,,,5,,,,,60,2.56,184.32,,,,,,,,,,,,
38175,10.02177995v1,10,,2,1,,8/1/2023 15:58,,,,10,,,,,120,2.23,294.36,,,,,,,,,,,,
38176,10.02177994v1,10,,2,1,,8/1/2023 14:30,,,,10,,,,,120,2.23,294.36,,,,,,,,,,,,
38177,55.02157116v1,55,,114,4,,8/1/2023 17:02,,,,5,,,,,60,3,216,,,,,,,,,,,,
38178,10.02176667v1,10,,2,4,,8/1/2023 14:52,,,,3,,,,,30,2.83,135.84,,,,,,,,,,,,
38178,10.03177948v1,10,,2,4,,8/1/2023 14:52,,,,3,,,,,30,2.83,135.84,,,,,,,,,,,,
38179,55.02177243v2,55,,114,1,,8/1/2023 16:47,,,,16,,,,,192,1.96,399.84,,,,,,,,,,,,
38179,55.02177093v3,55,,114,1,,8/1/2023 16:47,,,,16,,,,,192,1.96,399.84,,,,,,,,,,,,
38180,10.02167126v3,10,,2,4,,8/1/2023 15:32,,,,20,,,,,240,2.54,640.08,,,,,,,,,,,,
38181,10.02166537v2,10,,2,1,,8/1/2023 17:57,,,,21,,,,,250,1.96,517.44,,,,,,,,,,,,
38182,10.02177898v1,10,,2,4,,8/1/2023 16:14,,,,3,,,,,30,2.83,135.84,,,,,,,,,,,,
38183,10.02159205v2,10,,2,1,,8/1/2023 18:02,,,,30,,,,,360,1.96,729.12,,,,,,,,,,,,
38184,10.02176361v3,10,,2,4,,8/1/2023 17:29,,,,5,,,,,60,2.83,203.76,,,,,,,,,,,,
38184,55.02176362v1,55,,114,4,,8/1/2023 17:29,,,,9,,,,,100,3,360,,,,,,,,,,,,
38185,10.02140248v1,10,,2,3,,8/1/2023 17:21,,,,10,,,,,120,2.72,359.04,,,,,,,,,,,,
38186,10.02168254v1,10,,2,1,,8/1/2023 17:37,,,,9,,,,,100,2.56,307.2,,,,,,,,,,,,
38187,10.02172356v2,10,,2,3,,8/1/2023 18:19,,,,100,,,,,1200,2.01,2436.12,,,,,,,,,,,,
38188,,70,,,1,45145,8/1/2023 18:07,,,,,,,,,,2.56,,29960,72,21050,46307,107,17865,84,123478,8/1/2023 17:51,8/7/2023,6,215.04
38188,,70,,,1,45145,8/1/2023 18:07,,,,,,,,,,2.56,,29959,72,21050,46306,107,17865,84,123478,8/1/2023 17:51,8/7/2023,6,215.04
38189,49.02177893v3,49,,116,3,,8/2/2023 17:23,,,,13,,,,,150,2.54,426.72,,,,,,,,,,,,
38190,55.02175040v1,55,,114,4,,8/1/2023 18:55,,,,5,,,,,60,3,216,,,,,,,,,,,,
38191,55.02111622v1,55,,114,1,,8/2/2023 13:43,,,,9,,,,,100,2.56,307.2,,,,,,,,,,,,
38192,10.02173635v2,10,,2,1,,8/1/2023 19:05,,,,25,,,,,290,1.96,611.52,,,,,,,,,,,,
38192,10.02173636v1,10,,2,1,,8/1/2023 19:05,,,,20,,,,,230,1.96,493.92,,,,,,,,,,,,
38193,10.02177956v1,10,,2,4,,8/1/2023 20:00,,,,5,,,,,60,2.83,203.76,,,,,,,,,,,,
38195,932178128v1,93,120,120,10,45162,8/1/2023 21:41,Direct,newbusiness,14364889387,10,1.8,0,237.6,216,,,,,,,,,,,,,,,
38196,55.02157116v1,55,,114,4,,8/2/2023 17:22,,,,3,,,,,36,3,144,,,,,,,,,,,,
38197,10.0214885v1,10,,2,1,,8/1/2023 21:40,,,,10,,,,,120,2.23,294.36,,,,,,,,,,,,
38198,10.02177019v1,10,,2,4,,8/3/2023 21:10,,,,5,,,,,50,2.83,203.76,,,,,,,,,,,,
38199,10.03178229v1,10,,2,1,,8/1/2023 22:36,,,,21,,,,,250,1.96,517.44,,,,,,,,,,,,
38200,10.02177525v1,10,,2,3,,8/2/2023 19:27,,,,5,,,,,60,2.85,205.2,,,,,,,,,,,,
38201,10.02178284v1,10,,2,4,,8/2/2023 15:15,,,,10,,,,,120,2.71,357.72,,,,,,,,,,,,
38202,10.0295332v2,10,,2,1,,8/3/2023 15:24,,,,10,,,,,120,2.23,294.36,,,,,,,,,,,,
38203,932177015v2,93,120,120,10,45163,8/2/2023 16:08,Distributor,existingbusiness,14302518420,10,1.8,0,237.6,216,,,,,,,,,,,,,,,
38204,55.02177746v2,55,,114,1,,8/2/2023 18:20,,,,11,,,,,129,2.23,321.12,,,,,,,,,,,,
38205,10.02177520v1,10,,2,4,,8/3/2023 14:37,,,,5,,,,,60,2.83,203.76,,,,,,,,,,,,
38205,10.02177524v1,10,,2,4,,8/3/2023 14:37,,,,5,,,,,60,2.83,203.76,,,,,,,,,,,,
38206,10.02149778v2,10,,2,4,,8/2/2023 15:53,,,,32,,,,,375,2.54,1005.84,,,,,,,,,,,,
38207,55.02177935v1,55,,114,1,,8/2/2023 17:24,,,,17,,,,,200,1.96,423.36,,,,,,,,,,,,
38208,932178341v1,93,120,120,10,45163,8/3/2023 18:50,Direct,newbusiness,13749484621,10,1.8,0,237.6,216,,,,,,,,,,,,,,,
38209,10.02178277v1,10,,2,3,,8/2/2023 16:20,,,,13,,,,,150,2.54,426.72,,,,,,,,,,,,
38210,10.02178306v1,10,,2,1,,8/2/2023 17:24,,,,17,,,,,200,1.96,423.36,,,,,,,,,,,,
38211,55.02178527v1,55,,114,3,,8/3/2023 14:37,,,,4,,,,,40,2.93,175.8,,,,,,,,,,,,
38212,10.02178202v1,10,,2,3,,8/2/2023 17:24,,,,13,,,,,150,2.54,426.72,,,,,,,,,,,,
38213,10.02178129v1,10,,2,4,,8/4/2023 17:28,,,,3,,,,,30,2.83,135.84,,,,,,,,,,,,
38214,10.02130570v1,10,,2,1,,8/3/2023 19:03,,,,50,,,,,600,1.88,1150.56,,,,,,,,,,,,
38215,10.02175012v1,10,,2,1,,8/2/2023 20:31,,,,17,,,,,200,1.96,423.36,,,,,,,,,,,,
38216,10.02176303v2,10,,2,1,,8/7/2023 15:30,,,,10,,,,,120,2.23,294.36,,,,,,,,,,,,
38217,10.02125667v2,10,,2,4,,8/2/2023 18:20,,,,5,,,,,60,2.83,203.76,,,,,,,,,,,,
38218,10.02178231v1,10,,2,1,,8/2/2023 18:53,,,,17,,,,,200,1.96,423.36,,,,,,,,,,,,
38219,10.02140555v2,10,,2,1,,8/29/2023 19:22,,,,7,,,,,75,2.56,245.76,,,,,,,,,,,,
38220,10.02178394v1,10,,2,1,,8/2/2023 19:18,,,,17,,,,,200,1.96,423.36,,,,,,,,,,,,
38221,10.02172450v1,10,,2,3,,8/2/2023 18:38,,,,34,,,,,400,2.54,1066.8,,,,,,,,,,,,
38222,55.02177176v1,55,,114,3,,8/2/2023 20:27,,,,3,,,,,30,2.93,140.64,,,,,,,,,,,,
38223,10.03147808v1,10,,2,1,,8/2/2023 19:20,,,,10,,,,,120,2.23,294.36,,,,,,,,,,,,
38224,10.02163523v1,10,,2,1,,9/5/2023 21:01,,,,6,,,,,70,2.56,215.04,,,,,,,,,,,,
38225,15.02175972v2,15,,7,3,,8/3/2023 19:16,,,,10,,,,,120,3.84,506.88,,,,,,,,,,,,
38225,17.04178464v1,17,,9,3,,8/3/2023 19:16,,,,5,,,,,60,2.85,205.2,,,,,,,,,,,,
38226,10.02178450v1,10,,2,1,,8/3/2023 13:48,,,,20,,,,,240,1.96,493.92,,,,,,,,,,,,
38228,55.03176228v1,55,,114,3,,8/2/2023 20:50,,,,6,,,,,70,2.93,246.12,,,,,,,,,,,,
38229,10.02174461v1,10,,2,4,,8/2/2023 22:14,,,,3,,,,,30,2.83,135.84,,,,,,,,,,,,
38230,10.02129984v1,10,,2,1,,8/3/2023 14:20,,,,10,,,,,120,2.23,294.36,,,,,,,,,,,,
38231,46.02178095v2,46,,113,1,,8/3/2023 16:07,,,,5,,,,,60,2.56,184.32,,,,,,,,,,,,
38232,10.02116526v1,10,,2,3,,8/3/2023 15:57,,,,25,,,,,300,2.54,792.48,,,,,,,,,,,,
38233,10.02122674v2,10,,2,1,,8/7/2023 15:27,,,,17,,,,,200,1.96,423.36,,,,,,,,,,,,
38234,10.02167335v1,10,,2,1,,8/2/2023 22:10,,,,5,,,,,60,2.56,184.32,,,,,,,,,,,,
38235,10.02175208v2,10,,2,1,,8/3/2023 14:51,,,,13,,,,,150,1.96,329.28,,,,,,,,,,,,
38236,10.0245463v2,10,,2,3,,8/3/2023 11:24,,,,10,,,,,120,2.72,359.04,,,,,,,,,,,,
38237,20.02177505v2,20,,11,1,,8/3/2023 13:42,,,,10,,,,,120,3.23,426.36,,,,,,,,,,,,
38238,49.02178078v1,49,,116,1,,8/3/2023 14:56,,,,10,,,,,120,2.23,294.36,,,,,,,,,,,,
38239,10.0272584v2,10,,2,4,,8/3/2023 18:10,,,,10,,,,,120,2.71,357.72,,,,,,,,,,,,
38240,55.02159912v2,55,,114,1,,8/3/2023 16:01,,,,3,,,,,30,2.56,122.88,,,,,,,,,,,,
38240,55.02159912v1,55,,114,1,,8/3/2023 16:01,,,,3,,,,,30,2.56,122.88,,,,,,,,,,,,
38241,10.02157539v1,10,,2,1,,8/3/2023 16:23,,,,9,,,,,100,2.56,307.2,,,,,,,,,,,,
38242,10.02159201v1,10,,2,4,,10/16/2023 19:42,,,,10,,,,,120,2.83,373.56,,,,,,,,,,,,
38243,49.02179496v1,49,,116,1,,8/14/2023 22:32,,,,11,,,,,125,2.23,321.12,,,,,,,,,,,,
38244,10.02178732v1,10,,2,4,,8/3/2023 18:12,,,,5,,,,,60,2.83,203.76,,,,,,,,,,,,
38245,10.02178764v1,10,,2,1,,8/3/2023 20:44,,,,17,,,,,200,1.96,423.36,,,,,,,,,,,,
38246,55.02178771v1,55,,114,4,,8/3/2023 18:42,,,,3,,,,,30,3,144,,,,,,,,,,,,
38247,10.0246604v1,10,,2,3,,8/3/2023 18:13,,,,20,,,,,240,2.54,640.08,,,,,,,,,,,,
38248,10.02166154v1,10,,2,3,,8/3/2023 23:02,,,,15,,,,,175,2.54,487.68,,,,,,,,,,,,
38248,10.02166152v1,10,,2,3,,8/3/2023 23:02,,,,15,,,,,175,2.54,487.68,,,,,,,,,,,,
38249,10.02166973v2,10,,2,3,,8/3/2023 20:30,,,,13,,,,,150,2.54,426.72,,,,,,,,,,,,
38250,11.04178794v1,11,,3,1,,8/3/2023 21:03,,,,5,,,,,60,3.33,239.76,,,,,,,,,,,,
38251,55.02173386v1,55,,114,3,,8/3/2023 19:28,,,,25,,,,,300,2.62,817.44,,,,,,,,,,,,
38252,10.02155015v1,10,,2,3,,8/4/2023 16:49,,,,5,,,,,60,2.85,205.2,,,,,,,,,,,,
38253,10.02177123v1,10,,2,1,,8/4/2023 16:49,,,,3,,,,,30,3.18,152.64,,,,,,,,,,,,
38253,10.02177124v1,10,,2,1,,8/4/2023 16:49,,,,3,,,,,30,3.18,152.64,,,,,,,,,,,,
38254,10.02155007v1,10,,2,4,,8/4/2023 16:49,,,,5,,,,,60,2.83,203.76,,,,,,,,,,,,
38255,10.02175381v1,10,,2,1,,8/3/2023 19:55,,,,5,,,,,60,2.56,184.32,,,,,,,,,,,,
38256,10.02166467v1,10,,2,3,,8/3/2023 19:51,,,,3,,,,,30,3.18,152.64,,,,,,,,,,,,
38257,10.02178821v1,10,,2,1,,8/3/2023 19:45,,,,5,,,,,60,2.56,184.32,,,,,,,,,,,,
38258,10.02175108v3,10,,2,1,,8/3/2023 19:47,,,,21,,,,,250,1.96,517.44,,,,,,,,,,,,
38259,10.02111729v1,10,,2,1,,8/3/2023 22:28,,,,21,,,,,250,1.96,517.44,,,,,,,,,,,,
38260,10.02178360v1,10,,2,1,,8/3/2023 19:59,,,,10,,,,,120,2.23,294.36,,,,,,,,,,,,
38260,10.02178041v1,10,,2,1,,8/3/2023 19:59,,,,10,,,,,120,2.23,294.36,,,,,,,,,,,,
38261,10.0220564v3,10,,2,1,,8/4/2023 13:11,,,,20,,,,,240,1.96,493.92,,,,,,,,,,,,
38262,10.02178860v1,10,,2,1,,8/3/2023 23:03,,,,10,,,,,120,2.23,294.36,,,,,,,,,,,,
38263,10.02135778v5,10,,2,1,,8/7/2023 17:45,,,,10,,,,,120,2.23,294.36,,,,,,,,,,,,
38264,10.02176242v1,10,,2,4,,8/8/2023 15:21,,,,3,,,,,30,2.83,135.84,,,,,,,,,,,,
38265,10.02178709v1,10,,2,3,,8/3/2023 21:51,,,,5,,,,,60,2.85,205.2,,,,,,,,,,,,
38266,10.02117975v1,10,,2,1,,8/4/2023 20:28,,,,10,,,,,120,2.23,294.36,,,,,,,,,,,,
38266,10.02117484v1,10,,2,1,,8/4/2023 20:28,,,,10,,,,,120,2.23,294.36,,,,,,,,,,,,
38268,10.02107672v1,10,,2,1,,8/3/2023 22:52,,,,63,,,,,745,1.79,1374.72,,,,,,,,,,,,
38269,10.02174692v1,10,,2,4,,8/3/2023 22:53,,,,5,,,,,60,2.83,203.76,,,,,,,,,,,,
38269,10.02174685v1,10,,2,4,,8/3/2023 22:53,,,,5,,,,,60,2.83,203.76,,,,,,,,,,,,
38270,10.0286672v3,10,,2,1,,8/4/2023 13:44,,,,10,,,,,120,2.23,294.36,,,,,,,,,,,,
38271,932153848v7,93,200,120,10,45163,8/4/2023 15:58,Distributor,existingbusiness,14467102831,17,1.8,0,388.8,360,,,,,,,,,,,,,,,
38272,10.02178270v2,10,,2,3,,8/4/2023 17:21,,,,84,,,,,1000,2.01,2050.2,,,,,,,,,,,,
38273,10.02178702v1,10,,2,4,,8/8/2023 19:15,,,,10,,,,,120,2.71,357.72,,,,,,,,,,,,
38274,10.02111577v2,10,,2,4,,8/4/2023 18:14,,,,5,,,,,60,2.83,203.76,,,,,,,,,,,,
38275,55.02176282v1,55,,114,4,,8/4/2023 17:21,,,,11,,,,,125,2.88,414.72,,,,,,,,,,,,
38276,17.0367243v1,17,,9,1,,8/4/2023 20:40,,,,67,,,,,800,1.79,1460.64,,,,,,,,,,,,
38276,17.0367244v1,17,,9,1,,8/4/2023 20:40,,,,67,,,,,800,1.79,1460.64,,,,,,,,,,,,
38277,10.02178751v1,10,,2,4,,8/4/2023 18:49,,,,5,,,,,60,2.83,203.76,,,,,,,,,,,,
38278,10.02166973v2,10,,2,3,,8/7/2023 14:30,,,,39,,,,,465,2.54,1219.2,,,,,,,,,,,,
38279,49.02178727v2,49,,116,3,,8/4/2023 20:05,,,,13,,,,,150,2.54,426.72,,,,,,,,,,,,
38280,10.0246396v4,10,,2,1,,8/4/2023 20:28,,,,10,,,,,120,2.23,294.36,,,,,,,,,,,,
38281,10.02178748v1,10,,2,3,,8/4/2023 20:41,,,,20,,,,,240,2.54,640.08,,,,,,,,,,,,
38282,55.02173553v1,55,,114,1,,8/4/2023 20:28,,,,5,,,,,60,2.56,184.32,,,,,,,,,,,,
38283,10.02176772v4,10,,2,4,,8/4/2023 20:42,,,,7,,,,,75,2.83,271.68,,,,,,,,,,,,
38283,10.02176771v4,10,,2,4,,8/4/2023 20:42,,,,7,,,,,75,2.83,271.68,,,,,,,,,,,,
38284,10.02168307v2,10,,2,3,,8/5/2023 18:33,,,,13,,,,,150,2.54,426.72,,,,,,,,,,,,
38284,10.02168095v1,10,,2,3,,8/5/2023 18:33,,,,13,,,,,150,2.54,426.72,,,,,,,,,,,,
38285,10.02164450v2,10,,2,3,,8/4/2023 22:02,,,,17,,,,,200,2.54,548.64,,,,,,,,,,,,
38285,10.02164452v2,10,,2,3,,8/4/2023 22:02,,,,17,,,,,200,2.54,548.64,,,,,,,,,,,,
38286,10.02174472v3,10,,2,4,,8/4/2023 21:46,,,,10,,,,,120,2.71,357.72,,,,,,,,,,,,
38286,10.02174473v1,10,,2,4,,8/4/2023 21:46,,,,10,,,,,120,2.71,357.72,,,,,,,,,,,,
38287,10.02113675v1,10,,2,3,,8/18/2023 16:58,,,,84,,,,,1000,2.01,2050.2,,,,,,,,,,,,
38288,10.02175342v3,10,,2,4,,8/4/2023 22:12,,,,5,,,,,60,2.83,203.76,,,,,,,,,,,,
38290,10.02164205v1,10,,2,1,,8/4/2023 21:45,,,,42,,,,,500,1.96,1011.36,,,,,,,,,,,,
38291,12.02179077v1,12,,4,1,,8/8/2023 13:25,,,,6,,,,,70,2.23,187.32,,,,,,,,,,,,
38292,10.02178503v3,10,,2,3,,8/4/2023 22:30,,,,5,,,,,60,2.85,205.2,,,,,,,,,,,,
38293,55.02177326v2,55,,114,1,,8/4/2023 23:03,,,,5,,,,,60,2.56,184.32,,,,,,,,,,,,
38294,10.02137354v2,10,,2,1,,8/4/2023 23:02,,,,10,,,,,120,2.23,294.36,,,,,,,,,,,,
38295,17.02179044v2,17,,9,4,,8/5/2023 18:34,,,,10,,,,,120,2.71,357.72,,,,,,,,,,,,
38295,17.02179046v2,17,,9,4,,8/5/2023 18:34,,,,10,,,,,120,2.71,357.72,,,,,,,,,,,,
38296,10.02177933v1,10,,2,1,,8/7/2023 13:13,,,,9,,,,,100,2.56,307.2,,,,,,,,,,,,
38297,,70,,,3,45152,8/7/2023 15:17,,,,,,,,,,1.72,,29914,2585,21166,46862,64,17969,2640,123979,8/7/2023 15:12,8/14/2023,216,4478.88
38298,46.02178704v1,46,,113,1,,8/7/2023 15:13,,,,10,,,,,120,2.23,294.36,,,,,,,,,,,,
38298,46.03179128v1,46,,113,1,,8/7/2023 15:13,,,,5,,,,,60,2.56,184.32,,,,,,,,,,,,
38299,10.02178756v1,10,,2,4,,8/8/2023 19:14,,,,8,,,,,90,2.83,305.64,,,,,,,,,,,,
38301,10.02177881v2,10,,2,1,,8/7/2023 16:46,,,,5,,,,,60,2.56,184.32,,,,,,,,,,,,
38302,55.02106781v1,55,,114,1,,8/7/2023 17:29,,,,50,,,,,600,1.88,1150.56,,,,,,,,,,,,
38303,10.02172800v1,10,,2,3,,8/10/2023 14:08,,,,10,,,,,120,2.72,359.04,,,,,,,,,,,,
38303,10.02172799v1,10,,2,3,,8/10/2023 14:08,,,,10,,,,,120,2.72,359.04,,,,,,,,,,,,
38304,10.02172800v1,10,,2,3,,8/8/2023 14:16,,,,9,,,,,100,2.85,342,,,,,,,,,,,,
38304,10.02172799v1,10,,2,3,,8/8/2023 14:16,,,,9,,,,,100,2.85,342,,,,,,,,,,,,
38305,10.02177008v1,10,,2,1,,8/8/2023 4:06,,,,10,,,,,120,2.23,294.36,,,,,,,,,,,,
38306,10.02120264v2,10,,2,4,,8/7/2023 17:40,,,,5,,,,,60,2.83,203.76,,,,,,,,,,,,
38307,10.02179179v1,10,,2,4,,8/7/2023 18:27,,,,5,,,,,60,2.83,203.76,,,,,,,,,,,,
38308,10.02178798v2,10,,2,4,,8/7/2023 19:36,,,,5,,,,,60,2.83,203.76,,,,,,,,,,,,
38309,932178731v3,93,2400,120,10,45168,8/7/2023 19:55,Distributor,existingbusiness,14449252942,200,1.11,0,2677.32,2664,,,,,,,,,,,,,,,
38310,932179221v1,93,500,120,10,45174,8/8/2023 15:38,Direct,newbusiness,14433014964,42,1.31,0,675.96,655,,,,,,,,,,,,,,,
38311,10.0230341v1,10,,2,3,,8/7/2023 19:54,,,,17,,,,,200,2.54,548.64,,,,,,,,,,,,
38312,10.02179002v1,10,,2,1,,8/7/2023 19:54,,,,5,,,,,60,2.56,184.32,,,,,,,,,,,,
38313,10.02151359v1,10,,2,3,,8/17/2023 21:37,,,,6,,,,,62,2.85,239.4,,,,,,,,,,,,
38314,10.02176460v1,10,,2,1,,8/8/2023 15:06,,,,10,,,,,120,2.23,294.36,,,,,,,,,,,,
38315,46.02178962v1,46,,113,3,,8/8/2023 14:42,,,,5,,,,,60,2.85,205.2,,,,,,,,,,,,
38316,10.02124122v1,10,,2,3,,8/8/2023 13:25,,,,42,,,,,500,2.54,1310.64,,,,,,,,,,,,
38318,10.029297v1,10,,2,3,,8/9/2023 18:13,,,,3,,,,,30,3.18,152.64,,,,,,,,,,,,
38319,10.02179287v1,10,,2,3,,8/8/2023 19:15,,,,17,,,,,200,2.54,548.64,,,,,,,,,,,,
38320,55.02179307v2,55,,114,1,,8/8/2023 19:14,,,,5,,,,,60,2.56,184.32,,,,,,,,,,,,
38321,10.02177846v3,10,,2,1,,8/7/2023 22:52,,,,6,,,,,65,2.56,215.04,,,,,,,,,,,,
38322,46.02175636v1,46,,113,1,,8/8/2023 13:30,,,,42,,,,,500,1.96,1011.36,,,,,,,,,,,,
38323,10.02177755v2,10,,2,1,,8/8/2023 15:58,,,,20,,,,,240,1.96,493.92,,,,,,,,,,,,
38324,10.02179231v1,10,,2,1,,8/8/2023 15:11,,,,5,,,,,60,2.56,184.32,,,,,,,,,,,,
38324,10.02179230v1,10,,2,1,,8/8/2023 15:11,,,,5,,,,,60,2.56,184.32,,,,,,,,,,,,
38325,10.0232611v10,10,,2,4,,8/8/2023 14:18,,,,10,,,,,120,2.71,357.72,,,,,,,,,,,,
38326,10.02140703v1,10,,2,3,,8/8/2023 18:44,,,,21,,,,,250,2.54,670.56,,,,,,,,,,,,
38327,10.02178060v1,10,,2,1,,8/18/2023 9:43,,,,7,,,,,76,2.56,245.76,,,,,,,,,,,,
38328,10.02110822v1,10,,2,1,,8/10/2023 20:06,,,,25,,,,,300,1.96,611.52,,,,,,,,,,,,
38329,10.02178480v1,10,,2,1,,8/8/2023 15:37,,,,10,,,,,120,2.23,294.36,,,,,,,,,,,,
38330,10.02107726v1,10,,2,3,,8/8/2023 15:58,,,,10,,,,,120,2.72,359.04,,,,,,,,,,,,
38331,10.02178106v3,10,,2,1,,8/8/2023 18:49,,,,5,,,,,60,2.56,184.32,,,,,,,,,,,,
38332,932178899v1,93,500,120,10,45174,8/8/2023 19:59,Distributor,existingbusiness,14381063596,42,1.31,0,675.96,655,,,,,,,,,,,,,,,
38333,10.02150731v1,10,,2,1,,8/8/2023 17:04,,,,20,,,,,240,1.96,493.92,,,,,,,,,,,,
38334,46.02179139v1,46,,113,3,,8/9/2023 18:13,,,,24,,,,,279,2.54,762,,,,,,,,,,,,
38335,10.0233994v1,10,,2,4,,8/8/2023 17:27,,,,5,,,,,60,2.83,203.76,,,,,,,,,,,,
38336,10.02177471v1,10,,2,1,,8/8/2023 23:10,,,,10,,,,,120,2.23,294.36,,,,,,,,,,,,
38337,55.02179467v1,55,,114,3,,8/9/2023 22:37,,,,10,,,,,120,2.8,369.6,,,,,,,,,,,,
38337,12.02173647v2,12,,4,3,,8/9/2023 22:37,,,,7,,,,,80,2.6,249.6,,,,,,,,,,,,
38338,55.02177747v2,55,,114,1,,8/8/2023 19:19,,,,10,,,,,120,2.23,294.36,,,,,,,,,,,,
38339,55.02179436v1,55,,114,3,,8/9/2023 18:13,,,,3,,,,,30,2.93,140.64,,,,,,,,,,,,
38340,10.0240030v3,10,,2,4,,8/8/2023 20:20,,,,25,,,,,300,2.54,792.48,,,,,,,,,,,,
38341,10.02122887v1,10,,2,3,,8/8/2023 20:15,,,,10,,,,,120,2.72,359.04,,,,,,,,,,,,
38343,932179366v1,93,120,120,10,45174,8/9/2023 20:48,Direct,newbusiness,14438073170,10,1.8,0,237.6,216,,,,,,,,,,,,,,,
38344,10.0228606v2,10,,2,4,,8/8/2023 21:41,,,,5,,,,,60,2.83,203.76,,,,,,,,,,,,
38345,10.02179553v1,10,,2,3,,8/9/2023 17:00,,,,5,,,,,60,2.85,205.2,,,,,,,,,,,,
38346,10.02179444v1,10,,2,1,,8/9/2023 13:42,,,,10,,,,,120,2.23,294.36,,,,,,,,,,,,
38347,932179472v2,93,120,120,10,45183,8/21/2023 21:45,Distributor,existingbusiness,14528940358,10,1.8,0,237.6,216,,,,,,,,,,,,,,,
38348,10.02179562v2,10,,2,4,,8/9/2023 0:16,,,,3,,,,,31,2.83,135.84,,,,,,,,,,,,
38349,10.0247850v1,10,,2,4,,8/9/2023 13:24,,,,5,,,,,60,2.83,203.76,,,,,,,,,,,,
38349,10.0247848v1,10,,2,4,,8/9/2023 13:24,,,,5,,,,,60,2.83,203.76,,,,,,,,,,,,
38350,55.02177700v2,55,,114,3,,8/18/2023 22:28,,,,7,,,,,75,2.93,281.28,,,,,,,,,,,,
38350,55.02177701v2,55,,114,3,,8/18/2023 22:28,,,,7,,,,,75,2.93,281.28,,,,,,,,,,,,
38351,10.02177215v2,10,,2,1,,8/10/2023 21:48,,,,11,,,,,121,2.23,321.12,,,,,,,,,,,,
38352,10.0253112v1,10,,2,4,,8/8/2023 23:01,,,,17,,,,,200,2.54,548.64,,,,,,,,,,,,
38353,46.02157961v2,46,,113,1,,8/9/2023 18:44,,,,6,,,,,70,2.56,215.04,,,,,,,,,,,,
38355,46.02175574v1,46,,113,1,,8/8/2023 23:44,,,,20,,,,,240,1.96,493.92,,,,,,,,,,,,
38356,12.0282866v3,12,,4,3,,8/9/2023 13:01,,,,5,,,,,60,2.6,187.2,,,,,,,,,,,,
38356,10.0282191v4,10,,2,3,,8/9/2023 13:01,,,,5,,,,,60,2.85,205.2,,,,,,,,,,,,
38358,10.02145644v2,10,,2,1,,8/9/2023 12:37,,,,10,,,,,120,2.23,294.36,,,,,,,,,,,,
38359,10.02138844v1,10,,2,1,,8/9/2023 14:07,,,,20,,,,,240,1.96,493.92,,,,,,,,,,,,
38360,10.02179600v1,10,,2,1,,8/9/2023 14:08,,,,13,,,,,150,1.96,329.28,,,,,,,,,,,,
38361,55.02170893v1,55,,114,3,,8/10/2023 23:06,,,,6,,,,,61,2.93,246.12,,,,,,,,,,,,
38361,55.02171922v1,55,,114,3,,8/10/2023 23:06,,,,3,,,,,30,2.93,140.64,,,,,,,,,,,,
38361,55.02170891v1,55,,114,3,,8/10/2023 23:06,,,,6,,,,,61,2.93,246.12,,,,,,,,,,,,
38362,10.02178610v1,10,,2,1,,8/9/2023 14:41,,,,20,,,,,240,1.96,493.92,,,,,,,,,,,,
38363,11.02116041v1,11,,3,1,,8/9/2023 20:02,,,,5,,,,,60,3.33,239.76,,,,,,,,,,,,
38364,49.02178428v1,49,,116,1,,8/9/2023 15:01,,,,20,,,,,240,1.96,493.92,,,,,,,,,,,,
38365,10.02173650v2,10,,2,3,,8/9/2023 16:20,,,,10,,,,,120,2.72,359.04,,,,,,,,,,,,
38366,10.03156861v1,10,,2,1,,8/9/2023 15:30,,,,15,,,,,180,1.96,376.32,,,,,,,,,,,,
38367,10.02178895v1,10,,2,1,,8/9/2023 15:13,,,,5,,,,,60,2.56,184.32,,,,,,,,,,,,
38368,10.02179458v2,10,,2,1,,8/9/2023 15:17,,,,5,,,,,60,2.56,184.32,,,,,,,,,,,,
38369,10.0280608v3,10,,2,4,,8/9/2023 15:26,,,,10,,,,,120,2.71,357.72,,,,,,,,,,,,
38370,10.02179621v1,10,,2,4,,8/9/2023 16:08,,,,4,,,,,40,2.83,169.8,,,,,,,,,,,,
38371,10.02140287v1,10,,2,1,,8/9/2023 17:00,,,,60,,,,,720,1.79,1310.28,,,,,,,,,,,,
38372,10.02117926v1,10,,2,1,,8/9/2023 16:45,,,,20,,,,,240,1.96,493.92,,,,,,,,,,,,
38373,46.02179054v1,46,,113,1,,8/9/2023 17:23,,,,50,,,,,600,1.88,1150.56,,,,,,,,,,,,
38375,10.02177704v2,10,,2,3,,8/9/2023 20:28,,,,75,,,,,900,2.01,1833.12,,,,,,,,,,,,
38375,10.01179662v1,10,,2,3,,8/9/2023 20:28,,,,9,,,,,100,2.85,342,,,,,,,,,,,,
38376,10.02179394v1,10,,2,3,,8/9/2023 22:55,,,,21,,,,,250,2.54,670.56,,,,,,,,,,,,
38376,10.02179392v1,10,,2,3,,8/9/2023 22:55,,,,21,,,,,250,2.54,670.56,,,,,,,,,,,,
38377,10.02178971v1,10,,2,4,,8/9/2023 22:37,,,,5,,,,,60,2.83,203.76,,,,,,,,,,,,
38377,10.02178971v6,10,,2,4,,8/9/2023 22:37,,,,5,,,,,60,2.83,203.76,,,,,,,,,,,,
38378,10.02130295v2,10,,2,1,,8/9/2023 19:10,,,,17,,,,,200,1.96,423.36,,,,,,,,,,,,
38379,10.02179686v1,10,,2,4,,8/9/2023 19:19,,,,3,,,,,30,2.83,135.84,,,,,,,,,,,,
38380,48.02179385v1,48,,115,1,,8/10/2023 14:49,,,,7,,,,,77,2.56,245.76,,,,,,,,,,,,
38381,10.02178725v1,10,,2,4,,8/9/2023 20:15,,,,5,,,,,60,2.83,203.76,,,,,,,,,,,,
38382,10.02179685v1,10,,2,3,,8/9/2023 20:22,,,,30,,,,,350,2.54,944.88,,,,,,,,,,,,
38383,10.02179692v1,10,,2,1,,8/9/2023 22:57,,,,5,,,,,60,2.56,184.32,,,,,,,,,,,,
38384,10.0297038v1,10,,2,4,,8/10/2023 14:57,,,,20,,,,,240,2.54,640.08,,,,,,,,,,,,
38386,10.02177163v2,10,,2,1,,8/23/2023 14:57,,,,10,,,,,120,2.23,294.36,,,,,,,,,,,,
38386,10.02167191v1,10,,2,1,,8/23/2023 14:57,,,,10,,,,,120,2.23,294.36,,,,,,,,,,,,
38387,10.02179764v3,10,,2,3,,8/9/2023 22:54,,,,30,,,,,360,2.54,944.88,,,,,,,,,,,,
38388,46.02179374v1,46,,113,1,,8/10/2023 21:47,,,,13,,,,,150,1.96,329.28,,,,,,,,,,,,
38389,55.02179731v1,55,,114,1,,8/9/2023 22:37,,,,9,,,,,102,2.56,307.2,,,,,,,,,,,,
38390,10.02179619v1,10,,2,4,,8/10/2023 15:29,,,,10,,,,,120,2.71,357.72,,,,,,,,,,,,
38391,46.02179816v1,46,,113,1,,8/9/2023 22:55,,,,20,,,,,240,1.96,493.92,,,,,,,,,,,,
38391,55.02102207v2,55,,114,1,,8/9/2023 22:55,,,,20,,,,,240,1.96,493.92,,,,,,,,,,,,
38392,10.02179459v2,10,,2,1,,8/10/2023 14:13,,,,34,,,,,400,1.96,823.2,,,,,,,,,,,,
38393,10.02107466v1,10,,2,3,,8/9/2023 22:44,,,,6,,,,,70,2.85,239.4,,,,,,,,,,,,
38394,932179818v1,93,1000,120,10,45177,8/10/2023 23:07,Direct,existingbusiness,14519417988,84,1.24,0,1264.8,1240,,,,,,,,,,,,,,,
38395,932179725v1,93,125,120,10,45174,8/10/2023 18:13,Distributor,existingbusiness,14545503376,11,1.8,0,259.2,225,,,,,,,,,,,,,,,
38395,932179726v1,93,125,120,10,45174,8/10/2023 18:13,Distributor,existingbusiness,14545503376,11,1.8,0,259.2,225,,,,,,,,,,,,,,,
38396,10.02178817v1,10,,2,3,,8/10/2023 14:05,,,,84,,,,,1000,2.01,2050.2,,,,,,,,,,,,
38397,932178382v2,93,250,120,10,45174,8/10/2023 16:35,Distributor,existingbusiness,14432111247,21,1.42,0,374.88,355,,,,,,,,,,,,,,,
38398,10.0235867v1,10,,2,4,,8/10/2023 15:34,,,,5,,,,,60,2.83,203.76,,,,,,,,,,,,
38399,55.02123274v2,55,,114,1,,8/16/2023 15:56,,,,42,,,,,500,1.96,1011.36,,,,,,,,,,,,
38400,10.02179093v2,10,,2,3,,8/10/2023 14:08,,,,10,,,,,120,2.72,359.04,,,,,,,,,,,,
38401,932179910v1,93,500,120,10,45174,8/10/2023 14:56,Distributor,existingbusiness,14418750558,42,1.31,0,675.96,655,,,,,,,,,,,,,,,
38402,10.02111545v4,10,,2,1,,8/30/2023 14:10,,,,20,,,,,240,1.96,493.92,,,,,,,,,,,,
38404,55.02159769v2,55,,114,1,,8/10/2023 23:06,,,,42,,,,,500,1.96,1011.36,,,,,,,,,,,,
38405,10.0233994v1,10,,2,4,,8/10/2023 14:34,,,,5,,,,,60,2.83,203.76,,,,,,,,,,,,
38406,10.02176102v1,10,,2,4,,8/10/2023 15:32,,,,5,,,,,60,2.83,203.76,,,,,,,,,,,,
38407,10.0247377v1,10,,2,1,,8/10/2023 15:38,,,,5,,,,,60,2.56,184.32,,,,,,,,,,,,
38407,10.0247378v1,10,,2,1,,8/10/2023 15:38,,,,5,,,,,60,2.56,184.32,,,,,,,,,,,,
38408,10.0228986v2,10,,2,4,,8/10/2023 16:40,,,,3,,,,,30,2.83,135.84,,,,,,,,,,,,
38409,10.02179812v1,10,,2,3,,8/10/2023 17:56,,,,34,,,,,400,2.54,1066.8,,,,,,,,,,,,
38410,10.02178346v1,10,,2,3,,8/11/2023 17:28,,,,3,,,,,30,3.18,152.64,,,,,,,,,,,,
38411,10.02180010v1,10,,2,1,,8/10/2023 23:06,,,,10,,,,,120,2.23,294.36,,,,,,,,,,,,
38411,10.02180006v1,10,,2,1,,8/10/2023 23:06,,,,10,,,,,120,2.23,294.36,,,,,,,,,,,,
38412,10.02167634v1,10,,2,1,,8/10/2023 20:41,,,,10,,,,,120,2.23,294.36,,,,,,,,,,,,
38413,55.02137372v1,55,,114,1,,8/15/2023 22:36,,,,13,,,,,150,1.96,329.28,,,,,,,,,,,,
38414,10.02117975v1,10,,2,1,,8/11/2023 18:00,,,,5,,,,,60,2.56,184.32,,,,,,,,,,,,
38415,10.02116585v1,10,,2,3,,8/10/2023 21:49,,,,13,,,,,150,2.54,426.72,,,,,,,,,,,,
38416,10.02180085v1,10,,2,1,,8/10/2023 21:47,,,,9,,,,,100,2.56,307.2,,,,,,,,,,,,
38419,10.02177880v2,10,,2,4,,8/11/2023 17:52,,,,5,,,,,60,2.83,203.76,,,,,,,,,,,,
38420,10.0282707v1,10,,2,3,,8/10/2023 23:06,,,,200,,,,,2400,1.72,4148.64,,,,,,,,,,,,
38421,10.02179690v1,10,,2,1,,8/11/2023 18:34,,,,21,,,,,250,1.96,517.44,,,,,,,,,,,,
38421,10.02178390v2,10,,2,1,,8/11/2023 18:34,,,,21,,,,,250,1.96,517.44,,,,,,,,,,,,
38421,10.02178392v3,10,,2,1,,8/11/2023 18:34,,,,21,,,,,250,1.96,517.44,,,,,,,,,,,,
38421,10.02178393v2,10,,2,1,,8/11/2023 18:34,,,,21,,,,,250,1.96,517.44,,,,,,,,,,,,
38422,10.0278937v1,10,,2,3,,8/11/2023 14:30,,,,21,,,,,250,2.54,670.56,,,,,,,,,,,,
38423,10.02179411v2,10,,2,1,,8/10/2023 23:31,,,,6,,,,,65,2.56,215.04,,,,,,,,,,,,
38424,10.02179889v1,10,,2,4,,8/11/2023 18:32,,,,13,,,,,150,2.54,426.72,,,,,,,,,,,,
38424,10.02179986v1,10,,2,4,,8/11/2023 18:32,,,,13,,,,,150,2.54,426.72,,,,,,,,,,,,
38425,55.02177773v1,55,,114,3,,8/11/2023 13:36,,,,3,,,,,32,2.93,140.64,,,,,,,,,,,,
38426,10.0262575v1,10,,2,3,,8/11/2023 14:08,,,,125,,,,,1500,2.01,3039.12,,,,,,,,,,,,
38427,10.0297686v2,10,,2,3,,8/14/2023 17:00,,,,42,,,,,500,2.54,1310.64,,,,,,,,,,,,
38429,10.02173325v1,10,,2,4,,8/11/2023 22:56,,,,5,,,,,60,2.83,203.76,,,,,,,,,,,,
38430,10.02147769v2,10,,2,1,,8/11/2023 15:02,,,,30,,,,,350,1.96,729.12,,,,,,,,,,,,
38431,10.02105737v4,10,,2,3,,8/15/2023 14:18,,,,11,,,,,125,2.72,391.68,,,,,,,,,,,,
38431,10.02105737v1,10,,2,3,,8/15/2023 14:18,,,,12,,,,,135,2.54,396.24,,,,,,,,,,,,
38431,10.02105101v1,10,,2,3,,8/15/2023 14:18,,,,12,,,,,140,2.54,396.24,,,,,,,,,,,,
38432,10.02179814v1,10,,2,1,,8/11/2023 15:08,,,,30,,,,,360,1.96,729.12,,,,,,,,,,,,
38433,10.02175155v1,10,,2,1,,8/14/2023 15:33,,,,13,,,,,150,1.96,329.28,,,,,,,,,,,,
38434,55.02145020v1,55,,114,1,,8/11/2023 17:57,,,,84,,,,,1000,1.79,1825.8,,,,,,,,,,,,
38436,10.02174176v1,10,,2,4,,8/11/2023 17:30,,,,25,,,,,300,2.54,792.48,,,,,,,,,,,,
38437,10.02153722v1,10,,2,1,,8/11/2023 17:23,,,,21,,,,,250,1.96,517.44,,,,,,,,,,,,
38438,10.02180071v1,10,,2,1,,8/11/2023 18:19,,,,5,,,,,60,2.56,184.32,,,,,,,,,,,,
38439,55.02158622v3,55,,114,4,,8/11/2023 17:59,,,,8,,,,,90,3,324,,,,,,,,,,,,
38439,55.02158620v3,55,,114,4,,8/11/2023 17:59,,,,8,,,,,90,3,324,,,,,,,,,,,,
38439,55.02176973v1,55,,114,4,,8/11/2023 17:59,,,,8,,,,,90,3,324,,,,,,,,,,,,
38440,10.0274805v1,10,,2,3,,8/14/2023 13:58,,,,25,,,,,300,2.54,792.48,,,,,,,,,,,,
38441,55.02143815v2,55,,114,1,,8/11/2023 18:16,,,,9,,,,,100,2.56,307.2,,,,,,,,,,,,
38442,55.02180068v1,55,,114,1,,8/12/2023 0:14,,,,20,,,,,240,1.96,493.92,,,,,,,,,,,,
38443,10.02178286v2,10,,2,4,,8/14/2023 21:29,,,,5,,,,,60,2.83,203.76,,,,,,,,,,,,
38444,10.02150076v1,10,,2,1,,8/16/2023 15:22,,,,13,,,,,150,1.96,329.28,,,,,,,,,,,,
38445,55.02180247v1,55,,114,3,,8/11/2023 19:29,,,,5,,,,,60,2.93,210.96,,,,,,,,,,,,
38446,10.02179687v1,10,,2,4,,8/11/2023 19:43,,,,9,,,,,100,2.83,339.6,,,,,,,,,,,,
38447,10.02175153v5,10,,2,4,,8/11/2023 21:08,,,,10,,,,,120,2.71,357.72,,,,,,,,,,,,
38448,10.0261941v1,10,,2,3,,8/11/2023 21:22,,,,21,,,,,250,2.54,670.56,,,,,,,,,,,,
38449,10.02180266v2,10,,2,4,,8/14/2023 14:37,,,,8,,,,,85,2.83,305.64,,,,,,,,,,,,
38450,55.02176002v1,55,,114,1,,8/11/2023 23:31,,,,10,,,,,120,2.23,294.36,,,,,,,,,,,,
38452,49.02177161v3,49,,116,4,,8/11/2023 22:56,,,,5,,,,,60,2.83,203.76,,,,,,,,,,,,
38453,10.02179856v1,10,,2,4,,8/11/2023 22:55,,,,9,,,,,100,2.83,339.6,,,,,,,,,,,,
38456,932180251v1,93,180,120,10,45188,8/14/2023 16:40,Direct,existingbusiness,14559814282,15,1.8,0,345.6,324,,,,,,,,,,,,,,,
38456,932180251v1,93,60,120,10,45190,8/14/2023 16:40,Direct,existingbusiness,14559814282,5,1.8,0,129.6,108,,,,,,,,,,,,,,,
38457,12.02177558v2,12,,4,3,,8/18/2023 20:20,,,,13,,,,,150,2.29,384.72,,,,,,,,,,,,
38458,10.02180257v1,10,,2,1,,8/14/2023 13:03,,,,9,,,,,100,2.56,307.2,,,,,,,,,,,,
38459,10.02180344v1,10,,2,1,,8/11/2023 22:59,,,,15,,,,,171,1.96,376.32,,,,,,,,,,,,
38460,,70,,,1,45154,8/11/2023 23:02,,,,,,,,,,2.56,,29956,60,21339,46879,64,18118,72,124386,8/11/2023 23:00,8/16/2023,5,184.32
38461,10.02166194v1,10,,2,1,,8/14/2023 7:43,,,,10,,,,,120,2.23,294.36,,,,,,,,,,,,
38462,10.02179581v2,10,,2,3,,8/14/2023 15:35,,,,50,,,,,600,2.28,1395.36,,,,,,,,,,,,
38463,55.02180408v1,55,,114,3,,8/14/2023 15:56,,,,3,,,,,30,2.93,140.64,,,,,,,,,,,,
38464,10.02114060v1,10,,2,3,,8/14/2023 16:59,,,,40,,,,,480,2.54,1249.68,,,,,,,,,,,,
38465,10.02179389v1,10,,2,4,,8/14/2023 17:59,,,,20,,,,,240,2.54,640.08,,,,,,,,,,,,
38466,10.02178195v1,10,,2,1,,8/14/2023 21:29,,,,42,,,,,500,1.96,1011.36,,,,,,,,,,,,
38467,10.02161896v1,10,,2,3,,8/14/2023 18:38,,,,10,,,,,120,2.72,359.04,,,,,,,,,,,,
38467,10.02161883v1,10,,2,3,,8/14/2023 18:38,,,,10,,,,,120,2.72,359.04,,,,,,,,,,,,
38468,10.02178115v2,10,,2,1,,8/16/2023 12:25,,,,30,,,,,360,1.96,729.12,,,,,,,,,,,,
38469,10.03180510v1,10,,2,4,,8/14/2023 20:49,,,,7,,,,,80,2.83,271.68,,,,,,,,,,,,
38469,10.02179415v2,10,,2,4,,8/14/2023 20:49,,,,5,,,,,60,2.83,203.76,,,,,,,,,,,,
38470,10.02116742v4,10,,2,1,,8/14/2023 20:47,,,,63,,,,,750,1.79,1374.72,,,,,,,,,,,,
38471,10.02177092v2,10,,2,1,,8/14/2023 22:25,,,,6,,,,,61,2.56,215.04,,,,,,,,,,,,
38472,10.02140414v2,10,,2,3,,8/15/2023 14:22,,,,59,,,,,700,2.28,1641.6,,,,,,,,,,,,
38473,55.02177000v6,55,,114,1,,8/14/2023 22:34,,,,10,,,,,120,2.23,294.36,,,,,,,,,,,,
38473,55.02176988v2,55,,114,1,,8/14/2023 22:34,,,,10,,,,,120,2.23,294.36,,,,,,,,,,,,
38474,10.02154845v1,10,,2,1,,8/15/2023 14:38,,,,6,,,,,72,2.56,215.04,,,,,,,,,,,,
38475,49.02177489v5,49,,116,1,,8/14/2023 23:05,,,,21,,,,,250,1.96,517.44,,,,,,,,,,,,
38476,10.02179802v2,10,,2,1,,8/15/2023 14:17,,,,51,,,,,601,1.88,1173.12,,,,,,,,,,,,
38477,55.02172608v1,55,,114,1,,8/15/2023 14:06,,,,7,,,,,80,2.56,245.76,,,,,,,,,,,,
38478,932180751v1,93,200,120,10,45177,8/15/2023 15:20,Direct,existingbusiness,14623202396,17,1.8,0,388.8,360,,,,,,,,,,,,,,,
38479,10.02178991v2,10,,2,1,,8/15/2023 17:42,,,,7,,,,,77,2.56,245.76,,,,,,,,,,,,
38479,10.02178990v1,10,,2,1,,8/15/2023 17:42,,,,5,,,,,60,2.56,184.32,,,,,,,,,,,,
38480,10.02180485v1,10,,2,1,,8/15/2023 21:14,,,,9,,,,,100,2.56,307.2,,,,,,,,,,,,
38481,10.02180276v1,10,,2,1,,8/15/2023 17:25,,,,21,,,,,250,1.96,517.44,,,,,,,,,,,,
38482,10.02178655v1,10,,2,1,,8/16/2023 20:40,,,,5,,,,,60,2.56,184.32,,,,,,,,,,,,
38483,55.02178469v1,55,,114,1,,8/22/2023 20:50,,,,22,,,,,255,1.96,540.96,,,,,,,,,,,,
38484,55.02113233v5,55,,114,1,,8/15/2023 14:32,,,,10,,,,,120,2.23,294.36,,,,,,,,,,,,
38485,10.02180119v1,10,,2,4,,8/17/2023 17:07,,,,60,,,,,720,2.01,1471.32,,,,,,,,,,,,
38486,10.0219046v2,10,,2,3,,8/15/2023 17:26,,,,30,,,,,360,2.54,944.88,,,,,,,,,,,,
38487,10.02133229v2,10,,2,4,,8/15/2023 15:49,,,,10,,,,,114,2.83,373.56,,,,,,,,,,,,
38488,10.02140572v1,10,,2,3,,8/15/2023 16:30,,,,17,,,,,200,2.54,548.64,,,,,,,,,,,,
38489,10.02178051v1,10,,2,3,,8/21/2023 19:30,,,,10,,,,,120,2.72,359.04,,,,,,,,,,,,
38490,10.02180529v1,10,,2,1,,8/15/2023 17:22,,,,19,,,,,220,1.96,470.4,,,,,,,,,,,,
38491,10.02177960v1,10,,2,3,,8/16/2023 21:08,,,,42,,,,,500,2.54,1310.64,,,,,,,,,,,,
38492,10.02181013v1,10,,2,3,,8/16/2023 18:10,,,,3,,,,,30,3.18,152.64,,,,,,,,,,,,
38493,10.02153388v1,10,,2,1,,8/15/2023 20:17,,,,5,,,,,60,2.56,184.32,,,,,,,,,,,,
38494,10.02179107v1,10,,2,1,,8/16/2023 0:46,,,,10,,,,,120,2.23,294.36,,,,,,,,,,,,
38495,10.02170919v1,10,,2,1,,8/15/2023 18:26,,,,52,,,,,615,1.88,1195.68,,,,,,,,,,,,
38496,55.02179622v1,55,,114,1,,8/15/2023 22:42,,,,10,,,,,120,2.23,294.36,,,,,,,,,,,,
38497,10.02180442v1,10,,2,1,,8/15/2023 23:11,,,,9,,,,,100,2.56,307.2,,,,,,,,,,,,
38498,10.02157775v1,10,,2,1,,8/15/2023 17:34,,,,9,,,,,100,2.56,307.2,,,,,,,,,,,,
38500,10.02180634v1,10,,2,1,,8/15/2023 18:07,,,,10,,,,,120,2.23,294.36,,,,,,,,,,,,
38502,10.02180606v1,10,,2,1,,8/15/2023 19:07,,,,3,,,,,30,3.18,152.64,,,,,,,,,,,,
38503,10.02178953v3,10,,2,4,,8/15/2023 19:25,,,,3,,,,,30,2.83,135.84,,,,,,,,,,,,
38505,10.04172160v1,10,,2,4,,8/15/2023 18:55,,,,6,,,,,70,2.83,237.72,,,,,,,,,,,,
38506,55.02180946v1,55,,114,1,,8/15/2023 18:56,,,,21,,,,,250,1.96,517.44,,,,,,,,,,,,
38507,932136030v2,93,1570,120,10,45181,8/15/2023 23:06,Distributor,existingbusiness,14636327974,131,1.2,0,1900.8,1884,,,,,,,,,,,,,,,
38507,932136030v2,93,30,120,10,45184,8/15/2023 23:06,Distributor,existingbusiness,14636327974,3,1.8,0,86.4,54,,,,,,,,,,,,,,,
38508,55.02179706v1,55,,114,1,,8/16/2023 17:48,,,,5,,,,,60,2.56,184.32,,,,,,,,,,,,
38509,10.02180396v1,10,,2,1,,8/15/2023 19:32,,,,5,,,,,60,2.56,184.32,,,,,,,,,,,,
38510,10.02180790v1,10,,2,4,,8/15/2023 20:08,,,,5,,,,,60,2.83,203.76,,,,,,,,,,,,
38510,10.04180791v1,10,,2,4,,8/15/2023 20:08,,,,10,,,,,120,2.71,357.72,,,,,,,,,,,,
38511,46.02180891v1,46,,113,1,,8/15/2023 20:19,,,,60,,,,,720,1.79,1310.28,,,,,,,,,,,,
38512,10.02179421v5,10,,2,3,,8/15/2023 20:29,,,,5,,,,,60,2.85,205.2,,,,,,,,,,,,
38513,55.02159943v3,55,,114,1,,8/15/2023 22:23,,,,9,,,,,100,2.56,307.2,,,,,,,,,,,,
38513,10.02159937v1,10,,2,1,,8/15/2023 22:23,,,,12,,,,,143,1.96,305.76,,,,,,,,,,,,
38514,10.0289033v1,10,,2,1,,8/21/2023 15:19,,,,30,,,,,360,1.96,729.12,,,,,,,,,,,,
38515,10.02180174v1,10,,2,4,,8/15/2023 21:29,,,,5,,,,,60,2.83,203.76,,,,,,,,,,,,
38516,46.02180912v1,46,,113,1,,8/16/2023 14:24,,,,9,,,,,100,2.56,307.2,,,,,,,,,,,,
38517,10.02117030v2,10,,2,4,,8/15/2023 21:45,,,,10,,,,,120,2.71,357.72,,,,,,,,,,,,
38517,10.0220132v1,10,,2,4,,8/15/2023 21:45,,,,10,,,,,120,2.71,357.72,,,,,,,,,,,,
38518,55.02175040v1,55,,114,4,,8/15/2023 22:30,,,,5,,,,,60,3,216,,,,,,,,,,,,
38519,10.027676v4,10,,2,4,,8/16/2023 16:48,,,,9,,,,,100,2.83,339.6,,,,,,,,,,,,
38520,10.02168983v1,10,,2,1,,8/21/2023 15:23,,,,20,,,,,240,1.96,493.92,,,,,,,,,,,,
38521,10.02168325v1,10,,2,1,,8/16/2023 15:44,,,,10,,,,,120,2.23,294.36,,,,,,,,,,,,
38521,10.02168323v1,10,,2,1,,8/16/2023 15:44,,,,10,,,,,120,2.23,294.36,,,,,,,,,,,,
38521,10.02168326v4,10,,2,1,,8/16/2023 15:44,,,,10,,,,,120,2.23,294.36,,,,,,,,,,,,
38522,10.02180674v1,10,,2,3,,8/16/2023 19:58,,,,13,,,,,150,2.54,426.72,,,,,,,,,,,,
38523,49.02180851v1,49,,116,1,,8/16/2023 17:38,,,,15,,,,,180,1.96,376.32,,,,,,,,,,,,
38524,10.02130208v4,10,,2,3,,8/16/2023 0:02,,,,30,,,,,360,2.54,944.88,,,,,,,,,,,,
38525,10.02178851v1,10,,2,3,,8/18/2023 21:11,,,,21,,,,,250,2.54,670.56,,,,,,,,,,,,
38525,10.02178856v1,10,,2,3,,8/18/2023 21:11,,,,10,,,,,120,2.72,359.04,,,,,,,,,,,,
38525,10.02181016v1,10,,2,3,,8/18/2023 21:11,,,,21,,,,,250,2.54,670.56,,,,,,,,,,,,
38525,10.02178859v1,10,,2,3,,8/18/2023 21:11,,,,21,,,,,250,2.54,670.56,,,,,,,,,,,,
38525,10.02181015v1,10,,2,3,,8/18/2023 21:11,,,,21,,,,,250,2.54,670.56,,,,,,,,,,,,
38526,932181017v1,93,2499,120,10,45189,8/16/2023 21:14,Distributor,existingbusiness,14623164202,209,1.11,0,2797.2,2773.89,,,,,,,,,,,,,,,
38526,932181017v1,93,1,120,10,45191,8/16/2023 21:14,Distributor,existingbusiness,14623164202,1,1.8,0,43.2,1.8,,,,,,,,,,,,,,,
38527,10.03176073v3,10,,2,1,,8/28/2023 14:20,,,,30,,,,,360,1.96,729.12,,,,,,,,,,,,
38527,10.04180644v1,10,,2,1,,8/28/2023 14:20,,,,5,,,,,60,2.56,184.32,,,,,,,,,,,,
38528,10.02178987v1,10,,2,1,,8/16/2023 14:28,,,,30,,,,,360,1.96,729.12,,,,,,,,,,,,
38529,17.02166912v2,17,,9,1,,8/16/2023 15:37,,,,17,,,,,200,1.96,423.36,,,,,,,,,,,,
38530,10.02176611v2,10,,2,1,,8/16/2023 19:07,,,,10,,,,,120,2.23,294.36,,,,,,,,,,,,
38531,12.02179295v3,12,,4,1,,8/16/2023 16:24,,,,10,,,,,120,1.9,250.8,,,,,,,,,,,,
38532,932180817v1,93,140,120,10,45180,8/16/2023 19:07,Direct,newbusiness,14635163661,12,1.8,0,280.8,252,,,,,,,,,,,,,,,
38533,10.02179373v1,10,,2,1,,8/16/2023 16:44,,,,10,,,,,120,2.23,294.36,,,,,,,,,,,,
38535,55.02181044v1,55,,114,1,,8/16/2023 19:03,,,,17,,,,,200,1.96,423.36,,,,,,,,,,,,
38536,44.0222132v1,44,,21,3,,8/18/2023 21:28,,,,17,,,,,200,2.62,565.92,,,,,,,,,,,,
38537,10.0233597v1,10,,2,4,,8/16/2023 16:20,,,,10,,,,,120,2.71,357.72,,,,,,,,,,,,
38538,10.0229935v3,10,,2,4,,8/16/2023 19:44,,,,5,,,,,60,2.83,203.76,,,,,,,,,,,,
38540,10.02168988v1,10,,2,1,,8/21/2023 15:44,,,,20,,,,,240,1.96,493.92,,,,,,,,,,,,
38541,10.0293957v1,10,,2,3,,8/16/2023 19:45,,,,10,,,,,120,2.72,359.04,,,,,,,,,,,,
38542,10.02180717v1,10,,2,1,,8/16/2023 19:11,,,,30,,,,,360,1.96,729.12,,,,,,,,,,,,
38542,10.02180718v1,10,,2,1,,8/16/2023 19:11,,,,30,,,,,360,1.96,729.12,,,,,,,,,,,,
38543,10.02167562v3,10,,2,1,,8/16/2023 20:41,,,,5,,,,,60,2.56,184.32,,,,,,,,,,,,
38544,10.02175254v1,10,,2,1,,8/21/2023 22:14,,,,13,,,,,150,1.96,329.28,,,,,,,,,,,,
38544,10.02175255v1,10,,2,1,,8/21/2023 22:14,,,,13,,,,,150,1.96,329.28,,,,,,,,,,,,
38544,10.02175429v1,10,,2,1,,8/21/2023 22:14,,,,84,,,,,1000,1.79,1825.8,,,,,,,,,,,,
38546,12.02136393v1,12,,4,1,,8/17/2023 13:50,,,,50,,,,,600,1.55,948.6,,,,,,,,,,,,
38548,55.02181164v1,55,,114,1,,8/16/2023 20:05,,,,167,,,,,2000,1.71,3447.36,,,,,,,,,,,,
38549,10.0299309v1,10,,2,4,,8/16/2023 19:44,,,,15,,,,,175,2.54,487.68,,,,,,,,,,,,
38550,10.02179303v1,10,,2,3,,8/16/2023 20:24,,,,10,,,,,120,2.72,359.04,,,,,,,,,,,,
38551,10.02157021v1,10,,2,3,,8/16/2023 19:53,,,,5,,,,,60,2.85,205.2,,,,,,,,,,,,
38551,10.02155858v1,10,,2,3,,8/16/2023 19:53,,,,5,,,,,60,2.85,205.2,,,,,,,,,,,,
38552,10.02179308v2,10,,2,3,,8/16/2023 21:00,,,,20,,,,,240,2.54,640.08,,,,,,,,,,,,
38553,10.02179536v1,10,,2,4,,8/16/2023 21:00,,,,10,,,,,120,2.71,357.72,,,,,,,,,,,,
38554,10.02165650v1,10,,2,1,,8/16/2023 19:58,,,,60,,,,,720,1.79,1310.28,,,,,,,,,,,,
38556,10.02172375v4,10,,2,3,,8/16/2023 20:44,,,,10,,,,,120,2.72,359.04,,,,,,,,,,,,
38556,10.02172375v11,10,,2,3,,8/16/2023 20:44,,,,10,,,,,120,2.72,359.04,,,,,,,,,,,,
38556,10.02172375v5,10,,2,3,,8/16/2023 20:44,,,,5,,,,,60,2.85,205.2,,,,,,,,,,,,
38556,10.02172375v9,10,,2,3,,8/16/2023 20:44,,,,5,,,,,60,2.85,205.2,,,,,,,,,,,,
38556,10.02172375v10,10,,2,3,,8/16/2023 20:44,,,,10,,,,,120,2.72,359.04,,,,,,,,,,,,
38557,55.02179936v3,55,,114,4,,8/17/2023 17:08,,,,25,,,,,300,2.7,842.4,,,,,,,,,,,,
38558,10.02161141v2,10,,2,3,,8/16/2023 21:21,,,,5,,,,,60,2.85,205.2,,,,,,,,,,,,
38559,55.02180178v1,55,,114,1,,8/21/2023 20:25,,,,10,,,,,120,2.23,294.36,,,,,,,,,,,,
38560,10.02131593v1,10,,2,4,,8/16/2023 21:09,,,,21,,,,,250,2.54,670.56,,,,,,,,,,,,
38561,10.0233034v1,10,,2,3,,8/23/2023 15:51,,,,5,,,,,50,3.18,228.96,,,,,,,,,,,,
38562,10.02179511v2,10,,2,3,,8/16/2023 22:03,,,,20,,,,,240,2.54,640.08,,,,,,,,,,,,
38563,10.02131350v2,10,,2,3,,8/17/2023 18:39,,,,40,,,,,480,2.54,1249.68,,,,,,,,,,,,
38564,10.02180166v1,10,,2,1,,8/16/2023 22:58,,,,10,,,,,120,2.23,294.36,,,,,,,,,,,,
38564,10.02179991v1,10,,2,1,,8/16/2023 22:58,,,,10,,,,,120,2.23,294.36,,,,,,,,,,,,
38565,10.0267239v2,10,,2,1,,8/21/2023 16:58,,,,11,,,,,130,2.23,321.12,,,,,,,,,,,,
38566,10.02121977v1,10,,2,4,,8/16/2023 22:34,,,,11,,,,,125,2.71,390.24,,,,,,,,,,,,
38567,10.02180956v4,10,,2,3,,9/7/2023 13:52,,,,3,,,,,30,3.18,152.64,,,,,,,,,,,,
38567,10.03183263v1,10,,2,3,,9/7/2023 13:52,,,,3,,,,,30,3.18,152.64,,,,,,,,,,,,
38568,10.0219046v2,10,,2,3,,8/18/2023 16:16,,,,20,,,,,240,2.54,640.08,,,,,,,,,,,,
38569,10.02173335v1,10,,2,1,,8/17/2023 14:39,,,,10,,,,,120,2.23,294.36,,,,,,,,,,,,
38570,10.02181365v1,10,,2,4,,8/17/2023 15:47,,,,5,,,,,60,2.83,203.76,,,,,,,,,,,,
38571,10.02181198v1,10,,2,3,,8/17/2023 15:18,,,,10,,,,,120,2.72,359.04,,,,,,,,,,,,
38572,55.02179627v1,55,,114,1,,8/18/2023 0:26,,,,20,,,,,240,1.96,493.92,,,,,,,,,,,,
38573,10.02180308v1,10,,2,3,,8/17/2023 17:07,,,,13,,,,,150,2.54,426.72,,,,,,,,,,,,
38574,10.02179242v2,10,,2,3,,8/17/2023 18:40,,,,10,,,,,120,2.72,359.04,,,,,,,,,,,,
38574,10.02179242v1,10,,2,3,,8/17/2023 18:40,,,,10,,,,,120,2.72,359.04,,,,,,,,,,,,
38575,10.02176345v1,10,,2,3,,8/17/2023 17:09,,,,13,,,,,150,2.54,426.72,,,,,,,,,,,,
38576,10.02133993v5,10,,2,1,,8/17/2023 17:58,,,,21,,,,,250,1.96,517.44,,,,,,,,,,,,
38578,10.02180914v1,10,,2,4,,8/17/2023 21:36,,,,10,,,,,120,2.71,357.72,,,,,,,,,,,,
38579,10.02178274v1,10,,2,3,,8/17/2023 17:58,,,,15,,,,,180,2.54,487.68,,,,,,,,,,,,
38580,55.02181375v2,55,,114,3,,8/17/2023 20:49,,,,11,,,,,121,2.8,403.2,,,,,,,,,,,,
38581,10.0221410v1,10,,2,3,,8/17/2023 18:06,,,,7,,,,,75,2.85,273.6,,,,,,,,,,,,
38582,10.02168767v1,10,,2,4,,8/25/2023 18:37,,,,5,,,,,50,2.83,203.76,,,,,,,,,,,,
38583,10.0290815v1,10,,2,4,,8/17/2023 19:20,,,,7,,,,,75,2.83,271.68,,,,,,,,,,,,
38584,55.02155233v2,55,,114,1,,8/28/2023 15:17,,,,20,,,,,240,1.96,493.92,,,,,,,,,,,,
38585,10.02142697v1,10,,2,1,,8/18/2023 12:41,,,,7,,,,,75,2.56,245.76,,,,,,,,,,,,
38586,10.02176804v1,10,,2,3,,8/18/2023 16:32,,,,5,,,,,60,2.85,205.2,,,,,,,,,,,,
38586,10.02176803v1,10,,2,3,,8/18/2023 16:32,,,,5,,,,,60,2.85,205.2,,,,,,,,,,,,
38588,10.02179156v1,10,,2,4,,8/17/2023 20:49,,,,5,,,,,60,2.83,203.76,,,,,,,,,,,,
38589,10.02180605v1,10,,2,1,,8/18/2023 19:04,,,,13,,,,,151,1.96,329.28,,,,,,,,,,,,
38590,10.02180536v2,10,,2,1,,8/18/2023 18:35,,,,13,,,,,151,1.96,329.28,,,,,,,,,,,,
38591,10.02174719v5,10,,2,3,,8/18/2023 20:45,,,,5,,,,,60,2.85,205.2,,,,,,,,,,,,
38591,10.02174719v4,10,,2,3,,8/18/2023 20:45,,,,5,,,,,60,2.85,205.2,,,,,,,,,,,,
38591,10.02174719v3,10,,2,3,,8/18/2023 20:45,,,,5,,,,,60,2.85,205.2,,,,,,,,,,,,
38591,10.02174719v2,10,,2,3,,8/18/2023 20:45,,,,5,,,,,60,2.85,205.2,,,,,,,,,,,,
38591,10.02174719v1,10,,2,3,,8/18/2023 20:45,,,,5,,,,,60,2.85,205.2,,,,,,,,,,,,
38592,10.03181492v1,10,,2,1,,8/17/2023 22:43,,,,5,,,,,60,2.56,184.32,,,,,,,,,,,,
38592,10.02168067v1,10,,2,1,,8/17/2023 22:43,,,,10,,,,,120,2.23,294.36,,,,,,,,,,,,
38593,55.02181567v1,55,,114,3,,8/17/2023 21:39,,,,3,,,,,30,2.93,140.64,,,,,,,,,,,,
38594,10.02152959v2,10,,2,1,,8/18/2023 17:36,,,,3,,,,,30,3.18,152.64,,,,,,,,,,,,
38595,10.02180879v1,10,,2,1,,8/21/2023 18:35,,,,16,,,,,190,1.96,399.84,,,,,,,,,,,,
38596,10.02181519v2,10,,2,4,,8/18/2023 20:11,,,,42,,,,,500,2.54,1310.64,,,,,,,,,,,,
38597,55.02181423v1,55,,114,1,,8/24/2023 20:49,,,,42,,,,,500,1.96,1011.36,,,,,,,,,,,,
38597,55.02181642v1,55,,114,1,,8/24/2023 20:49,,,,21,,,,,250,1.96,517.44,,,,,,,,,,,,
38597,55.02181424v1,55,,114,1,,8/24/2023 20:49,,,,21,,,,,250,1.96,517.44,,,,,,,,,,,,
38598,10.02174853v2,10,,2,4,,8/23/2023 18:00,,,,30,,,,,350,2.54,944.88,,,,,,,,,,,,
38598,10.02174854v2,10,,2,4,,8/23/2023 18:00,,,,30,,,,,350,2.54,944.88,,,,,,,,,,,,
38599,10.02181521v2,10,,2,1,,8/18/2023 23:14,,,,10,,,,,120,2.23,294.36,,,,,,,,,,,,
38600,10.02181619v1,10,,2,3,,8/18/2023 15:18,,,,3,,,,,30,3.18,152.64,,,,,,,,,,,,
38601,10.02175832v1,10,,2,4,,8/21/2023 13:59,,,,40,,,,,480,2.54,1249.68,,,,,,,,,,,,
38602,10.02181106v1,10,,2,1,,8/22/2023 21:23,,,,42,,,,,500,1.96,1011.36,,,,,,,,,,,,
38602,10.02181106v2,10,,2,1,,8/22/2023 21:23,,,,21,,,,,250,1.96,517.44,,,,,,,,,,,,
38602,10.02181098v1,10,,2,1,,8/22/2023 21:23,,,,21,,,,,250,1.96,517.44,,,,,,,,,,,,
38603,46.02181678v1,46,,113,1,,8/18/2023 14:32,,,,10,,,,,120,2.23,294.36,,,,,,,,,,,,
38603,46.02181677v1,46,,113,1,,8/18/2023 14:32,,,,10,,,,,120,2.23,294.36,,,,,,,,,,,,
38604,10.02151502v1,10,,2,1,,8/18/2023 14:34,,,,5,,,,,60,2.56,184.32,,,,,,,,,,,,
38605,10.02107583v2,10,,2,3,,8/18/2023 18:47,,,,17,,,,,200,2.54,548.64,,,,,,,,,,,,
38606,10.02181589v1,10,,2,4,,8/18/2023 14:55,,,,7,,,,,80,2.83,271.68,,,,,,,,,,,,
38607,932169720v9,93,2,120,10,45175,8/22/2023 21:23,Direct,existingbusiness,14722068283,1,1.8,0,43.2,3.6,,,,,,,,,,,,,,,
38608,10.02248v1,10,,2,1,,8/21/2023 15:28,,,,10,,,,,120,2.23,294.36,,,,,,,,,,,,
38609,46.0292083v1,46,,113,1,,8/18/2023 16:51,,,,24,,,,,280,1.96,588,,,,,,,,,,,,
38610,10.02181579v1,10,,2,4,,8/18/2023 20:44,,,,5,,,,,50,2.83,203.76,,,,,,,,,,,,
38610,10.02181580v1,10,,2,4,,8/18/2023 20:44,,,,5,,,,,50,2.83,203.76,,,,,,,,,,,,
38611,10.02156696v3,10,,2,4,,8/21/2023 15:09,,,,3,,,,,30,2.83,135.84,,,,,,,,,,,,
38612,10.02106965v1,10,,2,1,,8/18/2023 17:36,,,,417,,,,,5000,1.56,7824.96,,,,,,,,,,,,
38614,10.02162420v1,10,,2,1,,8/18/2023 17:27,,,,25,,,,,300,1.96,611.52,,,,,,,,,,,,
38615,10.02178455v1,10,,2,1,,8/18/2023 17:37,,,,13,,,,,150,1.96,329.28,,,,,,,,,,,,
38616,55.02180773v9,55,,114,3,,8/18/2023 21:46,,,,38,,,,,450,2.62,1226.16,,,,,,,,,,,,
38617,48.02182040v1,48,,115,4,,8/18/2023 20:21,,,,5,,,,,60,2.83,203.76,,,,,,,,,,,,
38618,55.02178906v5,55,,114,3,,8/22/2023 13:59,,,,5,,,,,60,2.93,210.96,,,,,,,,,,,,
38618,46.02181784v1,46,,113,3,,8/22/2023 13:59,,,,5,,,,,60,2.85,205.2,,,,,,,,,,,,
38619,10.02164614v1,10,,2,1,,8/22/2023 0:12,,,,10,,,,,120,2.23,294.36,,,,,,,,,,,,
38620,10.02177782v1,10,,2,4,,8/21/2023 15:10,,,,3,,,,,30,2.83,135.84,,,,,,,,,,,,
38621,10.02163409v1,10,,2,3,,8/18/2023 23:03,,,,17,,,,,200,2.54,548.64,,,,,,,,,,,,
38622,10.02100715v1,10,,2,3,,8/18/2023 21:46,,,,209,,,,,2500,1.72,4334.4,,,,,,,,,,,,
38623,10.02180558v1,10,,2,4,,8/18/2023 21:22,,,,10,,,,,120,2.71,357.72,,,,,,,,,,,,
38624,55.02164314v1,55,,114,1,,8/18/2023 21:49,,,,17,,,,,200,1.96,423.36,,,,,,,,,,,,
38624,55.02164311v2,55,,114,1,,8/18/2023 21:49,,,,17,,,,,200,1.96,423.36,,,,,,,,,,,,
38625,,70,,,1,45163,8/21/2023 15:38,,,,,,,,,,2.56,,28035,60,21521,47249,73,18285,72,124908,8/21/2023 15:24,8/25/2023,5,184.32
38625,,70,,,1,45163,8/21/2023 15:38,,,,,,,,,,2.56,,28033,60,21521,47247,73,18285,72,124908,8/21/2023 15:24,8/25/2023,5,184.32
38625,,70,,,1,45163,8/21/2023 15:38,,,,,,,,,,2.56,,28034,60,21521,47248,73,18285,72,124908,8/21/2023 15:24,8/25/2023,5,184.32
38626,10.02176074v4,10,,2,4,,8/29/2023 16:52,,,,10,,,,,120,2.71,357.72,,,,,,,,,,,,
38627,10.02181805v1,10,,2,1,,8/21/2023 15:40,,,,34,,,,,400,1.96,823.2,,,,,,,,,,,,
38627,10.02180334v1,10,,2,1,,8/21/2023 15:40,,,,34,,,,,400,1.96,823.2,,,,,,,,,,,,
38627,10.02181806v1,10,,2,1,,8/21/2023 15:40,,,,34,,,,,400,1.96,823.2,,,,,,,,,,,,
38628,10.02137779v1,10,,2,1,,8/19/2023 20:42,,,,5,,,,,60,2.56,184.32,,,,,,,,,,,,
38629,10.02181746v1,10,,2,1,,8/21/2023 3:12,,,,28,,,,,330,1.96,682.08,,,,,,,,,,,,
38631,10.0290124v3,10,,2,1,,8/21/2023 10:52,,,,20,,,,,240,1.96,493.92,,,,,,,,,,,,
38632,10.02181668v1,10,,2,4,,8/21/2023 20:47,,,,10,,,,,120,2.71,357.72,,,,,,,,,,,,
38633,,70,,,1,45163,8/21/2023 15:31,,,,,,,,,,3.18,,30028,30,21522,47245,107,18286,36,124746,8/21/2023 15:25,8/25/2023,3,152.64
38634,10.03181935v1,10,,2,3,,8/21/2023 17:10,,,,5,,,,,60,2.85,205.2,,,,,,,,,,,,
38634,10.02181874v1,10,,2,3,,8/21/2023 17:10,,,,17,,,,,200,2.54,548.64,,,,,,,,,,,,
38635,10.02181704v3,10,,2,1,,8/21/2023 15:39,,,,21,,,,,250,1.96,517.44,,,,,,,,,,,,
38636,10.02181002v1,10,,2,4,,8/21/2023 16:50,,,,6,,,,,62,2.83,237.72,,,,,,,,,,,,
38637,10.02172366v1,10,,2,3,,8/21/2023 19:26,,,,5,,,,,60,2.85,205.2,,,,,,,,,,,,
38638,10.02180651v1,10,,2,1,,8/21/2023 16:01,,,,10,,,,,120,2.23,294.36,,,,,,,,,,,,
38640,10.02171885v1,10,,2,3,,8/21/2023 18:05,,,,5,,,,,60,2.85,205.2,,,,,,,,,,,,
38641,55.02181386v4,55,,114,1,,8/21/2023 16:45,,,,10,,,,,120,2.23,294.36,,,,,,,,,,,,
38642,932179774v3,93,719,120,10,45188,8/21/2023 21:45,Distributor,existingbusiness,14402968742,60,1.31,0,958.92,941.89,,,,,,,,,,,,,,,
38642,932179774v3,93,7,120,10,45203,8/21/2023 21:45,Distributor,existingbusiness,14402968742,1,1.8,0,43.2,12.6,,,,,,,,,,,,,,,
38643,11.02173956v1,11,,3,1,,8/23/2023 15:58,,,,5,,,,,60,3.33,239.76,,,,,,,,,,,,
38644,20.02181929v1,20,,11,3,,8/21/2023 20:38,,,,15,,,,,175,3.12,599.04,,,,,,,,,,,,
38645,44.02176365v1,44,,21,4,,8/23/2023 15:05,,,,2,,,,,20,3,108,,,,,,,,,,,,
38646,44.02176365v1,44,,21,4,,8/23/2023 1:22,,,,50,,,,,600,2.45,1499.4,,,,,,,,,,,,
38647,55.02158620v2,55,,114,4,,8/21/2023 18:08,,,,8,,,,,90,3,324,,,,,,,,,,,,
38647,55.02158622v2,55,,114,4,,8/21/2023 18:08,,,,8,,,,,90,3,324,,,,,,,,,,,,
38649,10.0259362v1,10,,2,1,,8/21/2023 19:34,,,,13,,,,,150,1.96,329.28,,,,,,,,,,,,
38650,10.02119037v1,10,,2,3,,8/21/2023 21:26,,,,14,,,,,160,2.54,457.2,,,,,,,,,,,,
38651,10.02181584v3,10,,2,1,,8/22/2023 0:55,,,,14,,,,,160,1.96,352.8,,,,,,,,,,,,
38652,10.02180370v2,10,,2,1,,8/22/2023 21:02,,,,9,,,,,100,2.56,307.2,,,,,,,,,,,,
38653,10.02180426v1,10,,2,1,,8/21/2023 20:09,,,,30,,,,,360,1.96,729.12,,,,,,,,,,,,
38654,10.02181526v1,10,,2,3,,8/21/2023 19:37,,,,7,,,,,80,2.85,273.6,,,,,,,,,,,,
38655,55.02112174v4,55,,114,1,,8/21/2023 21:30,,,,10,,,,,120,2.23,294.36,,,,,,,,,,,,
38656,55.02152872v1,55,,114,4,,8/21/2023 19:53,,,,63,,,,,750,2.18,1674.24,,,,,,,,,,,,
38658,10.02173181v1,10,,2,3,,8/21/2023 20:10,,,,21,,,,,250,2.54,670.56,,,,,,,,,,,,
38658,10.02173270v1,10,,2,3,,8/21/2023 20:10,,,,21,,,,,250,2.54,670.56,,,,,,,,,,,,
38659,46.02157961v2,46,,113,1,,8/21/2023 20:54,,,,22,,,,,260,1.96,540.96,,,,,,,,,,,,
38660,10.02174757v1,10,,2,3,,8/25/2023 15:26,,,,40,,,,,480,2.54,1249.68,,,,,,,,,,,,
38660,10.02174756v1,10,,2,3,,8/25/2023 15:26,,,,40,,,,,480,2.54,1249.68,,,,,,,,,,,,
38661,10.02180048v3,10,,2,3,,8/23/2023 19:53,,,,5,,,,,60,2.85,205.2,,,,,,,,,,,,
38661,10.02180051v3,10,,2,3,,8/23/2023 19:53,,,,5,,,,,60,2.85,205.2,,,,,,,,,,,,
38662,10.02172772v2,10,,2,1,,8/21/2023 20:18,,,,9,,,,,100,2.56,307.2,,,,,,,,,,,,
38663,10.0248411v3,10,,2,1,,8/21/2023 21:08,,,,42,,,,,500,1.96,1011.36,,,,,,,,,,,,
38664,10.0217282v1,10,,2,3,,8/21/2023 20:31,,,,42,,,,,500,2.54,1310.64,,,,,,,,,,,,
38666,10.02129283v1,10,,2,3,,8/21/2023 20:36,,,,42,,,,,500,2.54,1310.64,,,,,,,,,,,,
38667,10.0247123v1,10,,2,3,,8/21/2023 20:39,,,,42,,,,,500,2.54,1310.64,,,,,,,,,,,,
38668,10.0223208v1,10,,2,3,,8/21/2023 20:46,,,,84,,,,,1000,2.01,2050.2,,,,,,,,,,,,
38669,10.02170350v2,10,,2,1,,8/22/2023 14:24,,,,34,,,,,400,1.96,823.2,,,,,,,,,,,,
38671,10.02135358v1,10,,2,1,,8/21/2023 21:36,,,,42,,,,,500,1.96,1011.36,,,,,,,,,,,,
38671,10.02136118v1,10,,2,1,,8/21/2023 21:36,,,,42,,,,,500,1.96,1011.36,,,,,,,,,,,,
38672,10.0223202v1,10,,2,3,,8/21/2023 21:50,,,,42,,,,,500,2.54,1310.64,,,,,,,,,,,,
38673,10.02168543v1,10,,2,1,,8/22/2023 16:21,,,,125,,,,,1500,1.71,2585.52,,,,,,,,,,,,
38674,55.02128413v1,55,,114,1,,8/21/2023 23:41,,,,9,,,,,100,2.56,307.2,,,,,,,,,,,,
38675,10.0219046v2,10,,2,3,,8/22/2023 14:24,,,,100,,,,,1200,2.01,2436.12,,,,,,,,,,,,
38676,10.02180944v1,10,,2,4,,8/22/2023 14:25,,,,3,,,,,30,2.83,135.84,,,,,,,,,,,,
38677,10.02179081v1,10,,2,4,,8/23/2023 15:10,,,,5,,,,,60,2.83,203.76,,,,,,,,,,,,
38678,10.0256930v1,10,,2,1,,8/22/2023 18:33,,,,25,,,,,300,1.96,611.52,,,,,,,,,,,,
38679,10.02107122v3,10,,2,1,,8/22/2023 14:37,,,,10,,,,,120,2.23,294.36,,,,,,,,,,,,
38680,17.02129736v3,17,,9,4,,8/22/2023 15:21,,,,25,,,,,300,2.54,792.48,,,,,,,,,,,,
38681,10.02181896v2,10,,2,1,,8/22/2023 15:54,,,,25,,,,,300,1.96,611.52,,,,,,,,,,,,
38682,10.02182838v1,10,,2,4,,8/23/2023 18:56,,,,5,,,,,60,2.83,203.76,,,,,,,,,,,,
38682,10.02163934v2,10,,2,4,,8/23/2023 18:56,,,,5,,,,,60,2.83,203.76,,,,,,,,,,,,
38682,10.02163931v2,10,,2,4,,8/23/2023 18:56,,,,5,,,,,60,2.83,203.76,,,,,,,,,,,,
38683,10.02160046v3,10,,2,1,,8/22/2023 20:23,,,,6,,,,,70,2.56,215.04,,,,,,,,,,,,
38684,10.02144339v5,10,,2,1,,8/25/2023 16:09,,,,46,,,,,550,1.88,1060.32,,,,,,,,,,,,
38685,55.02182551v1,55,,114,1,,8/22/2023 19:06,,,,3,,,,,30,2.56,122.88,,,,,,,,,,,,
38686,55.02181531v1,55,,114,3,,8/22/2023 17:00,,,,3,,,,,30,2.93,140.64,,,,,,,,,,,,
38687,10.02181944v1,10,,2,4,,8/22/2023 16:10,,,,5,,,,,60,2.83,203.76,,,,,,,,,,,,
38688,10.02181879v1,10,,2,4,,8/22/2023 19:17,,,,5,,,,,60,2.83,203.76,,,,,,,,,,,,
38689,55.02182054v1,55,,114,1,,8/23/2023 13:11,,,,11,,,,,125,2.23,321.12,,,,,,,,,,,,
38689,10.02180901v2,10,,2,1,,8/23/2023 13:11,,,,7,,,,,75,2.56,245.76,,,,,,,,,,,,
38690,10.02182441v2,10,,2,3,,8/25/2023 15:41,,,,9,,,,,100,2.85,342,,,,,,,,,,,,
38691,10.02182441v2,10,,2,3,,8/24/2023 20:49,,,,9,,,,,100,2.85,342,,,,,,,,,,,,
38693,10.02160043v2,10,,2,1,,8/22/2023 20:24,,,,20,,,,,240,1.96,493.92,,,,,,,,,,,,
38694,10.02181054v1,10,,2,1,,8/22/2023 18:06,,,,42,,,,,500,1.96,1011.36,,,,,,,,,,,,
38696,10.02179391v4,10,,2,4,,8/23/2023 18:29,,,,17,,,,,200,2.54,548.64,,,,,,,,,,,,
38697,10.0269035v1,10,,2,1,,8/22/2023 17:51,,,,5,,,,,55,3.18,228.96,,,,,,,,,,,,
38698,10.02180766v2,10,,2,4,,8/22/2023 18:01,,,,3,,,,,30,2.83,135.84,,,,,,,,,,,,
38699,10.0247476v1,10,,2,4,,8/22/2023 18:14,,,,9,,,,,100,2.83,339.6,,,,,,,,,,,,
38700,10.03178511v1,10,,2,4,,8/22/2023 18:01,,,,3,,,,,30,2.83,135.84,,,,,,,,,,,,
38700,10.03178514v1,10,,2,4,,8/22/2023 18:01,,,,3,,,,,30,2.83,135.84,,,,,,,,,,,,
38701,10.02182408v1,10,,2,3,,8/22/2023 21:51,,,,6,,,,,61,2.85,239.4,,,,,,,,,,,,
38701,10.02182407v1,10,,2,3,,8/22/2023 21:51,,,,6,,,,,61,2.85,239.4,,,,,,,,,,,,
38702,10.02181025v1,10,,2,4,,8/22/2023 19:04,,,,10,,,,,120,2.71,357.72,,,,,,,,,,,,
38703,10.02169155v4,10,,2,1,,8/22/2023 19:08,,,,23,,,,,276,1.96,564.48,,,,,,,,,,,,
38704,10.02168767v1,10,,2,4,,8/25/2023 18:18,,,,5,,,,,50,2.83,203.76,,,,,,,,,,,,
38705,10.02181005v1,10,,2,3,,8/30/2023 18:27,,,,4,,,,,40,3.18,190.8,,,,,,,,,,,,
38706,10.02180607v2,10,,2,3,,8/22/2023 18:37,,,,5,,,,,60,2.85,205.2,,,,,,,,,,,,
38706,10.02179908v2,10,,2,3,,8/22/2023 18:37,,,,5,,,,,60,2.85,205.2,,,,,,,,,,,,
38706,10.02179912v2,10,,2,3,,8/22/2023 18:37,,,,5,,,,,60,2.85,205.2,,,,,,,,,,,,
38706,10.02179913v5,10,,2,3,,8/22/2023 18:37,,,,5,,,,,60,2.85,205.2,,,,,,,,,,,,
38708,10.02164614v1,10,,2,1,,8/24/2023 17:37,,,,42,,,,,499,1.96,1011.36,,,,,,,,,,,,
38709,10.02182822v1,10,,2,1,,8/24/2023 16:27,,,,10,,,,,120,2.23,294.36,,,,,,,,,,,,
38710,46.02182561v2,46,,113,1,,8/29/2023 17:19,,,,21,,,,,250,1.96,517.44,,,,,,,,,,,,
38711,55.02175818v1,55,,114,4,,8/22/2023 19:47,,,,17,,,,,195,2.7,583.2,,,,,,,,,,,,
38713,49.02181050v5,49,,116,1,,8/22/2023 20:25,,,,20,,,,,240,1.96,493.92,,,,,,,,,,,,
38714,10.0271902v3,10,,2,3,,8/22/2023 20:49,,,,5,,,,,50,3.18,228.96,,,,,,,,,,,,
38716,10.02178306v1,10,,2,1,,8/25/2023 14:19,,,,34,,,,,402,1.96,823.2,,,,,,,,,,,,
38717,55.02107184v1,55,,114,3,,8/22/2023 21:10,,,,5,,,,,60,2.93,210.96,,,,,,,,,,,,
38719,10.02182658v1,10,,2,1,,8/23/2023 13:06,,,,17,,,,,200,1.96,423.36,,,,,,,,,,,,
38720,10.02181769v3,10,,2,1,,8/22/2023 22:31,,,,13,,,,,150,1.96,329.28,,,,,,,,,,,,
38721,10.02154787v3,10,,2,3,,8/23/2023 19:30,,,,34,,,,,400,2.54,1066.8,,,,,,,,,,,,
38722,10.02154786v3,10,,2,3,,8/23/2023 17:47,,,,34,,,,,400,2.54,1066.8,,,,,,,,,,,,
38723,10.02181659v1,10,,2,3,,8/23/2023 15:55,,,,3,,,,,30,3.18,152.64,,,,,,,,,,,,
38725,46.02181062v1,46,,113,1,,8/23/2023 16:49,,,,5,,,,,60,2.56,184.32,,,,,,,,,,,,
38726,55.03182499v1,55,,114,4,,8/29/2023 16:12,,,,3,,,,,30,3,144,,,,,,,,,,,,
38726,55.03182501v1,55,,114,4,,8/29/2023 16:12,,,,3,,,,,30,3,144,,,,,,,,,,,,
38726,55.03182500v1,55,,114,4,,8/29/2023 16:12,,,,3,,,,,30,3,144,,,,,,,,,,,,
38726,55.03176228v1,55,,114,4,,8/29/2023 16:12,,,,3,,,,,30,3,144,,,,,,,,,,,,
38727,10.02180209v2,10,,2,4,,8/22/2023 22:16,,,,3,,,,,30,2.83,135.84,,,,,,,,,,,,
38729,10.02169750v2,10,,2,3,,8/24/2023 19:30,,,,3,,,,,30,3.18,152.64,,,,,,,,,,,,
38730,55.02172643v2,55,,114,3,,8/23/2023 20:52,,,,10,,,,,120,2.8,369.6,,,,,,,,,,,,
38731,48.02182233v4,48,,115,1,,8/23/2023 15:04,,,,3,,,,,30,3.18,152.64,,,,,,,,,,,,
38731,,70,,,1,45163,8/23/2023 15:04,,,,,,,,,,3.18,,30043,30,21616,47459,73,18376,36,124981,8/23/2023 14:52,8/25/2023,3,152.64
38733,10.0291390v5,10,,2,3,,8/23/2023 0:56,,,,7,,,,,75,2.85,273.6,,,,,,,,,,,,
38734,932182744v1,93,1200,120,10,45190,8/25/2023 5:16,Direct,newbusiness,13982973809,100,1.2,0,1454.4,1440,,,,,,,,,,,,,,,
38735,10.0225270v2,10,,2,1,,8/23/2023 14:09,,,,5,,,,,60,2.56,184.32,,,,,,,,,,,,
38736,55.02180806v1,55,,114,3,,8/23/2023 15:54,,,,6,,,,,70,2.93,246.12,,,,,,,,,,,,
38737,12.02151725v2,12,,4,3,,8/23/2023 17:38,,,,17,,,,,200,2.29,494.64,,,,,,,,,,,,
38738,10.02137998v1,10,,2,3,,8/25/2023 22:22,,,,17,,,,,200,2.54,548.64,,,,,,,,,,,,
38740,10.02153841v1,10,,2,4,,8/23/2023 15:07,,,,25,,,,,300,2.54,792.48,,,,,,,,,,,,
38741,55.02180456v2,55,,114,3,,8/23/2023 19:51,,,,4,,,,,45,2.93,175.8,,,,,,,,,,,,
38742,10.02182780v1,10,,2,1,,8/25/2023 15:10,,,,20,,,,,240,1.96,493.92,,,,,,,,,,,,
38743,55.02152750v1,55,,114,3,,8/28/2023 18:00,,,,75,,,,,900,2.1,1915.2,,,,,,,,,,,,
38744,10.02177089v4,10,,2,3,,8/23/2023 21:35,,,,6,,,,,65,2.85,239.4,,,,,,,,,,,,
38745,10.02181472v1,10,,2,4,,8/23/2023 18:52,,,,63,,,,,750,2.01,1543.68,,,,,,,,,,,,
38746,10.02180919v2,10,,2,1,,8/23/2023 19:10,,,,84,,,,,1000,1.79,1825.8,,,,,,,,,,,,
38747,10.02182754v1,10,,2,4,,8/23/2023 19:43,,,,17,,,,,200,2.54,548.64,,,,,,,,,,,,
38748,55.02182781v1,55,,114,3,,8/23/2023 18:35,,,,10,,,,,120,2.8,369.6,,,,,,,,,,,,
38749,10.02182684v1,10,,2,4,,8/23/2023 18:13,,,,9,,,,,100,2.83,339.6,,,,,,,,,,,,
38750,10.02182394v1,10,,2,1,,8/23/2023 18:35,,,,11,,,,,130,2.23,321.12,,,,,,,,,,,,
38750,10.02179948v3,10,,2,1,,8/23/2023 18:35,,,,11,,,,,130,2.23,321.12,,,,,,,,,,,,
38751,55.02180098v3,55,,114,3,,8/23/2023 19:02,,,,4,,,,,40,2.93,175.8,,,,,,,,,,,,
38752,10.02174873v3,10,,2,4,,8/23/2023 18:56,,,,5,,,,,60,2.83,203.76,,,,,,,,,,,,
38753,10.02182862v1,10,,2,1,,8/23/2023 19:03,,,,34,,,,,400,1.96,823.2,,,,,,,,,,,,
38754,10.02179863v5,10,,2,1,,8/23/2023 19:12,,,,10,,,,,120,2.23,294.36,,,,,,,,,,,,
38755,10.02160069v1,10,,2,1,,8/24/2023 20:52,,,,6,,,,,62,2.56,215.04,,,,,,,,,,,,
38756,932181724v2,93,120,120,10,45187,8/23/2023 20:52,Distributor,existingbusiness,14636525106,10,1.8,0,237.6,216,,,,,,,,,,,,,,,
38756,55.02181723v2,55,,114,1,,8/23/2023 20:52,,,,10,,,,,120,2.23,294.36,,,,,,,,,,,,
38757,10.02103374v1,10,,2,3,,8/23/2023 19:22,,,,10,,,,,120,2.72,359.04,,,,,,,,,,,,
38758,49.02182056v1,49,,116,1,,8/24/2023 23:01,,,,10,,,,,120,2.23,294.36,,,,,,,,,,,,
38759,11.02100718v1,11,,3,4,,8/24/2023 14:22,,,,10,,,,,120,2.83,373.56,,,,,,,,,,,,
38760,10.02180873v1,10,,2,1,,8/24/2023 15:47,,,,3,,,,,30,3.18,152.64,,,,,,,,,,,,
38760,10.02180871v1,10,,2,1,,8/24/2023 15:47,,,,3,,,,,30,3.18,152.64,,,,,,,,,,,,
38761,55.02174522v2,55,,114,1,,8/23/2023 20:46,,,,40,,,,,480,1.96,964.32,,,,,,,,,,,,
38762,55.02181937v1,55,,114,3,,8/24/2023 14:13,,,,5,,,,,60,2.93,210.96,,,,,,,,,,,,
38763,10.02177195v1,10,,2,1,,8/23/2023 21:31,,,,14,,,,,161,1.96,352.8,,,,,,,,,,,,
38764,10.02182947v1,10,,2,3,,8/24/2023 22:52,,,,5,,,,,60,2.85,205.2,,,,,,,,,,,,
38764,12.02182948v1,12,,4,3,,8/24/2023 22:52,,,,5,,,,,60,2.6,187.2,,,,,,,,,,,,
38765,10.02180346v2,10,,2,1,,8/23/2023 22:38,,,,51,,,,,608,1.88,1173.12,,,,,,,,,,,,
38766,10.02181866v2,10,,2,3,,8/23/2023 21:36,,,,5,,,,,60,2.85,205.2,,,,,,,,,,,,
38766,10.02181865v2,10,,2,3,,8/23/2023 21:36,,,,5,,,,,60,2.85,205.2,,,,,,,,,,,,
38768,10.02182992v1,10,,2,4,,8/23/2023 22:54,,,,3,,,,,30,2.83,135.84,,,,,,,,,,,,
38768,10.02182991v1,10,,2,4,,8/23/2023 22:54,,,,3,,,,,30,2.83,135.84,,,,,,,,,,,,
38769,10.0283748v2,10,,2,3,,8/24/2023 13:28,,,,10,,,,,120,2.72,359.04,,,,,,,,,,,,
38770,10.02166395v3,10,,2,1,,8/24/2023 21:18,,,,12,,,,,140,1.96,305.76,,,,,,,,,,,,
38771,10.02182901v2,10,,2,3,,8/24/2023 22:36,,,,3,,,,,30,3.18,152.64,,,,,,,,,,,,
38772,10.02178551v2,10,,2,1,,8/24/2023 14:54,,,,10,,,,,120,2.23,294.36,,,,,,,,,,,,
38773,10.02159508v2,10,,2,4,,8/24/2023 18:32,,,,5,,,,,60,2.83,203.76,,,,,,,,,,,,
38774,10.02162229v1,10,,2,4,,8/24/2023 15:02,,,,25,,,,,300,2.54,792.48,,,,,,,,,,,,
38775,10.02175925v2,10,,2,1,,9/14/2023 20:40,,,,43,,,,,512,1.96,1034.88,,,,,,,,,,,,
38776,10.02161538v1,10,,2,4,,8/24/2023 16:02,,,,17,,,,,200,2.54,548.64,,,,,,,,,,,,
38777,10.02182860v1,10,,2,4,,8/24/2023 17:21,,,,5,,,,,60,2.83,203.76,,,,,,,,,,,,
38778,10.02168354v1,10,,2,1,,8/24/2023 18:30,,,,20,,,,,240,1.96,493.92,,,,,,,,,,,,
38778,10.02168354v5,10,,2,1,,8/24/2023 18:30,,,,20,,,,,240,1.96,493.92,,,,,,,,,,,,
38779,9102176163v2,910,500,25,5,45189,8/28/2023 18:29,Distributor,existingbusiness,14722759279,42,0.76,90,482.16,470,,,,,,,,,,,,,,,
38780,10.02180938v2,10,,2,1,,8/24/2023 19:29,,,,12,,,,,141,1.96,305.76,,,,,,,,,,,,
38781,10.03184155v1,10,,2,3,,8/29/2023 18:31,,,,5,,,,,50,3.18,228.96,,,,,,,,,,,,
38781,10.02177040v2,10,,2,3,,8/29/2023 18:31,,,,5,,,,,50,3.18,228.96,,,,,,,,,,,,
38782,55.02181063v1,55,,114,3,,8/24/2023 21:29,,,,26,,,,,302,2.62,848.88,,,,,,,,,,,,
38783,9202182151v1,920,2,26,5,45181,8/24/2023 22:35,Distributor,existingbusiness,14726068778,1,1.04,90,114.96,92.08,,,,,,,,,,,,,,,
38784,10.02181176v1,10,,2,1,,8/24/2023 17:13,,,,18,,,,,211,1.96,446.88,,,,,,,,,,,,
38785,55.02181058v1,55,,114,3,,8/24/2023 21:13,,,,26,,,,,302,2.62,848.88,,,,,,,,,,,,
38786,10.0217889v1,10,,2,4,,8/24/2023 17:22,,,,75,,,,,900,2.01,1833.12,,,,,,,,,,,,
38787,10.02180899v3,10,,2,3,,8/25/2023 14:11,,,,5,,,,,60,2.85,205.2,,,,,,,,,,,,
38787,55.02180910v1,55,,114,3,,8/25/2023 14:11,,,,5,,,,,60,2.93,210.96,,,,,,,,,,,,
38788,55.02182629v2,55,,114,4,,8/25/2023 16:44,,,,3,,,,,30,3,144,,,,,,,,,,,,
38788,55.02182628v2,55,,114,4,,8/25/2023 16:44,,,,3,,,,,30,3,144,,,,,,,,,,,,
38790,,70,,,1,45168,8/24/2023 21:36,,,,,,,,,,2.23,,30053,120,21688,47642,73,18439,132,122715,8/24/2023 21:00,8/30/2023,10,294.36
38791,10.02179488v2,10,,2,1,,8/24/2023 19:53,,,,21,,,,,250,1.96,517.44,,,,,,,,,,,,
38792,17.02159392v1,17,,9,1,,8/24/2023 18:43,,,,42,,,,,500,1.96,1011.36,,,,,,,,,,,,
38795,10.02182843v1,10,,2,3,,8/28/2023 16:28,,,,80,,,,,954,2.01,1953.72,,,,,,,,,,,,
38796,10.02168529v1,10,,2,3,,8/24/2023 19:30,,,,3,,,,,35,3.18,152.64,,,,,,,,,,,,
38797,10.02175195v1,10,,2,1,,8/24/2023 19:30,,,,50,,,,,600,1.88,1150.56,,,,,,,,,,,,
38797,10.02183174v1,10,,2,1,,8/24/2023 19:30,,,,42,,,,,500,1.96,1011.36,,,,,,,,,,,,
38798,10.02178817v2,10,,2,1,,8/29/2023 17:49,,,,5,,,,,60,2.56,184.32,,,,,,,,,,,,
38799,10.0225572v1,10,,2,3,,8/25/2023 14:37,,,,10,,,,,120,2.72,359.04,,,,,,,,,,,,
38800,10.02115170v2,10,,2,3,,8/25/2023 16:34,,,,417,,,,,5000,1.72,8627.52,,,,,,,,,,,,
38801,10.02182837v4,10,,2,1,,8/24/2023 21:53,,,,30,,,,,360,1.96,729.12,,,,,,,,,,,,
38802,10.02176306v1,10,,2,3,,8/24/2023 21:30,,,,3,,,,,30,3.18,152.64,,,,,,,,,,,,
38803,10.02182955v1,10,,2,3,,8/28/2023 23:14,,,,63,,,,,750,2.01,1543.68,,,,,,,,,,,,
38804,10.02127971v1,10,,2,3,,8/24/2023 20:45,,,,25,,,,,300,2.54,792.48,,,,,,,,,,,,
38805,10.0227575v1,10,,2,3,,8/28/2023 16:25,,,,109,,,,,1300,2.01,2653.2,,,,,,,,,,,,
38806,10.0283782v4,10,,2,1,,8/25/2023 13:16,,,,30,,,,,350,1.96,729.12,,,,,,,,,,,,
38807,10.02183086v1,10,,2,4,,8/24/2023 21:41,,,,5,,,,,60,2.83,203.76,,,,,,,,,,,,
38808,48.02182523v3,48,,115,4,,8/24/2023 21:30,,,,3,,,,,30,2.83,135.84,,,,,,,,,,,,
38808,48.02182526v1,48,,115,4,,8/24/2023 21:30,,,,3,,,,,30,2.83,135.84,,,,,,,,,,,,
38809,10.02114923v2,10,,2,4,,8/28/2023 18:49,,,,5,,,,,60,2.83,203.76,,,,,,,,,,,,
38810,10.02180831v1,10,,2,3,,8/24/2023 22:36,,,,194,,,,,2325,2.01,4703.4,,,,,,,,,,,,
38811,10.02182829v1,10,,2,1,,8/24/2023 23:08,,,,42,,,,,500,1.96,1011.36,,,,,,,,,,,,
38812,10.02183212v1,10,,2,4,,8/24/2023 22:52,,,,10,,,,,120,2.71,357.72,,,,,,,,,,,,
38813,10.02182034v2,10,,2,1,,8/25/2023 3:05,,,,13,,,,,152,1.96,329.28,,,,,,,,,,,,
38814,10.02180259v1,10,,2,3,,8/24/2023 23:35,,,,6,,,,,61,2.85,239.4,,,,,,,,,,,,
38815,10.02178547v1,10,,2,3,,8/25/2023 16:46,,,,5,,,,,60,2.85,205.2,,,,,,,,,,,,
38816,55.02179560v1,55,,114,3,,8/25/2023 13:10,,,,3,,,,,30,2.93,140.64,,,,,,,,,,,,
38817,932183380v1,93,500,120,10,45194,8/29/2023 22:18,Direct,existingbusiness,14792003188,42,1.31,0,675.96,655,,,,,,,,,,,,,,,
38818,9202182518v1,920,500,26,5,45189,8/25/2023 19:49,Distributor,existingbusiness,14781693753,42,1.04,90,626.64,610,,,,,,,,,,,,,,,
38819,10.0225476v1,10,,2,3,,8/25/2023 14:05,,,,9,,,,,100,2.85,342,,,,,,,,,,,,
38819,10.0225477v1,10,,2,3,,8/25/2023 14:05,,,,9,,,,,100,2.85,342,,,,,,,,,,,,
38820,10.02183334v1,10,,2,1,,8/28/2023 16:24,,,,42,,,,,500,1.96,1011.36,,,,,,,,,,,,
38821,11.02171805v4,11,,3,3,,8/25/2023 16:48,,,,20,,,,,240,2.71,682.92,,,,,,,,,,,,
38822,55.02182112v3,55,,114,3,,8/25/2023 18:19,,,,4,,,,,42,2.93,175.8,,,,,,,,,,,,
38823,49.02183429v1,49,,116,1,,8/25/2023 18:19,,,,5,,,,,60,2.56,184.32,,,,,,,,,,,,
38824,10.02118221v3,10,,2,1,,8/25/2023 17:07,,,,6,,,,,70,2.56,215.04,,,,,,,,,,,,
38825,10.02179519v1,10,,2,3,,8/25/2023 20:17,,,,5,,,,,50,3.18,228.96,,,,,,,,,,,,
38826,10.02185453v3,10,,2,1,,9/8/2023 21:53,,,,17,,,,,200,1.96,423.36,,,,,,,,,,,,
38827,10.0261822v1,10,,2,3,,8/25/2023 21:07,,,,10,,,,,120,2.72,359.04,,,,,,,,,,,,
38828,10.02183115v1,10,,2,1,,8/25/2023 17:58,,,,25,,,,,300,1.96,611.52,,,,,,,,,,,,
38830,10.02183403v1,10,,2,4,,8/28/2023 13:05,,,,5,,,,,60,2.83,203.76,,,,,,,,,,,,
38831,55.02178716v2,55,,114,1,,8/25/2023 20:07,,,,42,,,,,500,1.96,1011.36,,,,,,,,,,,,
38832,10.02166120v1,10,,2,4,,8/25/2023 17:58,,,,6,,,,,70,2.83,237.72,,,,,,,,,,,,
38833,55.02183314v1,55,,114,1,,8/25/2023 22:39,,,,26,,,,,305,1.96,635.04,,,,,,,,,,,,
38834,10.02182626v2,10,,2,1,,8/25/2023 22:08,,,,17,,,,,200,1.96,423.36,,,,,,,,,,,,
38836,10.02183461v1,10,,2,1,,8/25/2023 19:20,,,,10,,,,,120,2.23,294.36,,,,,,,,,,,,
38837,55.02183443v1,55,,114,3,,8/28/2023 13:06,,,,3,,,,,30,2.93,140.64,,,,,,,,,,,,
38839,10.02182752v1,10,,2,1,,8/25/2023 20:38,,,,42,,,,,500,1.96,1011.36,,,,,,,,,,,,
38840,55.02157459v2,55,,114,1,,8/25/2023 19:48,,,,5,,,,,60,2.56,184.32,,,,,,,,,,,,
38840,,70,,,1,45170,8/25/2023 19:48,,,,,,,,,,2.23,,30063,120,21733,47702,64,18479,132,125281,8/25/2023 19:45,9/1/2023,10,294.36
38841,10.02181956v4,10,,2,1,,8/28/2023 18:01,,,,90,,,,,1075,1.79,1954.68,,,,,,,,,,,,
38841,10.02182533v4,10,,2,1,,8/28/2023 18:01,,,,90,,,,,1075,1.79,1954.68,,,,,,,,,,,,
38842,46.02183521v1,46,,113,1,,8/25/2023 22:20,,,,14,,,,,160,1.96,352.8,,,,,,,,,,,,
38843,10.03180765v1,10,,2,1,,8/25/2023 22:16,,,,42,,,,,500,1.96,1011.36,,,,,,,,,,,,
38845,55.02182424v1,55,,114,4,,8/28/2023 16:13,,,,10,,,,,120,2.88,380.16,,,,,,,,,,,,
38846,10.02164578v1,10,,2,3,,8/25/2023 21:35,,,,13,,,,,150,2.54,426.72,,,,,,,,,,,,
38847,46.0292083v1,46,,113,1,,8/28/2023 18:01,,,,59,,,,,700,1.88,1353.6,,,,,,,,,,,,
38848,55.02183553v1,55,,114,3,,8/28/2023 15:52,,,,5,,,,,60,2.93,210.96,,,,,,,,,,,,
38849,10.02183104v4,10,,2,1,,8/25/2023 22:15,,,,25,,,,,300,1.96,611.52,,,,,,,,,,,,
38850,10.02182735v1,10,,2,3,,8/29/2023 14:35,,,,5,,,,,60,2.85,205.2,,,,,,,,,,,,
38851,55.02179010v4,55,,114,4,,9/8/2023 16:30,,,,5,,,,,60,3,216,,,,,,,,,,,,
38851,55.02178433v4,55,,114,4,,9/8/2023 16:30,,,,5,,,,,60,3,216,,,,,,,,,,,,
38851,55.02178432v5,55,,114,4,,9/8/2023 16:30,,,,3,,,,,30,3.42,164.16,,,,,,,,,,,,
38854,49.02183382v1,49,,116,4,,8/28/2023 14:11,,,,7,,,,,81,2.83,271.68,,,,,,,,,,,,
38854,49.02183381v1,49,,116,4,,8/28/2023 14:11,,,,7,,,,,81,2.83,271.68,,,,,,,,,,,,
38855,10.02182759v1,10,,2,1,,8/28/2023 14:47,,,,20,,,,,240,1.96,493.92,,,,,,,,,,,,
38856,55.02183003v2,55,,114,1,,8/28/2023 15:39,,,,16,,,,,189,1.96,399.84,,,,,,,,,,,,
38857,10.02168795v1,10,,2,4,,8/28/2023 16:28,,,,13,,,,,150,2.54,426.72,,,,,,,,,,,,
38857,10.02168794v1,10,,2,4,,8/28/2023 16:28,,,,13,,,,,150,2.54,426.72,,,,,,,,,,,,
38858,10.02127713v1,10,,2,4,,8/28/2023 14:55,,,,5,,,,,60,2.83,203.76,,,,,,,,,,,,
38859,10.02183493v1,10,,2,3,,8/28/2023 16:25,,,,8,,,,,85,2.85,307.8,,,,,,,,,,,,
38859,10.02183490v1,10,,2,3,,8/28/2023 16:25,,,,8,,,,,85,2.85,307.8,,,,,,,,,,,,
38860,10.02183360v2,10,,2,4,,8/28/2023 15:33,,,,10,,,,,120,2.71,357.72,,,,,,,,,,,,
38861,10.02183656v1,10,,2,4,,8/28/2023 16:15,,,,5,,,,,60,2.83,203.76,,,,,,,,,,,,
38861,10.02183659v1,10,,2,4,,8/28/2023 16:15,,,,5,,,,,60,2.83,203.76,,,,,,,,,,,,
38864,55.02107184v1,55,,114,3,,8/28/2023 16:07,,,,5,,,,,60,2.93,210.96,,,,,,,,,,,,
38865,10.0229935v3,10,,2,4,,8/28/2023 16:52,,,,10,,,,,120,2.71,357.72,,,,,,,,,,,,
38866,10.02183778v1,10,,2,3,,8/28/2023 19:28,,,,3,,,,,30,3.18,152.64,,,,,,,,,,,,
38867,10.02156900v1,10,,2,4,,8/28/2023 16:32,,,,42,,,,,500,2.54,1310.64,,,,,,,,,,,,
38868,55.02179936v3,55,,114,4,,8/28/2023 19:00,,,,10,,,,,120,2.88,380.16,,,,,,,,,,,,
38869,10.02183494v1,10,,2,4,,8/28/2023 23:16,,,,10,,,,,120,2.71,357.72,,,,,,,,,,,,
38869,10.02183496v1,10,,2,4,,8/28/2023 23:16,,,,10,,,,,120,2.71,357.72,,,,,,,,,,,,
38870,55.02127084v3,55,,114,1,,8/28/2023 18:46,,,,10,,,,,120,2.23,294.36,,,,,,,,,,,,
38870,55.02127084v1,55,,114,1,,8/28/2023 18:46,,,,10,,,,,120,2.23,294.36,,,,,,,,,,,,
38871,12.0244076v4,12,,4,3,,8/28/2023 21:03,,,,40,,,,,480,2.29,1126.68,,,,,,,,,,,,
38872,10.02181783v3,10,,2,4,,8/28/2023 20:26,,,,10,,,,,120,2.71,357.72,,,,,,,,,,,,
38873,10.02166514v1,10,,2,1,,8/29/2023 13:44,,,,84,,,,,1000,1.79,1825.8,,,,,,,,,,,,
38873,10.02165830v1,10,,2,1,,8/29/2023 13:44,,,,84,,,,,1000,1.79,1825.8,,,,,,,,,,,,
38874,10.02183893v1,10,,2,4,,8/28/2023 20:13,,,,10,,,,,120,2.71,357.72,,,,,,,,,,,,
38875,10.02116585v1,10,,2,3,,8/28/2023 20:18,,,,13,,,,,150,2.54,426.72,,,,,,,,,,,,
38876,55.02179857v2,55,,114,3,,8/28/2023 22:52,,,,9,,,,,100,2.93,351.6,,,,,,,,,,,,
38877,10.02180863v1,10,,2,3,,8/28/2023 23:49,,,,7,,,,,75,2.85,273.6,,,,,,,,,,,,
38878,10.02181881v2,10,,2,1,,9/1/2023 18:54,,,,10,,,,,120,2.23,294.36,,,,,,,,,,,,
38878,10.02181886v2,10,,2,1,,9/1/2023 18:54,,,,13,,,,,148,1.96,329.28,,,,,,,,,,,,
38879,10.0213785v1,10,,2,1,,8/28/2023 20:54,,,,21,,,,,250,1.96,517.44,,,,,,,,,,,,
38880,10.02183470v3,10,,2,3,,8/28/2023 21:24,,,,84,,,,,1000,2.01,2050.2,,,,,,,,,,,,
38881,10.02165481v1,10,,2,3,,8/29/2023 15:49,,,,3,,,,,30,3.18,152.64,,,,,,,,,,,,
38882,10.02156544v1,10,,2,3,,8/29/2023 15:55,,,,5,,,,,60,2.85,205.2,,,,,,,,,,,,
38883,10.02184141v1,10,,2,3,,8/29/2023 17:21,,,,17,,,,,200,2.54,548.64,,,,,,,,,,,,
38884,10.02115257v1,10,,2,1,,9/1/2023 22:12,,,,8,,,,,85,2.56,276.48,,,,,,,,,,,,
38885,10.0237190v1,10,,2,4,,8/29/2023 14:47,,,,10,,,,,120,2.71,357.72,,,,,,,,,,,,
38886,55.02155863v2,55,,114,1,,8/29/2023 23:22,,,,5,,,,,60,2.56,184.32,,,,,,,,,,,,
38887,10.02168742v1,10,,2,1,,8/29/2023 13:21,,,,9,,,,,100,2.56,307.2,,,,,,,,,,,,
38888,10.04183831v1,10,,2,4,,8/29/2023 13:24,,,,10,,,,,120,2.71,357.72,,,,,,,,,,,,
38888,10.02183822v1,10,,2,4,,8/29/2023 13:24,,,,10,,,,,120,2.71,357.72,,,,,,,,,,,,
38889,17.02181489v2,17,,9,1,,8/29/2023 15:05,,,,17,,,,,200,1.96,423.36,,,,,,,,,,,,
38890,10.02128105v1,10,,2,1,,8/29/2023 14:21,,,,17,,,,,200,1.96,423.36,,,,,,,,,,,,
38891,10.02138369v5,10,,2,3,,8/29/2023 14:48,,,,20,,,,,240,2.54,640.08,,,,,,,,,,,,
38892,932184039v1,93,120,120,10,45191,8/29/2023 22:04,Direct,existingbusiness,14877309314,10,1.8,0,237.6,216,,,,,,,,,,,,,,,
38893,10.0241447v1,10,,2,1,,9/6/2023 13:20,,,,11,,,,,130,2.23,321.12,,,,,,,,,,,,
38894,55.02111437v1,55,,114,3,,8/30/2023 15:50,,,,5,,,,,60,2.93,210.96,,,,,,,,,,,,
38894,55.02111437v2,55,,114,3,,8/30/2023 15:50,,,,5,,,,,60,2.93,210.96,,,,,,,,,,,,
38895,10.02184513v1,10,,2,3,,8/29/2023 15:19,,,,6,,,,,63,2.85,239.4,,,,,,,,,,,,
38895,10.02184509v1,10,,2,3,,8/29/2023 15:19,,,,6,,,,,63,2.85,239.4,,,,,,,,,,,,
38896,55.02181843v2,55,,114,3,,8/29/2023 18:28,,,,3,,,,,30,2.93,140.64,,,,,,,,,,,,
38896,10.04183717v1,10,,2,3,,8/29/2023 18:28,,,,3,,,,,32,3.18,152.64,,,,,,,,,,,,
38897,10.02183581v1,10,,2,3,,8/29/2023 17:30,,,,30,,,,,360,2.54,944.88,,,,,,,,,,,,
38898,10.02179640v4,10,,2,1,,8/29/2023 17:23,,,,7,,,,,75,2.56,245.76,,,,,,,,,,,,
38899,10.02125787v1,10,,2,4,,8/29/2023 16:08,,,,5,,,,,60,2.83,203.76,,,,,,,,,,,,
38900,10.02183286v1,10,,2,1,,8/29/2023 21:50,,,,17,,,,,200,1.96,423.36,,,,,,,,,,,,
38901,12.02182285v7,12,,4,3,,8/29/2023 17:50,,,,100,,,,,1200,1.76,2133.12,,,,,,,,,,,,
38901,10.0220425v5,10,,2,3,,8/29/2023 17:50,,,,100,,,,,1200,2.01,2436.12,,,,,,,,,,,,
38902,49.02182148v1,49,,116,3,,8/30/2023 15:32,,,,15,,,,,175,2.54,487.68,,,,,,,,,,,,
38902,49.02182149v2,49,,116,3,,8/30/2023 15:32,,,,15,,,,,175,2.54,487.68,,,,,,,,,,,,
38903,10.02170043v1,10,,2,4,,8/29/2023 16:59,,,,100,,,,,1200,2.01,2436.12,,,,,,,,,,,,
38905,10.02183159v1,10,,2,1,,8/29/2023 17:01,,,,13,,,,,150,1.96,329.28,,,,,,,,,,,,
38906,10.02184124v1,10,,2,1,,8/29/2023 17:44,,,,5,,,,,60,2.56,184.32,,,,,,,,,,,,
38907,10.02176519v1,10,,2,4,,8/30/2023 18:18,,,,10,,,,,120,2.71,357.72,,,,,,,,,,,,
38908,48.02182223v2,48,,115,4,,8/30/2023 20:09,,,,12,,,,,140,2.54,396.24,,,,,,,,,,,,
38909,10.02153028v1,10,,2,4,,8/29/2023 18:21,,,,11,,,,,125,2.71,390.24,,,,,,,,,,,,
38909,10.02153030v1,10,,2,4,,8/29/2023 18:21,,,,11,,,,,125,2.71,390.24,,,,,,,,,,,,
38910,10.02164591v1,10,,2,1,,9/7/2023 23:12,,,,10,,,,,120,2.23,294.36,,,,,,,,,,,,
38911,10.02184028v2,10,,2,1,,8/29/2023 18:45,,,,13,,,,,150,1.96,329.28,,,,,,,,,,,,
38912,10.02183904v1,10,,2,1,,8/30/2023 20:45,,,,42,,,,,500,1.96,1011.36,,,,,,,,,,,,
38913,10.0216674v1,10,,2,1,,8/29/2023 18:44,,,,17,,,,,200,1.96,423.36,,,,,,,,,,,,
38914,10.02182333v1,10,,2,1,,8/29/2023 18:56,,,,30,,,,,350,1.96,729.12,,,,,,,,,,,,
38915,10.02181604v1,10,,2,1,,8/29/2023 20:18,,,,13,,,,,152,1.96,329.28,,,,,,,,,,,,
38916,10.0228174v1,10,,2,1,,8/29/2023 18:48,,,,20,,,,,240,1.96,493.92,,,,,,,,,,,,
38917,55.02184004v1,55,,114,1,,8/29/2023 19:31,,,,20,,,,,240,1.96,493.92,,,,,,,,,,,,
38918,55.02181743v1,55,,114,3,,8/29/2023 21:47,,,,13,,,,,150,2.62,440.16,,,,,,,,,,,,
38919,10.0269389v1,10,,2,3,,8/29/2023 19:19,,,,9,,,,,100,2.85,342,,,,,,,,,,,,
38920,10.02155964v3,10,,2,3,,8/29/2023 19:14,,,,10,,,,,120,2.72,359.04,,,,,,,,,,,,
38920,10.02156241v2,10,,2,3,,8/29/2023 19:14,,,,10,,,,,120,2.72,359.04,,,,,,,,,,,,
38920,46.02184160v1,46,,113,3,,8/29/2023 19:14,,,,5,,,,,60,2.85,205.2,,,,,,,,,,,,
38921,10.0218724v5,10,,2,4,,8/29/2023 19:16,,,,5,,,,,60,2.83,203.76,,,,,,,,,,,,
38922,10.02176989v2,10,,2,3,,8/29/2023 19:58,,,,9,,,,,100,2.85,342,,,,,,,,,,,,
38922,12.02177842v2,12,,4,3,,8/29/2023 19:58,,,,9,,,,,100,2.6,312,,,,,,,,,,,,
38923,10.02183550v1,10,,2,1,,8/29/2023 23:14,,,,12,,,,,144,1.96,305.76,,,,,,,,,,,,
38924,10.02183264v1,10,,2,1,,8/29/2023 20:20,,,,17,,,,,200,1.96,423.36,,,,,,,,,,,,
38925,10.02105641v5,10,,2,1,,8/29/2023 21:53,,,,10,,,,,120,2.23,294.36,,,,,,,,,,,,
38926,10.02184167v1,10,,2,1,,8/29/2023 21:40,,,,5,,,,,50,3.18,228.96,,,,,,,,,,,,
38927,10.02182571v1,10,,2,1,,8/29/2023 22:48,,,,17,,,,,202,1.96,423.36,,,,,,,,,,,,
38928,10.02179272v3,10,,2,4,,8/30/2023 17:19,,,,34,,,,,400,2.54,1066.8,,,,,,,,,,,,
38929,10.02180402v2,10,,2,1,,8/31/2023 18:05,,,,20,,,,,240,1.96,493.92,,,,,,,,,,,,
38930,55.02183535v1,55,,114,4,,8/30/2023 18:57,,,,10,,,,,120,2.88,380.16,,,,,,,,,,,,
38931,55.02180066v1,55,,114,3,,8/30/2023 21:08,,,,3,,,,,30,2.93,140.64,,,,,,,,,,,,
38932,48.02184355v1,48,,115,4,,8/30/2023 12:51,,,,3,,,,,30,2.83,135.84,,,,,,,,,,,,
38933,10.02181692v4,10,,2,1,,8/31/2023 14:59,,,,21,,,,,250,1.96,517.44,,,,,,,,,,,,
38935,10.02146011v1,10,,2,4,,8/30/2023 21:35,,,,10,,,,,120,2.71,357.72,,,,,,,,,,,,
38936,10.02183976v1,10,,2,3,,8/30/2023 15:24,,,,19,,,,,225,2.54,609.6,,,,,,,,,,,,
38937,48.02182233v4,48,,115,1,,8/30/2023 16:41,,,,3,,,,,30,3.18,152.64,,,,,,,,,,,,
38937,,70,,,1,45170,8/30/2023 16:41,,,,,,,,,,3.18,,30043,30,21863,48007,73,18589,36,125653,8/30/2023 16:33,9/1/2023,3,152.64
38938,10.02167998v1,10,,2,1,,8/30/2023 21:24,,,,3,,,,,30,3.18,152.64,,,,,,,,,,,,
38940,9102183860v1,910,500,25,5,45198,9/5/2023 20:48,Wholesale,newbusiness,14782546326,42,0.76,90,482.16,470,,,,,,,,,,,,,,,
38941,10.02144950v1,10,,2,4,,9/18/2023 19:29,,,,42,,,,,500,2.54,1310.64,,,,,,,,,,,,
38942,10.02180350v1,10,,2,3,,8/30/2023 19:01,,,,5,,,,,60,2.85,205.2,,,,,,,,,,,,
38943,10.0219941v1,10,,2,4,,8/30/2023 18:38,,,,42,,,,,500,2.54,1310.64,,,,,,,,,,,,
38944,10.0270595v1,10,,2,3,,8/30/2023 17:27,,,,10,,,,,120,2.72,359.04,,,,,,,,,,,,
38945,10.02112694v1,10,,2,4,,8/30/2023 20:05,,,,16,,,,,190,2.54,518.16,,,,,,,,,,,,
38946,10.02183809v1,10,,2,1,,8/31/2023 14:53,,,,30,,,,,360,1.96,729.12,,,,,,,,,,,,
38947,55.02184095v1,55,,114,3,,8/30/2023 19:57,,,,13,,,,,150,2.62,440.16,,,,,,,,,,,,
38948,10.0232076v1,10,,2,1,,8/30/2023 19:41,,,,11,,,,,130,2.23,321.12,,,,,,,,,,,,
38948,10.0232077v1,10,,2,1,,8/30/2023 19:41,,,,10,,,,,120,2.23,294.36,,,,,,,,,,,,
38949,10.02152749v5,10,,2,1,,8/30/2023 18:39,,,,30,,,,,360,1.96,729.12,,,,,,,,,,,,
38950,10.02182856v2,10,,2,3,,8/31/2023 21:43,,,,100,,,,,1200,2.01,2436.12,,,,,,,,,,,,
38951,46.02132270v1,46,,113,1,,8/30/2023 19:30,,,,10,,,,,120,2.23,294.36,,,,,,,,,,,,
38952,932182933v1,93,2,120,10,45187,8/30/2023 20:18,Distributor,newbusiness,14796203350,1,1.8,0,43.2,3.6,,,,,,,,,,,,,,,
38953,55.02184448v1,55,,114,3,,8/30/2023 19:13,,,,9,,,,,100,2.93,351.6,,,,,,,,,,,,
38954,55.02175151v1,55,,114,4,,8/30/2023 20:43,,,,25,,,,,300,2.7,842.4,,,,,,,,,,,,
38955,10.02178991v2,10,,2,1,,8/30/2023 21:04,,,,3,,,,,30,3.18,152.64,,,,,,,,,,,,
38956,932184446v1,93,1005,120,10,45195,8/31/2023 15:45,Distributor,existingbusiness,14796430204,84,1.24,0,1264.8,1246.2,,,,,,,,,,,,,,,
38957,10.02184478v1,10,,2,4,,8/30/2023 20:51,,,,6,,,,,65,2.83,237.72,,,,,,,,,,,,
38957,10.02184481v1,10,,2,4,,8/30/2023 20:51,,,,6,,,,,65,2.83,237.72,,,,,,,,,,,,
38958,55.02152921v1,55,,2,4,,8/31/2023 15:19,,,,3,,,,,30,3,144,,,,,,,,,,,,
38959,10.02134442v1,10,,2,3,,8/30/2023 21:05,,,,40,,,,,480,2.54,1249.68,,,,,,,,,,,,
38959,10.02134443v1,10,,2,3,,8/30/2023 21:05,,,,40,,,,,480,2.54,1249.68,,,,,,,,,,,,
38959,10.0275722v3,10,,2,3,,8/30/2023 21:05,,,,20,,,,,240,2.54,640.08,,,,,,,,,,,,
38959,10.02134445v1,10,,2,3,,8/30/2023 21:05,,,,40,,,,,480,2.54,1249.68,,,,,,,,,,,,
38959,10.0275724v3,10,,2,3,,8/30/2023 21:05,,,,20,,,,,240,2.54,640.08,,,,,,,,,,,,
38959,10.0275723v3,10,,2,3,,8/30/2023 21:05,,,,20,,,,,240,2.54,640.08,,,,,,,,,,,,
38960,10.02183128v1,10,,2,1,,8/31/2023 19:20,,,,5,,,,,60,2.56,184.32,,,,,,,,,,,,
38961,55.02182625v1,55,,114,1,,9/1/2023 15:09,,,,13,,,,,150,1.96,329.28,,,,,,,,,,,,
38962,10.03156861v1,10,,2,1,,8/31/2023 13:04,,,,10,,,,,120,2.23,294.36,,,,,,,,,,,,
38963,46.02152378v5,46,,113,1,,8/31/2023 17:09,,,,63,,,,,750,1.79,1374.72,,,,,,,,,,,,
38964,10.02113675v1,10,,2,3,,8/31/2023 13:59,,,,4,,,,,40,3.18,190.8,,,,,,,,,,,,
38965,10.02184487v1,10,,2,3,,8/30/2023 22:17,,,,21,,,,,250,2.54,670.56,,,,,,,,,,,,
38965,10.02184485v1,10,,2,3,,8/30/2023 22:17,,,,21,,,,,250,2.54,670.56,,,,,,,,,,,,
38966,10.02184123v1,10,,2,4,,8/31/2023 14:47,,,,10,,,,,120,2.71,357.72,,,,,,,,,,,,
38967,10.02184251v1,10,,2,3,,8/30/2023 22:25,,,,21,,,,,250,2.54,670.56,,,,,,,,,,,,
38967,55.02184255v1,55,,114,3,,8/30/2023 22:25,,,,21,,,,,250,2.62,691.68,,,,,,,,,,,,
38968,10.02184527v2,10,,2,1,,8/31/2023 13:59,,,,13,,,,,150,1.96,329.28,,,,,,,,,,,,
38969,10.02175287v1,10,,2,4,,9/6/2023 16:53,,,,42,,,,,500,2.54,1310.64,,,,,,,,,,,,
38971,55.02173890v2,55,,114,1,,9/15/2023 17:12,,,,16,,,,,190,1.88,383.52,,,,,,,,,,,,
38972,10.02184298v1,10,,2,1,,8/31/2023 15:01,,,,17,,,,,195,1.96,423.36,,,,,,,,,,,,
38973,10.02176486v1,10,,2,1,,8/31/2023 15:50,,,,10,,,,,120,2.23,294.36,,,,,,,,,,,,
38974,10.02160069v1,10,,2,1,,8/31/2023 16:33,,,,35,,,,,410,1.96,846.72,,,,,,,,,,,,
38975,10.02157007v3,10,,2,1,,8/31/2023 22:14,,,,10,,,,,120,2.23,294.36,,,,,,,,,,,,
38975,10.0291206v2,10,,2,1,,8/31/2023 22:14,,,,10,,,,,120,2.23,294.36,,,,,,,,,,,,
38976,10.02175718v1,10,,2,3,,8/31/2023 16:56,,,,3,,,,,30,3.18,152.64,,,,,,,,,,,,
38976,10.02175717v1,10,,2,3,,8/31/2023 16:56,,,,3,,,,,30,3.18,152.64,,,,,,,,,,,,
38976,10.02175715v1,10,,2,3,,8/31/2023 16:56,,,,3,,,,,30,3.18,152.64,,,,,,,,,,,,
38976,10.02175714v1,10,,2,3,,8/31/2023 16:56,,,,3,,,,,30,3.18,152.64,,,,,,,,,,,,
38977,55.02102165v1,55,,114,1,,8/31/2023 15:58,,,,10,,,,,120,2.23,294.36,,,,,,,,,,,,
38978,,70,,,1,45177,8/31/2023 17:09,,,,,,,,,,2.56,,30035,100,21914,48093,107,18629,120,120981,8/31/2023 16:33,9/8/2023,9,307.2
38979,46.02184673v1,46,,113,1,,8/31/2023 17:08,,,,20,,,,,240,1.96,493.92,,,,,,,,,,,,
38979,46.02184676v1,46,,113,1,,8/31/2023 17:08,,,,20,,,,,240,1.96,493.92,,,,,,,,,,,,
38980,10.02183653v1,10,,2,1,,8/31/2023 16:37,,,,10,,,,,120,2.23,294.36,,,,,,,,,,,,
38980,10.02183651v1,10,,2,1,,8/31/2023 16:37,,,,10,,,,,120,2.23,294.36,,,,,,,,,,,,
38980,10.02183654v1,10,,2,1,,8/31/2023 16:37,,,,10,,,,,120,2.23,294.36,,,,,,,,,,,,
38981,49.02184652v1,49,,116,3,,8/31/2023 17:28,,,,5,,,,,60,2.85,205.2,,,,,,,,,,,,
38981,49.02184647v1,49,,116,3,,8/31/2023 17:28,,,,5,,,,,60,2.85,205.2,,,,,,,,,,,,
38982,10.0288654v1,10,,2,4,,8/31/2023 17:13,,,,20,,,,,240,2.54,640.08,,,,,,,,,,,,
38983,10.02184575v1,10,,2,3,,8/31/2023 17:01,,,,5,,,,,60,2.85,205.2,,,,,,,,,,,,
38984,10.02175476v1,10,,2,4,,8/31/2023 19:15,,,,9,,,,,100,2.83,339.6,,,,,,,,,,,,
38984,10.02175482v1,10,,2,4,,8/31/2023 19:15,,,,9,,,,,100,2.83,339.6,,,,,,,,,,,,
38985,10.02169791v3,10,,2,4,,8/31/2023 19:41,,,,5,,,,,60,2.83,203.76,,,,,,,,,,,,
38985,10.02171489v3,10,,2,4,,8/31/2023 19:41,,,,5,,,,,60,2.83,203.76,,,,,,,,,,,,
38985,10.02131030v1,10,,2,4,,8/31/2023 19:41,,,,5,,,,,60,2.83,203.76,,,,,,,,,,,,
38985,10.02171546v1,10,,2,4,,8/31/2023 19:41,,,,5,,,,,60,2.83,203.76,,,,,,,,,,,,
38985,10.02171543v1,10,,2,4,,8/31/2023 19:41,,,,5,,,,,60,2.83,203.76,,,,,,,,,,,,
38986,10.02184024v1,10,,2,1,,8/31/2023 20:48,,,,5,,,,,50,3.18,228.96,,,,,,,,,,,,
38986,10.02184036v2,10,,2,1,,8/31/2023 20:48,,,,13,,,,,150,1.96,329.28,,,,,,,,,,,,
38987,10.02184687v1,10,,2,4,,8/31/2023 17:26,,,,4,,,,,40,2.83,169.8,,,,,,,,,,,,
38988,10.02181910v1,10,,2,1,,8/31/2023 19:48,,,,10,,,,,120,2.23,294.36,,,,,,,,,,,,
38989,55.02164803v7,55,,114,3,,8/31/2023 20:44,,,,5,,,,,60,2.93,210.96,,,,,,,,,,,,
38990,10.02184432v1,10,,2,3,,8/31/2023 18:34,,,,25,,,,,300,2.54,792.48,,,,,,,,,,,,
38990,10.02184433v1,10,,2,3,,8/31/2023 18:34,,,,17,,,,,200,2.54,548.64,,,,,,,,,,,,
38991,55.02184526v1,55,,114,1,,8/31/2023 18:20,,,,19,,,,,225,1.96,470.4,,,,,,,,,,,,
38992,10.02139091v1,10,,2,1,,8/31/2023 20:44,,,,42,,,,,500,1.96,1011.36,,,,,,,,,,,,
38993,55.02184717v1,55,,114,3,,8/31/2023 20:44,,,,3,,,,,30,2.93,140.64,,,,,,,,,,,,
38993,55.02184716v1,55,,114,3,,8/31/2023 20:44,,,,3,,,,,30,2.93,140.64,,,,,,,,,,,,
38994,10.0298232v2,10,,2,4,,9/5/2023 20:53,,,,42,,,,,500,2.54,1310.64,,,,,,,,,,,,
38995,55.02184037v2,55,,114,3,,8/31/2023 22:29,,,,6,,,,,70,2.93,246.12,,,,,,,,,,,,
38996,10.02183928v1,10,,2,3,,8/31/2023 20:28,,,,6,,,,,62,2.85,239.4,,,,,,,,,,,,
38997,10.02176734v1,10,,2,3,,8/31/2023 21:14,,,,5,,,,,60,2.85,205.2,,,,,,,,,,,,
38997,10.02176731v1,10,,2,3,,8/31/2023 21:14,,,,5,,,,,60,2.85,205.2,,,,,,,,,,,,
38997,10.02176732v2,10,,2,3,,8/31/2023 21:14,,,,5,,,,,60,2.85,205.2,,,,,,,,,,,,
38999,10.02174597v11,10,,2,1,,9/1/2023 2:33,,,,10,,,,,120,2.23,294.36,,,,,,,,,,,,
39000,10.0274544v1,10,,2,3,,8/31/2023 19:47,,,,10,,,,,120,2.72,359.04,,,,,,,,,,,,
39001,10.02184706v1,10,,2,1,,8/31/2023 19:53,,,,10,,,,,120,2.23,294.36,,,,,,,,,,,,
39002,46.01184731v3,46,,113,1,,9/8/2023 17:29,,,,9,,,,,100,2.39,286.8,,,,,,,,,,,,
39002,46.03184730v3,46,,113,1,,9/8/2023 17:29,,,,13,,,,,150,1.79,300.72,,,,,,,,,,,,
39003,10.02182308v7,10,,2,1,,8/31/2023 20:38,,,,17,,,,,200,1.96,423.36,,,,,,,,,,,,
39004,10.04184396v1,10,,2,4,,8/31/2023 21:10,,,,5,,,,,60,2.83,203.76,,,,,,,,,,,,
39005,10.02184635v1,10,,2,3,,8/31/2023 22:54,,,,5,,,,,60,2.85,205.2,,,,,,,,,,,,
39005,10.02184644v3,10,,2,3,,8/31/2023 22:54,,,,5,,,,,60,2.85,205.2,,,,,,,,,,,,
39006,10.0231889v4,10,,2,4,,8/31/2023 20:52,,,,20,,,,,240,2.54,640.08,,,,,,,,,,,,
39007,46.02182612v3,46,,113,3,,9/1/2023 18:06,,,,6,,,,,70,2.85,239.4,,,,,,,,,,,,
39008,10.02168146v1,10,,2,1,,9/7/2023 19:58,,,,10,,,,,120,2.23,294.36,,,,,,,,,,,,
39009,10.02184829v1,10,,2,4,,8/31/2023 22:37,,,,15,,,,,180,2.54,487.68,,,,,,,,,,,,
39010,10.02184729v1,10,,2,4,,9/6/2023 20:17,,,,10,,,,,120,2.83,373.56,,,,,,,,,,,,
39010,10.02184728v1,10,,2,4,,9/6/2023 20:17,,,,10,,,,,120,2.83,373.56,,,,,,,,,,,,
39012,10.02166623v1,10,,2,3,,8/31/2023 22:59,,,,17,,,,,200,2.54,548.64,,,,,,,,,,,,
39013,10.02105496v2,10,,2,4,,9/1/2023 15:49,,,,9,,,,,100,2.83,339.6,,,,,,,,,,,,
39014,10.02182970v1,10,,2,4,,9/1/2023 15:06,,,,17,,,,,203,2.54,548.64,,,,,,,,,,,,
39015,10.02130828v2,10,,2,3,,9/1/2023 17:46,,,,32,,,,,375,2.54,1005.84,,,,,,,,,,,,
39016,10.02182185v1,10,,2,4,,8/31/2023 23:40,,,,13,,,,,150,2.54,426.72,,,,,,,,,,,,
39017,10.02126851v4,10,,2,1,,9/1/2023 0:57,,,,20,,,,,240,1.96,493.92,,,,,,,,,,,,
39018,10.02133240v4,10,,2,4,,9/1/2023 3:15,,,,5,,,,,60,2.83,203.76,,,,,,,,,,,,
39019,10.02174449v1,10,,2,1,,9/1/2023 22:23,,,,20,,,,,240,1.96,493.92,,,,,,,,,,,,
39019,10.0269112v7,10,,2,1,,9/1/2023 22:23,,,,12,,,,,140,1.96,305.76,,,,,,,,,,,,
39020,10.02126851v4,10,,2,1,,9/1/2023 10:52,,,,9,,,,,100,2.56,307.2,,,,,,,,,,,,
39021,10.02184932v1,10,,2,1,,9/1/2023 16:01,,,,17,,,,,200,1.96,423.36,,,,,,,,,,,,
39022,10.02184438v1,10,,2,1,,9/1/2023 13:44,,,,10,,,,,120,2.23,294.36,,,,,,,,,,,,
39023,10.0283175v1,10,,2,3,,9/1/2023 16:32,,,,3,,,,,30,3.18,152.64,,,,,,,,,,,,
39024,10.02177877v1,10,,2,1,,9/1/2023 15:46,,,,13,,,,,150,1.96,329.28,,,,,,,,,,,,
39025,46.02184078v1,46,,113,1,,9/1/2023 15:41,,,,10,,,,,120,2.23,294.36,,,,,,,,,,,,
39026,44.02176365v1,44,,21,1,,9/1/2023 16:05,,,,63,,,,,750,1.79,1374.72,,,,,,,,,,,,
39027,15.02183391v1,15,,7,3,,9/5/2023 15:47,,,,10,,,,,120,3.84,506.88,,,,,,,,,,,,
39029,10.02184977v1,10,,2,1,,9/1/2023 22:05,,,,84,,,,,1000,1.79,1825.8,,,,,,,,,,,,
39030,932184905v1,93,400,120,10,45197,9/5/2023 20:49,Distributor,existingbusiness,14757735335,34,1.42,0,596.4,568,,,,,,,,,,,,,,,
39031,10.02182071v2,10,,2,1,,9/5/2023 13:16,,,,21,,,,,250,1.96,517.44,,,,,,,,,,,,
39031,10.02182069v3,10,,2,1,,9/5/2023 13:16,,,,21,,,,,250,1.96,517.44,,,,,,,,,,,,
39032,10.02152362v1,10,,2,1,,9/5/2023 19:44,,,,10,,,,,120,2.23,294.36,,,,,,,,,,,,
39033,10.0280859v3,10,,2,3,,9/13/2023 22:19,,,,13,,,,,150,2.54,426.72,,,,,,,,,,,,
39034,10.02184688v1,10,,2,3,,9/6/2023 16:46,,,,17,,,,,200,2.54,548.64,,,,,,,,,,,,
39035,55.02184319v1,55,,114,3,,9/1/2023 22:56,,,,3,,,,,30,2.93,140.64,,,,,,,,,,,,
39035,55.02184168v3,55,,114,3,,9/1/2023 22:56,,,,3,,,,,30,2.93,140.64,,,,,,,,,,,,
39036,55.02181044v1,55,,114,1,,9/1/2023 19:05,,,,42,,,,,500,1.96,1011.36,,,,,,,,,,,,
39037,10.02182656v1,10,,2,1,,9/1/2023 19:59,,,,84,,,,,1000,1.79,1825.8,,,,,,,,,,,,
39040,10.02185042v1,10,,2,1,,9/1/2023 21:28,,,,10,,,,,120,2.23,294.36,,,,,,,,,,,,
39041,55.02180806v1,55,,114,3,,9/1/2023 20:13,,,,16,,,,,191,2.62,534.48,,,,,,,,,,,,
39042,10.02143605v2,10,,2,3,,9/1/2023 19:58,,,,7,,,,,80,2.85,273.6,,,,,,,,,,,,
39043,10.02115178v2,10,,2,3,,9/6/2023 20:22,,,,10,,,,,120,2.72,359.04,,,,,,,,,,,,
39044,10.0222053v3,10,,2,3,,9/5/2023 15:55,,,,3,,,,,30,3.18,152.64,,,,,,,,,,,,
39044,10.02143720v2,10,,2,3,,9/5/2023 15:55,,,,3,,,,,30,3.18,152.64,,,,,,,,,,,,
39044,10.02143888v2,10,,2,3,,9/5/2023 15:55,,,,3,,,,,30,3.18,152.64,,,,,,,,,,,,
39044,10.02143886v2,10,,2,3,,9/5/2023 15:55,,,,3,,,,,30,3.18,152.64,,,,,,,,,,,,
39045,10.02170176v1,10,,2,4,,9/1/2023 21:06,,,,10,,,,,120,2.71,357.72,,,,,,,,,,,,
39046,10.02183942v2,10,,2,4,,9/5/2023 20:51,,,,50,,,,,600,2.28,1395.36,,,,,,,,,,,,
39047,10.02185187v1,10,,2,3,,9/5/2023 20:55,,,,3,,,,,30,3.18,152.64,,,,,,,,,,,,
39048,10.02180785v2,10,,2,1,,9/4/2023 20:14,,,,42,,,,,500,1.96,1011.36,,,,,,,,,,,,
39048,10.02153464v1,10,,2,1,,9/4/2023 20:14,,,,42,,,,,500,1.96,1011.36,,,,,,,,,,,,
39049,10.02177666v1,10,,2,3,,9/5/2023 20:59,,,,3,,,,,30,3.18,152.64,,,,,,,,,,,,
39050,10.02181270v4,10,,2,1,,9/5/2023 14:48,,,,9,,,,,100,2.56,307.2,,,,,,,,,,,,
39050,10.02181344v4,10,,2,1,,9/5/2023 14:48,,,,7,,,,,75,2.56,245.76,,,,,,,,,,,,
39051,10.02180812v1,10,,2,1,,9/5/2023 17:39,,,,125,,,,,1500,1.71,2585.52,,,,,,,,,,,,
39052,10.02184820v1,10,,2,1,,9/15/2023 20:18,,,,6,,,,,62,2.56,215.04,,,,,,,,,,,,
39053,55.02156742v1,55,,114,3,,9/3/2023 3:10,,,,17,,,,,200,2.62,565.92,,,,,,,,,,,,
39054,10.02177723v1,10,,2,1,,9/5/2023 14:50,,,,10,,,,,120,2.23,294.36,,,,,,,,,,,,
39055,10.02174434v1,10,,2,1,,9/5/2023 14:40,,,,100,,,,,1200,1.71,2072.52,,,,,,,,,,,,
39056,10.02184705v1,10,,2,3,,9/5/2023 13:28,,,,3,,,,,30,3.18,152.64,,,,,,,,,,,,
39057,10.02184890v1,10,,2,1,,9/5/2023 13:59,,,,5,,,,,60,2.56,184.32,,,,,,,,,,,,
39058,46.0292083v1,46,,113,1,,9/5/2023 18:28,,,,25,,,,,300,1.79,558.48,,,,,,,,,,,,
39059,10.02184345v1,10,,2,1,,9/5/2023 13:42,,,,10,,,,,120,2.23,294.36,,,,,,,,,,,,
39060,10.0256930v1,10,,2,1,,9/7/2023 13:53,,,,42,,,,,500,1.96,1011.36,,,,,,,,,,,,
39061,10.029026v1,10,,2,4,,9/5/2023 20:55,,,,10,,,,,120,2.83,373.56,,,,,,,,,,,,
39063,10.02183176v1,10,,2,4,,9/5/2023 16:32,,,,17,,,,,200,2.54,548.64,,,,,,,,,,,,
39064,932150503v1,93,252,120,10,45197,9/5/2023 17:04,Distributor,existingbusiness,14997053234,21,1.42,0,374.88,357.84,,,,,,,,,,,,,,,
39065,10.02184243v1,10,,2,4,,9/5/2023 17:44,,,,25,,,,,300,2.54,792.48,,,,,,,,,,,,
39065,10.02149412v1,10,,2,4,,9/5/2023 17:44,,,,20,,,,,240,2.54,640.08,,,,,,,,,,,,
39066,932150508v3,93,252,120,10,45197,9/5/2023 17:05,Distributor,existingbusiness,14997784459,21,1.42,0,374.88,357.84,,,,,,,,,,,,,,,
39067,55.02168886v3,55,,114,1,,9/6/2023 2:31,,,,4,,,,,40,2.56,153.6,,,,,,,,,,,,
39068,10.02168401v3,10,,2,1,,9/5/2023 17:34,,,,5,,,,,60,2.56,184.32,,,,,,,,,,,,
39070,10.02114524v1,10,,2,3,,9/6/2023 17:22,,,,20,,,,,240,2.43,612.36,,,,,,,,,,,,
39071,10.02184514v1,10,,2,4,,9/5/2023 19:41,,,,5,,,,,60,2.83,203.76,,,,,,,,,,,,
39072,10.02116998v1,10,,2,3,,9/8/2023 18:29,,,,10,,,,,120,2.72,359.04,,,,,,,,,,,,
39073,10.02182859v1,10,,2,4,,9/5/2023 18:17,,,,20,,,,,240,2.54,640.08,,,,,,,,,,,,
39074,10.02184774v1,10,,2,4,,9/5/2023 18:27,,,,9,,,,,100,2.83,339.6,,,,,,,,,,,,
39075,10.02185007v1,10,,2,4,,9/5/2023 18:30,,,,10,,,,,120,2.83,373.56,,,,,,,,,,,,
39076,17.02178321v2,17,,9,1,,9/5/2023 21:23,,,,10,,,,,120,2.23,294.36,,,,,,,,,,,,
39077,10.02159926v1,10,,2,1,,9/5/2023 19:42,,,,9,,,,,100,2.56,307.2,,,,,,,,,,,,
39078,932174455v3,93,200,120,10,45211,9/5/2023 22:25,Distributor,existingbusiness,13924026128,17,1.8,0,388.8,360,,,,,,,,,,,,,,,
39079,10.02136030v1,10,,120,4,,9/5/2023 21:24,,,,30,,,,,360,2.54,944.88,,,,,,,,,,,,
39080,55.02185140v1,55,,114,4,,9/6/2023 16:53,,,,6,,,,,64,3,252,,,,,,,,,,,,
39081,10.02184655v1,10,,2,3,,9/5/2023 20:59,,,,10,,,,,120,2.72,359.04,,,,,,,,,,,,
39082,55.02143815v2,55,,114,1,,9/7/2023 23:13,,,,8,,,,,90,2.56,276.48,,,,,,,,,,,,
39083,10.02185273v1,10,,2,4,,9/5/2023 20:03,,,,10,,,,,120,2.83,373.56,,,,,,,,,,,,
39084,10.02184537v1,10,,2,1,,9/6/2023 16:21,,,,7,,,,,75,2.56,245.76,,,,,,,,,,,,
39086,9102184608v2,910,500,25,5,45201,9/6/2023 17:54,Distributor,existingbusiness,14879297149,42,0.76,90,482.16,470,,,,,,,,,,,,,,,
39087,10.0234283v1,10,,2,4,,9/5/2023 20:56,,,,10,,,,,120,2.83,373.56,,,,,,,,,,,,
39088,10.0284023v1,10,,2,3,,9/5/2023 20:56,,,,10,,,,,120,2.72,359.04,,,,,,,,,,,,
39089,10.02150869v2,10,,2,3,,9/5/2023 21:25,,,,10,,,,,120,2.72,359.04,,,,,,,,,,,,
39090,17.02102916v1,17,,9,4,,9/5/2023 21:42,,,,5,,,,,60,2.83,203.76,,,,,,,,,,,,
39092,10.02184442v1,10,,2,1,,9/6/2023 13:47,,,,6,,,,,72,2.56,215.04,,,,,,,,,,,,
39093,55.02185140v1,55,,114,4,,9/6/2023 16:59,,,,5,,,,,60,3,216,,,,,,,,,,,,
39094,55.02184958v1,55,,114,1,,9/5/2023 23:11,,,,17,,,,,200,1.88,406.08,,,,,,,,,,,,
39095,10.02151393v1,10,,2,4,,9/5/2023 23:12,,,,5,,,,,50,3.25,234,,,,,,,,,,,,
39096,10.0247888v1,10,,2,1,,9/5/2023 23:51,,,,10,,,,,120,2.23,294.36,,,,,,,,,,,,
39097,10.02185497v1,10,,2,1,,9/6/2023 0:39,,,,3,,,,,30,3.18,152.64,,,,,,,,,,,,
39098,10.02174404v3,10,,2,1,,9/6/2023 15:57,,,,10,,,,,120,2.23,294.36,,,,,,,,,,,,
39099,55.03184683v1,55,,114,3,,9/6/2023 12:00,,,,11,,,,,125,2.85,410.4,,,,,,,,,,,,
39099,55.02136190v2,55,,114,3,,9/6/2023 12:00,,,,11,,,,,125,2.85,410.4,,,,,,,,,,,,
39100,10.02169941v1,10,,114,4,,9/8/2023 15:34,,,,20,,,,,240,2.54,640.08,,,,,,,,,,,,
39101,17.02121137v2,17,,9,4,,9/11/2023 16:35,,,,7,,,,,75,2.83,271.68,,,,,,,,,,,,
39101,17.02121138v2,17,,9,4,,9/11/2023 16:35,,,,7,,,,,75,2.83,271.68,,,,,,,,,,,,
39101,17.02121135v2,17,,9,4,,9/11/2023 16:35,,,,7,,,,,75,2.83,271.68,,,,,,,,,,,,
39101,17.02121130v2,17,,9,4,,9/11/2023 16:35,,,,7,,,,,75,2.83,271.68,,,,,,,,,,,,
39102,10.02184579v2,10,,2,3,,9/6/2023 18:00,,,,3,,,,,30,3.18,152.64,,,,,,,,,,,,
39103,10.02183941v2,10,,2,1,,9/6/2023 15:22,,,,10,,,,,120,2.23,294.36,,,,,,,,,,,,
39104,10.02182631v1,10,,2,3,,9/6/2023 16:13,,,,655,,,,,7850,1.72,13539.84,,,,,,,,,,,,
39105,10.03156861v1,10,,2,1,,9/6/2023 15:21,,,,15,,,,,180,1.96,376.32,,,,,,,,,,,,
39106,10.02168610v1,10,,2,1,,9/6/2023 15:02,,,,25,,,,,300,1.96,611.52,,,,,,,,,,,,
39107,10.02185515v1,10,,2,3,,9/6/2023 15:13,,,,9,,,,,100,2.85,342,,,,,,,,,,,,
39108,10.02181327v1,10,,2,1,,9/13/2023 15:22,,,,20,,,,,240,1.96,493.92,,,,,,,,,,,,
39109,10.02185522v1,10,,2,3,,9/6/2023 15:16,,,,9,,,,,100,2.85,342,,,,,,,,,,,,
39110,10.02147425v1,10,,2,1,,9/6/2023 15:32,,,,84,,,,,1000,1.79,1825.8,,,,,,,,,,,,
39111,46.02185642v1,46,,113,1,,9/6/2023 15:53,,,,84,,,,,1000,1.62,1652.4,,,,,,,,,,,,
39112,10.0249784v2,10,,2,4,,9/6/2023 15:47,,,,10,,,,,120,2.83,373.56,,,,,,,,,,,,
39113,10.02185639v1,10,,2,1,,9/6/2023 20:36,,,,11,,,,,125,2.23,321.12,,,,,,,,,,,,
39114,10.02177776v1,10,,2,1,,9/6/2023 18:54,,,,10,,,,,120,2.23,294.36,,,,,,,,,,,,
39115,55.02174986v4,55,,114,4,,9/11/2023 16:42,,,,13,,,,,150,2.71,455.28,,,,,,,,,,,,
39115,55.02132871v3,55,,114,4,,9/11/2023 16:42,,,,13,,,,,150,2.71,455.28,,,,,,,,,,,,
39115,55.02186612v1,55,,114,4,,9/11/2023 16:42,,,,13,,,,,150,2.71,455.28,,,,,,,,,,,,
39115,55.02132872v3,55,,114,4,,9/11/2023 16:42,,,,13,,,,,150,2.71,455.28,,,,,,,,,,,,
39116,10.02132624v5,10,,2,3,,9/6/2023 16:24,,,,10,,,,,120,2.72,359.04,,,,,,,,,,,,
39117,10.02182457v1,10,,2,1,,9/6/2023 16:23,,,,10,,,,,120,2.23,294.36,,,,,,,,,,,,
39118,10.02184157v2,10,,2,1,,9/6/2023 17:17,,,,17,,,,,200,1.96,423.36,,,,,,,,,,,,
39120,10.02185529v1,10,,2,1,,9/7/2023 13:15,,,,25,,,,,300,1.96,611.52,,,,,,,,,,,,
39120,10.02180958v1,10,,2,1,,9/7/2023 13:15,,,,30,,,,,360,1.96,729.12,,,,,,,,,,,,
39121,55.02174522v5,55,,114,1,,9/13/2023 14:37,,,,40,,,,,480,1.88,924.96,,,,,,,,,,,,
39122,55.02157905v1,55,,114,3,,9/6/2023 17:31,,,,25,,,,,300,2.56,798.72,,,,,,,,,,,,
39123,10.0217889v1,10,,2,4,,9/7/2023 13:58,,,,10,,,,,120,2.83,373.56,,,,,,,,,,,,
39124,10.02184490v2,10,,2,3,,9/6/2023 17:51,,,,5,,,,,60,2.85,205.2,,,,,,,,,,,,
39125,10.02184989v1,10,,2,1,,9/6/2023 18:24,,,,17,,,,,200,1.96,423.36,,,,,,,,,,,,
39125,10.02184983v1,10,,2,1,,9/6/2023 18:24,,,,17,,,,,200,1.96,423.36,,,,,,,,,,,,
39126,10.02185641v1,10,,2,4,,9/6/2023 22:21,,,,3,,,,,30,3.25,156,,,,,,,,,,,,
39127,55.02186219v1,55,,114,4,,9/8/2023 14:37,,,,5,,,,,60,3,216,,,,,,,,,,,,
39127,10.02185709v1,10,,2,4,,9/8/2023 14:37,,,,5,,,,,60,2.83,203.76,,,,,,,,,,,,
39128,10.02133263v2,10,,2,4,,9/6/2023 18:24,,,,13,,,,,150,2.54,426.72,,,,,,,,,,,,
39129,10.0228174v1,10,,2,1,,9/6/2023 18:50,,,,10,,,,,120,2.23,294.36,,,,,,,,,,,,
39130,55.02185663v2,55,,114,3,,9/8/2023 23:06,,,,13,,,,,150,2.67,448.56,,,,,,,,,,,,
39131,17.02185708v3,17,,9,4,,9/11/2023 19:58,,,,17,,,,,200,2.54,548.64,,,,,,,,,,,,
39132,10.02185633v2,10,,2,4,,9/7/2023 22:48,,,,13,,,,,150,2.54,426.72,,,,,,,,,,,,
39133,55.02185254v1,55,,114,1,,9/6/2023 20:50,,,,30,,,,,360,1.88,699.36,,,,,,,,,,,,
39134,17.02185155v1,17,,9,4,,9/6/2023 20:55,,,,7,,,,,75,2.83,271.68,,,,,,,,,,,,
39135,10.02184836v2,10,,2,4,,9/6/2023 21:32,,,,5,,,,,60,2.83,203.76,,,,,,,,,,,,
39136,10.02184657v2,10,,2,1,,9/7/2023 18:46,,,,42,,,,,500,1.96,1011.36,,,,,,,,,,,,
39137,55.02139056v2,55,,114,1,,9/7/2023 23:06,,,,40,,,,,480,1.88,924.96,,,,,,,,,,,,
39138,10.02184659v2,10,,2,1,,9/6/2023 21:48,,,,13,,,,,150,1.96,329.28,,,,,,,,,,,,
39139,15.04181342v3,15,,7,3,,9/6/2023 22:49,,,,10,,,,,120,3.84,506.88,,,,,,,,,,,,
39139,,70,,,3,45180,9/6/2023 22:49,,,,,,,,,,2.54,,30054,200,22089,48492,108,18781,216,124474,9/6/2023 22:40,9/11/2023,17,548.64
39140,10.02185823v1,10,,2,1,,9/7/2023 14:45,,,,5,,,,,60,2.56,184.32,,,,,,,,,,,,
39141,55.02185816v1,55,,114,1,,9/6/2023 21:53,,,,10,,,,,120,1.96,258.72,,,,,,,,,,,,
39142,10.02182853v1,10,,2,3,,9/13/2023 16:14,,,,3,,,,,30,3.18,152.64,,,,,,,,,,,,
39142,10.02182850v1,10,,2,3,,9/13/2023 16:14,,,,3,,,,,30,3.18,152.64,,,,,,,,,,,,
39142,10.02182849v1,10,,2,3,,9/13/2023 16:14,,,,3,,,,,30,3.18,152.64,,,,,,,,,,,,
39143,10.02178953v5,10,,2,1,,9/7/2023 13:51,,,,3,,,,,30,3.18,152.64,,,,,,,,,,,,
39144,49.02170649v1,49,,116,1,,9/7/2023 18:28,,,,20,,,,,240,1.96,493.92,,,,,,,,,,,,
39145,10.02177544v2,10,,2,3,,9/8/2023 20:09,,,,5,,,,,50,3.18,228.96,,,,,,,,,,,,
39147,11.0255371v1,11,,3,4,,9/7/2023 2:02,,,,5,,,,,60,2.83,203.76,,,,,,,,,,,,
39147,10.0249731v1,10,,2,4,,9/7/2023 2:02,,,,5,,,,,60,2.83,203.76,,,,,,,,,,,,
39148,10.02105372v1,10,,2,1,,11/1/2023 14:36,,,,59,,,,,700,1.88,1353.6,,,,,,,,,,,,
39149,10.02184486v1,10,,2,1,,9/6/2023 23:36,,,,42,,,,,500,1.96,1011.36,,,,,,,,,,,,
39149,10.02184482v1,10,,2,1,,9/6/2023 23:36,,,,42,,,,,500,1.96,1011.36,,,,,,,,,,,,
39150,10.02185784v2,10,,2,1,,9/8/2023 13:41,,,,13,,,,,152,1.96,329.28,,,,,,,,,,,,
39151,10.02108632v2,10,,2,3,,9/7/2023 12:53,,,,17,,,,,200,2.54,548.64,,,,,,,,,,,,
39153,10.02185024v1,10,,2,1,,9/7/2023 15:14,,,,10,,,,,120,2.23,294.36,,,,,,,,,,,,
39155,10.0260923v1,10,,2,1,,9/8/2023 12:00,,,,42,,,,,500,1.96,1011.36,,,,,,,,,,,,
39156,10.02111257v1,10,,2,1,,9/7/2023 15:23,,,,25,,,,,300,1.96,611.52,,,,,,,,,,,,
39157,10.02176153v1,10,,2,1,,9/7/2023 14:58,,,,10,,,,,120,2.23,294.36,,,,,,,,,,,,
39158,10.02158464v1,10,,2,3,,9/7/2023 19:21,,,,17,,,,,200,2.54,548.64,,,,,,,,,,,,
39159,10.02159577v1,10,,2,1,,9/7/2023 23:13,,,,13,,,,,150,1.96,329.28,,,,,,,,,,,,
39159,10.02159578v1,10,,2,1,,9/7/2023 23:13,,,,21,,,,,250,1.96,517.44,,,,,,,,,,,,
39160,10.02183632v2,10,,2,1,,9/7/2023 16:29,,,,10,,,,,120,2.23,294.36,,,,,,,,,,,,
39161,55.02185930v1,55,,114,1,,9/7/2023 15:31,,,,25,,,,,300,1.88,586.56,,,,,,,,,,,,
39161,55.02185931v1,55,,114,1,,9/7/2023 15:31,,,,25,,,,,300,1.88,586.56,,,,,,,,,,,,
39162,10.02136483v2,10,,2,4,,9/7/2023 15:34,,,,10,,,,,120,2.83,373.56,,,,,,,,,,,,
39163,10.02179369v2,10,,2,3,,9/7/2023 16:51,,,,5,,,,,60,2.85,205.2,,,,,,,,,,,,
39164,55.02138943v3,55,,114,3,,9/7/2023 20:25,,,,7,,,,,75,2.98,286.08,,,,,,,,,,,,
39165,9102133244v1,910,500,25,5,45201,9/7/2023 22:44,Distributor,existingbusiness,15056308253,42,0.76,90,482.16,470,,,,,,,,,,,,,,,
39166,10.02178311v5,10,,2,3,,9/8/2023 20:12,,,,30,,,,,360,2.43,903.96,,,,,,,,,,,,
39167,10.02185160v1,10,,2,1,,9/7/2023 17:05,,,,13,,,,,150,1.96,329.28,,,,,,,,,,,,
39167,55.02185724v1,55,,114,1,,9/7/2023 17:05,,,,13,,,,,150,1.88,315.84,,,,,,,,,,,,
39168,55.02185790v1,55,,114,1,,9/7/2023 18:26,,,,10,,,,,120,1.96,258.72,,,,,,,,,,,,
39169,10.02186164v1,10,,2,3,,9/8/2023 21:54,,,,167,,,,,2000,2.01,4052.16,,,,,,,,,,,,
39170,10.0225605v1,10,,2,1,,9/7/2023 17:35,,,,23,,,,,270,1.96,564.48,,,,,,,,,,,,
39171,10.02185582v1,10,,2,3,,9/8/2023 21:49,,,,20,,,,,240,2.43,612.36,,,,,,,,,,,,
39172,10.02185747v1,10,,2,3,,9/7/2023 19:54,,,,5,,,,,60,2.85,205.2,,,,,,,,,,,,
39173,10.0294138v5,10,,2,3,,9/13/2023 18:47,,,,272,,,,,3260,1.72,5634.72,,,,,,,,,,,,
39174,10.02185188v2,10,,2,1,,9/11/2023 13:25,,,,13,,,,,150,1.96,329.28,,,,,,,,,,,,
39175,10.02182724v1,10,,2,3,,9/8/2023 17:57,,,,59,,,,,701,2.28,1641.6,,,,,,,,,,,,
39176,10.02183189v2,10,,2,1,,9/7/2023 18:31,,,,10,,,,,120,2.23,294.36,,,,,,,,,,,,
39178,10.02184583v1,10,,2,1,,9/7/2023 20:43,,,,5,,,,,60,2.56,184.32,,,,,,,,,,,,
39179,10.03166186v1,10,,2,3,,9/7/2023 20:11,,,,25,,,,,300,2.43,758.16,,,,,,,,,,,,
39179,10.02165705v1,10,,2,3,,9/7/2023 20:11,,,,142,,,,,1700,2.01,3449.16,,,,,,,,,,,,
39180,10.0277736v2,10,,2,3,,9/14/2023 17:09,,,,9,,,,,100,2.85,342,,,,,,,,,,,,
39181,10.02161106v2,10,,2,3,,9/7/2023 18:53,,,,15,,,,,180,2.54,487.68,,,,,,,,,,,,
39183,10.02185756v2,10,,2,1,,9/7/2023 19:23,,,,21,,,,,250,1.96,517.44,,,,,,,,,,,,
39184,10.02186000v1,10,,2,3,,9/8/2023 17:24,,,,5,,,,,60,2.85,205.2,,,,,,,,,,,,
39185,10.02185538v1,10,,2,3,,9/7/2023 19:53,,,,6,,,,,62,2.85,239.4,,,,,,,,,,,,
39186,10.02185964v1,10,,2,3,,9/8/2023 16:30,,,,50,,,,,600,2.28,1395.36,,,,,,,,,,,,
39187,55.02188216v1,55,,114,3,,9/19/2023 15:06,,,,46,,,,,550,2.41,1359.24,,,,,,,,,,,,
39188,10.02185858v2,10,,2,1,,9/7/2023 21:18,,,,60,,,,,720,1.79,1310.28,,,,,,,,,,,,
39188,12.02185859v3,12,,4,1,,9/7/2023 21:18,,,,40,,,,,480,1.63,801.96,,,,,,,,,,,,
39189,10.02185781v1,10,,2,1,,9/7/2023 21:17,,,,17,,,,,200,1.96,423.36,,,,,,,,,,,,
39190,10.02185078v4,10,,2,3,,9/8/2023 14:37,,,,5,,,,,60,2.85,205.2,,,,,,,,,,,,
39191,10.02177098v1,10,,2,4,,9/8/2023 13:41,,,,59,,,,,700,2.28,1641.6,,,,,,,,,,,,
39192,55.02180815v1,55,,114,3,,9/8/2023 23:05,,,,3,,,,,30,3.31,158.88,,,,,,,,,,,,
39193,10.02134191v1,10,,2,1,,9/7/2023 23:11,,,,10,,,,,120,2.23,294.36,,,,,,,,,,,,
39193,10.03134201v1,10,,2,1,,9/7/2023 23:11,,,,10,,,,,120,2.23,294.36,,,,,,,,,,,,
39194,10.0286659v1,10,,2,1,,9/8/2023 12:07,,,,42,,,,,500,1.96,1011.36,,,,,,,,,,,,
39195,10.02154969v1,10,,2,4,,9/7/2023 23:14,,,,9,,,,,100,2.83,339.6,,,,,,,,,,,,
39196,10.02186490v1,10,,2,1,,9/11/2023 22:51,,,,32,,,,,380,1.96,776.16,,,,,,,,,,,,
39197,10.0213785v1,10,,2,4,,9/8/2023 20:38,,,,67,,,,,800,2.01,1640.16,,,,,,,,,,,,
39198,10.02177329v2,10,,2,3,,9/8/2023 20:33,,,,30,,,,,360,2.43,903.96,,,,,,,,,,,,
39198,10.02177330v2,10,,2,3,,9/8/2023 20:33,,,,30,,,,,360,2.43,903.96,,,,,,,,,,,,
39199,10.02184015v4,10,,2,4,,9/11/2023 15:42,,,,25,,,,,300,2.54,792.48,,,,,,,,,,,,
39199,10.02184913v7,10,,2,4,,9/11/2023 15:42,,,,17,,,,,200,2.54,548.64,,,,,,,,,,,,
39200,10.02186223v1,10,,2,4,,9/8/2023 15:34,,,,10,,,,,120,2.83,373.56,,,,,,,,,,,,
39201,46.02183234v4,46,,113,1,,9/14/2023 18:35,,,,60,,,,,720,1.62,1185.84,,,,,,,,,,,,
39202,55.02181496v4,55,,114,4,,9/8/2023 19:45,,,,10,,,,,120,3,396,,,,,,,,,,,,
39203,10.02150553v4,10,,2,1,,9/8/2023 17:16,,,,13,,,,,150,1.96,329.28,,,,,,,,,,,,
39204,10.02186306v1,10,,2,3,,9/11/2023 16:40,,,,40,,,,,480,2.43,1195.56,,,,,,,,,,,,
39205,10.02143514v2,10,,2,4,,9/8/2023 16:41,,,,17,,,,,200,2.54,548.64,,,,,,,,,,,,
39206,55.02186353v1,55,,114,3,,9/8/2023 19:22,,,,10,,,,,120,2.85,376.2,,,,,,,,,,,,
39207,10.02183771v1,10,,2,3,,9/8/2023 15:47,,,,15,,,,,175,2.54,487.68,,,,,,,,,,,,
39208,10.02178564v3,10,,2,3,,9/9/2023 13:58,,,,3,,,,,30,3.18,152.64,,,,,,,,,,,,
39209,10.02156700v1,10,,2,3,,9/8/2023 18:35,,,,40,,,,,475,2.43,1195.56,,,,,,,,,,,,
39210,10.02186277v1,10,,2,1,,9/11/2023 16:17,,,,20,,,,,240,1.96,493.92,,,,,,,,,,,,
39211,10.02185864v3,10,,2,4,,9/8/2023 16:29,,,,10,,,,,120,2.83,373.56,,,,,,,,,,,,
39211,10.02185862v2,10,,2,4,,9/8/2023 16:29,,,,10,,,,,120,2.83,373.56,,,,,,,,,,,,
39212,10.02182542v1,10,,2,4,,9/9/2023 3:38,,,,17,,,,,200,2.54,548.64,,,,,,,,,,,,
39213,55.02157905v1,55,,114,3,,9/8/2023 23:32,,,,25,,,,,300,2.56,798.72,,,,,,,,,,,,
39214,10.02113006v1,10,,2,3,,9/8/2023 16:29,,,,3,,,,,35,3.18,152.64,,,,,,,,,,,,
39215,10.02184920v2,10,,2,4,,9/8/2023 16:39,,,,5,,,,,60,2.83,203.76,,,,,,,,,,,,
39215,10.02184919v2,10,,2,4,,9/8/2023 16:39,,,,5,,,,,60,2.83,203.76,,,,,,,,,,,,
39217,10.02185079v2,10,,2,4,,9/8/2023 17:01,,,,11,,,,,121,2.83,407.52,,,,,,,,,,,,
39218,10.02112072v2,10,,2,4,,9/8/2023 17:14,,,,5,,,,,60,2.83,203.76,,,,,,,,,,,,
39219,10.02186009v4,10,,2,3,,9/8/2023 19:21,,,,5,,,,,60,2.85,205.2,,,,,,,,,,,,
39219,10.02147181v5,10,,2,3,,9/8/2023 19:21,,,,10,,,,,120,2.72,359.04,,,,,,,,,,,,
39222,10.0283782v4,10,,2,1,,9/8/2023 19:20,,,,100,,,,,1200,1.71,2072.52,,,,,,,,,,,,
39223,49.02179070v1,49,,116,3,,9/8/2023 22:05,,,,13,,,,,150,2.47,414.96,,,,,,,,,,,,
39224,10.02144471v2,10,,2,4,,9/14/2023 22:55,,,,5,,,,,60,2.83,203.76,,,,,,,,,,,,
39224,10.02146843v1,10,,2,4,,9/14/2023 22:55,,,,5,,,,,60,2.83,203.76,,,,,,,,,,,,
39225,10.02103260v1,10,,2,3,,9/8/2023 22:28,,,,20,,,,,240,2.43,612.36,,,,,,,,,,,,
39227,55.02186377v1,55,,114,4,,9/8/2023 20:55,,,,14,,,,,160,2.71,487.8,,,,,,,,,,,,
39228,55.02178259v1,55,,114,1,,9/15/2023 15:33,,,,5,,,,,60,2.56,184.32,,,,,,,,,,,,
39229,17.02143760v3,17,,9,3,,9/8/2023 20:26,,,,10,,,,,115,2.72,359.04,,,,,,,,,,,,
39230,48.02185826v4,48,,115,4,,9/8/2023 20:34,,,,5,,,,,60,2.83,203.76,,,,,,,,,,,,
39231,10.02186362v1,10,,2,1,,9/13/2023 16:23,,,,11,,,,,125,2.23,321.12,,,,,,,,,,,,
39231,10.02186363v1,10,,2,1,,9/13/2023 16:23,,,,11,,,,,125,2.23,321.12,,,,,,,,,,,,
39232,55.02186623v2,55,,114,3,,9/8/2023 23:05,,,,17,,,,,200,2.67,576.72,,,,,,,,,,,,
39233,10.02186890v1,10,,2,3,,9/8/2023 22:35,,,,134,,,,,1600,2.01,3256.2,,,,,,,,,,,,
39234,10.02122673v1,10,,2,1,,9/12/2023 15:43,,,,17,,,,,200,1.96,423.36,,,,,,,,,,,,
39235,10.02182902v2,10,,2,3,,9/11/2023 21:15,,,,22,,,,,260,2.43,670.68,,,,,,,,,,,,
39236,10.02165433v1,10,,2,4,,9/11/2023 16:37,,,,10,,,,,120,2.83,373.56,,,,,,,,,,,,
39236,10.02165432v1,10,,2,4,,9/11/2023 16:37,,,,10,,,,,120,2.83,373.56,,,,,,,,,,,,
39237,10.02185633v2,10,,2,4,,9/15/2023 0:34,,,,10,,,,,120,2.83,373.56,,,,,,,,,,,,
39239,10.02185272v2,10,,2,4,,9/9/2023 13:58,,,,10,,,,,120,2.83,373.56,,,,,,,,,,,,
39239,10.03186496v1,10,,2,4,,9/9/2023 13:58,,,,3,,,,,30,3.25,156,,,,,,,,,,,,
39240,10.02185166v3,10,,2,3,,9/12/2023 17:20,,,,10,,,,,120,2.72,359.04,,,,,,,,,,,,
39241,10.02185416v1,10,,2,4,,9/9/2023 18:50,,,,6,,,,,70,2.83,237.72,,,,,,,,,,,,
39242,10.0284330v1,10,,2,1,,9/11/2023 17:43,,,,5,,,,,60,2.56,184.32,,,,,,,,,,,,
39242,10.02171485v2,10,,2,1,,9/11/2023 17:43,,,,5,,,,,60,2.56,184.32,,,,,,,,,,,,
39243,10.02186564v1,10,,2,4,,9/11/2023 17:16,,,,5,,,,,60,2.83,203.76,,,,,,,,,,,,
39244,10.0218490v1,10,,2,4,,9/11/2023 15:04,,,,10,,,,,120,2.83,373.56,,,,,,,,,,,,
39245,10.02147088v3,10,,2,1,,9/12/2023 14:10,,,,60,,,,,720,1.79,1310.28,,,,,,,,,,,,
39246,10.02185193v3,10,,2,3,,9/11/2023 16:24,,,,7,,,,,80,2.85,273.6,,,,,,,,,,,,
39247,55.02185121v2,55,,114,4,,9/11/2023 15:46,,,,11,,,,,123,3,432,,,,,,,,,,,,
39248,55.02183760v4,55,,114,4,,9/11/2023 16:20,,,,10,,,,,120,3,396,,,,,,,,,,,,
39249,10.02168284v1,10,,2,1,,9/11/2023 19:31,,,,10,,,,,120,2.23,294.36,,,,,,,,,,,,
39249,10.02168286v1,10,,2,1,,9/11/2023 19:31,,,,10,,,,,120,2.23,294.36,,,,,,,,,,,,
39249,10.02169357v1,10,,2,1,,9/11/2023 19:31,,,,10,,,,,120,2.23,294.36,,,,,,,,,,,,
39251,10.02155551v3,10,,2,3,,9/14/2023 17:21,,,,30,,,,,350,2.43,903.96,,,,,,,,,,,,
39252,10.02181206v1,10,,2,4,,9/11/2023 16:27,,,,10,,,,,120,2.83,373.56,,,,,,,,,,,,
39253,10.02186078v1,10,,2,3,,9/11/2023 17:56,,,,5,,,,,50,3.18,228.96,,,,,,,,,,,,
39255,10.02177290v8,10,,2,3,,9/13/2023 0:55,,,,7,,,,,80,2.85,273.6,,,,,,,,,,,,
39256,10.02168990v1,10,,2,3,,9/11/2023 17:39,,,,10,,,,,120,2.72,359.04,,,,,,,,,,,,
39257,10.03176427v1,10,,2,3,,9/11/2023 16:44,,,,20,,,,,240,2.43,612.36,,,,,,,,,,,,
39258,10.0266665v1,10,,2,3,,9/12/2023 20:40,,,,20,,,,,240,2.43,612.36,,,,,,,,,,,,
39259,10.02184700v1,10,,2,3,,9/11/2023 17:03,,,,13,,,,,150,2.54,426.72,,,,,,,,,,,,
39259,10.02184701v1,10,,2,3,,9/11/2023 17:03,,,,13,,,,,150,2.54,426.72,,,,,,,,,,,,
39259,10.02184699v1,10,,2,3,,9/11/2023 17:03,,,,13,,,,,150,2.54,426.72,,,,,,,,,,,,
39259,10.02184704v1,10,,2,3,,9/11/2023 17:03,,,,13,,,,,150,2.54,426.72,,,,,,,,,,,,
39260,10.02129254v3,10,,2,1,,9/13/2023 15:06,,,,6,,,,,65,2.56,215.04,,,,,,,,,,,,
39261,10.02183919v2,10,,2,3,,9/11/2023 18:08,,,,13,,,,,150,2.54,426.72,,,,,,,,,,,,
39261,10.02183918v3,10,,2,3,,9/11/2023 18:08,,,,13,,,,,150,2.54,426.72,,,,,,,,,,,,
39262,10.02186619v1,10,,2,3,,9/11/2023 18:38,,,,7,,,,,75,2.85,273.6,,,,,,,,,,,,
39263,10.02115887v6,10,,2,3,,9/11/2023 21:37,,,,7,,,,,75,2.85,273.6,,,,,,,,,,,,
39264,10.02107322v2,10,,2,3,,9/11/2023 20:28,,,,5,,,,,50,3.18,228.96,,,,,,,,,,,,
39265,10.02184291v5,10,,2,1,,9/14/2023 16:08,,,,11,,,,,125,2.23,321.12,,,,,,,,,,,,
39266,10.02184024v2,10,,2,1,,9/11/2023 21:42,,,,5,,,,,50,3.18,228.96,,,,,,,,,,,,
39267,10.03180619v1,10,,2,3,,9/11/2023 19:37,,,,10,,,,,120,2.72,359.04,,,,,,,,,,,,
39268,55.02172642v2,55,,114,3,,9/12/2023 20:23,,,,10,,,,,120,2.85,376.2,,,,,,,,,,,,
39269,932186103v2,93,720,120,10,45233,9/20/2023 22:12,Direct,newbusiness,15057614423,60,1.24,0,907.68,892.8,,,,,,,,,,,,,,,
39270,10.03186657v1,10,,2,3,,9/18/2023 22:03,,,,21,,,,,250,2.43,641.52,,,,,,,,,,,,
39270,10.0280859v3,10,,2,3,,9/18/2023 22:03,,,,21,,,,,250,2.43,641.52,,,,,,,,,,,,
39271,10.0264380v2,10,,2,3,,9/11/2023 20:04,,,,5,,,,,60,2.85,205.2,,,,,,,,,,,,
39271,10.0264582v1,10,,2,3,,9/11/2023 20:04,,,,5,,,,,60,2.85,205.2,,,,,,,,,,,,
39271,10.0264396v1,10,,2,3,,9/11/2023 20:04,,,,5,,,,,60,2.85,205.2,,,,,,,,,,,,
39272,55.02123355v1,55,,114,1,,9/11/2023 20:51,,,,13,,,,,150,1.88,315.84,,,,,,,,,,,,
39273,10.0228986v2,10,,2,4,,9/11/2023 20:30,,,,5,,,,,50,3.25,234,,,,,,,,,,,,
39274,932186702v1,93,250,120,10,45209,9/12/2023 20:02,Distributor,existingbusiness,15112160687,21,1.42,0,374.88,355,,,,,,,,,,,,,,,
39275,10.02186688v2,10,,2,1,,9/15/2023 17:10,,,,17,,,,,200,1.96,423.36,,,,,,,,,,,,
39276,10.02186696v1,10,,2,1,,9/13/2023 13:55,,,,3,,,,,30,3.18,152.64,,,,,,,,,,,,
39277,10.02186629v1,10,,2,3,,9/11/2023 21:09,,,,6,,,,,63,2.85,239.4,,,,,,,,,,,,
39277,10.02186633v1,10,,2,3,,9/11/2023 21:09,,,,6,,,,,63,2.85,239.4,,,,,,,,,,,,
39278,10.02105843v6,10,,2,1,,9/11/2023 21:18,,,,5,,,,,60,2.56,184.32,,,,,,,,,,,,
39279,10.02100764v6,10,,2,1,,9/13/2023 17:58,,,,34,,,,,400,1.96,823.2,,,,,,,,,,,,
39280,10.02186721v1,10,,2,3,,9/12/2023 14:38,,,,3,,,,,30,3.18,152.64,,,,,,,,,,,,
39280,10.02186719v1,10,,2,3,,9/12/2023 14:38,,,,3,,,,,30,3.18,152.64,,,,,,,,,,,,
39281,10.02185656v1,10,,2,1,,9/11/2023 22:02,,,,5,,,,,60,2.56,184.32,,,,,,,,,,,,
39282,10.02153572v1,10,,2,1,,9/12/2023 13:00,,,,67,,,,,800,1.79,1460.64,,,,,,,,,,,,
39283,10.02117961v2,10,,2,3,,9/11/2023 21:55,,,,10,,,,,120,2.72,359.04,,,,,,,,,,,,
39284,55.02143815v2,55,,114,1,,9/12/2023 15:15,,,,5,,,,,60,2.56,184.32,,,,,,,,,,,,
39285,932178271v4,93,1200,120,10,45209,9/12/2023 19:08,Distributor,existingbusiness,14418322223,100,1.2,0,1454.4,1440,,,,,,,,,,,,,,,
39286,55.02115952v1,55,,114,1,,9/11/2023 22:39,,,,5,,,,,58,2.56,184.32,,,,,,,,,,,,
39286,55.02115953v1,55,,114,1,,9/11/2023 22:39,,,,5,,,,,58,2.56,184.32,,,,,,,,,,,,
39287,55.02121964v4,55,,114,1,,9/11/2023 22:31,,,,34,,,,,400,1.88,789.6,,,,,,,,,,,,
39288,10.02185909v1,10,,2,1,,9/14/2023 17:06,,,,40,,,,,480,1.96,964.32,,,,,,,,,,,,
39289,10.02172881v2,10,,2,3,,9/13/2023 14:10,,,,50,,,,,595,2.28,1395.36,,,,,,,,,,,,
39290,10.02186795v1,10,,2,3,,9/12/2023 13:57,,,,40,,,,,480,2.43,1195.56,,,,,,,,,,,,
39291,10.02119933v2,10,,2,3,,9/12/2023 14:09,,,,25,,,,,300,2.43,758.16,,,,,,,,,,,,
39292,10.02185178v1,10,,2,3,,9/12/2023 14:08,,,,305,,,,,3650,1.72,6315.84,,,,,,,,,,,,
39293,55.02104267v3,55,,114,3,,9/11/2023 23:11,,,,20,,,,,240,2.56,645.12,,,,,,,,,,,,
39294,55.02127084v1,55,,114,1,,9/12/2023 15:49,,,,10,,,,,120,1.96,258.72,,,,,,,,,,,,
39295,10.02121977v1,10,,2,4,,9/12/2023 10:59,,,,25,,,,,300,2.54,792.48,,,,,,,,,,,,
39296,46.02186872v1,46,,113,3,,9/12/2023 11:37,,,,5,,,,,60,2.85,205.2,,,,,,,,,,,,
39296,10.02139607v2,10,,2,3,,9/12/2023 11:37,,,,5,,,,,60,2.85,205.2,,,,,,,,,,,,
39297,10.0214355v1,10,,2,4,,9/14/2023 15:54,,,,3,,,,,30,3.25,156,,,,,,,,,,,,
39298,10.0257472v2,10,,2,4,,9/12/2023 14:32,,,,5,,,,,60,2.83,203.76,,,,,,,,,,,,
39299,10.02185863v3,10,,2,1,,9/12/2023 14:42,,,,10,,,,,120,2.23,294.36,,,,,,,,,,,,
39300,46.02151902v1,46,,113,1,,9/12/2023 16:34,,,,5,,,,,60,2.39,172.08,,,,,,,,,,,,
39301,46.02182561v2,46,,113,1,,9/12/2023 15:59,,,,21,,,,,250,1.79,472.56,,,,,,,,,,,,
39302,932183765v1,93,500,120,10,45218,9/12/2023 18:07,Direct,existingbusiness,14862587266,42,1.31,0,675.96,655,,,,,,,,,,,,,,,
39302,932183770v3,93,500,120,10,45218,9/12/2023 18:07,Direct,existingbusiness,14862587266,42,1.31,0,675.96,655,,,,,,,,,,,,,,,
39303,10.02185451v2,10,,2,3,,9/12/2023 17:43,,,,3,,,,,30,3.18,152.64,,,,,,,,,,,,
39304,10.02185192v2,10,,2,3,,9/12/2023 16:19,,,,5,,,,,60,2.85,205.2,,,,,,,,,,,,
39305,10.02175342v3,10,,2,4,,9/12/2023 20:41,,,,20,,,,,240,2.54,640.08,,,,,,,,,,,,
39306,10.02115347v2,10,,2,3,,9/12/2023 19:01,,,,3,,,,,30,3.18,152.64,,,,,,,,,,,,
39306,10.02114377v1,10,,2,3,,9/12/2023 19:01,,,,3,,,,,30,3.18,152.64,,,,,,,,,,,,
39307,10.02186716v1,10,,2,1,,9/12/2023 18:06,,,,34,,,,,400,1.96,823.2,,,,,,,,,,,,
39308,10.02116912v1,10,,2,4,,9/12/2023 17:12,,,,15,,,,,180,2.54,487.68,,,,,,,,,,,,
39309,10.02172776v1,10,,2,1,,9/13/2023 22:48,,,,43,,,,,510,1.96,1034.88,,,,,,,,,,,,
39310,55.02183443v1,55,,114,3,,9/12/2023 20:02,,,,3,,,,,30,3.31,158.88,,,,,,,,,,,,
39311,10.02187109v1,10,,2,3,,9/14/2023 16:13,,,,10,,,,,120,2.72,359.04,,,,,,,,,,,,
39312,10.02186873v1,10,,2,3,,9/12/2023 18:06,,,,7,,,,,80,2.85,273.6,,,,,,,,,,,,
39313,10.02186894v3,10,,2,3,,9/12/2023 20:01,,,,213,,,,,2551,1.72,4416.96,,,,,,,,,,,,
39314,10.02187364v1,10,,2,1,,9/13/2023 23:32,,,,10,,,,,120,2.23,294.36,,,,,,,,,,,,
39316,46.0292083v1,46,,113,1,,9/13/2023 15:52,,,,13,,,,,150,1.79,300.72,,,,,,,,,,,,
39317,10.02176086v1,10,,2,1,,9/12/2023 19:53,,,,5,,,,,60,2.56,184.32,,,,,,,,,,,,
39318,10.02186932v1,10,,2,3,,9/12/2023 19:55,,,,10,,,,,120,2.72,359.04,,,,,,,,,,,,
39319,10.02186290v3,10,,2,3,,9/12/2023 20:39,,,,5,,,,,60,2.85,205.2,,,,,,,,,,,,
39320,10.02186987v1,10,,2,4,,9/12/2023 21:57,,,,25,,,,,300,2.54,792.48,,,,,,,,,,,,
39321,10.02129284v1,10,,2,3,,9/13/2023 0:56,,,,3,,,,,30,3.18,152.64,,,,,,,,,,,,
39321,10.02129285v1,10,,2,3,,9/13/2023 0:56,,,,3,,,,,30,3.18,152.64,,,,,,,,,,,,
39322,10.0234200v2,10,,2,4,,9/29/2023 16:44,,,,23,,,,,276,2.54,731.52,,,,,,,,,,,,
39322,10.0227948v4,10,,2,4,,9/29/2023 16:44,,,,23,,,,,276,2.54,731.52,,,,,,,,,,,,
39323,46.02187067v1,46,,113,3,,9/12/2023 21:50,,,,5,,,,,60,2.85,205.2,,,,,,,,,,,,
39324,10.02150209v1,10,,2,1,,9/13/2023 13:10,,,,21,,,,,250,1.96,517.44,,,,,,,,,,,,
39325,10.02175592v6,10,,2,1,,9/12/2023 21:08,,,,10,,,,,120,2.23,294.36,,,,,,,,,,,,
39326,,70,,,1,45188,9/12/2023 22:15,,,,,,,,,,2.56,,30109,60,22296,48902,107,18952,72,126550,9/12/2023 21:36,9/19/2023,5,184.32
39327,10.02108680v1,10,,2,1,,9/13/2023 16:42,,,,30,,,,,360,1.96,729.12,,,,,,,,,,,,
39329,10.02178119v4,10,,2,3,,9/13/2023 18:48,,,,10,,,,,120,2.72,359.04,,,,,,,,,,,,
39330,10.02186552v1,10,,2,1,,9/13/2023 15:00,,,,16,,,,,192,1.96,399.84,,,,,,,,,,,,
39331,10.02187084v2,10,,2,1,,9/18/2023 17:30,,,,13,,,,,150,1.96,329.28,,,,,,,,,,,,
39331,10.02187083v3,10,,2,1,,9/18/2023 17:30,,,,13,,,,,150,1.96,329.28,,,,,,,,,,,,
39332,10.02136130v1,10,,2,4,,9/13/2023 16:27,,,,42,,,,,500,2.54,1310.64,,,,,,,,,,,,
39333,10.02187069v1,10,,2,1,,9/13/2023 0:55,,,,30,,,,,360,1.96,729.12,,,,,,,,,,,,
39334,10.02187198v1,10,,2,3,,9/13/2023 18:51,,,,5,,,,,60,2.85,205.2,,,,,,,,,,,,
39335,12.02187133v1,12,,4,3,,9/12/2023 23:01,,,,5,,,,,60,2.6,187.2,,,,,,,,,,,,
39336,55.02184203v1,55,,114,3,,9/12/2023 23:12,,,,5,,,,,60,2.98,214.56,,,,,,,,,,,,
39337,10.02187093v1,10,,2,1,,9/12/2023 23:22,,,,10,,,,,120,2.23,294.36,,,,,,,,,,,,
39338,17.02186962v2,17,,9,3,,9/13/2023 15:45,,,,80,,,,,950,2.01,1953.72,,,,,,,,,,,,
39338,17.02186965v2,17,,9,3,,9/13/2023 15:45,,,,80,,,,,950,2.01,1953.72,,,,,,,,,,,,
39339,10.02186036v4,10,,2,3,,9/12/2023 23:42,,,,7,,,,,80,2.85,273.6,,,,,,,,,,,,
39341,55.02167278v2,55,,114,1,,9/13/2023 18:46,,,,34,,,,,400,1.88,789.6,,,,,,,,,,,,
39341,55.02167280v2,55,,114,1,,9/13/2023 18:46,,,,34,,,,,400,1.88,789.6,,,,,,,,,,,,
39342,10.02186999v1,10,,2,3,,9/13/2023 13:34,,,,5,,,,,60,2.85,205.2,,,,,,,,,,,,
39344,10.02186803v1,10,,2,1,,9/13/2023 14:36,,,,6,,,,,65,2.56,215.04,,,,,,,,,,,,
39345,10.02186686v2,10,,2,1,,9/13/2023 14:46,,,,3,,,,,30,3.18,152.64,,,,,,,,,,,,
39346,10.02186986v1,10,,2,1,,9/13/2023 18:52,,,,13,,,,,150,1.96,329.28,,,,,,,,,,,,
39347,10.02187180v2,10,,2,1,,9/14/2023 14:36,,,,13,,,,,150,1.96,329.28,,,,,,,,,,,,
39349,10.02178120v4,10,,2,3,,9/13/2023 18:48,,,,10,,,,,120,2.72,359.04,,,,,,,,,,,,
39350,12.02125061v2,12,,4,3,,9/13/2023 18:07,,,,10,,,,,120,2.47,326.04,,,,,,,,,,,,
39350,10.02127271v1,10,,2,3,,9/13/2023 18:07,,,,10,,,,,120,2.72,359.04,,,,,,,,,,,,
39351,10.02181691v1,10,,2,1,,9/18/2023 17:23,,,,17,,,,,200,1.96,423.36,,,,,,,,,,,,
39352,10.02178697v4,10,,2,3,,9/13/2023 17:53,,,,10,,,,,120,2.72,359.04,,,,,,,,,,,,
39353,55.02170799v1,55,,114,1,,9/21/2023 16:09,,,,149,,,,,1780,1.6,2880,,,,,,,,,,,,
39354,55.02179715v2,55,,114,3,,9/14/2023 14:40,,,,31,,,,,366,2.56,983.04,,,,,,,,,,,,
39354,55.02179713v2,55,,114,3,,9/14/2023 14:40,,,,31,,,,,366,2.56,983.04,,,,,,,,,,,,
39355,49.02187191v3,49,,116,4,,9/13/2023 16:57,,,,7,,,,,75,2.83,271.68,,,,,,,,,,,,
39356,55.02179715v2,55,,114,3,,9/15/2023 14:11,,,,3,,,,,25,3.31,158.88,,,,,,,,,,,,
39356,55.02179713v2,55,,114,3,,9/15/2023 14:11,,,,3,,,,,25,3.31,158.88,,,,,,,,,,,,
39357,10.02186618v1,10,,2,1,,9/13/2023 22:48,,,,13,,,,,150,1.96,329.28,,,,,,,,,,,,
39358,46.0289935v1,46,,113,3,,9/18/2023 17:52,,,,5,,,,,60,2.85,205.2,,,,,,,,,,,,
39359,55.02186383v2,55,,114,1,,9/13/2023 19:24,,,,10,,,,,120,1.96,258.72,,,,,,,,,,,,
39360,10.02177705v1,10,,2,4,,9/13/2023 18:48,,,,63,,,,,756,2.01,1543.68,,,,,,,,,,,,
39360,10.02177717v1,10,,2,4,,9/13/2023 18:48,,,,63,,,,,756,2.01,1543.68,,,,,,,,,,,,
39360,10.02177716v2,10,,2,4,,9/13/2023 18:48,,,,66,,,,,792,2.01,1616.04,,,,,,,,,,,,
39360,10.02177714v1,10,,2,4,,9/13/2023 18:48,,,,64,,,,,768,2.01,1567.8,,,,,,,,,,,,
39361,10.02138844v1,10,,2,1,,9/13/2023 17:37,,,,10,,,,,120,2.23,294.36,,,,,,,,,,,,
39362,17.02176116v2,17,,9,3,,9/13/2023 17:42,,,,25,,,,,300,2.43,758.16,,,,,,,,,,,,
39364,10.02168143v4,10,,2,1,,9/13/2023 21:43,,,,10,,,,,120,2.23,294.36,,,,,,,,,,,,
39365,10.02187530v1,10,,2,1,,9/14/2023 17:13,,,,21,,,,,243,1.96,517.44,,,,,,,,,,,,
39366,10.02184228v1,10,,2,1,,9/13/2023 19:08,,,,25,,,,,300,1.96,611.52,,,,,,,,,,,,
39367,15.02186933v1,15,,7,3,,9/13/2023 22:57,,,,10,,,,,120,3.84,506.88,,,,,,,,,,,,
39368,55.02187292v1,55,,114,3,,9/13/2023 19:22,,,,5,,,,,60,2.98,214.56,,,,,,,,,,,,
39369,10.02187293v1,10,,2,1,,9/13/2023 21:59,,,,25,,,,,300,1.96,611.52,,,,,,,,,,,,
39370,10.02187272v1,10,,2,1,,9/13/2023 19:44,,,,114,,,,,1360,1.71,2359.8,,,,,,,,,,,,
39371,10.02186978v1,10,,2,4,,9/13/2023 21:08,,,,9,,,,,100,2.83,339.6,,,,,,,,,,,,
39372,10.02187322v1,10,,2,4,,9/13/2023 20:43,,,,6,,,,,70,2.83,237.72,,,,,,,,,,,,
39373,55.03176228v1,55,,114,3,,9/13/2023 22:48,,,,3,,,,,30,3.31,158.88,,,,,,,,,,,,
39374,10.02185689v2,10,,2,1,,9/13/2023 22:34,,,,10,,,,,120,2.23,294.36,,,,,,,,,,,,
39375,10.02185812v2,10,,2,1,,9/14/2023 20:02,,,,42,,,,,500,1.96,1011.36,,,,,,,,,,,,
39376,10.02187285v1,10,,2,1,,9/15/2023 18:05,,,,10,,,,,120,2.23,294.36,,,,,,,,,,,,
39377,10.02183052v1,10,,2,3,,9/20/2023 14:10,,,,6,,,,,61,2.85,239.4,,,,,,,,,,,,
39378,10.02187110v2,10,,2,3,,9/14/2023 16:49,,,,77,,,,,920,2.01,1881.36,,,,,,,,,,,,
39380,10.02185255v2,10,,2,3,,9/13/2023 22:00,,,,5,,,,,60,2.85,205.2,,,,,,,,,,,,
39381,10.02182444v9,10,,2,1,,9/21/2023 19:26,,,,20,,,,,240,1.96,493.92,,,,,,,,,,,,
39381,12.02186910v3,12,,4,1,,9/21/2023 19:26,,,,20,,,,,240,1.63,410.76,,,,,,,,,,,,
39382,10.0217572v2,10,,2,1,,9/14/2023 20:44,,,,12,,,,,135,1.96,305.76,,,,,,,,,,,,
39382,10.02178038v2,10,,2,1,,9/14/2023 20:44,,,,17,,,,,201,1.96,423.36,,,,,,,,,,,,
39382,10.0217828v7,10,,2,1,,9/14/2023 20:44,,,,6,,,,,64,2.56,215.04,,,,,,,,,,,,
39383,10.02187383v1,10,,2,1,,9/13/2023 23:02,,,,6,,,,,61,2.56,215.04,,,,,,,,,,,,
39383,10.02187409v1,10,,2,1,,9/13/2023 23:02,,,,6,,,,,61,2.56,215.04,,,,,,,,,,,,
39384,10.02182174v1,10,,2,1,,9/14/2023 21:07,,,,5,,,,,60,2.56,184.32,,,,,,,,,,,,
39384,12.02182790v1,12,,4,1,,9/14/2023 21:07,,,,5,,,,,60,2.23,160.56,,,,,,,,,,,,
39385,10.02185372v3,10,,2,1,,9/14/2023 0:01,,,,32,,,,,380,1.96,776.16,,,,,,,,,,,,
39386,10.02100556v2,10,,2,4,,9/14/2023 14:36,,,,7,,,,,80,2.83,271.68,,,,,,,,,,,,
39387,932164647v1,93,300,120,10,45209,9/15/2023 20:28,Direct,existingbusiness,15154817333,25,1.42,0,443.04,426,,,,,,,,,,,,,,,
39388,10.0218490v1,10,,2,1,,9/14/2023 17:38,,,,15,,,,,175,1.96,376.32,,,,,,,,,,,,
39389,10.0219978v1,10,,2,4,,9/14/2023 16:39,,,,13,,,,,150,2.54,426.72,,,,,,,,,,,,
39390,10.04187387v1,10,,2,4,,9/14/2023 15:53,,,,250,,,,,3000,1.71,5150.52,,,,,,,,,,,,
39392,55.02187508v2,55,,114,4,,9/15/2023 14:17,,,,10,,,,,120,3,396,,,,,,,,,,,,
39393,10.02183207v1,10,,2,3,,9/14/2023 16:39,,,,3,,,,,30,3.18,152.64,,,,,,,,,,,,
39395,10.02186308v1,10,,2,3,,9/14/2023 17:06,,,,3,,,,,30,3.18,152.64,,,,,,,,,,,,
39395,10.02186307v1,10,,2,3,,9/14/2023 17:06,,,,3,,,,,30,3.18,152.64,,,,,,,,,,,,
39396,10.02170238v1,10,,2,1,,9/14/2023 17:29,,,,10,,,,,120,2.23,294.36,,,,,,,,,,,,
39397,10.02164185v1,10,,2,3,,9/14/2023 20:03,,,,3,,,,,30,3.18,152.64,,,,,,,,,,,,
39397,10.02164183v1,10,,2,3,,9/14/2023 20:03,,,,3,,,,,30,3.18,152.64,,,,,,,,,,,,
39398,55.02184033v1,55,,114,4,,9/15/2023 17:55,,,,11,,,,,125,3,432,,,,,,,,,,,,
39399,10.02187586v1,10,,2,1,,9/21/2023 22:38,,,,13,,,,,150,1.96,329.28,,,,,,,,,,,,
39399,10.04189274v1,10,,2,1,,9/21/2023 22:38,,,,8,,,,,95,2.56,276.48,,,,,,,,,,,,
39399,10.02155582v10,10,,2,1,,9/21/2023 22:38,,,,3,,,,,30,3.18,152.64,,,,,,,,,,,,
39399,10.02187585v1,10,,2,1,,9/21/2023 22:38,,,,13,,,,,150,1.96,329.28,,,,,,,,,,,,
39399,10.029187v3,10,,2,1,,9/21/2023 22:38,,,,21,,,,,250,1.96,517.44,,,,,,,,,,,,
39400,10.02185277v2,10,,2,1,,9/15/2023 15:36,,,,42,,,,,500,1.96,1011.36,,,,,,,,,,,,
39402,10.02164024v1,10,,2,1,,9/8/2023 20:58,,,,84,,,,,1000,1.79,1825.8,,,,,,,,,,,,
39403,55.02187592v1,55,,114,1,,9/14/2023 21:11,,,,5,,,,,60,2.56,184.32,,,,,,,,,,,,
39405,10.02185276v1,10,,2,1,,9/15/2023 14:35,,,,13,,,,,150,1.96,329.28,,,,,,,,,,,,
39406,10.02116952v1,10,,2,3,,9/14/2023 20:21,,,,42,,,,,500,2.43,1253.88,,,,,,,,,,,,
39407,10.02148437v3,10,,2,1,,9/14/2023 20:19,,,,30,,,,,360,1.96,729.12,,,,,,,,,,,,
39408,10.02154377v1,10,,2,1,,9/14/2023 20:22,,,,56,,,,,672,1.88,1285.92,,,,,,,,,,,,
39409,10.02107583v2,10,,2,3,,9/15/2023 15:50,,,,10,,,,,120,2.72,359.04,,,,,,,,,,,,
39410,55.02187647v1,55,,114,1,,9/14/2023 21:01,,,,7,,,,,80,2.56,245.76,,,,,,,,,,,,
39411,10.02187648v1,10,,2,1,,9/14/2023 20:41,,,,10,,,,,120,2.23,294.36,,,,,,,,,,,,
39412,10.02187683v1,10,,2,1,,9/15/2023 18:36,,,,17,,,,,200,1.96,423.36,,,,,,,,,,,,
39413,55.02180806v1,55,,114,3,,9/14/2023 22:45,,,,3,,,,,30,3.31,158.88,,,,,,,,,,,,
39414,10.0219046v2,10,,2,3,,9/15/2023 13:24,,,,100,,,,,1200,2.01,2436.12,,,,,,,,,,,,
39415,12.02187565v1,12,,4,1,,9/18/2023 17:30,,,,13,,,,,150,1.63,273.84,,,,,,,,,,,,
39416,10.02187664v1,10,,2,1,,9/15/2023 11:22,,,,5,,,,,60,2.56,184.32,,,,,,,,,,,,
39417,10.02110513v2,10,,2,4,,9/15/2023 1:00,,,,30,,,,,360,2.54,944.88,,,,,,,,,,,,
39419,932185888v1,93,120,120,10,45209,9/15/2023 21:07,Distributor,newbusiness,14996944569,10,1.8,0,237.6,216,,,,,,,,,,,,,,,
39421,10.02187721v1,10,,2,1,,9/15/2023 17:39,,,,5,,,,,60,2.56,184.32,,,,,,,,,,,,
39422,10.02176647v1,10,,2,1,,9/15/2023 16:21,,,,42,,,,,500,1.96,1011.36,,,,,,,,,,,,
39423,10.02107404v1,10,,2,4,,9/15/2023 21:37,,,,5,,,,,60,2.83,203.76,,,,,,,,,,,,
39424,10.02131840v2,10,,2,3,,9/15/2023 14:54,,,,5,,,,,60,2.85,205.2,,,,,,,,,,,,
39425,10.02187589v1,10,,2,1,,9/15/2023 17:21,,,,15,,,,,175,1.96,376.32,,,,,,,,,,,,
39427,10.02185321v2,10,,2,1,,9/15/2023 15:12,,,,5,,,,,60,2.56,184.32,,,,,,,,,,,,
39428,12.02187858v1,12,,4,1,,9/15/2023 21:10,,,,10,,,,,120,1.9,250.8,,,,,,,,,,,,
39429,10.02187386v4,10,,2,1,,9/15/2023 17:02,,,,9,,,,,105,2.56,307.2,,,,,,,,,,,,
39429,10.02187385v3,10,,2,1,,9/15/2023 17:02,,,,9,,,,,105,2.56,307.2,,,,,,,,,,,,
39430,10.02187640v1,10,,2,1,,9/15/2023 16:29,,,,10,,,,,120,2.23,294.36,,,,,,,,,,,,
39431,10.02166537v2,10,,2,1,,9/15/2023 17:39,,,,5,,,,,60,2.56,184.32,,,,,,,,,,,,
39432,10.02187452v1,10,,2,1,,9/15/2023 16:57,,,,17,,,,,200,1.96,423.36,,,,,,,,,,,,
39433,10.0234419v1,10,,2,1,,9/15/2023 17:15,,,,3,,,,,30,3.18,152.64,,,,,,,,,,,,
39434,10.02187139v1,10,,2,3,,9/15/2023 18:17,,,,4,,,,,45,3.18,190.8,,,,,,,,,,,,
39435,10.02186073v5,10,,2,1,,9/15/2023 17:27,,,,10,,,,,120,2.23,294.36,,,,,,,,,,,,
39436,10.02187124v1,10,,2,3,,9/15/2023 19:14,,,,5,,,,,50,3.18,228.96,,,,,,,,,,,,
39437,10.02187135v1,10,,2,1,,9/15/2023 19:13,,,,118,,,,,1409,1.71,2441.88,,,,,,,,,,,,
39438,10.02183615v2,10,,2,1,,9/15/2023 18:33,,,,10,,,,,120,2.23,294.36,,,,,,,,,,,,
39439,10.02180231v3,10,,2,1,,9/15/2023 21:43,,,,10,,,,,120,2.23,294.36,,,,,,,,,,,,
39439,10.02180230v1,10,,2,1,,9/15/2023 21:43,,,,10,,,,,120,2.23,294.36,,,,,,,,,,,,
39440,55.02158622v2,55,,114,1,,9/15/2023 20:08,,,,200,,,,,2400,1.56,3762.72,,,,,,,,,,,,
39441,10.02107138v1,10,,2,4,,9/15/2023 20:18,,,,8,,,,,90,2.83,305.64,,,,,,,,,,,,
39442,10.02185575v2,10,,2,1,,9/15/2023 20:04,,,,31,,,,,365,1.96,752.64,,,,,,,,,,,,
39443,17.02179169v2,17,,9,3,,9/15/2023 19:07,,,,17,,,,,200,2.54,548.64,,,,,,,,,,,,
39445,10.0217889v1,10,,2,4,,9/15/2023 20:21,,,,10,,,,,120,2.83,373.56,,,,,,,,,,,,
39447,9202182151v2,920,1000,26,5,45217,9/15/2023 22:27,Distributor,existingbusiness,15156466851,84,1.04,90,1150.8,1130,,,,,,,,,,,,,,,
39448,10.0218490v1,10,,2,1,,9/15/2023 23:34,,,,10,,,,,120,2.23,294.36,,,,,,,,,,,,
39449,10.02187599v1,10,,2,1,,9/15/2023 19:21,,,,200,,,,,2400,1.6,3859.2,,,,,,,,,,,,
39449,10.02187595v1,10,,2,1,,9/15/2023 19:21,,,,30,,,,,360,1.96,729.12,,,,,,,,,,,,
39449,55.02187597v1,55,,114,1,,9/15/2023 19:21,,,,30,,,,,360,1.88,699.36,,,,,,,,,,,,
39450,10.02143922v1,10,,2,3,,9/15/2023 20:15,,,,5,,,,,60,2.85,205.2,,,,,,,,,,,,
39451,10.02187373v1,10,,2,1,,9/18/2023 17:14,,,,55,,,,,650,1.88,1263.36,,,,,,,,,,,,
39452,10.02187835v1,10,,2,1,,9/15/2023 19:59,,,,84,,,,,1000,1.79,1825.8,,,,,,,,,,,,
39453,10.02187836v1,10,,2,3,,9/15/2023 20:00,,,,5,,,,,60,2.85,205.2,,,,,,,,,,,,
39454,55.02140405v1,55,,114,1,,9/18/2023 13:24,,,,5,,,,,60,2.56,184.32,,,,,,,,,,,,
39455,10.0278982v2,10,,2,4,,9/18/2023 13:20,,,,10,,,,,120,2.83,373.56,,,,,,,,,,,,
39456,10.02168042v1,10,,2,1,,9/15/2023 23:30,,,,34,,,,,400,1.96,823.2,,,,,,,,,,,,
39457,10.02183338v13,10,,2,3,,9/15/2023 20:56,,,,38,,,,,450,2.43,1137.24,,,,,,,,,,,,
39457,10.02183338v11,10,,2,3,,9/15/2023 20:56,,,,38,,,,,450,2.43,1137.24,,,,,,,,,,,,
39457,10.02183338v12,10,,2,3,,9/15/2023 20:56,,,,38,,,,,450,2.43,1137.24,,,,,,,,,,,,
39457,10.02183338v15,10,,2,3,,9/15/2023 20:56,,,,38,,,,,450,2.43,1137.24,,,,,,,,,,,,
39458,932175706v2,93,5675,120,10,45222,9/15/2023 21:11,Distributor,existingbusiness,14195389863,473,1.06,0,6029.28,6015.5,,,,,,,,,,,,,,,
39459,10.02187312v3,10,,2,3,,9/19/2023 17:21,,,,13,,,,,150,2.54,426.72,,,,,,,,,,,,
39459,10.02182864v2,10,,2,3,,9/19/2023 17:21,,,,13,,,,,150,2.54,426.72,,,,,,,,,,,,
39459,10.02187314v3,10,,2,3,,9/19/2023 17:21,,,,13,,,,,150,2.54,426.72,,,,,,,,,,,,
39459,10.02182863v1,10,,2,3,,9/19/2023 17:21,,,,13,,,,,150,2.54,426.72,,,,,,,,,,,,
39461,10.02187358v1,10,,2,4,,9/15/2023 21:15,,,,5,,,,,60,2.83,203.76,,,,,,,,,,,,
39462,10.02124460v1,10,,2,4,,9/15/2023 21:21,,,,5,,,,,60,2.83,203.76,,,,,,,,,,,,
39463,10.02187641v1,10,,2,4,,9/18/2023 18:59,,,,9,,,,,100,2.83,339.6,,,,,,,,,,,,
39464,55.02179498v1,55,,114,3,,9/17/2023 17:58,,,,4,,,,,40,3.31,198.6,,,,,,,,,,,,
39465,10.0231456v1,10,,2,3,,9/15/2023 21:43,,,,168,,,,,2010,2.01,4076.28,,,,,,,,,,,,
39466,10.02187311v3,10,,2,1,,9/15/2023 21:47,,,,20,,,,,240,1.96,493.92,,,,,,,,,,,,
39467,10.02185232v5,10,,2,1,,9/15/2023 21:47,,,,21,,,,,250,1.96,517.44,,,,,,,,,,,,
39468,10.02156544v1,10,,2,3,,9/18/2023 17:07,,,,5,,,,,60,2.85,205.2,,,,,,,,,,,,
39469,10.02163205v1,10,,2,4,,9/18/2023 15:35,,,,5,,,,,60,2.83,203.76,,,,,,,,,,,,
39470,55.02187883v1,55,,114,3,,9/18/2023 16:31,,,,5,,,,,60,2.98,214.56,,,,,,,,,,,,
39470,10.02187885v1,10,,2,3,,9/18/2023 16:31,,,,5,,,,,60,2.85,205.2,,,,,,,,,,,,
39470,55.02187884v2,55,,114,3,,9/18/2023 16:31,,,,5,,,,,60,2.98,214.56,,,,,,,,,,,,
39470,46.02187882v1,46,,113,3,,9/18/2023 16:31,,,,5,,,,,60,2.85,205.2,,,,,,,,,,,,
39471,10.02156565v1,10,,2,1,,9/18/2023 17:48,,,,20,,,,,240,1.96,493.92,,,,,,,,,,,,
39472,17.02187642v1,17,,9,4,,9/17/2023 18:58,,,,5,,,,,60,2.83,203.76,,,,,,,,,,,,
39473,10.0283779v1,10,,2,1,,9/17/2023 23:54,,,,5,,,,,60,2.56,184.32,,,,,,,,,,,,
39474,10.02185308v1,10,,2,3,,9/18/2023 15:05,,,,5,,,,,60,2.85,205.2,,,,,,,,,,,,
39475,10.02118897v1,10,,2,4,,9/20/2023 15:27,,,,8,,,,,88,2.83,305.64,,,,,,,,,,,,
39476,10.02187843v1,10,,2,3,,9/18/2023 17:52,,,,6,,,,,63,2.85,239.4,,,,,,,,,,,,
39477,10.02184385v1,10,,2,3,,9/19/2023 17:09,,,,7,,,,,75,2.85,273.6,,,,,,,,,,,,
39477,10.02185710v1,10,,2,3,,9/19/2023 17:09,,,,7,,,,,75,2.85,273.6,,,,,,,,,,,,
39477,10.02185712v1,10,,2,3,,9/19/2023 17:09,,,,7,,,,,75,2.85,273.6,,,,,,,,,,,,
39479,10.02155432v1,10,,2,1,,9/18/2023 16:21,,,,21,,,,,250,1.96,517.44,,,,,,,,,,,,
39480,,70,,,1,45195,9/18/2023 16:15,,,,,,,,,,2.56,,30099,100,22513,49806,64,19141,120,126954,9/18/2023 16:04,9/26/2023,9,307.2
39481,10.02187032v1,10,,2,1,,9/18/2023 17:24,,,,15,,,,,175,1.96,376.32,,,,,,,,,,,,
39482,55.02178974v1,55,,114,1,,9/19/2023 20:13,,,,15,,,,,179,1.88,360.96,,,,,,,,,,,,
39482,55.02178975v1,55,,114,1,,9/19/2023 20:13,,,,15,,,,,179,1.88,360.96,,,,,,,,,,,,
39482,55.02178422v2,55,,114,1,,9/19/2023 20:13,,,,30,,,,,357,1.88,699.36,,,,,,,,,,,,
39482,55.02178416v2,55,,114,1,,9/19/2023 20:13,,,,30,,,,,357,1.88,699.36,,,,,,,,,,,,
39483,10.02105031v1,10,,2,1,,9/18/2023 17:33,,,,10,,,,,120,2.23,294.36,,,,,,,,,,,,
39484,10.02180803v2,10,,2,4,,9/18/2023 16:50,,,,5,,,,,60,2.83,203.76,,,,,,,,,,,,
39485,10.02187817v2,10,,2,4,,9/18/2023 20:37,,,,5,,,,,60,2.83,203.76,,,,,,,,,,,,
39486,10.02186235v2,10,,2,4,,9/18/2023 19:14,,,,10,,,,,120,2.83,373.56,,,,,,,,,,,,
39486,10.02184857v1,10,,2,4,,9/18/2023 19:14,,,,10,,,,,120,2.83,373.56,,,,,,,,,,,,
39487,46.02188091v1,46,,113,1,,9/18/2023 19:43,,,,11,,,,,125,2.06,296.64,,,,,,,,,,,,
39488,10.02188092v2,10,,2,1,,9/18/2023 17:38,,,,21,,,,,250,1.96,517.44,,,,,,,,,,,,
39489,10.0214706v1,10,,2,4,,9/18/2023 18:12,,,,10,,,,,120,2.83,373.56,,,,,,,,,,,,
39491,10.02187260v2,10,,2,1,,9/18/2023 22:54,,,,30,,,,,360,1.96,729.12,,,,,,,,,,,,
39492,10.02186648v2,10,,2,3,,9/18/2023 21:12,,,,9,,,,,100,2.85,342,,,,,,,,,,,,
39493,55.02187045v1,55,,114,4,,9/18/2023 19:52,,,,10,,,,,120,3,396,,,,,,,,,,,,
39494,55.03184683v1,55,,114,3,,9/18/2023 19:29,,,,7,,,,,75,2.98,286.08,,,,,,,,,,,,
39495,10.02150450v2,10,,2,1,,9/19/2023 17:03,,,,42,,,,,500,1.96,1011.36,,,,,,,,,,,,
39496,10.0255097v1,10,,2,3,,9/19/2023 18:19,,,,5,,,,,60,2.85,205.2,,,,,,,,,,,,
39497,17.02166912v2,17,,9,1,,9/19/2023 14:46,,,,19,,,,,225,1.96,470.4,,,,,,,,,,,,
39497,55.02181044v1,55,,114,1,,9/19/2023 14:46,,,,19,,,,,225,1.88,451.2,,,,,,,,,,,,
39498,10.02188095v1,10,,2,3,,9/18/2023 23:08,,,,5,,,,,60,2.85,205.2,,,,,,,,,,,,
39499,10.0291922v2,10,,2,1,,9/19/2023 16:42,,,,21,,,,,250,1.96,517.44,,,,,,,,,,,,
39500,10.02188269v1,10,,2,3,,9/18/2023 23:08,,,,3,,,,,30,3.18,152.64,,,,,,,,,,,,
39501,55.02187197v1,55,,114,3,,9/18/2023 20:31,,,,50,,,,,600,2.41,1474.92,,,,,,,,,,,,
39502,10.02131135v2,10,,2,1,,9/18/2023 20:38,,,,10,,,,,120,2.23,294.36,,,,,,,,,,,,
39503,10.02179640v5,10,,2,1,,9/18/2023 21:13,,,,5,,,,,60,2.56,184.32,,,,,,,,,,,,
39505,55.02187738v3,55,,114,3,,9/18/2023 22:14,,,,10,,,,,120,2.85,376.2,,,,,,,,,,,,
39506,55.02112997v3,55,,114,1,,9/19/2023 21:38,,,,3,,,,,30,2.56,122.88,,,,,,,,,,,,
39507,10.02121168v1,10,,2,4,,9/18/2023 22:15,,,,10,,,,,120,2.83,373.56,,,,,,,,,,,,
39508,10.02188172v1,10,,2,3,,9/19/2023 16:31,,,,28,,,,,325,2.43,845.64,,,,,,,,,,,,
39509,10.02186970v1,10,,2,1,,9/19/2023 21:29,,,,71,,,,,850,1.79,1546.56,,,,,,,,,,,,
39510,10.02168017v5,10,,2,3,,9/19/2023 2:00,,,,5,,,,,60,2.85,205.2,,,,,,,,,,,,
39512,10.02188053v1,10,,2,1,,9/19/2023 17:14,,,,17,,,,,200,1.96,423.36,,,,,,,,,,,,
39513,10.0233994v1,10,,2,4,,9/18/2023 22:42,,,,3,,,,,30,3.25,156,,,,,,,,,,,,
39514,10.02184449v1,10,,2,3,,9/21/2023 20:56,,,,3,,,,,30,3.18,152.64,,,,,,,,,,,,
39514,10.02184441v2,10,,2,3,,9/21/2023 20:56,,,,3,,,,,30,3.18,152.64,,,,,,,,,,,,
39515,10.02133939v1,10,,2,4,,9/18/2023 22:58,,,,13,,,,,150,2.54,426.72,,,,,,,,,,,,
39516,12.02188206v1,12,,4,1,,9/19/2023 13:23,,,,5,,,,,60,2.23,160.56,,,,,,,,,,,,
39517,10.02184977v1,10,,2,1,,9/18/2023 23:09,,,,84,,,,,1001,1.79,1825.8,,,,,,,,,,,,
39518,10.0356551v4,10,,2,3,,9/18/2023 23:08,,,,155,,,,,1850,2.01,3762.72,,,,,,,,,,,,
39519,10.04182653v1,10,,2,3,,9/19/2023 3:33,,,,5,,,,,60,2.85,205.2,,,,,,,,,,,,
39520,10.0220390v1,10,,2,1,,9/19/2023 22:55,,,,42,,,,,500,1.96,1011.36,,,,,,,,,,,,
39520,10.0220391v2,10,,2,1,,9/19/2023 22:55,,,,42,,,,,500,1.96,1011.36,,,,,,,,,,,,
39521,10.02187765v2,10,,2,3,,9/19/2023 14:29,,,,10,,,,,120,2.72,359.04,,,,,,,,,,,,
39522,10.0227001v3,10,,2,3,,9/19/2023 14:43,,,,42,,,,,500,2.43,1253.88,,,,,,,,,,,,
39523,46.02188195v1,46,,113,3,,10/19/2023 22:55,,,,6,,,,,65,2.85,239.4,,,,,,,,,,,,
39524,17.02121137v2,17,,9,4,,9/19/2023 16:44,,,,4,,,,,40,3.25,195,,,,,,,,,,,,
39525,10.02187731v2,10,,2,1,,9/20/2023 14:07,,,,13,,,,,150,1.96,329.28,,,,,,,,,,,,
39526,10.02187404v1,10,,2,1,,9/19/2023 15:46,,,,42,,,,,500,1.96,1011.36,,,,,,,,,,,,
39527,932172588v1,93,360,120,10,45211,9/19/2023 22:57,Direct,existingbusiness,15236751693,30,1.42,0,528.24,511.2,,,,,,,,,,,,,,,
39528,10.02188277v1,10,,2,3,,9/20/2023 15:30,,,,60,,,,,720,2.01,1471.32,,,,,,,,,,,,
39529,10.02188395v1,10,,2,3,,9/19/2023 16:44,,,,3,,,,,30,3.18,152.64,,,,,,,,,,,,
39530,932169720v9,93,1180,120,10,45219,9/20/2023 22:42,Direct,existingbusiness,15236946815,99,1.24,0,1488,1463.2,,,,,,,,,,,,,,,
39530,932169720v9,93,220,120,10,45224,9/20/2023 22:42,Direct,existingbusiness,15236946815,19,1.8,0,432,396,,,,,,,,,,,,,,,
39531,10.0293519v3,10,,2,3,,9/19/2023 18:59,,,,60,,,,,720,2.01,1471.32,,,,,,,,,,,,
39532,10.02187860v1,10,,2,4,,9/19/2023 16:54,,,,5,,,,,60,2.83,203.76,,,,,,,,,,,,
39533,10.02154787v6,10,,2,3,,9/19/2023 18:14,,,,84,,,,,1000,2.01,2050.2,,,,,,,,,,,,
39533,10.02154786v6,10,,2,3,,9/19/2023 18:14,,,,84,,,,,1000,2.01,2050.2,,,,,,,,,,,,
39534,10.02188334v2,10,,2,3,,9/19/2023 17:25,,,,5,,,,,60,2.85,205.2,,,,,,,,,,,,
39535,10.02131898v1,10,,2,1,,9/19/2023 17:36,,,,20,,,,,240,1.96,493.92,,,,,,,,,,,,
39536,55.02181466v3,55,,114,4,,9/20/2023 21:46,,,,10,,,,,120,3,396,,,,,,,,,,,,
39537,10.02187058v2,10,,2,4,,9/19/2023 18:16,,,,3,,,,,31,3.25,156,,,,,,,,,,,,
39538,10.02187779v1,10,,2,1,,9/19/2023 19:31,,,,13,,,,,150,1.96,329.28,,,,,,,,,,,,
39539,10.02152841v1,10,,2,1,,9/21/2023 20:52,,,,125,,,,,1500,1.71,2585.52,,,,,,,,,,,,
39540,10.02185795v3,10,,2,1,,9/19/2023 18:24,,,,17,,,,,200,1.96,423.36,,,,,,,,,,,,
39541,10.02101384v1,10,,2,3,,9/19/2023 18:41,,,,25,,,,,300,2.43,758.16,,,,,,,,,,,,
39542,55.02188482v1,55,,114,1,,9/20/2023 19:01,,,,3,,,,,30,2.56,122.88,,,,,,,,,,,,
39543,10.02187370v3,10,,2,1,,9/19/2023 20:00,,,,17,,,,,200,1.96,423.36,,,,,,,,,,,,
39544,10.02188469v1,10,,2,1,,9/19/2023 19:19,,,,20,,,,,240,1.96,493.92,,,,,,,,,,,,
39545,17.02187111v7,17,,9,1,,9/19/2023 19:26,,,,10,,,,,120,2.23,294.36,,,,,,,,,,,,
39546,10.03188123v1,10,,2,3,,9/19/2023 20:18,,,,23,,,,,265,2.43,699.84,,,,,,,,,,,,
39546,10.03188122v1,10,,2,3,,9/19/2023 20:18,,,,23,,,,,265,2.43,699.84,,,,,,,,,,,,
39546,10.03188120v1,10,,2,3,,9/19/2023 20:18,,,,40,,,,,471,2.43,1195.56,,,,,,,,,,,,
39546,10.03188117v1,10,,2,3,,9/19/2023 20:18,,,,45,,,,,532,2.43,1341.36,,,,,,,,,,,,
39546,10.02173071v2,10,,2,3,,9/19/2023 20:18,,,,147,,,,,1763,2.01,3569.76,,,,,,,,,,,,
39546,10.02173072v1,10,,2,3,,9/19/2023 20:18,,,,82,,,,,979,2.01,2001.96,,,,,,,,,,,,
39546,10.02173077v1,10,,2,3,,9/19/2023 20:18,,,,82,,,,,979,2.01,2001.96,,,,,,,,,,,,
39546,10.02173090v1,10,,2,3,,9/19/2023 20:18,,,,77,,,,,917,2.01,1881.36,,,,,,,,,,,,
39546,10.02173091v1,10,,2,3,,9/19/2023 20:18,,,,77,,,,,917,2.01,1881.36,,,,,,,,,,,,
39546,10.03188121v1,10,,2,3,,9/19/2023 20:18,,,,40,,,,,471,2.43,1195.56,,,,,,,,,,,,
39547,12.02188094v2,12,,4,3,,9/20/2023 15:25,,,,10,,,,,120,2.47,326.04,,,,,,,,,,,,
39549,10.02134978v1,10,,2,1,,9/19/2023 20:22,,,,10,,,,,120,2.23,294.36,,,,,,,,,,,,
39549,10.02136715v5,10,,2,1,,9/19/2023 20:22,,,,10,,,,,120,2.23,294.36,,,,,,,,,,,,
39549,10.02137053v2,10,,2,1,,9/19/2023 20:22,,,,10,,,,,120,2.23,294.36,,,,,,,,,,,,
39550,49.02181537v4,49,,116,4,,9/21/2023 17:41,,,,5,,,,,60,2.83,203.76,,,,,,,,,,,,
39550,49.02181542v3,49,,116,4,,9/21/2023 17:41,,,,5,,,,,60,2.83,203.76,,,,,,,,,,,,
39550,49.02181536v3,49,,116,4,,9/21/2023 17:41,,,,5,,,,,60,2.83,203.76,,,,,,,,,,,,
39550,49.02181541v3,49,,116,4,,9/21/2023 17:41,,,,5,,,,,60,2.83,203.76,,,,,,,,,,,,
39551,10.02133939v1,10,,2,4,,9/20/2023 19:39,,,,13,,,,,150,2.54,426.72,,,,,,,,,,,,
39552,,70,,,1,45196,9/20/2023 17:35,,,,,,,,,,2.56,,30040,60,22641,49558,73,19244,72,125089,9/20/2023 17:25,9/27/2023,5,184.32
39553,10.04154250v1,10,,2,4,,9/21/2023 15:56,,,,209,,,,,2500,1.71,4309.2,,,,,,,,,,,,
39554,10.02188297v1,10,,2,1,,9/22/2023 22:41,,,,21,,,,,250,1.96,517.44,,,,,,,,,,,,
39554,46.02188296v2,46,,113,1,,9/22/2023 22:41,,,,11,,,,,125,2.06,296.64,,,,,,,,,,,,
39555,10.02160197v1,10,,2,4,,9/19/2023 22:12,,,,5,,,,,60,2.83,203.76,,,,,,,,,,,,
39556,10.02154736v1,10,,2,3,,9/19/2023 22:05,,,,3,,,,,30,3.18,152.64,,,,,,,,,,,,
39557,10.02181214v1,10,,2,1,,9/20/2023 12:52,,,,3,,,,,30,3.18,152.64,,,,,,,,,,,,
39559,10.02117092v1,10,,2,4,,9/19/2023 22:54,,,,5,,,,,60,2.83,203.76,,,,,,,,,,,,
39560,10.0291076v1,10,,2,4,,9/20/2023 16:33,,,,5,,,,,60,2.83,203.76,,,,,,,,,,,,
39561,10.02186814v1,10,,2,3,,9/20/2023 16:10,,,,5,,,,,60,2.85,205.2,,,,,,,,,,,,
39561,10.02186815v1,10,,2,3,,9/20/2023 16:10,,,,5,,,,,60,2.85,205.2,,,,,,,,,,,,
39563,10.02126441v1,10,,2,4,,9/27/2023 18:40,,,,5,,,,,60,2.83,203.76,,,,,,,,,,,,
39564,12.02104547v2,12,,4,4,,9/20/2023 0:05,,,,17,,,,,200,2.37,511.92,,,,,,,,,,,,
39565,10.02144411v3,10,,2,1,,9/20/2023 16:02,,,,5,,,,,60,2.56,184.32,,,,,,,,,,,,
39566,10.02183487v1,10,,2,1,,9/20/2023 16:06,,,,11,,,,,121,2.23,321.12,,,,,,,,,,,,
39567,10.02188595v1,10,,2,1,,9/20/2023 13:40,,,,42,,,,,500,1.96,1011.36,,,,,,,,,,,,
39568,10.02188390v2,10,,2,1,,9/20/2023 19:24,,,,10,,,,,120,2.23,294.36,,,,,,,,,,,,
39568,10.02188156v2,10,,2,1,,9/20/2023 19:24,,,,10,,,,,120,2.23,294.36,,,,,,,,,,,,
39569,10.0265210v1,10,,2,3,,9/20/2023 14:00,,,,5,,,,,60,2.85,205.2,,,,,,,,,,,,
39570,55.02188693v1,55,,114,4,,9/20/2023 14:11,,,,5,,,,,50,3.42,246.24,,,,,,,,,,,,
39571,12.02188206v1,12,,4,3,,9/20/2023 17:14,,,,5,,,,,60,2.6,187.2,,,,,,,,,,,,
39572,10.02183958v1,10,,2,4,,9/20/2023 14:11,,,,3,,,,,30,3.25,156,,,,,,,,,,,,
39573,10.02186808v1,10,,2,4,,9/22/2023 18:43,,,,5,,,,,60,2.83,203.76,,,,,,,,,,,,
39573,10.02186810v1,10,,2,4,,9/22/2023 18:43,,,,5,,,,,60,2.83,203.76,,,,,,,,,,,,
39574,10.02181176v1,10,,2,1,,9/21/2023 16:27,,,,13,,,,,150,1.96,329.28,,,,,,,,,,,,
39575,10.02115583v3,10,,2,1,,9/25/2023 14:40,,,,17,,,,,200,1.96,423.36,,,,,,,,,,,,
39576,10.02177184v1,10,,2,4,,9/20/2023 15:07,,,,20,,,,,240,2.54,640.08,,,,,,,,,,,,
39577,10.02185306v1,10,,2,3,,9/20/2023 16:24,,,,7,,,,,75,2.85,273.6,,,,,,,,,,,,
39577,10.02185304v1,10,,2,3,,9/20/2023 16:24,,,,7,,,,,75,2.85,273.6,,,,,,,,,,,,
39578,10.02102252v1,10,,2,1,,9/20/2023 20:52,,,,21,,,,,241,1.96,517.44,,,,,,,,,,,,
39579,10.02150385v4,10,,2,4,,9/20/2023 20:22,,,,20,,,,,240,2.54,640.08,,,,,,,,,,,,
39582,10.02188635v1,10,,2,1,,9/20/2023 19:01,,,,17,,,,,200,1.96,423.36,,,,,,,,,,,,
39583,10.02143861v1,10,,2,1,,9/21/2023 17:18,,,,13,,,,,150,1.96,329.28,,,,,,,,,,,,
39584,10.02160858v2,10,,2,1,,9/20/2023 17:16,,,,10,,,,,120,2.23,294.36,,,,,,,,,,,,
39585,10.03187657v1,10,,2,1,,9/20/2023 17:16,,,,10,,,,,120,2.23,294.36,,,,,,,,,,,,
39586,55.02182176v2,55,,114,4,,9/20/2023 21:10,,,,3,,,,,30,3.42,164.16,,,,,,,,,,,,
39588,46.0289935v1,46,,113,3,,9/20/2023 18:40,,,,5,,,,,60,2.85,205.2,,,,,,,,,,,,
39589,10.02159399v1,10,,2,4,,9/20/2023 22:08,,,,42,,,,,500,2.54,1310.64,,,,,,,,,,,,
39590,10.02188769v1,10,,2,1,,9/20/2023 19:46,,,,3,,,,,30,3.18,152.64,,,,,,,,,,,,
39591,10.02188623v2,10,,2,4,,9/20/2023 20:53,,,,3,,,,,30,3.25,156,,,,,,,,,,,,
39593,10.0228900v4,10,,2,4,,9/20/2023 18:57,,,,9,,,,,100,2.83,339.6,,,,,,,,,,,,
39594,55.02184763v2,55,,114,3,,9/20/2023 20:42,,,,9,,,,,105,2.98,357.6,,,,,,,,,,,,
39595,10.02187745v1,10,,2,1,,9/20/2023 19:10,,,,11,,,,,125,2.23,321.12,,,,,,,,,,,,
39596,10.02186507v3,10,,2,3,,9/20/2023 19:42,,,,10,,,,,110,2.72,359.04,,,,,,,,,,,,
39597,10.02188713v1,10,,2,1,,9/20/2023 19:29,,,,10,,,,,120,2.23,294.36,,,,,,,,,,,,
39598,10.02185864v3,10,,2,4,,9/21/2023 17:07,,,,10,,,,,120,2.83,373.56,,,,,,,,,,,,
39599,17.02189015v1,17,,9,1,,9/22/2023 14:23,,,,21,,,,,250,1.96,517.44,,,,,,,,,,,,
39600,10.02126753v1,10,,2,1,,9/20/2023 21:12,,,,9,,,,,100,2.56,307.2,,,,,,,,,,,,
39601,10.02175623v1,10,,2,1,,9/21/2023 16:27,,,,9,,,,,100,2.56,307.2,,,,,,,,,,,,
39602,10.0278252v1,10,,2,1,,9/20/2023 21:06,,,,17,,,,,200,1.96,423.36,,,,,,,,,,,,
39603,10.02173384v1,10,,2,1,,9/21/2023 16:01,,,,5,,,,,60,2.56,184.32,,,,,,,,,,,,
39604,10.02187525v1,10,,2,1,,9/21/2023 14:09,,,,42,,,,,500,1.96,1011.36,,,,,,,,,,,,
39605,46.0292083v1,46,,113,1,,9/20/2023 22:38,,,,13,,,,,150,1.79,300.72,,,,,,,,,,,,
39606,10.02185831v2,10,,2,1,,9/20/2023 22:49,,,,5,,,,,60,2.56,184.32,,,,,,,,,,,,
39606,55.02185825v2,55,,114,1,,9/20/2023 22:49,,,,20,,,,,240,1.88,473.76,,,,,,,,,,,,
39606,10.04188902v1,10,,2,1,,9/20/2023 22:49,,,,10,,,,,120,2.23,294.36,,,,,,,,,,,,
39607,10.02117081v1,10,,2,4,,9/20/2023 22:21,,,,5,,,,,60,2.83,203.76,,,,,,,,,,,,
39608,46.02160394v2,46,,113,1,,9/21/2023 14:47,,,,3,,,,,30,3.01,144.48,,,,,,,,,,,,
39608,46.02160394v1,46,,113,1,,9/21/2023 14:47,,,,8,,,,,95,2.39,258.12,,,,,,,,,,,,
39609,10.02186212v3,10,,2,1,,9/21/2023 15:01,,,,29,,,,,340,1.96,705.6,,,,,,,,,,,,
39610,10.02161103v1,10,,2,3,,9/22/2023 22:19,,,,10,,,,,120,2.72,359.04,,,,,,,,,,,,
39611,10.02188791v1,10,,2,4,,9/21/2023 15:44,,,,3,,,,,30,3.25,156,,,,,,,,,,,,
39612,17.02188706v4,17,,9,3,,9/22/2023 21:23,,,,334,,,,,4000,1.72,6914.4,,,,,,,,,,,,
39613,10.02183334v1,10,,2,1,,9/21/2023 15:55,,,,42,,,,,500,1.96,1011.36,,,,,,,,,,,,
39614,10.02174757v1,10,,2,3,,9/25/2023 14:04,,,,40,,,,,480,2.43,1195.56,,,,,,,,,,,,
39614,10.02174756v1,10,,2,3,,9/25/2023 14:04,,,,40,,,,,480,2.43,1195.56,,,,,,,,,,,,
39615,20.02131560v1,20,,11,1,,9/21/2023 16:57,,,,42,,,,,500,2.88,1486.08,,,,,,,,,,,,
39616,10.02188754v1,10,,2,1,,9/25/2023 14:32,,,,15,,,,,176,1.96,376.32,,,,,,,,,,,,
39617,10.02183272v1,10,,2,3,,9/21/2023 18:28,,,,5,,,,,60,2.85,205.2,,,,,,,,,,,,
39618,12.0284272v2,12,,4,1,,9/22/2023 17:41,,,,5,,,,,60,2.23,160.56,,,,,,,,,,,,
39618,10.0233992v3,10,,2,1,,9/22/2023 17:41,,,,3,,,,,30,3.18,152.64,,,,,,,,,,,,
39618,10.0233995v1,10,,2,1,,9/22/2023 17:41,,,,3,,,,,30,3.18,152.64,,,,,,,,,,,,
39619,10.0244479v3,10,,2,1,,9/25/2023 19:52,,,,30,,,,,360,1.96,729.12,,,,,,,,,,,,
39619,10.0244480v2,10,,2,1,,9/25/2023 19:52,,,,20,,,,,240,1.96,493.92,,,,,,,,,,,,
39620,10.02186935v1,10,,2,1,,9/22/2023 17:26,,,,42,,,,,500,1.96,1011.36,,,,,,,,,,,,
39622,10.02183010v3,10,,2,3,,9/28/2023 20:34,,,,5,,,,,60,2.85,205.2,,,,,,,,,,,,
39624,10.02187289v1,10,,2,3,,9/21/2023 19:45,,,,9,,,,,100,2.85,342,,,,,,,,,,,,
39625,55.02176832v1,55,,114,3,,9/22/2023 15:35,,,,5,,,,,60,2.98,214.56,,,,,,,,,,,,
39626,17.02134017v1,17,,9,3,,9/22/2023 2:24,,,,5,,,,,60,2.85,205.2,,,,,,,,,,,,
39627,10.02188326v1,10,,2,1,,9/21/2023 19:05,,,,20,,,,,240,1.96,493.92,,,,,,,,,,,,
39628,10.02189146v1,10,,2,1,,9/21/2023 19:14,,,,13,,,,,150,1.96,329.28,,,,,,,,,,,,
39629,10.0278252v1,10,,2,1,,9/21/2023 19:11,,,,42,,,,,500,1.96,1011.36,,,,,,,,,,,,
39630,46.02187762v1,46,,113,3,,9/21/2023 20:00,,,,5,,,,,60,2.85,205.2,,,,,,,,,,,,
39631,46.02182612v3,46,,113,3,,9/21/2023 23:11,,,,5,,,,,60,2.85,205.2,,,,,,,,,,,,
39632,46.0299546v1,46,,113,1,,9/22/2023 22:06,,,,10,,,,,120,2.06,271.92,,,,,,,,,,,,
39633,10.02182391v4,10,,2,1,,9/21/2023 20:08,,,,13,,,,,150,1.96,329.28,,,,,,,,,,,,
39634,10.0346875v1,10,,2,4,,9/21/2023 20:19,,,,5,,,,,60,2.83,203.76,,,,,,,,,,,,
39634,10.0346874v1,10,,2,4,,9/21/2023 20:19,,,,5,,,,,60,2.83,203.76,,,,,,,,,,,,
39635,55.02179852v3,55,,114,4,,9/22/2023 16:19,,,,10,,,,,120,3,396,,,,,,,,,,,,
39636,10.02189008v1,10,,2,4,,9/21/2023 21:48,,,,30,,,,,360,2.54,944.88,,,,,,,,,,,,
39637,932189338v1,93,766,120,10,45216,9/22/2023 15:03,Distributor,newbusiness,15159152232,64,1.24,0,967.2,949.84,,,,,,,,,,,,,,,
39638,10.02179425v1,10,,2,1,,9/25/2023 14:42,,,,10,,,,,120,2.23,294.36,,,,,,,,,,,,
39639,46.02127272v3,46,,113,1,,9/25/2023 21:04,,,,60,,,,,720,1.62,1185.84,,,,,,,,,,,,
39640,55.02170418v1,55,,114,3,,9/25/2023 17:32,,,,10,,,,,120,2.85,376.2,,,,,,,,,,,,
39640,55.02170417v1,55,,114,3,,9/25/2023 17:32,,,,10,,,,,120,2.85,376.2,,,,,,,,,,,,
39641,55.02110743v2,55,,114,4,,9/22/2023 14:26,,,,5,,,,,60,3,216,,,,,,,,,,,,
39642,49.02185400v2,49,,116,1,,9/24/2023 19:36,,,,5,,,,,60,2.56,184.32,,,,,,,,,,,,
39643,55.02187810v1,55,,114,1,,9/21/2023 23:00,,,,10,,,,,120,1.96,258.72,,,,,,,,,,,,
39643,46.02189294v1,46,,113,1,,9/21/2023 23:00,,,,20,,,,,240,1.79,451.08,,,,,,,,,,,,
39643,10.02185163v1,10,,2,1,,9/21/2023 23:00,,,,10,,,,,120,2.23,294.36,,,,,,,,,,,,
39645,10.0280995v1,10,,2,1,,9/22/2023 1:43,,,,10,,,,,120,2.23,294.36,,,,,,,,,,,,
39646,10.02156313v3,10,,2,3,,9/26/2023 11:30,,,,42,,,,,500,2.43,1253.88,,,,,,,,,,,,
39646,10.02123062v1,10,,2,3,,9/26/2023 11:30,,,,42,,,,,500,2.43,1253.88,,,,,,,,,,,,
39647,48.02188934v1,48,,115,4,,9/22/2023 14:20,,,,16,,,,,185,2.54,518.16,,,,,,,,,,,,
39648,10.02110917v3,10,,2,1,,9/22/2023 18:50,,,,5,,,,,50,3.18,228.96,,,,,,,,,,,,
39649,55.02172099v1,55,,114,4,,9/22/2023 16:09,,,,10,,,,,120,3,396,,,,,,,,,,,,
39650,10.02187121v1,10,,2,4,,9/22/2023 16:54,,,,30,,,,,360,2.54,944.88,,,,,,,,,,,,
39651,10.02188128v1,10,,2,3,,9/22/2023 22:57,,,,5,,,,,50,3.18,228.96,,,,,,,,,,,,
39652,10.02171039v1,10,,2,1,,9/22/2023 15:13,,,,5,,,,,60,2.56,184.32,,,,,,,,,,,,
39653,10.02189254v1,10,,2,4,,9/22/2023 16:36,,,,10,,,,,120,2.83,373.56,,,,,,,,,,,,
39653,10.02189251v1,10,,2,4,,9/22/2023 16:36,,,,10,,,,,120,2.83,373.56,,,,,,,,,,,,
39653,10.02189252v1,10,,2,4,,9/22/2023 16:36,,,,10,,,,,120,2.83,373.56,,,,,,,,,,,,
39653,10.02189253v1,10,,2,4,,9/22/2023 16:36,,,,10,,,,,120,2.83,373.56,,,,,,,,,,,,
39654,10.02179598v1,10,,2,4,,9/22/2023 17:14,,,,5,,,,,60,2.83,203.76,,,,,,,,,,,,
39655,10.03189228v2,10,,2,4,,9/22/2023 16:54,,,,17,,,,,200,2.54,548.64,,,,,,,,,,,,
39655,10.01189230v2,10,,2,4,,9/22/2023 16:54,,,,9,,,,,100,2.83,339.6,,,,,,,,,,,,
39656,10.02188318v1,10,,2,4,,9/22/2023 18:29,,,,10,,,,,120,2.83,373.56,,,,,,,,,,,,
39656,12.02188317v1,12,,4,4,,9/22/2023 18:29,,,,10,,,,,120,2.66,351.12,,,,,,,,,,,,
39656,10.02189366v2,10,,2,4,,9/22/2023 18:29,,,,10,,,,,120,2.83,373.56,,,,,,,,,,,,
39656,12.02189365v2,12,,4,4,,9/22/2023 18:29,,,,10,,,,,120,2.66,351.12,,,,,,,,,,,,
39659,46.02179666v1,46,,113,1,,9/23/2023 2:24,,,,13,,,,,150,1.79,300.72,,,,,,,,,,,,
39659,46.02179665v1,46,,113,1,,9/23/2023 2:24,,,,13,,,,,150,1.79,300.72,,,,,,,,,,,,
39660,10.02188194v3,10,,2,1,,9/22/2023 17:31,,,,13,,,,,151,1.96,329.28,,,,,,,,,,,,
39663,10.02162933v2,10,,2,1,,9/25/2023 21:58,,,,5,,,,,60,2.56,184.32,,,,,,,,,,,,
39664,10.02135397v1,10,,2,4,,9/25/2023 15:22,,,,9,,,,,100,2.83,339.6,,,,,,,,,,,,
39665,10.02185994v1,10,,2,1,,9/22/2023 18:26,,,,24,,,,,280,1.96,588,,,,,,,,,,,,
39666,10.02189456v1,10,,2,1,,9/22/2023 19:04,,,,10,,,,,120,2.23,294.36,,,,,,,,,,,,
39667,10.02188157v2,10,,2,1,,9/22/2023 19:00,,,,25,,,,,300,1.96,611.52,,,,,,,,,,,,
39668,10.0249117v3,10,,2,1,,9/22/2023 22:06,,,,13,,,,,150,1.96,329.28,,,,,,,,,,,,
39669,46.02189486v1,46,,113,1,,9/22/2023 21:06,,,,25,,,,,300,1.79,558.48,,,,,,,,,,,,
39669,46.02189485v1,46,,113,1,,9/22/2023 21:06,,,,10,,,,,120,2.06,271.92,,,,,,,,,,,,
39669,55.02189464v1,55,,114,1,,9/22/2023 21:06,,,,45,,,,,530,1.88,1037.76,,,,,,,,,,,,
39671,10.02184036v2,10,,2,1,,9/22/2023 21:15,,,,5,,,,,50,3.18,228.96,,,,,,,,,,,,
39674,10.02118331v1,10,,2,1,,9/26/2023 18:22,,,,30,,,,,360,1.96,729.12,,,,,,,,,,,,
39675,10.02188705v2,10,,2,1,,9/29/2023 15:20,,,,21,,,,,250,1.96,517.44,,,,,,,,,,,,
39676,55.02189755v1,55,,114,1,,9/26/2023 12:49,,,,9,,,,,100,2.56,307.2,,,,,,,,,,,,
39676,12.02189843v1,12,,4,1,,9/26/2023 12:49,,,,9,,,,,100,2.23,267.6,,,,,,,,,,,,
39677,55.02189272v1,55,,114,4,,9/22/2023 22:16,,,,7,,,,,75,3,288,,,,,,,,,,,,
39678,10.02181932v1,10,,2,1,,9/22/2023 22:11,,,,10,,,,,120,2.23,294.36,,,,,,,,,,,,
39679,10.02185949v1,10,,2,1,,9/25/2023 14:10,,,,10,,,,,120,2.23,294.36,,,,,,,,,,,,
39679,10.02185944v2,10,,2,1,,9/25/2023 14:10,,,,20,,,,,240,1.96,493.92,,,,,,,,,,,,
39680,932150034v3,93,260,120,10,45219,9/25/2023 22:03,Distributor,existingbusiness,15288345900,22,1.42,0,391.92,369.2,,,,,,,,,,,,,,,
39680,932150034v3,93,240,120,10,45224,9/25/2023 22:03,Distributor,existingbusiness,15288345900,20,1.42,0,357.84,340.8,,,,,,,,,,,,,,,
39681,55.02189532v1,55,,114,4,,9/25/2023 13:46,,,,9,,,,,100,3,360,,,,,,,,,,,,
39681,12.02189533v1,12,,4,4,,9/25/2023 13:46,,,,9,,,,,100,2.66,319.2,,,,,,,,,,,,
39682,10.02131350v2,10,,2,3,,9/25/2023 14:53,,,,34,,,,,400,2.43,1020.6,,,,,,,,,,,,
39683,10.02185644v4,10,,2,1,,9/22/2023 22:32,,,,20,,,,,240,1.96,493.92,,,,,,,,,,,,
39683,10.03189567v1,10,,2,1,,9/22/2023 22:32,,,,10,,,,,120,2.23,294.36,,,,,,,,,,,,
39684,10.02144411v3,10,,2,1,,9/25/2023 13:45,,,,5,,,,,60,2.56,184.32,,,,,,,,,,,,
39685,10.02161614v2,10,,2,1,,9/22/2023 22:53,,,,42,,,,,500,1.96,1011.36,,,,,,,,,,,,
39685,10.02161614v1,10,,2,1,,9/22/2023 22:53,,,,42,,,,,500,1.96,1011.36,,,,,,,,,,,,
39686,10.02185178v1,10,,2,3,,9/23/2023 20:36,,,,5,,,,,60,2.85,205.2,,,,,,,,,,,,
39687,55.02189638v1,55,,114,4,,9/25/2023 14:53,,,,5,,,,,60,3,216,,,,,,,,,,,,
39688,10.02182913v2,10,,2,1,,9/25/2023 16:47,,,,28,,,,,335,1.96,682.08,,,,,,,,,,,,
39689,10.02186036v4,10,,2,3,,9/25/2023 14:55,,,,5,,,,,50,3.18,228.96,,,,,,,,,,,,
39690,10.0215228v4,10,,2,3,,9/27/2023 17:55,,,,7,,,,,80,2.85,273.6,,,,,,,,,,,,
39691,10.02188422v1,10,,2,4,,9/25/2023 15:09,,,,9,,,,,100,2.83,339.6,,,,,,,,,,,,
39691,10.02188421v1,10,,2,4,,9/25/2023 15:09,,,,9,,,,,100,2.83,339.6,,,,,,,,,,,,
39692,17.02189553v1,17,,9,3,,9/26/2023 15:32,,,,25,,,,,300,2.43,758.16,,,,,,,,,,,,
39692,17.02189887v1,17,,9,3,,9/26/2023 15:32,,,,25,,,,,300,2.43,758.16,,,,,,,,,,,,
39693,10.02182681v1,10,,2,3,,10/11/2023 15:03,,,,3,,,,,30,3.18,152.64,,,,,,,,,,,,
39694,932189680v1,93,240,120,10,45219,9/27/2023 22:48,Distributor,existingbusiness,15314221906,20,1.42,0,357.84,340.8,,,,,,,,,,,,,,,
39695,932189663v1,93,240,120,10,45215,9/25/2023 22:33,Direct,existingbusiness,14617704508,20,1.42,0,357.84,340.8,,,,,,,,,,,,,,,
39696,10.02189093v1,10,,2,1,,9/25/2023 15:54,,,,42,,,,,500,1.96,1011.36,,,,,,,,,,,,
39697,10.02189341v1,10,,2,1,,9/25/2023 21:22,,,,60,,,,,720,1.79,1310.28,,,,,,,,,,,,
39698,10.0242146v1,10,,2,3,,9/25/2023 17:52,,,,21,,,,,250,2.43,641.52,,,,,,,,,,,,
39698,10.0242144v1,10,,2,3,,9/25/2023 17:52,,,,21,,,,,250,2.43,641.52,,,,,,,,,,,,
39698,10.0242136v1,10,,2,3,,9/25/2023 17:52,,,,21,,,,,250,2.43,641.52,,,,,,,,,,,,
39698,10.0242146v2,10,,2,3,,9/25/2023 17:52,,,,21,,,,,250,2.43,641.52,,,,,,,,,,,,
39699,10.02184456v2,10,,2,3,,9/25/2023 21:29,,,,250,,,,,3000,1.72,5180.64,,,,,,,,,,,,
39700,17.02186962v2,17,,9,3,,10/3/2023 20:16,,,,9,,,,,100,2.85,342,,,,,,,,,,,,
39700,17.02186965v2,17,,9,3,,10/3/2023 20:16,,,,9,,,,,100,2.85,342,,,,,,,,,,,,
39701,10.02113835v1,10,,2,4,,9/25/2023 16:23,,,,30,,,,,360,2.54,944.88,,,,,,,,,,,,
39702,10.02189401v2,10,,2,3,,9/25/2023 17:00,,,,9,,,,,100,2.85,342,,,,,,,,,,,,
39703,10.02189042v1,10,,2,1,,9/25/2023 17:02,,,,21,,,,,250,1.96,517.44,,,,,,,,,,,,
39704,10.02189488v1,10,,2,1,,9/25/2023 17:37,,,,40,,,,,480,1.96,964.32,,,,,,,,,,,,
39705,10.02112864v1,10,,2,4,,9/25/2023 17:03,,,,5,,,,,60,2.83,203.76,,,,,,,,,,,,
39706,10.0260769v1,10,,2,1,,9/25/2023 17:32,,,,10,,,,,120,2.23,294.36,,,,,,,,,,,,
39708,10.02183502v1,10,,2,3,,9/25/2023 18:48,,,,5,,,,,60,2.85,205.2,,,,,,,,,,,,
39709,10.02188594v2,10,,2,3,,9/25/2023 17:55,,,,5,,,,,60,2.85,205.2,,,,,,,,,,,,
39710,55.02185828v5,55,,114,4,,9/25/2023 19:02,,,,5,,,,,60,3,216,,,,,,,,,,,,
39711,10.02169701v2,10,,2,1,,9/26/2023 15:51,,,,100,,,,,1200,1.71,2072.52,,,,,,,,,,,,
39712,10.02158297v2,10,,2,4,,9/25/2023 19:53,,,,5,,,,,60,2.83,203.76,,,,,,,,,,,,
39713,10.02189207v1,10,,2,4,,9/25/2023 22:19,,,,7,,,,,75,2.83,271.68,,,,,,,,,,,,
39713,12.02189205v1,12,,4,4,,9/25/2023 22:19,,,,7,,,,,75,2.66,255.36,,,,,,,,,,,,
39713,12.02189200v1,12,,4,4,,9/25/2023 22:19,,,,7,,,,,75,2.66,255.36,,,,,,,,,,,,
39713,10.02189568v1,10,,2,4,,9/25/2023 22:19,,,,7,,,,,75,2.83,271.68,,,,,,,,,,,,
39714,10.02189465v2,10,,2,1,,9/25/2023 20:16,,,,20,,,,,240,1.96,493.92,,,,,,,,,,,,
39715,10.02188104v1,10,,2,1,,9/26/2023 16:15,,,,13,,,,,150,1.96,329.28,,,,,,,,,,,,
39716,932189678v1,93,120,120,10,45223,9/25/2023 22:04,Direct,newbusiness,15251563615,10,1.8,0,237.6,216,,,,,,,,,,,,,,,
39716,932189679v1,93,120,120,10,45219,9/25/2023 22:04,Direct,newbusiness,15251563615,10,1.8,0,237.6,216,,,,,,,,,,,,,,,
39716,10.02196024v1,10,,2,1,,9/25/2023 22:04,,,,10,,,,,120,2.23,294.36,,,,,,,,,,,,
39717,10.02189758v1,10,,2,4,,9/25/2023 19:45,,,,5,,,,,60,2.83,203.76,,,,,,,,,,,,
39718,10.0237671v1,10,,2,1,,9/25/2023 19:47,,,,21,,,,,250,1.96,517.44,,,,,,,,,,,,
39719,10.02170245v3,10,,2,1,,9/25/2023 20:23,,,,30,,,,,360,1.96,729.12,,,,,,,,,,,,
39720,10.02187653v1,10,,2,3,,9/25/2023 22:40,,,,59,,,,,700,2.28,1641.6,,,,,,,,,,,,
39721,10.02179562v2,10,,2,4,,9/25/2023 21:21,,,,9,,,,,100,2.83,339.6,,,,,,,,,,,,
39722,10.02188322v1,10,,2,3,,9/26/2023 15:29,,,,3,,,,,30,3.18,152.64,,,,,,,,,,,,
39723,,70,,,3,45202,9/26/2023 15:58,,,,,,,,,,2.85,,30166,60,22834,50049,107,19403,60,127222,9/26/2023 15:53,10/3/2023,5,205.2
39723,,70,,,3,45202,9/26/2023 15:58,,,,,,,,,,2.85,,30165,90,22834,50046,107,19403,96,127222,9/26/2023 15:53,10/3/2023,8,307.8
39723,,70,,,3,45202,9/26/2023 15:58,,,,,,,,,,3.18,,30162,54,22834,50045,107,19403,0,127222,9/26/2023 15:53,10/3/2023,5,228.96
39723,,70,,,3,45202,9/26/2023 15:58,,,,,,,,,,2.72,,30163,120,22834,50050,107,19403,120,127222,9/26/2023 15:53,10/3/2023,10,359.04
39723,,70,,,3,45202,9/26/2023 15:58,,,,,,,,,,2.72,,30171,120,22834,50044,107,19403,120,127222,9/26/2023 15:53,10/3/2023,10,359.04
39723,,70,,,3,45202,9/26/2023 15:58,,,,,,,,,,2.72,,30167,120,22834,50048,107,19403,120,127222,9/26/2023 15:53,10/3/2023,10,359.04
39723,,70,,,3,45202,9/26/2023 15:58,,,,,,,,,,2.72,,30164,120,22834,50047,107,19403,120,127222,9/26/2023 15:53,10/3/2023,10,359.04
39724,55.02188828v1,55,,114,3,,9/26/2023 19:48,,,,5,,,,,60,2.98,214.56,,,,,,,,,,,,
39725,10.02187422v1,10,,2,1,,9/26/2023 15:30,,,,10,,,,,120,2.23,294.36,,,,,,,,,,,,
39726,10.02189805v1,10,,2,1,,9/26/2023 14:13,,,,5,,,,,60,2.56,184.32,,,,,,,,,,,,
39727,10.02187062v1,10,,2,3,,9/26/2023 14:46,,,,3,,,,,30,3.18,152.64,,,,,,,,,,,,
39728,932189895v1,93,400,120,10,45224,9/26/2023 19:03,Direct,existingbusiness,15074998920,34,1.42,0,596.4,568,,,,,,,,,,,,,,,
39729,10.02189725v1,10,,2,1,,9/25/2023 23:00,,,,25,,,,,300,1.96,611.52,,,,,,,,,,,,
39731,10.0284330v1,10,,2,1,,9/26/2023 3:13,,,,5,,,,,60,2.56,184.32,,,,,,,,,,,,
39732,46.02189912v1,46,,113,1,,9/26/2023 4:32,,,,11,,,,,130,2.06,296.64,,,,,,,,,,,,
39733,10.02183265v2,10,,2,1,,9/26/2023 14:33,,,,10,,,,,120,2.23,294.36,,,,,,,,,,,,
39734,10.02148690v1,10,,2,3,,9/27/2023 15:42,,,,7,,,,,75,2.85,273.6,,,,,,,,,,,,
39734,10.02148689v1,10,,2,3,,9/27/2023 15:42,,,,7,,,,,75,2.85,273.6,,,,,,,,,,,,
39735,10.0290654v2,10,,2,1,,9/26/2023 14:46,,,,5,,,,,50,3.18,228.96,,,,,,,,,,,,
39735,10.0290651v2,10,,2,1,,9/26/2023 14:46,,,,5,,,,,60,2.56,184.32,,,,,,,,,,,,
39736,10.03189903v1,10,,2,1,,9/27/2023 20:55,,,,3,,,,,30,3.18,152.64,,,,,,,,,,,,
39736,10.02179640v5,10,,2,1,,9/27/2023 20:55,,,,42,,,,,500,1.96,1011.36,,,,,,,,,,,,
39737,10.02189918v1,10,,2,3,,9/26/2023 15:56,,,,3,,,,,30,3.18,152.64,,,,,,,,,,,,
39738,10.02182987v1,10,,2,3,,10/24/2023 18:20,,,,92,,,,,1100,2.01,2243.16,,,,,,,,,,,,
39739,10.02180303v1,10,,2,1,,9/26/2023 15:45,,,,30,,,,,360,1.96,729.12,,,,,,,,,,,,
39741,12.02189955v1,12,,4,3,,9/26/2023 17:04,,,,5,,,,,60,2.6,187.2,,,,,,,,,,,,
39741,10.02189129v3,10,,2,3,,9/26/2023 17:04,,,,15,,,,,170,2.54,487.68,,,,,,,,,,,,
39742,10.02133240v4,10,,2,4,,9/26/2023 17:19,,,,84,,,,,1000,2.01,2050.2,,,,,,,,,,,,
39743,932189617v1,93,200,120,10,45222,9/29/2023 18:28,Distributor,existingbusiness,15320240146,17,1.8,0,388.8,360,,,,,,,,,,,,,,,
39745,932188602v1,93,500,120,10,45219,9/27/2023 20:48,Distributor,existingbusiness,15032523124,42,1.31,0,675.96,655,,,,,,,,,,,,,,,
39745,932188604v1,93,500,120,10,45219,9/27/2023 20:48,Distributor,existingbusiness,15032523124,42,1.31,0,675.96,655,,,,,,,,,,,,,,,
39749,49.02189482v2,49,,116,4,,9/26/2023 16:51,,,,13,,,,,150,2.54,426.72,,,,,,,,,,,,
39750,10.02189926v1,10,,2,1,,9/26/2023 16:51,,,,13,,,,,150,1.96,329.28,,,,,,,,,,,,
39751,55.02189803v1,55,,114,3,,9/26/2023 21:02,,,,21,,,,,250,2.56,675.84,,,,,,,,,,,,
39751,55.02189801v1,55,,114,3,,9/26/2023 21:02,,,,21,,,,,250,2.56,675.84,,,,,,,,,,,,
39752,55.02189746v3,55,,114,1,,9/26/2023 21:54,,,,84,,,,,1000,1.71,1744.2,,,,,,,,,,,,
39752,55.02189743v3,55,,114,1,,9/26/2023 21:54,,,,84,,,,,1000,1.71,1744.2,,,,,,,,,,,,
39753,10.02189966v1,10,,2,1,,9/26/2023 19:30,,,,10,,,,,120,2.23,294.36,,,,,,,,,,,,
39753,10.02189420v3,10,,2,1,,9/26/2023 19:30,,,,10,,,,,120,2.23,294.36,,,,,,,,,,,,
39755,49.02187623v2,49,,116,3,,9/26/2023 17:48,,,,53,,,,,630,2.21,1432.08,,,,,,,,,,,,
39756,10.02188818v1,10,,2,3,,9/26/2023 18:38,,,,21,,,,,250,2.43,641.52,,,,,,,,,,,,
39757,10.02124485v1,10,,2,3,,9/26/2023 18:25,,,,10,,,,,120,2.72,359.04,,,,,,,,,,,,
39758,10.02190910v1,10,,2,1,,9/26/2023 20:40,,,,10,,,,,120,2.23,294.36,,,,,,,,,,,,
39759,55.02188287v2,55,,114,1,,9/26/2023 19:35,,,,17,,,,,200,1.88,406.08,,,,,,,,,,,,
39760,10.02189988v1,10,,2,3,,9/26/2023 19:36,,,,5,,,,,60,2.85,205.2,,,,,,,,,,,,
39761,10.02100873v1,10,,2,1,,9/26/2023 19:38,,,,11,,,,,130,2.23,321.12,,,,,,,,,,,,
39762,10.02185661v1,10,,2,4,,9/27/2023 16:49,,,,10,,,,,120,2.83,373.56,,,,,,,,,,,,
39763,17.02166491v1,17,,9,1,,9/27/2023 13:46,,,,100,,,,,1200,1.71,2072.52,,,,,,,,,,,,
39763,17.02166489v1,17,,9,1,,9/27/2023 13:46,,,,100,,,,,1200,1.71,2072.52,,,,,,,,,,,,
39764,10.02189971v1,10,,2,1,,9/26/2023 22:30,,,,10,,,,,120,2.23,294.36,,,,,,,,,,,,
39765,46.02190122v1,46,,113,3,,9/27/2023 21:16,,,,25,,,,,300,2.43,758.16,,,,,,,,,,,,
39765,10.02189818v1,10,,2,3,,9/27/2023 21:16,,,,25,,,,,300,2.43,758.16,,,,,,,,,,,,
39766,10.02190063v1,10,,2,1,,9/27/2023 13:53,,,,34,,,,,400,1.96,823.2,,,,,,,,,,,,
39767,932188787v1,93,120,120,10,45219,9/27/2023 22:38,Direct,newbusiness,15227270799,10,1.8,0,237.6,216,,,,,,,,,,,,,,,
39768,10.02190435v3,10,,2,4,,9/26/2023 21:29,,,,5,,,,,60,2.83,203.76,,,,,,,,,,,,
39769,10.02168080v1,10,,2,4,,9/26/2023 23:19,,,,9,,,,,100,2.83,339.6,,,,,,,,,,,,
39770,10.02189439v1,10,,2,4,,9/27/2023 14:27,,,,60,,,,,720,2.01,1471.32,,,,,,,,,,,,
39771,10.0275048v1,10,,2,3,,9/27/2023 22:54,,,,5,,,,,60,2.85,205.2,,,,,,,,,,,,
39772,10.0289951v1,10,,2,1,,9/26/2023 21:54,,,,25,,,,,300,1.96,611.52,,,,,,,,,,,,
39773,10.02190096v1,10,,2,4,,9/27/2023 16:20,,,,84,,,,,1000,2.01,2050.2,,,,,,,,,,,,
39774,10.02187103v1,10,,2,4,,9/27/2023 20:37,,,,5,,,,,60,2.83,203.76,,,,,,,,,,,,
39775,10.02189530v2,10,,2,1,,9/26/2023 22:53,,,,3,,,,,30,3.18,152.64,,,,,,,,,,,,
39776,55.02190252v1,55,,114,4,,9/27/2023 15:00,,,,5,,,,,60,3,216,,,,,,,,,,,,
39778,10.02118629v1,10,,2,1,,9/27/2023 14:48,,,,13,,,,,150,1.96,329.28,,,,,,,,,,,,
39780,10.02189466v2,10,,2,1,,9/27/2023 14:16,,,,25,,,,,300,1.96,611.52,,,,,,,,,,,,
39781,10.0261947v4,10,,2,1,,9/27/2023 15:11,,,,84,,,,,1000,1.79,1825.8,,,,,,,,,,,,
39782,10.02177297v1,10,,2,3,,9/27/2023 17:50,,,,10,,,,,120,2.72,359.04,,,,,,,,,,,,
39783,10.02171953v1,10,,2,1,,9/27/2023 16:54,,,,32,,,,,375,1.96,776.16,,,,,,,,,,,,
39784,10.02189650v1,10,,2,3,,9/28/2023 16:29,,,,6,,,,,62,2.85,239.4,,,,,,,,,,,,
39785,46.02182561v2,46,,113,1,,9/27/2023 15:55,,,,21,,,,,250,1.79,472.56,,,,,,,,,,,,
39786,932190287v1,93,360,120,10,45218,9/27/2023 20:38,Direct,existingbusiness,15313630899,30,1.42,0,528.24,511.2,,,,,,,,,,,,,,,
39787,10.02186400v1,10,,2,1,,9/27/2023 16:58,,,,34,,,,,400,1.96,823.2,,,,,,,,,,,,
39788,55.02160147v2,55,,114,4,,9/28/2023 14:30,,,,9,,,,,100,3,360,,,,,,,,,,,,
39789,46.02190270v1,46,,113,3,,9/27/2023 16:12,,,,7,,,,,75,2.85,273.6,,,,,,,,,,,,
39790,55.02180963v1,55,,114,4,,9/27/2023 16:15,,,,10,,,,,120,3,396,,,,,,,,,,,,
39791,10.02190012v3,10,,2,4,,9/27/2023 18:03,,,,10,,,,,120,2.83,373.56,,,,,,,,,,,,
39791,10.02190013v3,10,,2,4,,9/27/2023 18:03,,,,10,,,,,120,2.83,373.56,,,,,,,,,,,,
39793,10.02187787v2,10,,2,3,,9/29/2023 16:02,,,,3,,,,,30,3.18,152.64,,,,,,,,,,,,
39794,13.0533439v1,13,,5,3,,9/28/2023 16:38,,,,21,,,,,250,1.63,430.32,,,,,,,,,,,,
39795,10.02104033v2,10,,2,1,,9/27/2023 17:13,,,,13,,,,,150,1.96,329.28,,,,,,,,,,,,
39796,10.02169143v3,10,,2,4,,9/27/2023 17:44,,,,125,,,,,1500,2.01,3039.12,,,,,,,,,,,,
39798,10.02189359v1,10,,2,1,,9/27/2023 19:27,,,,42,,,,,500,1.96,1011.36,,,,,,,,,,,,
39800,932179472v2,93,600,120,10,45219,9/27/2023 20:39,Distributor,existingbusiness,15343873834,50,1.31,0,801.72,786,,,,,,,,,,,,,,,
39800,932179472v2,93,20,120,10,45233,9/27/2023 20:39,Distributor,existingbusiness,15343873834,2,1.8,0,64.8,36,,,,,,,,,,,,,,,
39801,10.0237896v7,10,,2,4,,9/27/2023 18:13,,,,10,,,,,120,2.83,373.56,,,,,,,,,,,,
39802,10.0298557v1,10,,2,1,,9/27/2023 20:39,,,,9,,,,,100,2.56,307.2,,,,,,,,,,,,
39803,10.02136052v1,10,,2,1,,9/27/2023 18:31,,,,9,,,,,100,2.56,307.2,,,,,,,,,,,,
39804,10.02190348v1,10,,2,4,,9/27/2023 18:53,,,,5,,,,,60,2.83,203.76,,,,,,,,,,,,
39805,10.02190605v1,10,,2,1,,9/28/2023 22:34,,,,10,,,,,120,2.23,294.36,,,,,,,,,,,,
39806,10.02158341v1,10,,2,4,,9/28/2023 15:44,,,,13,,,,,150,2.54,426.72,,,,,,,,,,,,
39806,10.02158343v1,10,,2,4,,9/28/2023 15:44,,,,13,,,,,150,2.54,426.72,,,,,,,,,,,,
39806,10.02158342v1,10,,2,4,,9/28/2023 15:44,,,,13,,,,,150,2.54,426.72,,,,,,,,,,,,
39807,55.02190444v1,55,,114,3,,9/27/2023 22:07,,,,17,,,,,200,2.67,576.72,,,,,,,,,,,,
39808,10.02185575v2,10,,2,1,,9/27/2023 20:28,,,,50,,,,,600,1.88,1150.56,,,,,,,,,,,,
39809,10.02125667v3,10,,2,4,,9/27/2023 19:25,,,,5,,,,,60,2.83,203.76,,,,,,,,,,,,
39810,10.02181746v1,10,,2,1,,9/27/2023 19:26,,,,9,,,,,100,2.56,307.2,,,,,,,,,,,,
39811,10.02190083v1,10,,2,3,,9/27/2023 19:52,,,,5,,,,,60,2.85,205.2,,,,,,,,,,,,
39812,10.02186164v1,10,,2,3,,9/27/2023 19:54,,,,84,,,,,1000,2.01,2050.2,,,,,,,,,,,,
39813,10.02190191v2,10,,2,3,,9/27/2023 20:16,,,,5,,,,,60,2.85,205.2,,,,,,,,,,,,
39814,10.02102069v1,10,,2,3,,9/27/2023 21:03,,,,17,,,,,204,2.54,548.64,,,,,,,,,,,,
39815,10.02159684v1,10,,2,3,,9/27/2023 20:20,,,,4,,,,,41,3.18,190.8,,,,,,,,,,,,
39816,10.02115170v2,10,,2,3,,9/28/2023 16:33,,,,417,,,,,5000,1.72,8627.52,,,,,,,,,,,,
39817,55.02190719v1,55,,114,3,,9/28/2023 23:35,,,,11,,,,,125,2.85,410.4,,,,,,,,,,,,
39817,55.02190724v1,55,,114,3,,9/28/2023 23:35,,,,11,,,,,125,2.85,410.4,,,,,,,,,,,,
39818,10.0278346v1,10,,2,4,,9/27/2023 21:07,,,,17,,,,,200,2.54,548.64,,,,,,,,,,,,
39819,932188388v1,93,360,120,10,45219,9/28/2023 21:31,Direct,newbusiness,15224935864,30,1.42,0,528.24,511.2,,,,,,,,,,,,,,,
39820,10.02186490v1,10,,2,1,,9/28/2023 16:39,,,,21,,,,,250,1.96,517.44,,,,,,,,,,,,
39821,55.02189984v3,55,,114,3,,9/29/2023 18:09,,,,92,,,,,1100,2.14,2388.24,,,,,,,,,,,,
39822,55.02190383v1,55,,114,4,,9/27/2023 21:27,,,,3,,,,,30,3.42,164.16,,,,,,,,,,,,
39822,55.02190381v1,55,,114,4,,9/27/2023 21:27,,,,3,,,,,30,3.42,164.16,,,,,,,,,,,,
39823,55.02190129v2,55,,114,1,,9/28/2023 14:53,,,,59,,,,,700,1.79,1288.8,,,,,,,,,,,,
39824,55.02185684v1,55,,114,1,,9/28/2023 16:41,,,,42,,,,,500,1.88,970.08,,,,,,,,,,,,
39825,10.02177729v1,10,,2,1,,9/27/2023 22:34,,,,10,,,,,120,2.23,294.36,,,,,,,,,,,,
39826,10.02190386v1,10,,2,3,,9/27/2023 23:02,,,,67,,,,,800,2.01,1640.16,,,,,,,,,,,,
39827,10.02180973v1,10,,2,1,,9/27/2023 21:56,,,,13,,,,,150,1.96,329.28,,,,,,,,,,,,
39828,11.02188358v1,11,,3,3,,9/27/2023 22:41,,,,71,,,,,850,2.18,1883.52,,,,,,,,,,,,
39829,10.02189250v2,10,,2,1,,9/28/2023 16:07,,,,16,,,,,190,1.96,399.84,,,,,,,,,,,,
39830,55.02190021v3,55,,114,1,,9/28/2023 15:06,,,,17,,,,,200,1.88,406.08,,,,,,,,,,,,
39831,10.0231293v1,10,,2,3,,9/28/2023 15:51,,,,9,,,,,100,2.85,342,,,,,,,,,,,,
39833,10.02163426v1,10,,2,1,,9/27/2023 22:58,,,,21,,,,,250,1.96,517.44,,,,,,,,,,,,
39834,10.02190460v1,10,,2,1,,9/28/2023 18:04,,,,28,,,,,336,1.96,682.08,,,,,,,,,,,,
39834,10.02190461v1,10,,2,1,,9/28/2023 18:04,,,,28,,,,,336,1.96,682.08,,,,,,,,,,,,
39834,10.02190459v1,10,,2,1,,9/28/2023 18:04,,,,28,,,,,336,1.96,682.08,,,,,,,,,,,,
39835,10.02158587v1,10,,2,3,,9/27/2023 22:58,,,,10,,,,,120,2.72,359.04,,,,,,,,,,,,
39836,932190548v1,93,200,120,10,45218,9/28/2023 20:40,Distributor,existingbusiness,15238617759,17,1.8,0,388.8,360,,,,,,,,,,,,,,,
39837,55.02186122v1,55,,114,3,,9/29/2023 19:06,,,,10,,,,,120,2.85,376.2,,,,,,,,,,,,
39838,17.02122259v7,17,,9,4,,10/6/2023 21:32,,,,10,,,,,120,2.83,373.56,,,,,,,,,,,,
39839,10.04190638v1,10,,2,1,,9/28/2023 16:04,,,,6,,,,,70,2.56,215.04,,,,,,,,,,,,
39839,10.02190598v1,10,,2,1,,9/28/2023 16:04,,,,34,,,,,400,1.96,823.2,,,,,,,,,,,,
39840,10.02189314v2,10,,2,4,,9/28/2023 16:35,,,,3,,,,,30,3.25,156,,,,,,,,,,,,
39841,17.02169723v1,17,,9,1,,9/28/2023 17:12,,,,17,,,,,200,1.96,423.36,,,,,,,,,,,,
39842,10.0228174v1,10,,2,1,,9/28/2023 14:30,,,,20,,,,,240,1.96,493.92,,,,,,,,,,,,
39843,55.02158261v5,55,,114,4,,9/28/2023 15:57,,,,6,,,,,65,3,252,,,,,,,,,,,,
39844,10.02187396v1,10,,2,4,,9/28/2023 18:09,,,,9,,,,,100,2.83,339.6,,,,,,,,,,,,
39845,10.02190606v1,10,,2,4,,9/28/2023 14:57,,,,10,,,,,120,2.83,373.56,,,,,,,,,,,,
39846,10.02167868v3,10,,2,4,,9/28/2023 15:45,,,,10,,,,,120,2.83,373.56,,,,,,,,,,,,
39846,10.02167866v3,10,,2,4,,9/28/2023 15:45,,,,10,,,,,120,2.83,373.56,,,,,,,,,,,,
39847,10.02180036v1,10,,2,3,,10/2/2023 16:31,,,,5,,,,,60,2.85,205.2,,,,,,,,,,,,
39847,12.02190210v1,12,,4,3,,10/2/2023 16:31,,,,5,,,,,60,2.6,187.2,,,,,,,,,,,,
39847,10.02180042v1,10,,2,3,,10/2/2023 16:31,,,,4,,,,,48,3.18,190.8,,,,,,,,,,,,
39848,10.02190453v1,10,,2,1,,9/28/2023 15:38,,,,3,,,,,30,3.18,152.64,,,,,,,,,,,,
39849,10.02190469v2,10,,2,1,,9/28/2023 15:56,,,,42,,,,,500,1.96,1011.36,,,,,,,,,,,,
39850,10.0238404v5,10,,2,3,,9/29/2023 17:37,,,,100,,,,,1200,2.01,2436.12,,,,,,,,,,,,
39851,46.02186911v4,46,,113,1,,9/28/2023 16:31,,,,60,,,,,720,1.62,1185.84,,,,,,,,,,,,
39852,10.02105641v5,10,,114,1,,9/28/2023 16:54,,,,10,,,,,120,2.23,294.36,,,,,,,,,,,,
39853,10.0237525v1,10,,2,1,,9/28/2023 16:21,,,,10,,,,,120,2.23,294.36,,,,,,,,,,,,
39854,12.02189309v1,12,,4,3,,9/28/2023 16:54,,,,5,,,,,50,2.93,210.96,,,,,,,,,,,,
39855,10.02164578v1,10,,2,3,,9/28/2023 18:21,,,,9,,,,,100,2.85,342,,,,,,,,,,,,
39857,10.02190390v1,10,,2,4,,9/28/2023 18:08,,,,75,,,,,900,2.01,1833.12,,,,,,,,,,,,
39858,10.02188776v1,10,,2,3,,9/28/2023 21:58,,,,3,,,,,30,3.18,152.64,,,,,,,,,,,,
39859,10.02173760v1,10,,2,4,,9/28/2023 20:53,,,,5,,,,,60,2.83,203.76,,,,,,,,,,,,
39859,10.02173766v1,10,,2,4,,9/28/2023 20:53,,,,5,,,,,60,2.83,203.76,,,,,,,,,,,,
39860,10.02190299v1,10,,2,1,,9/28/2023 18:21,,,,11,,,,,125,2.23,321.12,,,,,,,,,,,,
39860,10.02190296v1,10,,2,1,,9/28/2023 18:21,,,,11,,,,,125,2.23,321.12,,,,,,,,,,,,
39861,10.02187783v1,10,,2,3,,9/29/2023 15:25,,,,84,,,,,1000,2.01,2050.2,,,,,,,,,,,,
39863,55.02191077v1,55,,114,3,,9/29/2023 21:39,,,,7,,,,,75,2.98,286.08,,,,,,,,,,,,
39864,10.02190637v1,10,,2,1,,9/28/2023 19:54,,,,21,,,,,250,1.96,517.44,,,,,,,,,,,,
39865,10.02178577v1,10,,2,1,,9/28/2023 20:00,,,,10,,,,,120,2.23,294.36,,,,,,,,,,,,
39866,10.0275615v1,10,,2,3,,9/28/2023 19:51,,,,10,,,,,120,2.72,359.04,,,,,,,,,,,,
39867,10.02166973v2,10,,2,3,,9/29/2023 12:55,,,,34,,,,,400,2.43,1020.6,,,,,,,,,,,,
39868,10.02188490v2,10,,2,1,,9/28/2023 22:50,,,,25,,,,,300,1.96,611.52,,,,,,,,,,,,
39868,10.02188497v2,10,,2,1,,9/28/2023 22:50,,,,80,,,,,950,1.79,1739.88,,,,,,,,,,,,
39868,10.02188572v2,10,,2,1,,9/28/2023 22:50,,,,125,,,,,1500,1.71,2585.52,,,,,,,,,,,,
39869,10.02190471v2,10,,2,1,,9/28/2023 20:50,,,,10,,,,,120,2.23,294.36,,,,,,,,,,,,
39870,932190737v1,93,500,120,10,45222,9/28/2023 22:51,Direct,existingbusiness,15364736686,42,1.31,0,675.96,655,,,,,,,,,,,,,,,
39870,932190743v1,93,500,120,10,45222,9/28/2023 22:51,Direct,existingbusiness,15364736686,42,1.31,0,675.96,655,,,,,,,,,,,,,,,
39871,10.02105221v2,10,,2,3,,9/28/2023 21:23,,,,5,,,,,60,2.85,205.2,,,,,,,,,,,,
39872,10.02149413v4,10,,2,1,,9/29/2023 18:32,,,,25,,,,,300,1.96,611.52,,,,,,,,,,,,
39874,55.02183734v1,55,,114,4,,9/28/2023 21:47,,,,5,,,,,60,3,216,,,,,,,,,,,,
39875,46.02135575v2,46,,113,3,,9/29/2023 16:03,,,,5,,,,,60,2.85,205.2,,,,,,,,,,,,
39876,10.02189418v1,10,,2,1,,9/28/2023 22:08,,,,20,,,,,240,1.96,493.92,,,,,,,,,,,,
39877,10.02190748v1,10,,2,4,,9/29/2023 13:57,,,,5,,,,,60,2.83,203.76,,,,,,,,,,,,
39878,10.02188076v2,10,,2,3,,9/28/2023 23:48,,,,9,,,,,100,2.85,342,,,,,,,,,,,,
39879,55.02130673v1,55,,114,1,,10/2/2023 17:26,,,,9,,,,,100,2.56,307.2,,,,,,,,,,,,
39880,10.02144411v3,10,,2,1,,9/29/2023 13:46,,,,6,,,,,70,2.56,215.04,,,,,,,,,,,,
39881,10.02133175v1,10,,2,1,,9/28/2023 23:22,,,,34,,,,,400,1.96,823.2,,,,,,,,,,,,
39882,10.03190662v1,10,,2,1,,9/29/2023 0:20,,,,10,,,,,120,2.23,294.36,,,,,,,,,,,,
39883,10.02186619v1,10,,2,3,,9/29/2023 2:11,,,,11,,,,,125,2.72,391.68,,,,,,,,,,,,
39884,10.02175115v1,10,,2,4,,9/29/2023 14:57,,,,5,,,,,60,2.83,203.76,,,,,,,,,,,,
39884,10.02175496v5,10,,2,4,,9/29/2023 14:57,,,,5,,,,,60,2.83,203.76,,,,,,,,,,,,
39884,10.02115368v4,10,,2,4,,9/29/2023 14:57,,,,5,,,,,60,2.83,203.76,,,,,,,,,,,,
39884,10.02116162v14,10,,2,4,,9/29/2023 14:57,,,,5,,,,,60,2.83,203.76,,,,,,,,,,,,
39884,10.02175965v9,10,,2,4,,9/29/2023 14:57,,,,5,,,,,60,2.83,203.76,,,,,,,,,,,,
39884,10.0220834v6,10,,2,4,,9/29/2023 14:57,,,,5,,,,,60,2.83,203.76,,,,,,,,,,,,
39885,10.02112210v1,10,,2,1,,10/2/2023 20:35,,,,20,,,,,240,1.96,493.92,,,,,,,,,,,,
39886,10.0290124v2,10,,2,3,,9/29/2023 18:48,,,,21,,,,,250,2.43,641.52,,,,,,,,,,,,
39888,10.02188410v3,10,,2,4,,9/29/2023 14:18,,,,60,,,,,720,2.01,1471.32,,,,,,,,,,,,
39889,10.02190048v6,10,,2,4,,9/29/2023 18:20,,,,10,,,,,120,2.83,373.56,,,,,,,,,,,,
39889,10.02188953v4,10,,2,4,,9/29/2023 18:20,,,,10,,,,,120,2.83,373.56,,,,,,,,,,,,
39889,10.02189962v2,10,,2,4,,9/29/2023 18:20,,,,10,,,,,120,2.83,373.56,,,,,,,,,,,,
39890,10.0219941v1,10,,2,4,,9/29/2023 14:41,,,,21,,,,,250,2.54,670.56,,,,,,,,,,,,
39891,10.02190409v1,10,,2,3,,9/29/2023 16:02,,,,55,,,,,650,2.28,1532.16,,,,,,,,,,,,
39891,10.02190408v2,10,,2,3,,9/29/2023 16:02,,,,55,,,,,650,2.28,1532.16,,,,,,,,,,,,
39891,10.02190407v2,10,,2,3,,9/29/2023 16:02,,,,55,,,,,650,2.28,1532.16,,,,,,,,,,,,
39891,10.02190657v2,10,,2,3,,9/29/2023 16:02,,,,55,,,,,650,2.28,1532.16,,,,,,,,,,,,
39893,10.02179802v3,10,,2,1,,9/29/2023 16:11,,,,30,,,,,360,1.96,729.12,,,,,,,,,,,,
39894,10.02111908v4,10,,2,1,,10/3/2023 13:13,,,,17,,,,,200,1.96,423.36,,,,,,,,,,,,
39895,10.02111475v2,10,,2,3,,9/29/2023 16:04,,,,9,,,,,100,2.85,342,,,,,,,,,,,,
39896,10.02195140v1,10,,2,3,,11/13/2023 21:48,,,,4,,,,,39,3.18,190.8,,,,,,,,,,,,
39896,10.02195142v1,10,,2,3,,11/13/2023 21:48,,,,4,,,,,39,3.18,190.8,,,,,,,,,,,,
39896,10.02195138v1,10,,2,3,,11/13/2023 21:48,,,,4,,,,,39,3.18,190.8,,,,,,,,,,,,
39896,10.02195141v1,10,,2,3,,11/13/2023 21:48,,,,4,,,,,39,3.18,190.8,,,,,,,,,,,,
39897,,70,,,3,45230,10/2/2023 18:47,,,,,,,,,,2.43,,30050,250,25474,55579,64,19588,0,127865,10/2/2023 17:03,10/30/2023,21,641.52
39897,,70,,,3,45230,10/2/2023 18:47,,,,,,,,,,2.43,,30067,250,25474,55578,64,19588,0,127865,10/2/2023 17:03,10/30/2023,21,641.52
39898,55.02182826v1,55,,114,4,,10/6/2023 16:30,,,,21,,,,,245,2.71,715.44,,,,,,,,,,,,
39899,10.0218773v1,10,,2,3,,9/29/2023 21:23,,,,30,,,,,360,2.43,903.96,,,,,,,,,,,,
39900,10.02122501v1,10,,2,4,,9/29/2023 17:50,,,,3,,,,,30,3.25,156,,,,,,,,,,,,
39901,10.02188323v3,10,,2,1,,9/29/2023 18:56,,,,10,,,,,120,2.23,294.36,,,,,,,,,,,,
39902,20.02190873v1,20,,11,3,,9/29/2023 18:47,,,,84,,,,,1000,2.68,2733.6,,,,,,,,,,,,
39903,10.02189914v3,10,,2,3,,9/29/2023 17:50,,,,3,,,,,30,3.18,152.64,,,,,,,,,,,,
39904,10.02174966v2,10,,2,1,,10/2/2023 13:33,,,,234,,,,,2800,1.6,4512,,,,,,,,,,,,
39905,49.02190828v1,49,,116,3,,10/6/2023 17:36,,,,5,,,,,60,2.78,200.16,,,,,,,,,,,,
39906,10.02190953v2,10,,2,3,,9/29/2023 19:37,,,,5,,,,,60,2.85,205.2,,,,,,,,,,,,
39907,10.02184328v4,10,,2,3,,9/29/2023 20:05,,,,63,,,,,750,2.01,1543.68,,,,,,,,,,,,
39908,10.02188099v1,10,,2,1,,9/29/2023 20:26,,,,10,,,,,120,2.23,294.36,,,,,,,,,,,,
39909,10.02190969v1,10,,2,3,,9/29/2023 19:08,,,,7,,,,,75,2.85,273.6,,,,,,,,,,,,
39909,10.02190968v1,10,,2,3,,9/29/2023 19:08,,,,7,,,,,75,2.85,273.6,,,,,,,,,,,,
39910,55.02189100v6,55,,114,3,,9/29/2023 21:08,,,,18,,,,,215,2.67,608.76,,,,,,,,,,,,
39911,10.02189422v1,10,,2,1,,10/2/2023 21:51,,,,10,,,,,120,2.23,294.36,,,,,,,,,,,,
39912,,70,,,1,45205,9/29/2023 20:46,,,,,,,,,,1.96,,28140,450,23030,50441,64,19567,468,127891,9/29/2023 20:16,10/6/2023,38,917.28
39914,10.02190923v1,10,,2,3,,10/2/2023 16:20,,,,3,,,,,30,3.18,152.64,,,,,,,,,,,,
39915,55.02190881v1,55,,114,1,,10/6/2023 20:33,,,,5,,,,,60,2.56,184.32,,,,,,,,,,,,
39916,10.02144411v3,10,,2,1,,10/2/2023 15:31,,,,5,,,,,60,2.56,184.32,,,,,,,,,,,,
39917,10.02190849v1,10,,2,3,,9/29/2023 22:17,,,,17,,,,,200,2.54,548.64,,,,,,,,,,,,
39918,10.02144411v3,10,,2,1,,9/29/2023 21:57,,,,5,,,,,60,2.56,184.32,,,,,,,,,,,,
39919,10.03191071v1,10,,2,1,,9/29/2023 22:06,,,,5,,,,,60,2.56,184.32,,,,,,,,,,,,
39920,10.04184396v1,10,,2,4,,9/29/2023 22:37,,,,5,,,,,60,2.83,203.76,,,,,,,,,,,,
39921,10.02188436v1,10,,2,3,,10/3/2023 22:28,,,,10,,,,,115,2.72,359.04,,,,,,,,,,,,
39921,10.02188435v1,10,,2,3,,10/3/2023 22:28,,,,10,,,,,115,2.72,359.04,,,,,,,,,,,,
39922,10.02190942v1,10,,2,3,,10/2/2023 17:24,,,,3,,,,,30,3.18,152.64,,,,,,,,,,,,
39923,55.02190858v1,55,,114,4,,10/2/2023 19:30,,,,3,,,,,30,3.42,164.16,,,,,,,,,,,,
39923,55.02190871v1,55,,114,4,,10/2/2023 19:30,,,,3,,,,,30,3.42,164.16,,,,,,,,,,,,
39924,10.02189299v1,10,,2,1,,10/2/2023 13:22,,,,21,,,,,250,1.96,517.44,,,,,,,,,,,,
39925,55.02189150v1,55,,114,3,,10/5/2023 17:08,,,,5,,,,,60,2.98,214.56,,,,,,,,,,,,
39925,55.02189148v1,55,,114,3,,10/5/2023 17:08,,,,5,,,,,60,2.98,214.56,,,,,,,,,,,,
39926,44.0255598v1,44,,21,1,,9/29/2023 23:55,,,,42,,,,,500,1.96,1011.36,,,,,,,,,,,,
39926,10.02147407v1,10,,2,1,,9/29/2023 23:55,,,,42,,,,,500,1.96,1011.36,,,,,,,,,,,,
39927,932188734v1,93,240,120,10,45222,10/2/2023 20:45,Distributor,existingbusiness,15240411566,20,1.42,0,357.84,340.8,,,,,,,,,,,,,,,
39928,12.02187133v1,12,,4,3,,10/2/2023 0:38,,,,10,,,,,120,2.47,326.04,,,,,,,,,,,,
39929,10.02186954v1,10,,2,1,,10/3/2023 17:58,,,,17,,,,,200,1.96,423.36,,,,,,,,,,,,
39930,10.02189919v1,10,,2,1,,10/2/2023 13:48,,,,20,,,,,240,1.96,493.92,,,,,,,,,,,,
39931,55.02189638v1,55,,114,4,,10/2/2023 16:12,,,,5,,,,,60,3,216,,,,,,,,,,,,
39932,17.02190814v1,17,,9,1,,10/2/2023 15:29,,,,59,,,,,700,1.88,1353.6,,,,,,,,,,,,
39933,10.02189664v2,10,,2,1,,10/2/2023 15:19,,,,10,,,,,120,2.23,294.36,,,,,,,,,,,,
39935,10.02161145v3,10,,2,3,,10/2/2023 18:31,,,,17,,,,,200,2.54,548.64,,,,,,,,,,,,
39935,12.02164513v1,12,,4,3,,10/2/2023 18:31,,,,17,,,,,200,2.29,494.64,,,,,,,,,,,,
39936,55.02186354v1,55,,114,3,,10/2/2023 17:59,,,,3,,,,,30,3.31,158.88,,,,,,,,,,,,
39937,10.02189756v3,10,,2,1,,10/2/2023 17:15,,,,6,,,,,72,2.56,215.04,,,,,,,,,,,,
39938,55.02189406v1,55,,114,3,,10/2/2023 17:45,,,,34,,,,,400,2.56,1075.2,,,,,,,,,,,,
39939,10.02178928v2,10,,2,3,,10/3/2023 13:38,,,,5,,,,,60,2.85,205.2,,,,,,,,,,,,
39941,10.02135372v2,10,,2,1,,10/2/2023 17:37,,,,17,,,,,200,1.96,423.36,,,,,,,,,,,,
39942,10.02180637v2,10,,2,3,,10/2/2023 17:59,,,,85,,,,,1015,2.01,2074.32,,,,,,,,,,,,
39943,55.02190241v2,55,,114,4,,10/2/2023 18:05,,,,6,,,,,70,3,252,,,,,,,,,,,,
39943,,70,,,4,45210,10/2/2023 18:05,,,,,,,,,,3.25,,30208,30,23062,51191,64,19597,0,127532,10/2/2023 17:55,10/11/2023,3,156
39944,46.02189003v1,46,,113,1,,10/23/2023 18:05,,,,34,,,,,400,1.79,751.8,,,,,,,,,,,,
39945,55.02188983v1,55,,114,4,,10/23/2023 18:05,,,,34,,,,,400,2.71,1138.2,,,,,,,,,,,,
39946,932191284v1,93,499,120,10,45224,10/2/2023 19:21,Direct,existingbusiness,14940339520,42,1.42,0,732.72,708.58,,,,,,,,,,,,,,,
39946,932191284v1,93,1,120,10,45233,10/2/2023 19:21,Direct,existingbusiness,14940339520,1,1.8,0,43.2,1.8,,,,,,,,,,,,,,,
39947,46.02189076v1,46,,113,1,,10/9/2023 16:44,,,,34,,,,,400,1.79,751.8,,,,,,,,,,,,
39948,55.02188986v1,55,,114,1,,10/9/2023 22:13,,,,34,,,,,400,1.88,789.6,,,,,,,,,,,,
39949,10.02190007v4,10,,2,3,,10/2/2023 22:58,,,,25,,,,,300,2.43,758.16,,,,,,,,,,,,
39950,10.02190632v1,10,,2,1,,10/2/2023 18:33,,,,25,,,,,300,1.96,611.52,,,,,,,,,,,,
39951,55.02189210v4,55,,114,3,,10/2/2023 20:40,,,,13,,,,,150,2.67,448.56,,,,,,,,,,,,
39952,10.02107873v1,10,,2,4,,10/2/2023 19:14,,,,5,,,,,60,2.83,203.76,,,,,,,,,,,,
39953,932191345v1,93,120,120,10,45225,10/3/2023 16:04,Distributor,existingbusiness,15333286029,10,1.8,0,237.6,216,,,,,,,,,,,,,,,
39954,55.02188840v4,55,,114,3,,10/2/2023 21:35,,,,5,,,,,60,2.98,214.56,,,,,,,,,,,,
39955,10.02190749v1,10,,2,1,,10/2/2023 20:24,,,,3,,,,,30,3.18,152.64,,,,,,,,,,,,
39956,55.02190925v1,55,,114,1,,10/2/2023 22:59,,,,17,,,,,200,1.88,406.08,,,,,,,,,,,,
39957,55.02191309v1,55,,114,3,,10/2/2023 20:23,,,,13,,,,,150,2.67,448.56,,,,,,,,,,,,
39957,55.03191310v1,55,,114,3,,10/2/2023 20:23,,,,3,,,,,30,3.31,158.88,,,,,,,,,,,,
39958,10.02118754v1,10,,2,1,,10/2/2023 20:46,,,,21,,,,,250,1.96,517.44,,,,,,,,,,,,
39959,10.02191272v1,10,,2,4,,10/2/2023 17:33,,,,5,,,,,60,2.83,203.76,,,,,,,,,,,,
39960,10.02191325v1,10,,2,4,,10/4/2023 16:22,,,,10,,,,,120,2.83,373.56,,,,,,,,,,,,
39961,55.02184633v2,55,,114,4,,10/3/2023 17:10,,,,10,,,,,120,3,396,,,,,,,,,,,,
39962,10.02173701v1,10,,2,1,,10/2/2023 20:31,,,,10,,,,,120,2.23,294.36,,,,,,,,,,,,
39963,10.02120414v4,10,,2,3,,10/2/2023 20:27,,,,23,,,,,275,2.43,699.84,,,,,,,,,,,,
39964,10.0272978v1,10,,2,1,,10/2/2023 21:06,,,,11,,,,,125,2.23,321.12,,,,,,,,,,,,
39965,15.02131317v2,15,,7,3,,10/2/2023 21:40,,,,13,,,,,150,3.66,614.88,,,,,,,,,,,,
39966,10.02119237v1,10,,2,4,,10/2/2023 21:54,,,,5,,,,,60,2.83,203.76,,,,,,,,,,,,
39967,10.02191232v1,10,,2,1,,10/3/2023 19:12,,,,42,,,,,500,1.96,1011.36,,,,,,,,,,,,
39967,10.02191392v1,10,,2,1,,10/3/2023 19:12,,,,42,,,,,500,1.96,1011.36,,,,,,,,,,,,
39969,10.02191302v1,10,,2,1,,10/3/2023 13:16,,,,13,,,,,150,1.96,329.28,,,,,,,,,,,,
39970,10.02190965v2,10,,2,1,,10/4/2023 15:50,,,,21,,,,,250,1.96,517.44,,,,,,,,,,,,
39971,10.0224743v2,10,,2,4,,10/3/2023 0:17,,,,9,,,,,100,2.83,339.6,,,,,,,,,,,,
39972,10.02188100v5,10,,2,3,,10/4/2023 14:47,,,,84,,,,,1000,2.01,2050.2,,,,,,,,,,,,
39973,10.02191384v1,10,,2,1,,10/2/2023 23:28,,,,10,,,,,120,2.23,294.36,,,,,,,,,,,,
39974,10.02191417v2,10,,2,1,,10/9/2023 23:17,,,,13,,,,,150,1.96,329.28,,,,,,,,,,,,
39975,46.02191408v1,46,,113,3,,10/3/2023 15:31,,,,5,,,,,60,2.85,205.2,,,,,,,,,,,,
39976,10.0216094v1,10,,2,1,,10/3/2023 15:06,,,,5,,,,,60,2.56,184.32,,,,,,,,,,,,
39976,10.0216100v1,10,,2,1,,10/3/2023 15:06,,,,5,,,,,60,2.56,184.32,,,,,,,,,,,,
39976,10.0216102v1,10,,2,1,,10/3/2023 15:06,,,,5,,,,,60,2.56,184.32,,,,,,,,,,,,
39976,10.0216095v1,10,,2,1,,10/3/2023 15:06,,,,5,,,,,60,2.56,184.32,,,,,,,,,,,,
39977,932191332v1,93,2200,120,10,45225,10/3/2023 16:37,Distributor,existingbusiness,15414812261,184,1.2,0,2664,2640,,,,,,,,,,,,,,,
39978,10.02100040v3,10,,2,4,,10/3/2023 14:58,,,,10,,,,,120,2.83,373.56,,,,,,,,,,,,
39979,10.02189946v1,10,,2,1,,10/3/2023 20:17,,,,25,,,,,300,1.96,611.52,,,,,,,,,,,,
39980,10.02105641v5,10,,2,3,,10/3/2023 16:07,,,,5,,,,,60,2.85,205.2,,,,,,,,,,,,
39981,10.0288654v1,10,,2,4,,10/3/2023 16:22,,,,10,,,,,120,2.83,373.56,,,,,,,,,,,,
39982,10.0246453v1,10,,2,3,,10/3/2023 17:04,,,,30,,,,,360,2.43,903.96,,,,,,,,,,,,
39983,55.02184578v2,55,,114,1,,10/3/2023 22:53,,,,25,,,,,300,1.88,586.56,,,,,,,,,,,,
39984,55.02175683v1,55,,114,1,,10/4/2023 13:35,,,,20,,,,,240,1.88,473.76,,,,,,,,,,,,
39984,55.02102063v1,55,,114,1,,10/4/2023 13:35,,,,20,,,,,240,1.88,473.76,,,,,,,,,,,,
39985,10.02191414v1,10,,2,3,,10/3/2023 22:53,,,,5,,,,,60,2.85,205.2,,,,,,,,,,,,
39985,10.02191412v1,10,,2,3,,10/3/2023 22:53,,,,5,,,,,60,2.85,205.2,,,,,,,,,,,,
39987,10.02178980v3,10,,2,3,,10/4/2023 15:12,,,,42,,,,,500,2.43,1253.88,,,,,,,,,,,,
39987,10.02178982v4,10,,2,3,,10/4/2023 15:12,,,,42,,,,,500,2.43,1253.88,,,,,,,,,,,,
39988,12.02190245v1,12,,4,1,,10/4/2023 14:11,,,,34,,,,,400,1.63,684.6,,,,,,,,,,,,
39989,10.02191245v2,10,,2,1,,10/3/2023 19:54,,,,13,,,,,150,1.96,329.28,,,,,,,,,,,,
39990,15.02191334v3,15,,7,3,,10/3/2023 19:58,,,,13,,,,,150,3.66,614.88,,,,,,,,,,,,
39991,10.02154969v1,10,,2,4,,10/3/2023 21:41,,,,42,,,,,500,2.54,1310.64,,,,,,,,,,,,
39993,932185336v1,93,120,120,10,45224,10/4/2023 2:33,Direct,newbusiness,14440006562,10,1.8,0,237.6,216,,,,,,,,,,,,,,,
39993,932191306v2,93,120,120,10,45224,10/4/2023 2:33,Direct,newbusiness,14440006562,10,1.8,0,237.6,216,,,,,,,,,,,,,,,
39993,933191312v2,93,120,120,10,45224,10/4/2023 2:33,Direct,newbusiness,14440006562,10,1.8,0,237.6,216,,,,,,,,,,,,,,,
39993,933191313v2,93,120,120,10,45224,10/4/2023 2:33,Direct,newbusiness,14440006562,10,1.8,0,237.6,216,,,,,,,,,,,,,,,
39993,,70,,,3,45209,10/4/2023 2:33,,,,,,,,,,2.85,,30210,60,23137,50668,64,19648,60,123782,10/3/2023 22:23,10/10/2023,5,205.2
39994,10.02190520v1,10,,2,3,,10/9/2023 15:12,,,,13,,,,,150,2.54,426.72,,,,,,,,,,,,
39994,10.02190507v1,10,,2,3,,10/9/2023 15:12,,,,13,,,,,150,2.54,426.72,,,,,,,,,,,,
39994,46.02191259v1,46,,113,3,,10/9/2023 15:12,,,,5,,,,,60,2.85,205.2,,,,,,,,,,,,
39995,55.02185651v4,55,,114,4,,10/10/2023 17:00,,,,19,,,,,218,2.71,650.4,,,,,,,,,,,,
39995,55.02185652v3,55,,114,4,,10/10/2023 17:00,,,,19,,,,,218,2.71,650.4,,,,,,,,,,,,
39996,10.02107583v2,10,,2,3,,10/3/2023 20:39,,,,17,,,,,200,2.54,548.64,,,,,,,,,,,,
39997,10.02108789v4,10,,2,3,,10/3/2023 20:39,,,,5,,,,,50,3.18,228.96,,,,,,,,,,,,
39998,10.02180596v1,10,,2,3,,10/5/2023 19:32,,,,3,,,,,30,3.18,152.64,,,,,,,,,,,,
39999,10.02190670v1,10,,2,3,,10/3/2023 21:28,,,,70,,,,,830,2.01,1712.52,,,,,,,,,,,,
40000,46.02160394v2,46,,113,1,,10/4/2023 19:47,,,,3,,,,,30,3.01,144.48,,,,,,,,,,,,
40000,46.02160394v1,46,,113,1,,10/4/2023 19:47,,,,3,,,,,30,3.01,144.48,,,,,,,,,,,,
40001,10.02190334v1,10,,2,1,,10/3/2023 21:57,,,,10,,,,,120,2.23,294.36,,,,,,,,,,,,
40003,10.02191574v1,10,,2,3,,10/3/2023 21:33,,,,5,,,,,60,2.85,205.2,,,,,,,,,,,,
40003,10.02191573v1,10,,2,3,,10/3/2023 21:33,,,,5,,,,,60,2.85,205.2,,,,,,,,,,,,
40004,55.02186981v10,55,,114,3,,10/3/2023 23:08,,,,17,,,,,202,2.67,576.72,,,,,,,,,,,,
40004,55.02186981v9,55,,114,3,,10/3/2023 23:08,,,,17,,,,,202,2.67,576.72,,,,,,,,,,,,
40005,10.02138673v1,10,,2,1,,10/5/2023 21:56,,,,17,,,,,200,1.96,423.36,,,,,,,,,,,,
40005,12.0270827v1,12,,4,1,,10/5/2023 21:56,,,,17,,,,,200,1.63,352.08,,,,,,,,,,,,
40005,55.02192365v1,55,,114,1,,10/5/2023 21:56,,,,17,,,,,200,1.88,406.08,,,,,,,,,,,,
40006,17.02178321v2,17,,9,1,,10/5/2023 12:51,,,,17,,,,,200,1.96,423.36,,,,,,,,,,,,
40007,17.02190865v1,17,,9,1,,10/3/2023 22:12,,,,34,,,,,400,1.96,823.2,,,,,,,,,,,,
40008,55.02190776v1,55,,114,1,,10/3/2023 23:05,,,,38,,,,,450,1.88,879.84,,,,,,,,,,,,
40009,10.02176647v1,10,,2,1,,10/4/2023 12:39,,,,28,,,,,325,1.96,682.08,,,,,,,,,,,,
40010,10.0237896v7,10,,2,4,,10/3/2023 22:20,,,,20,,,,,240,2.54,640.08,,,,,,,,,,,,
40011,17.02189555v1,17,,9,4,,10/9/2023 14:46,,,,3,,,,,30,3.25,156,,,,,,,,,,,,
40012,10.02191575v1,10,,2,4,,10/4/2023 20:58,,,,5,,,,,60,2.83,203.76,,,,,,,,,,,,
40013,49.02185914v1,49,,116,3,,10/16/2023 21:01,,,,27,,,,,320,2.36,792.96,,,,,,,,,,,,
40014,55.02188722v1,55,,114,4,,10/4/2023 18:09,,,,30,,,,,360,2.71,1008.12,,,,,,,,,,,,
40015,10.02161320v1,10,,2,3,,10/6/2023 15:42,,,,9,,,,,103,2.85,342,,,,,,,,,,,,
40016,10.02156442v1,10,,2,4,,10/9/2023 18:03,,,,4,,,,,38,3.25,195,,,,,,,,,,,,
40016,10.02156441v1,10,,2,4,,10/9/2023 18:03,,,,4,,,,,38,3.25,195,,,,,,,,,,,,
40017,10.02191491v2,10,,2,1,,10/4/2023 14:32,,,,30,,,,,360,1.96,729.12,,,,,,,,,,,,
40018,10.02142221v2,10,,2,3,,10/5/2023 18:34,,,,20,,,,,240,2.43,612.36,,,,,,,,,,,,
40018,10.02142220v2,10,,2,3,,10/5/2023 18:34,,,,20,,,,,240,2.43,612.36,,,,,,,,,,,,
40019,10.02191629v1,10,,2,4,,10/4/2023 16:31,,,,16,,,,,188,2.54,518.16,,,,,,,,,,,,
40020,55.02189910v1,55,,114,4,,10/4/2023 16:33,,,,17,,,,,200,2.71,585.36,,,,,,,,,,,,
40021,10.02191736v1,10,,2,1,,10/4/2023 16:32,,,,17,,,,,200,1.96,423.36,,,,,,,,,,,,
40022,10.02191521v1,10,,2,4,,10/4/2023 21:35,,,,11,,,,,125,2.83,407.52,,,,,,,,,,,,
40022,10.02191519v1,10,,2,4,,10/4/2023 21:35,,,,11,,,,,125,2.83,407.52,,,,,,,,,,,,
40023,10.02191792v2,10,,2,1,,10/6/2023 15:42,,,,20,,,,,240,1.96,493.92,,,,,,,,,,,,
40024,10.02191557v1,10,,2,4,,10/4/2023 17:14,,,,9,,,,,100,2.83,339.6,,,,,,,,,,,,
40025,10.02177215v2,10,,2,1,,10/4/2023 19:17,,,,17,,,,,200,1.96,423.36,,,,,,,,,,,,
40026,10.02191970v1,10,,2,4,,10/5/2023 20:36,,,,42,,,,,500,2.54,1310.64,,,,,,,,,,,,
40027,46.02189018v1,46,,113,1,,10/4/2023 21:50,,,,63,,,,,750,1.62,1244.16,,,,,,,,,,,,
40028,10.02184797v2,10,,2,4,,10/5/2023 17:24,,,,42,,,,,500,2.54,1310.64,,,,,,,,,,,,
40029,10.02146724v1,10,,2,3,,10/4/2023 18:07,,,,42,,,,,500,2.43,1253.88,,,,,,,,,,,,
40030,932191863v1,93,250,120,10,45224,10/4/2023 20:08,Direct,existingbusiness,14922003600,21,1.42,0,374.88,355,,,,,,,,,,,,,,,
40031,10.02191862v1,10,,2,4,,10/4/2023 18:02,,,,6,,,,,70,2.83,237.72,,,,,,,,,,,,
40032,9102176163v2,910,500,25,5,45231,10/4/2023 20:56,Distributor,existingbusiness,15444567167,42,0.76,90,482.16,470,,,,,,,,,,,,,,,
40033,10.0249750v1,10,,2,4,,10/4/2023 17:51,,,,9,,,,,100,2.83,339.6,,,,,,,,,,,,
40034,10.02102252v2,10,,2,3,,10/4/2023 17:58,,,,7,,,,,75,2.85,273.6,,,,,,,,,,,,
40035,10.02128573v3,10,,2,3,,10/4/2023 20:45,,,,3,,,,,30,3.18,152.64,,,,,,,,,,,,
40035,10.02144123v1,10,,2,3,,10/4/2023 20:45,,,,3,,,,,30,3.18,152.64,,,,,,,,,,,,
40036,46.02169660v1,46,,113,3,,10/5/2023 22:54,,,,20,,,,,240,2.43,612.36,,,,,,,,,,,,
40037,11.02189696v1,11,,3,3,,10/4/2023 21:42,,,,5,,,,,60,3.02,217.44,,,,,,,,,,,,
40037,11.02189697v1,11,,3,3,,10/4/2023 21:42,,,,5,,,,,60,3.02,217.44,,,,,,,,,,,,
40038,10.02191141v1,10,,2,4,,10/4/2023 23:00,,,,9,,,,,105,2.83,339.6,,,,,,,,,,,,
40039,55.02191724v3,55,,114,1,,10/11/2023 14:54,,,,13,,,,,150,1.88,315.84,,,,,,,,,,,,
40040,10.0248411v3,10,,2,3,,10/4/2023 21:56,,,,9,,,,,100,2.85,342,,,,,,,,,,,,
40041,10.02191706v1,10,,2,1,,10/5/2023 17:54,,,,30,,,,,360,1.96,729.12,,,,,,,,,,,,
40042,55.02191811v1,55,,114,4,,10/6/2023 15:03,,,,31,,,,,364,2.71,1040.64,,,,,,,,,,,,
40043,10.02190939v1,10,,2,1,,10/5/2023 15:29,,,,344,,,,,4120,1.6,6624,,,,,,,,,,,,
40043,10.02190944v2,10,,2,1,,10/5/2023 15:29,,,,515,,,,,6180,1.56,9659.52,,,,,,,,,,,,
40045,10.02191114v3,10,,2,3,,10/4/2023 21:52,,,,5,,,,,60,2.85,205.2,,,,,,,,,,,,
40046,10.02191912v1,10,,2,1,,10/5/2023 14:03,,,,34,,,,,400,1.96,823.2,,,,,,,,,,,,
40047,49.02184974v1,49,,116,3,,10/5/2023 14:29,,,,40,,,,,480,2.36,1161.12,,,,,,,,,,,,
40048,10.02173613v5,10,,2,3,,10/12/2023 19:40,,,,40,,,,,480,2.43,1195.56,,,,,,,,,,,,
40049,55.02132311v2,55,,114,3,,10/5/2023 19:50,,,,11,,,,,125,2.85,410.4,,,,,,,,,,,,
40049,55.02132320v3,55,,114,3,,10/5/2023 19:50,,,,11,,,,,125,2.85,410.4,,,,,,,,,,,,
40050,17.02191972v1,17,,9,3,,10/5/2023 14:34,,,,9,,,,,100,2.85,342,,,,,,,,,,,,
40050,17.02191971v1,17,,9,3,,10/5/2023 14:34,,,,9,,,,,100,2.85,342,,,,,,,,,,,,
40051,10.02192093v1,10,,2,1,,10/5/2023 14:25,,,,9,,,,,100,2.56,307.2,,,,,,,,,,,,
40052,10.02185845v1,10,,2,1,,10/5/2023 14:41,,,,20,,,,,240,1.96,493.92,,,,,,,,,,,,
40053,10.02185633v2,10,,2,4,,10/5/2023 15:21,,,,10,,,,,120,2.83,373.56,,,,,,,,,,,,
40054,10.02191262v2,10,,2,1,,10/5/2023 14:43,,,,10,,,,,120,2.23,294.36,,,,,,,,,,,,
40055,10.02171102v1,10,,2,1,,10/5/2023 15:50,,,,20,,,,,240,1.96,493.92,,,,,,,,,,,,
40056,55.02148283v1,55,,114,1,,10/6/2023 15:02,,,,3,,,,,30,2.56,122.88,,,,,,,,,,,,
40056,55.02191818v1,55,,114,1,,10/6/2023 15:02,,,,3,,,,,30,2.56,122.88,,,,,,,,,,,,
40057,10.02181589v2,10,,2,4,,10/9/2023 18:04,,,,10,,,,,120,2.83,373.56,,,,,,,,,,,,
40058,10.0289132v1,10,,2,1,,10/5/2023 15:12,,,,20,,,,,240,1.96,493.92,,,,,,,,,,,,
40059,10.02191843v1,10,,2,4,,10/5/2023 15:58,,,,4,,,,,45,3.25,195,,,,,,,,,,,,
40060,10.02191088v3,10,,2,4,,10/5/2023 15:54,,,,10,,,,,120,2.83,373.56,,,,,,,,,,,,
40062,55.02192202v1,55,,114,4,,10/5/2023 17:22,,,,3,,,,,30,3.42,164.16,,,,,,,,,,,,
40063,17.02169723v1,17,,9,3,,10/5/2023 18:39,,,,20,,,,,240,2.43,612.36,,,,,,,,,,,,
40064,10.02191787v1,10,,2,3,,10/6/2023 23:29,,,,3,,,,,30,3.18,152.64,,,,,,,,,,,,
40066,10.02144305v1,10,,2,4,,10/9/2023 14:32,,,,10,,,,,120,2.83,373.56,,,,,,,,,,,,
40067,10.02192175v2,10,,2,4,,10/5/2023 20:22,,,,10,,,,,120,2.83,373.56,,,,,,,,,,,,
40068,46.02186428v2,46,,113,3,,10/5/2023 19:00,,,,10,,,,,120,2.72,359.04,,,,,,,,,,,,
40069,10.02180253v4,10,,2,4,,10/11/2023 13:12,,,,17,,,,,200,2.54,548.64,,,,,,,,,,,,
40069,10.02180255v2,10,,2,4,,10/11/2023 13:12,,,,10,,,,,120,2.83,373.56,,,,,,,,,,,,
40070,10.0250940v2,10,,2,3,,10/5/2023 18:52,,,,30,,,,,360,2.43,903.96,,,,,,,,,,,,
40071,10.02184686v2,10,,2,1,,10/10/2023 14:49,,,,34,,,,,400,1.96,823.2,,,,,,,,,,,,
40073,10.02160866v2,10,,2,4,,10/5/2023 20:06,,,,9,,,,,100,2.83,339.6,,,,,,,,,,,,
40074,10.02183209v1,10,,2,4,,10/5/2023 20:00,,,,9,,,,,100,2.83,339.6,,,,,,,,,,,,
40075,10.02186884v1,10,,2,1,,10/6/2023 17:27,,,,5,,,,,60,2.56,184.32,,,,,,,,,,,,
40075,10.02186883v1,10,,2,1,,10/6/2023 17:27,,,,5,,,,,60,2.56,184.32,,,,,,,,,,,,
40076,10.02162420v1,10,,2,1,,10/5/2023 21:41,,,,46,,,,,550,1.88,1060.32,,,,,,,,,,,,
40077,10.02174966v5,10,,2,1,,10/6/2023 12:13,,,,17,,,,,200,1.96,423.36,,,,,,,,,,,,
40078,10.02166773v1,10,,2,3,,10/6/2023 18:05,,,,10,,,,,120,2.72,359.04,,,,,,,,,,,,
40079,10.02188884v1,10,,2,3,,10/12/2023 23:26,,,,40,,,,,480,2.43,1195.56,,,,,,,,,,,,
40081,10.02187836v1,10,,2,3,,10/5/2023 22:06,,,,7,,,,,75,2.85,273.6,,,,,,,,,,,,
40082,55.02157116v1,55,,114,4,,10/5/2023 21:13,,,,15,,,,,180,2.71,520.32,,,,,,,,,,,,
40083,10.02191656v2,10,,2,4,,10/5/2023 21:45,,,,209,,,,,2500,1.71,4309.2,,,,,,,,,,,,
40084,10.02174757v1,10,,2,3,,10/11/2023 15:43,,,,42,,,,,500,2.43,1253.88,,,,,,,,,,,,
40085,10.02177391v1,10,,2,1,,10/6/2023 15:40,,,,5,,,,,60,2.56,184.32,,,,,,,,,,,,
40086,10.02130103v2,10,,2,1,,10/6/2023 17:33,,,,13,,,,,155,1.96,329.28,,,,,,,,,,,,
40087,48.02190870v1,48,,115,3,,10/10/2023 16:06,,,,6,,,,,61,2.85,239.4,,,,,,,,,,,,
40088,10.02192304v1,10,,2,1,,10/5/2023 21:51,,,,3,,,,,30,3.18,152.64,,,,,,,,,,,,
40089,10.02191406v3,10,,2,3,,10/6/2023 21:21,,,,25,,,,,290,2.43,758.16,,,,,,,,,,,,
40089,10.03192394v1,10,,2,3,,10/6/2023 21:21,,,,5,,,,,60,2.85,205.2,,,,,,,,,,,,
40091,10.02139873v2,10,,2,4,,10/6/2023 15:13,,,,5,,,,,50,3.25,234,,,,,,,,,,,,
40092,10.02190367v3,10,,2,4,,10/6/2023 15:32,,,,5,,,,,60,2.83,203.76,,,,,,,,,,,,
40093,10.02191528v2,10,,2,3,,10/6/2023 18:38,,,,84,,,,,1000,2.01,2050.2,,,,,,,,,,,,
40094,10.02192203v1,10,,2,3,,10/6/2023 13:19,,,,3,,,,,30,3.18,152.64,,,,,,,,,,,,
40095,10.02173682v1,10,,2,3,,10/6/2023 17:28,,,,21,,,,,250,2.43,641.52,,,,,,,,,,,,
40096,10.02191857v1,10,,2,4,,10/6/2023 17:01,,,,5,,,,,60,2.83,203.76,,,,,,,,,,,,
40097,10.02191913v2,10,,2,4,,10/6/2023 15:13,,,,10,,,,,120,2.83,373.56,,,,,,,,,,,,
40098,17.02190627v1,17,,9,3,,10/6/2023 18:29,,,,50,,,,,600,2.28,1395.36,,,,,,,,,,,,
40099,10.02192078v1,10,,2,1,,10/6/2023 16:18,,,,10,,,,,120,2.23,294.36,,,,,,,,,,,,
40100,10.02192148v1,10,,2,4,,10/11/2023 20:32,,,,34,,,,,400,2.54,1066.8,,,,,,,,,,,,
40101,10.02192095v1,10,,2,3,,10/6/2023 15:41,,,,5,,,,,50,3.18,228.96,,,,,,,,,,,,
40102,10.02173701v1,10,,2,1,,10/9/2023 1:13,,,,10,,,,,120,2.23,294.36,,,,,,,,,,,,
40103,10.02191757v1,10,,2,1,,10/9/2023 16:54,,,,42,,,,,500,1.96,1011.36,,,,,,,,,,,,
40104,10.02174980v4,10,,2,3,,10/6/2023 17:07,,,,42,,,,,500,2.43,1253.88,,,,,,,,,,,,
40105,10.02186789v1,10,,2,3,,10/10/2023 22:54,,,,11,,,,,127,2.72,391.68,,,,,,,,,,,,
40106,10.02173049v1,10,,2,4,,10/6/2023 18:22,,,,10,,,,,120,2.83,373.56,,,,,,,,,,,,
40107,10.02113060v1,10,,2,1,,10/6/2023 17:31,,,,10,,,,,120,2.23,294.36,,,,,,,,,,,,
40108,55.02192442v1,55,,114,1,,10/6/2023 18:13,,,,5,,,,,60,2.56,184.32,,,,,,,,,,,,
40109,46.02175574v1,46,,113,1,,10/6/2023 18:01,,,,20,,,,,240,1.79,451.08,,,,,,,,,,,,
40111,10.0268963v1,10,,2,4,,10/9/2023 12:04,,,,5,,,,,60,2.83,203.76,,,,,,,,,,,,
40112,10.02181910v1,10,,2,1,,10/6/2023 18:31,,,,4,,,,,45,3.18,190.8,,,,,,,,,,,,
40113,17.02191023v3,17,,9,4,,10/9/2023 18:32,,,,11,,,,,130,2.83,407.52,,,,,,,,,,,,
40115,10.02162902v1,10,,2,1,,10/11/2023 14:20,,,,10,,,,,120,2.23,294.36,,,,,,,,,,,,
40117,12.02148772v1,12,,4,3,,10/6/2023 20:03,,,,24,,,,,280,2.18,654,,,,,,,,,,,,
40117,10.02147093v2,10,,2,3,,10/6/2023 20:03,,,,60,,,,,720,2.01,1471.32,,,,,,,,,,,,
40118,10.02192312v1,10,,2,3,,10/6/2023 18:33,,,,100,,,,,1200,2.01,2436.12,,,,,,,,,,,,
40119,10.02188252v1,10,,2,3,,10/9/2023 18:06,,,,3,,,,,30,3.18,152.64,,,,,,,,,,,,
40120,55.02185908v2,55,,114,3,,10/9/2023 15:18,,,,45,,,,,540,2.41,1330.32,,,,,,,,,,,,
40121,10.0217941v1,10,,2,3,,10/6/2023 18:38,,,,10,,,,,120,2.72,359.04,,,,,,,,,,,,
40121,10.0217942v1,10,,2,3,,10/6/2023 18:38,,,,10,,,,,120,2.72,359.04,,,,,,,,,,,,
40122,10.02188852v1,10,,2,3,,10/6/2023 19:20,,,,42,,,,,500,2.43,1253.88,,,,,,,,,,,,
40123,10.0237996v2,10,,2,4,,10/9/2023 18:58,,,,5,,,,,60,2.83,203.76,,,,,,,,,,,,
40124,932189661v1,93,185,120,10,45231,10/6/2023 23:36,Distributor,existingbusiness,15032337835,16,1.8,0,367.2,333,,,,,,,,,,,,,,,
40125,10.02133989v2,10,,2,3,,10/6/2023 19:32,,,,10,,,,,120,2.72,359.04,,,,,,,,,,,,
40126,55.02137967v2,55,,114,4,,10/9/2023 16:35,,,,5,,,,,60,3,216,,,,,,,,,,,,
40127,10.02192280v1,10,,2,4,,10/6/2023 20:35,,,,5,,,,,60,2.83,203.76,,,,,,,,,,,,
40127,10.02192618v1,10,,2,4,,10/6/2023 20:35,,,,3,,,,,30,3.25,156,,,,,,,,,,,,
40127,10.02192632v1,10,,2,4,,10/6/2023 20:35,,,,5,,,,,60,2.83,203.76,,,,,,,,,,,,
40127,10.02161755v2,10,,2,4,,10/6/2023 20:35,,,,5,,,,,60,2.83,203.76,,,,,,,,,,,,
40127,10.02161759v3,10,,2,4,,10/6/2023 20:35,,,,5,,,,,60,2.83,203.76,,,,,,,,,,,,
40129,55.02187179v2,55,,114,3,,10/6/2023 21:05,,,,3,,,,,32,3.31,158.88,,,,,,,,,,,,
40130,10.02191748v2,10,,2,1,,10/9/2023 17:28,,,,5,,,,,60,2.56,184.32,,,,,,,,,,,,
40131,55.02192537v1,55,,114,4,,10/6/2023 22:00,,,,10,,,,,110,3,396,,,,,,,,,,,,
40131,55.02192539v1,55,,114,4,,10/6/2023 22:00,,,,10,,,,,110,3,396,,,,,,,,,,,,
40132,10.02167956v1,10,,2,4,,10/6/2023 22:27,,,,5,,,,,60,2.83,203.76,,,,,,,,,,,,
40133,55.02192562v1,55,,114,1,,10/6/2023 20:36,,,,6,,,,,65,2.56,215.04,,,,,,,,,,,,
40136,10.02185689v2,10,,2,1,,10/6/2023 21:07,,,,10,,,,,120,2.23,294.36,,,,,,,,,,,,
40137,10.01192597v1,10,,2,3,,10/9/2023 15:00,,,,5,,,,,60,2.85,205.2,,,,,,,,,,,,
40137,10.0235233v1,10,,2,3,,10/9/2023 15:00,,,,5,,,,,60,2.85,205.2,,,,,,,,,,,,
40138,49.02192553v1,49,,116,4,,10/7/2023 13:54,,,,5,,,,,60,2.83,203.76,,,,,,,,,,,,
40139,17.0247394v1,17,,9,3,,10/9/2023 16:26,,,,15,,,,,175,2.54,487.68,,,,,,,,,,,,
40140,10.02192168v2,10,,2,3,,10/6/2023 22:27,,,,30,,,,,360,2.43,903.96,,,,,,,,,,,,
40141,10.02159578v1,10,,2,1,,10/6/2023 23:01,,,,17,,,,,200,1.96,423.36,,,,,,,,,,,,
40141,10.02159577v1,10,,2,1,,10/6/2023 23:01,,,,15,,,,,180,1.96,376.32,,,,,,,,,,,,
40142,10.02192709v1,10,,2,3,,10/6/2023 22:50,,,,9,,,,,100,2.85,342,,,,,,,,,,,,
40144,10.02192229v2,10,,2,3,,10/9/2023 17:42,,,,25,,,,,300,2.43,758.16,,,,,,,,,,,,
40145,932192739v1,93,1419,120,10,45237,10/9/2023 16:22,Direct,newbusiness,15496169559,119,1.2,0,1728,1702.8,,,,,,,,,,,,,,,
40145,932192739v1,93,1,120,10,45239,10/9/2023 16:22,Direct,newbusiness,15496169559,1,1.8,0,43.2,1.8,,,,,,,,,,,,,,,
40145,10.02174421v2,10,,2,4,,10/9/2023 16:22,,,,40,,,,,480,2.54,1249.68,,,,,,,,,,,,
40146,10.02171913v1,10,,2,3,,10/9/2023 12:30,,,,10,,,,,120,2.72,359.04,,,,,,,,,,,,
40147,10.02192654v2,10,,2,4,,10/9/2023 14:42,,,,30,,,,,360,2.54,944.88,,,,,,,,,,,,
40148,10.02192585v1,10,,2,4,,10/9/2023 14:51,,,,10,,,,,120,2.83,373.56,,,,,,,,,,,,
40149,55.02192292v1,55,,114,1,,10/9/2023 14:42,,,,20,,,,,240,1.88,473.76,,,,,,,,,,,,
40149,55.02192293v1,55,,114,1,,10/9/2023 14:42,,,,20,,,,,240,1.88,473.76,,,,,,,,,,,,
40150,10.02185510v1,10,,2,1,,10/10/2023 18:15,,,,17,,,,,200,1.96,423.36,,,,,,,,,,,,
40151,10.02150450v2,10,,2,1,,10/10/2023 18:23,,,,25,,,,,300,1.96,611.52,,,,,,,,,,,,
40152,10.02150450v2,10,,2,1,,10/10/2023 18:21,,,,25,,,,,300,1.96,611.52,,,,,,,,,,,,
40153,10.02150450v2,10,,2,1,,10/10/2023 18:24,,,,9,,,,,100,2.56,307.2,,,,,,,,,,,,
40154,10.02157150v1,10,,2,1,,10/9/2023 16:48,,,,21,,,,,250,1.96,517.44,,,,,,,,,,,,
40154,10.02157147v6,10,,2,1,,10/9/2023 16:48,,,,21,,,,,250,1.96,517.44,,,,,,,,,,,,
40155,10.0225572v1,10,,2,3,,10/9/2023 19:51,,,,10,,,,,120,2.72,359.04,,,,,,,,,,,,
40156,10.02185510v1,10,,2,1,,10/10/2023 18:17,,,,10,,,,,120,2.23,294.36,,,,,,,,,,,,
40157,10.02185510v1,10,,2,1,,10/10/2023 18:19,,,,10,,,,,120,2.23,294.36,,,,,,,,,,,,
40158,10.02143863v2,10,,2,4,,10/9/2023 15:56,,,,5,,,,,60,2.83,203.76,,,,,,,,,,,,
40159,48.02190000v1,48,,115,4,,10/9/2023 16:08,,,,5,,,,,50,3.25,234,,,,,,,,,,,,
40160,10.02156393v1,10,,2,4,,10/9/2023 16:20,,,,5,,,,,60,2.83,203.76,,,,,,,,,,,,
40160,10.02156387v1,10,,2,4,,10/9/2023 16:20,,,,5,,,,,60,2.83,203.76,,,,,,,,,,,,
40160,10.02156388v1,10,,2,4,,10/9/2023 16:20,,,,5,,,,,60,2.83,203.76,,,,,,,,,,,,
40161,10.02189540v2,10,,2,4,,10/9/2023 21:40,,,,9,,,,,100,2.83,339.6,,,,,,,,,,,,
40162,10.02192336v4,10,,2,3,,10/11/2023 22:23,,,,20,,,,,240,2.43,612.36,,,,,,,,,,,,
40163,10.02191687v1,10,,2,1,,10/9/2023 16:43,,,,15,,,,,180,1.96,376.32,,,,,,,,,,,,
40164,10.0280075v1,10,,2,4,,10/9/2023 17:27,,,,10,,,,,120,2.83,373.56,,,,,,,,,,,,
40164,10.02159606v2,10,,2,4,,10/9/2023 17:27,,,,10,,,,,120,2.83,373.56,,,,,,,,,,,,
40165,10.02191688v3,10,,2,4,,10/9/2023 17:12,,,,5,,,,,60,2.83,203.76,,,,,,,,,,,,
40166,48.02190712v2,48,,115,4,,10/9/2023 18:44,,,,41,,,,,485,2.54,1280.16,,,,,,,,,,,,
40167,55.02119053v1,55,,114,1,,10/9/2023 17:37,,,,17,,,,,200,1.88,406.08,,,,,,,,,,,,
40167,55.02119055v1,55,,114,1,,10/9/2023 17:37,,,,17,,,,,200,1.88,406.08,,,,,,,,,,,,
40168,10.02192772v1,10,,2,4,,10/10/2023 16:08,,,,5,,,,,60,2.83,203.76,,,,,,,,,,,,
40169,10.02166915v2,10,,2,1,,10/9/2023 17:36,,,,10,,,,,120,2.23,294.36,,,,,,,,,,,,
40170,10.03192824v1,10,,2,1,,10/9/2023 18:16,,,,13,,,,,150,1.96,329.28,,,,,,,,,,,,
40171,10.02192662v1,10,,2,1,,10/10/2023 17:15,,,,5,,,,,60,2.56,184.32,,,,,,,,,,,,
40171,10.02192663v1,10,,2,1,,10/10/2023 17:15,,,,5,,,,,60,2.56,184.32,,,,,,,,,,,,
40172,10.02192828v1,10,,2,1,,10/9/2023 18:21,,,,10,,,,,120,2.23,294.36,,,,,,,,,,,,
40173,10.02192015v1,10,,2,1,,10/9/2023 18:51,,,,60,,,,,720,1.79,1310.28,,,,,,,,,,,,
40173,10.03192880v1,10,,2,1,,10/9/2023 18:51,,,,20,,,,,240,1.96,493.92,,,,,,,,,,,,
40174,10.02192854v1,10,,2,1,,10/11/2023 17:20,,,,21,,,,,250,1.96,517.44,,,,,,,,,,,,
40175,10.02180973v1,10,,2,1,,10/9/2023 19:20,,,,40,,,,,480,1.96,964.32,,,,,,,,,,,,
40177,920232657v3,920,500,26,5,45230,10/10/2023 22:36,Distributor,existingbusiness,15525052022,42,1.04,90,626.64,610,,,,,,,,,,,,,,,
40178,10.028152v1,10,,2,3,,10/9/2023 20:30,,,,10,,,,,120,2.72,359.04,,,,,,,,,,,,
40179,10.02192935v1,10,,2,1,,10/9/2023 21:10,,,,42,,,,,500,1.96,1011.36,,,,,,,,,,,,
40180,10.02180596v1,10,,2,3,,10/11/2023 22:46,,,,3,,,,,30,3.18,152.64,,,,,,,,,,,,
40181,12.02170769v1,12,,4,1,,10/10/2023 19:11,,,,20,,,,,240,1.63,410.76,,,,,,,,,,,,
40182,10.02188712v1,10,,2,3,,10/10/2023 21:44,,,,3,,,,,30,3.18,152.64,,,,,,,,,,,,
40183,10.02192409v3,10,,2,1,,10/9/2023 21:28,,,,42,,,,,500,1.96,1011.36,,,,,,,,,,,,
40184,10.0255097v1,10,,2,3,,10/10/2023 14:04,,,,3,,,,,30,3.18,152.64,,,,,,,,,,,,
40186,10.02188797v9,10,,2,1,,10/9/2023 22:09,,,,21,,,,,250,1.96,517.44,,,,,,,,,,,,
40186,10.02188801v4,10,,2,1,,10/9/2023 22:09,,,,21,,,,,250,1.96,517.44,,,,,,,,,,,,
40187,10.02191243v1,10,,2,1,,10/9/2023 22:03,,,,10,,,,,120,2.23,294.36,,,,,,,,,,,,
40189,10.0219046v2,10,,2,3,,10/10/2023 0:33,,,,30,,,,,360,2.43,903.96,,,,,,,,,,,,
40192,10.02191280v2,10,,2,1,,10/10/2023 13:34,,,,10,,,,,120,2.23,294.36,,,,,,,,,,,,
40193,10.0264207v1,10,,2,3,,10/10/2023 18:15,,,,5,,,,,60,2.85,205.2,,,,,,,,,,,,
40194,10.02192679v1,10,,2,1,,10/10/2023 14:37,,,,42,,,,,500,1.96,1011.36,,,,,,,,,,,,
40195,10.02158400v1,10,,2,4,,10/10/2023 17:05,,,,42,,,,,500,2.54,1310.64,,,,,,,,,,,,
40198,55.02191068v1,55,,114,3,,10/10/2023 22:08,,,,45,,,,,537,2.56,1413.12,,,,,,,,,,,,
40199,12.02106379v1,12,,4,4,,10/10/2023 18:36,,,,5,,,,,60,2.66,191.52,,,,,,,,,,,,
40200,10.02193102v1,10,,2,4,,10/10/2023 16:05,,,,9,,,,,100,2.83,339.6,,,,,,,,,,,,
40201,10.0218490v1,10,,2,1,,10/10/2023 17:33,,,,34,,,,,400,1.96,823.2,,,,,,,,,,,,
40202,15.02194447v1,15,,7,3,,10/18/2023 17:59,,,,10,,,,,120,3.84,506.88,,,,,,,,,,,,
40202,10.02194448v1,10,,2,3,,10/18/2023 17:59,,,,10,,,,,120,2.72,359.04,,,,,,,,,,,,
40203,10.02190890v2,10,,2,1,,10/10/2023 16:13,,,,34,,,,,400,1.96,823.2,,,,,,,,,,,,
40204,10.0273917v2,10,,2,4,,10/10/2023 16:32,,,,5,,,,,60,2.83,203.76,,,,,,,,,,,,
40205,10.02150736v1,10,,2,1,,10/10/2023 17:12,,,,42,,,,,500,1.96,1011.36,,,,,,,,,,,,
40207,12.02192757v1,12,,4,1,,10/10/2023 19:42,,,,397,,,,,4760,1.27,6065.52,,,,,,,,,,,,
40208,10.02168042v1,10,,2,1,,10/10/2023 18:57,,,,10,,,,,120,2.23,294.36,,,,,,,,,,,,
40209,10.02154851v1,10,,2,4,,10/10/2023 20:05,,,,30,,,,,360,2.54,944.88,,,,,,,,,,,,
40209,10.02149140v3,10,,2,4,,10/10/2023 20:05,,,,30,,,,,360,2.54,944.88,,,,,,,,,,,,
40210,10.02192759v1,10,,2,1,,10/10/2023 18:01,,,,15,,,,,175,1.96,376.32,,,,,,,,,,,,
40211,10.02144411v3,10,,2,1,,10/10/2023 21:27,,,,5,,,,,60,2.56,184.32,,,,,,,,,,,,
40212,10.02189549v1,10,,2,3,,10/11/2023 13:12,,,,3,,,,,30,3.18,152.64,,,,,,,,,,,,
40213,10.02193116v1,10,,2,3,,10/11/2023 15:48,,,,10,,,,,120,2.72,359.04,,,,,,,,,,,,
40215,10.02192094v1,10,,2,3,,10/11/2023 14:42,,,,100,,,,,1200,2.01,2436.12,,,,,,,,,,,,
40216,10.02193237v1,10,,2,3,,10/10/2023 19:36,,,,5,,,,,60,2.85,205.2,,,,,,,,,,,,
40217,55.02111623v1,55,,114,1,,10/11/2023 20:53,,,,15,,,,,180,1.88,360.96,,,,,,,,,,,,
40217,10.0243612v1,10,,2,1,,10/11/2023 20:53,,,,15,,,,,180,1.96,376.32,,,,,,,,,,,,
40217,10.0243578v1,10,,2,1,,10/11/2023 20:53,,,,10,,,,,120,2.23,294.36,,,,,,,,,,,,
40218,10.02193175v1,10,,2,3,,10/10/2023 19:07,,,,7,,,,,76,2.85,273.6,,,,,,,,,,,,
40219,10.02193213v1,10,,2,3,,10/10/2023 19:53,,,,50,,,,,600,2.28,1395.36,,,,,,,,,,,,
40221,10.02193287v1,10,,2,1,,10/10/2023 20:06,,,,5,,,,,60,2.56,184.32,,,,,,,,,,,,
40222,10.02187121v1,10,,2,1,,10/10/2023 20:07,,,,17,,,,,200,1.96,423.36,,,,,,,,,,,,
40223,10.02193302v1,10,,2,1,,10/10/2023 20:12,,,,5,,,,,60,2.56,184.32,,,,,,,,,,,,
40224,10.0219046v2,10,,2,3,,10/10/2023 21:03,,,,40,,,,,480,2.43,1195.56,,,,,,,,,,,,
40225,10.0220719v13,10,,2,3,,10/10/2023 21:15,,,,5,,,,,50,3.18,228.96,,,,,,,,,,,,
40226,55.02192900v1,55,,114,1,,10/11/2023 16:28,,,,20,,,,,240,1.88,473.76,,,,,,,,,,,,
40227,10.02179824v1,10,,2,1,,10/10/2023 21:16,,,,20,,,,,240,1.96,493.92,,,,,,,,,,,,
40227,10.02185513v1,10,,2,1,,10/10/2023 21:16,,,,20,,,,,240,1.96,493.92,,,,,,,,,,,,
40227,10.02189218v1,10,,2,1,,10/10/2023 21:16,,,,20,,,,,240,1.96,493.92,,,,,,,,,,,,
40228,10.02193127v1,10,,2,3,,10/11/2023 16:52,,,,5,,,,,60,2.85,205.2,,,,,,,,,,,,
40229,55.02191952v1,55,,114,4,,10/10/2023 21:16,,,,9,,,,,100,3,360,,,,,,,,,,,,
40230,10.02189779v1,10,,2,3,,10/11/2023 20:10,,,,21,,,,,250,2.43,641.52,,,,,,,,,,,,
40230,10.02189707v1,10,,2,3,,10/11/2023 20:10,,,,21,,,,,250,2.43,641.52,,,,,,,,,,,,
40231,10.02193343v1,10,,2,3,,10/13/2023 22:32,,,,4,,,,,45,3.18,190.8,,,,,,,,,,,,
40232,55.02193203v1,55,,114,3,,10/10/2023 21:29,,,,63,,,,,750,2.14,1643.52,,,,,,,,,,,,
40234,10.02192906v1,10,,2,1,,10/11/2023 13:12,,,,25,,,,,300,1.96,611.52,,,,,,,,,,,,
40235,10.0241410v8,10,,2,3,,10/10/2023 21:48,,,,21,,,,,250,2.43,641.52,,,,,,,,,,,,
40236,55.02191290v3,55,,114,3,,10/11/2023 15:33,,,,5,,,,,60,2.98,214.56,,,,,,,,,,,,
40237,10.02185510v1,10,,2,3,,10/10/2023 21:55,,,,84,,,,,1000,2.01,2050.2,,,,,,,,,,,,
40238,932136030v2,93,360,120,10,45232,10/11/2023 19:39,Distributor,existingbusiness,15549630750,30,1.42,0,528.24,511.2,,,,,,,,,,,,,,,
40239,10.02193103v1,10,,2,1,,11/2/2023 22:50,,,,21,,,,,250,1.96,517.44,,,,,,,,,,,,
40239,10.02181054v1,10,,2,1,,11/2/2023 22:50,,,,21,,,,,250,1.96,517.44,,,,,,,,,,,,
40240,10.02193047v2,10,,2,3,,10/10/2023 22:18,,,,3,,,,,30,3.18,152.64,,,,,,,,,,,,
40241,55.02192206v2,55,,114,4,,10/11/2023 14:48,,,,5,,,,,60,3,216,,,,,,,,,,,,
40241,55.02192205v2,55,,114,4,,10/11/2023 14:48,,,,5,,,,,60,3,216,,,,,,,,,,,,
40242,10.02192788v1,10,,2,1,,10/13/2023 21:52,,,,13,,,,,150,1.96,329.28,,,,,,,,,,,,
40243,10.02191122v1,10,,2,1,,10/11/2023 14:35,,,,10,,,,,120,2.23,294.36,,,,,,,,,,,,
40244,10.02185633v2,10,,2,4,,10/12/2023 19:15,,,,13,,,,,150,2.54,426.72,,,,,,,,,,,,
40245,10.02193239v1,10,,2,1,,10/11/2023 18:45,,,,59,,,,,702,1.88,1353.6,,,,,,,,,,,,
40246,10.0245786v3,10,,2,1,,10/11/2023 19:55,,,,13,,,,,145,1.96,329.28,,,,,,,,,,,,
40247,46.02194860v1,46,,113,1,,10/18/2023 18:29,,,,5,,,,,60,2.39,172.08,,,,,,,,,,,,
40248,10.02191200v3,10,,2,4,,10/20/2023 15:37,,,,60,,,,,720,2.01,1471.32,,,,,,,,,,,,
40249,10.02193104v2,10,,2,3,,10/11/2023 15:15,,,,60,,,,,720,2.01,1471.32,,,,,,,,,,,,
40250,10.02190765v1,10,,2,1,,10/11/2023 13:40,,,,46,,,,,550,1.88,1060.32,,,,,,,,,,,,
40251,10.02193454v1,10,,2,4,,10/13/2023 13:21,,,,10,,,,,120,2.83,373.56,,,,,,,,,,,,
40252,10.02193310v1,10,,2,1,,10/11/2023 14:17,,,,3,,,,,30,3.18,152.64,,,,,,,,,,,,
40253,932180251v2,93,240,120,10,45236,10/11/2023 14:33,Direct,newbusiness,15557958445,20,1.42,0,357.84,340.8,,,,,,,,,,,,,,,
40254,10.0232541v1,10,,2,3,,10/11/2023 14:45,,,,10,,,,,120,2.72,359.04,,,,,,,,,,,,
40255,10.02100040v3,10,,2,4,,10/13/2023 13:38,,,,10,,,,,120,2.83,373.56,,,,,,,,,,,,
40256,932193810v1,93,358,120,10,45233,10/12/2023 14:38,Direct,existingbusiness,15542716969,30,1.42,0,528.24,508.36,,,,,,,,,,,,,,,
40256,932193810v1,93,2,120,10,45244,10/12/2023 14:38,Direct,existingbusiness,15542716969,1,1.8,0,43.2,3.6,,,,,,,,,,,,,,,
40257,10.0222029v1,10,,2,4,,10/16/2023 17:17,,,,17,,,,,200,2.54,548.64,,,,,,,,,,,,
40257,10.0247476v1,10,,2,4,,10/16/2023 17:17,,,,9,,,,,100,2.83,339.6,,,,,,,,,,,,
40257,10.0247459v2,10,,2,4,,10/16/2023 17:17,,,,17,,,,,200,2.54,548.64,,,,,,,,,,,,
40258,10.02181682v1,10,,2,1,,10/11/2023 16:33,,,,13,,,,,151,1.96,329.28,,,,,,,,,,,,
40259,55.02193537v1,55,,114,1,,10/11/2023 17:38,,,,7,,,,,75,2.56,245.76,,,,,,,,,,,,
40259,55.02193536v1,55,,114,1,,10/11/2023 17:38,,,,7,,,,,75,2.56,245.76,,,,,,,,,,,,
40260,932193340v1,93,3200,120,10,45239,10/11/2023 19:40,Distributor,newbusiness,15522572592,267,1.11,0,3569.76,3552,,,,,,,,,,,,,,,
40261,10.03192233v1,10,,2,4,,10/11/2023 20:06,,,,3,,,,,30,3.25,156,,,,,,,,,,,,
40261,10.02190132v2,10,,2,4,,10/11/2023 20:06,,,,113,,,,,1350,2.01,2749.68,,,,,,,,,,,,
40262,55.02103044v1,55,,114,1,,10/11/2023 16:17,,,,10,,,,,120,1.96,258.72,,,,,,,,,,,,
40262,,70,,,1,45218,10/11/2023 16:17,,,,,,,,,,2.23,,28084,120,23428,51219,64,19888,132,128646,10/11/2023 16:15,10/19/2023,10,294.36
40263,55.02189213v1,55,,114,4,,10/11/2023 20:57,,,,43,,,,,510,2.71,1430.88,,,,,,,,,,,,
40263,55.02189217v1,55,,114,4,,10/11/2023 20:57,,,,43,,,,,510,2.71,1430.88,,,,,,,,,,,,
40263,55.02189209v1,55,,114,4,,10/11/2023 20:57,,,,43,,,,,510,2.71,1430.88,,,,,,,,,,,,
40264,10.03192352v1,10,,2,1,,10/12/2023 2:20,,,,42,,,,,500,1.96,1011.36,,,,,,,,,,,,
40264,10.02192337v1,10,,2,1,,10/12/2023 2:20,,,,42,,,,,500,1.96,1011.36,,,,,,,,,,,,
40265,55.02191842v2,55,,114,4,,10/11/2023 18:00,,,,7,,,,,80,3,288,,,,,,,,,,,,
40265,10.02193390v1,10,,2,4,,10/11/2023 18:00,,,,4,,,,,40,3.25,195,,,,,,,,,,,,
40266,10.02142202v1,10,,2,3,,11/6/2023 14:04,,,,24,,,,,285,2.43,729,,,,,,,,,,,,
40267,10.02183173v1,10,,2,4,,10/12/2023 18:20,,,,10,,,,,120,2.83,373.56,,,,,,,,,,,,
40268,10.02118438v1,10,,2,1,,10/13/2023 17:22,,,,11,,,,,124,2.23,321.12,,,,,,,,,,,,
40269,10.02193639v1,10,,2,4,,10/11/2023 21:29,,,,9,,,,,100,2.83,339.6,,,,,,,,,,,,
40270,10.02191055v1,10,,2,1,,10/12/2023 17:10,,,,10,,,,,120,2.23,294.36,,,,,,,,,,,,
40271,10.02183412v2,10,,2,3,,10/12/2023 4:11,,,,42,,,,,500,2.43,1253.88,,,,,,,,,,,,
40272,10.02192599v3,10,,2,1,,10/12/2023 14:41,,,,250,,,,,3000,1.6,4819.2,,,,,,,,,,,,
40272,10.02192599v2,10,,2,1,,10/12/2023 14:41,,,,417,,,,,5000,1.56,7824.96,,,,,,,,,,,,
40272,46.02192600v2,46,,113,1,,10/12/2023 14:41,,,,167,,,,,2000,1.54,3104.64,,,,,,,,,,,,
40273,10.02193509v1,10,,2,3,,10/11/2023 21:16,,,,5,,,,,60,2.85,205.2,,,,,,,,,,,,
40273,10.02193516v1,10,,2,3,,10/11/2023 21:16,,,,5,,,,,60,2.85,205.2,,,,,,,,,,,,
40273,10.02193510v1,10,,2,3,,10/11/2023 21:16,,,,5,,,,,60,2.85,205.2,,,,,,,,,,,,
40274,10.02117081v1,10,,2,4,,10/11/2023 22:10,,,,5,,,,,60,2.83,203.76,,,,,,,,,,,,
40275,10.02193605v1,10,,2,4,,10/11/2023 23:27,,,,21,,,,,250,2.54,670.56,,,,,,,,,,,,
40276,10.02188439v2,10,,2,3,,10/11/2023 23:34,,,,10,,,,,120,2.72,359.04,,,,,,,,,,,,
40277,10.02193684v1,10,,2,3,,10/11/2023 23:19,,,,100,,,,,1200,2.01,2436.12,,,,,,,,,,,,
40278,10.02193345v1,10,,2,3,,10/11/2023 21:52,,,,26,,,,,305,2.43,787.32,,,,,,,,,,,,
40279,10.02161106v2,10,,2,3,,10/11/2023 21:14,,,,15,,,,,180,2.54,487.68,,,,,,,,,,,,
40280,10.02192156v1,10,,2,3,,10/11/2023 23:20,,,,209,,,,,2500,1.72,4334.4,,,,,,,,,,,,
40281,10.02193326v1,10,,2,1,,10/12/2023 13:13,,,,17,,,,,200,1.96,423.36,,,,,,,,,,,,
40282,10.02192961v2,10,,2,1,,10/17/2023 12:47,,,,9,,,,,100,2.56,307.2,,,,,,,,,,,,
40283,10.02144339v5,10,,2,1,,10/12/2023 12:40,,,,30,,,,,360,1.96,729.12,,,,,,,,,,,,
40284,10.02192955v2,10,,2,3,,10/17/2023 16:47,,,,5,,,,,50,3.18,228.96,,,,,,,,,,,,
40285,55.02191148v2,55,,114,1,,10/16/2023 14:41,,,,7,,,,,75,2.56,245.76,,,,,,,,,,,,
40285,55.02191143v2,55,,114,1,,10/16/2023 14:41,,,,7,,,,,75,2.56,245.76,,,,,,,,,,,,
40286,55.02190201v1,55,,114,4,,10/13/2023 17:30,,,,3,,,,,30,3.42,164.16,,,,,,,,,,,,
40286,55.02190205v1,55,,114,4,,10/13/2023 17:30,,,,3,,,,,30,3.42,164.16,,,,,,,,,,,,
40287,46.02193686v1,46,,113,1,,10/12/2023 14:25,,,,40,,,,,480,1.79,880.68,,,,,,,,,,,,
40288,49.02193230v1,49,,116,3,,10/12/2023 14:57,,,,11,,,,,125,2.65,381.6,,,,,,,,,,,,
40288,49.02193229v1,49,,116,3,,10/12/2023 14:57,,,,11,,,,,125,2.65,381.6,,,,,,,,,,,,
40289,10.02188422v1,10,,2,4,,10/12/2023 14:52,,,,17,,,,,200,2.54,548.64,,,,,,,,,,,,
40289,10.02188421v1,10,,2,4,,10/12/2023 14:52,,,,17,,,,,200,2.54,548.64,,,,,,,,,,,,
40290,10.02188834v3,10,,2,3,,10/12/2023 16:15,,,,4,,,,,40,3.18,190.8,,,,,,,,,,,,
40290,10.02188834v2,10,,2,3,,10/12/2023 16:15,,,,4,,,,,40,3.18,190.8,,,,,,,,,,,,
40290,10.02194075v1,10,,2,3,,10/12/2023 16:15,,,,4,,,,,40,3.18,190.8,,,,,,,,,,,,
40291,10.02164560v1,10,,2,4,,10/20/2023 14:03,,,,100,,,,,1200,2.01,2436.12,,,,,,,,,,,,
40292,55.02193576v2,55,,114,4,,10/12/2023 20:39,,,,7,,,,,75,3,288,,,,,,,,,,,,
40294,932193836v1,93,240,120,10,45243,10/12/2023 20:54,Direct,existingbusiness,15586541105,20,1.42,0,357.84,340.8,,,,,,,,,,,,,,,
40295,10.02189602v2,10,,2,3,,10/12/2023 18:19,,,,5,,,,,60,2.85,205.2,,,,,,,,,,,,
40296,10.02160069v1,10,,2,1,,10/12/2023 19:43,,,,6,,,,,62,2.56,215.04,,,,,,,,,,,,
40297,55.02114921v1,55,,114,1,,10/12/2023 16:18,,,,3,,,,,30,2.56,122.88,,,,,,,,,,,,
40298,10.02187895v2,10,,2,4,,10/12/2023 16:08,,,,20,,,,,240,2.54,640.08,,,,,,,,,,,,
40299,10.02192947v2,10,,2,3,,10/12/2023 16:17,,,,292,,,,,3500,1.72,6047.52,,,,,,,,,,,,
40300,10.02155047v1,10,,2,1,,10/12/2023 19:10,,,,25,,,,,300,1.96,611.52,,,,,,,,,,,,
40301,10.02119857v1,10,,2,3,,10/18/2023 16:10,,,,5,,,,,60,2.85,205.2,,,,,,,,,,,,
40302,10.02123559v5,10,,2,4,,10/16/2023 21:08,,,,5,,,,,60,2.83,203.76,,,,,,,,,,,,
40303,10.02150070v1,10,,2,3,,10/12/2023 21:22,,,,21,,,,,250,2.43,641.52,,,,,,,,,,,,
40304,55.02191961v4,55,,114,3,,10/12/2023 17:12,,,,3,,,,,30,3.31,158.88,,,,,,,,,,,,
40305,46.02193507v2,46,,113,3,,10/12/2023 18:46,,,,5,,,,,60,2.85,205.2,,,,,,,,,,,,
40306,55.02170248v1,55,,114,4,,10/13/2023 13:24,,,,7,,,,,75,3,288,,,,,,,,,,,,
40307,10.02154377v1,10,,2,1,,10/12/2023 17:23,,,,46,,,,,550,1.88,1060.32,,,,,,,,,,,,
40309,55.02192804v3,55,,114,3,,10/12/2023 19:50,,,,21,,,,,250,2.56,675.84,,,,,,,,,,,,
40310,10.02174677v2,10,,2,3,,10/16/2023 19:07,,,,6,,,,,72,2.85,239.4,,,,,,,,,,,,
40310,10.02174678v2,10,,2,3,,10/16/2023 19:07,,,,6,,,,,72,2.85,239.4,,,,,,,,,,,,
40311,10.02148752v1,10,,2,3,,10/12/2023 17:33,,,,30,,,,,360,2.43,903.96,,,,,,,,,,,,
40312,10.02191378v1,10,,2,4,,10/12/2023 18:05,,,,5,,,,,60,2.83,203.76,,,,,,,,,,,,
40313,10.02192287v1,10,,2,3,,10/12/2023 20:04,,,,34,,,,,400,2.43,1020.6,,,,,,,,,,,,
40314,46.02193917v1,46,,113,3,,10/12/2023 18:53,,,,6,,,,,61,2.85,239.4,,,,,,,,,,,,
40315,10.0250953v1,10,,2,1,,10/16/2023 17:33,,,,20,,,,,240,1.96,493.92,,,,,,,,,,,,
40316,10.02137980v1,10,,2,3,,10/12/2023 20:53,,,,100,,,,,1200,2.01,2436.12,,,,,,,,,,,,
40317,10.02146843v1,10,,2,4,,10/12/2023 22:58,,,,10,,,,,120,2.83,373.56,,,,,,,,,,,,
40317,10.02144471v2,10,,2,4,,10/12/2023 22:58,,,,10,,,,,120,2.83,373.56,,,,,,,,,,,,
40319,10.02194348v2,10,,2,4,,10/18/2023 19:03,,,,10,,,,,120,2.83,373.56,,,,,,,,,,,,
40319,10.02192198v2,10,,2,4,,10/18/2023 19:03,,,,10,,,,,120,2.83,373.56,,,,,,,,,,,,
40320,10.02193972v1,10,,2,4,,10/12/2023 20:58,,,,3,,,,,30,3.25,156,,,,,,,,,,,,
40320,10.02193971v1,10,,2,4,,10/12/2023 20:58,,,,3,,,,,30,3.25,156,,,,,,,,,,,,
40321,10.02193617v1,10,,2,3,,10/12/2023 23:15,,,,67,,,,,800,2.01,1640.16,,,,,,,,,,,,
40322,10.02193219v1,10,,2,3,,10/17/2023 22:08,,,,5,,,,,60,2.85,205.2,,,,,,,,,,,,
40323,10.0241447v1,10,,2,4,,10/12/2023 22:28,,,,9,,,,,100,2.83,339.6,,,,,,,,,,,,
40324,10.02193106v2,10,,2,3,,10/12/2023 21:24,,,,34,,,,,400,2.43,1020.6,,,,,,,,,,,,
40325,10.02174960v3,10,,2,3,,10/13/2023 22:22,,,,42,,,,,500,2.43,1253.88,,,,,,,,,,,,
40326,10.02172627v1,10,,2,1,,10/13/2023 11:50,,,,6,,,,,72,2.56,215.04,,,,,,,,,,,,
40326,10.02172624v1,10,,2,1,,10/13/2023 11:50,,,,6,,,,,72,2.56,215.04,,,,,,,,,,,,
40327,10.0220391v2,10,,2,1,,10/16/2023 16:03,,,,21,,,,,250,1.96,517.44,,,,,,,,,,,,
40328,10.02193934v1,10,,2,4,,10/12/2023 22:27,,,,5,,,,,60,2.83,203.76,,,,,,,,,,,,
40329,10.02185992v1,10,,2,3,,10/12/2023 22:27,,,,3,,,,,30,3.18,152.64,,,,,,,,,,,,
40330,10.02193007v2,10,,2,4,,10/13/2023 13:50,,,,5,,,,,60,2.83,203.76,,,,,,,,,,,,
40331,10.02119507v1,10,,2,1,,10/13/2023 14:10,,,,17,,,,,200,1.96,423.36,,,,,,,,,,,,
40332,10.01193850v1,10,,2,4,,10/13/2023 16:06,,,,3,,,,,30,3.25,156,,,,,,,,,,,,
40332,10.03193851v1,10,,2,4,,10/13/2023 16:06,,,,3,,,,,30,3.25,156,,,,,,,,,,,,
40332,10.0217747v1,10,,2,4,,10/13/2023 16:06,,,,5,,,,,50,3.25,234,,,,,,,,,,,,
40333,10.02192763v1,10,,2,3,,10/13/2023 14:12,,,,84,,,,,1000,2.01,2050.2,,,,,,,,,,,,
40334,10.02187386v4,10,,2,4,,10/16/2023 10:15,,,,6,,,,,61,2.83,237.72,,,,,,,,,,,,
40334,10.02187385v3,10,,2,4,,10/16/2023 10:15,,,,6,,,,,61,2.83,237.72,,,,,,,,,,,,
40335,10.02192098v3,10,,2,1,,10/13/2023 16:02,,,,10,,,,,120,2.23,294.36,,,,,,,,,,,,
40336,55.02191653v1,55,,114,3,,10/13/2023 19:32,,,,84,,,,,1000,2.14,2182.8,,,,,,,,,,,,
40337,10.02181379v2,10,,2,1,,10/13/2023 16:13,,,,42,,,,,500,1.96,1011.36,,,,,,,,,,,,
40338,55.02120816v2,55,,114,3,,10/13/2023 15:30,,,,60,,,,,720,2.14,1566.48,,,,,,,,,,,,
40339,15.02189952v1,15,,7,3,,10/13/2023 17:13,,,,10,,,,,120,3.84,506.88,,,,,,,,,,,,
40340,10.02192658v1,10,,2,4,,10/13/2023 16:05,,,,6,,,,,70,2.83,237.72,,,,,,,,,,,,
40342,10.02182709v2,10,,2,1,,10/13/2023 19:18,,,,10,,,,,120,2.23,294.36,,,,,,,,,,,,
40343,10.02191340v2,10,,2,1,,10/16/2023 22:16,,,,20,,,,,240,1.96,493.92,,,,,,,,,,,,
40343,10.03194476v1,10,,2,1,,10/16/2023 22:16,,,,3,,,,,30,3.18,152.64,,,,,,,,,,,,
40344,55.02194095v1,55,,114,4,,10/13/2023 17:21,,,,5,,,,,60,3,216,,,,,,,,,,,,
40345,10.02128553v1,10,,2,3,,10/16/2023 14:31,,,,84,,,,,1000,2.01,2050.2,,,,,,,,,,,,
40346,15.02193474v2,15,,7,3,,10/13/2023 19:28,,,,10,,,,,120,3.84,506.88,,,,,,,,,,,,
40347,10.02145644v2,10,,2,1,,10/13/2023 18:42,,,,10,,,,,120,2.23,294.36,,,,,,,,,,,,
40348,10.02173701v1,10,,2,1,,10/13/2023 20:44,,,,10,,,,,120,2.23,294.36,,,,,,,,,,,,
40349,15.02194710v1,15,,7,3,,10/13/2023 19:32,,,,10,,,,,120,3.84,506.88,,,,,,,,,,,,
40349,15.02194712v1,15,,7,3,,10/13/2023 19:32,,,,10,,,,,120,3.84,506.88,,,,,,,,,,,,
40350,10.02174756v1,10,,2,3,,10/17/2023 18:54,,,,25,,,,,300,2.43,758.16,,,,,,,,,,,,
40351,932191268v1,93,120,120,10,45236,10/13/2023 22:58,Direct,newbusiness,15362124106,10,1.8,0,237.6,216,,,,,,,,,,,,,,,
40352,55.02189807v2,55,,114,1,,10/13/2023 20:06,,,,17,,,,,200,1.88,406.08,,,,,,,,,,,,
40353,10.02184185v1,10,,2,1,,10/17/2023 14:50,,,,22,,,,,260,1.96,540.96,,,,,,,,,,,,
40354,46.02194198v1,46,,113,1,,10/16/2023 14:33,,,,10,,,,,120,2.06,271.92,,,,,,,,,,,,
40354,46.02148281v1,46,,113,1,,10/16/2023 14:33,,,,10,,,,,120,2.06,271.92,,,,,,,,,,,,
40355,10.02193986v1,10,,2,1,,10/13/2023 21:27,,,,20,,,,,240,1.96,493.92,,,,,,,,,,,,
40356,10.02192339v1,10,,2,1,,10/16/2023 22:15,,,,17,,,,,200,1.96,423.36,,,,,,,,,,,,
40357,10.02194049v1,10,,2,4,,10/16/2023 15:29,,,,7,,,,,75,2.83,271.68,,,,,,,,,,,,
40357,10.02194050v1,10,,2,4,,10/16/2023 15:29,,,,7,,,,,75,2.83,271.68,,,,,,,,,,,,
40358,10.02194206v1,10,,2,1,,10/16/2023 16:50,,,,5,,,,,60,2.56,184.32,,,,,,,,,,,,
40358,10.02194195v1,10,,2,1,,10/16/2023 16:50,,,,5,,,,,60,2.56,184.32,,,,,,,,,,,,
40358,10.02194190v1,10,,2,1,,10/16/2023 16:50,,,,5,,,,,60,2.56,184.32,,,,,,,,,,,,
40358,10.02194189v1,10,,2,1,,10/16/2023 16:50,,,,5,,,,,60,2.56,184.32,,,,,,,,,,,,
40358,10.02194207v1,10,,2,1,,10/16/2023 16:50,,,,5,,,,,60,2.56,184.32,,,,,,,,,,,,
40359,10.02193440v1,10,,2,3,,10/16/2023 16:55,,,,3,,,,,36,3.18,152.64,,,,,,,,,,,,
40361,55.02193558v1,55,,114,4,,10/13/2023 22:41,,,,7,,,,,75,3,288,,,,,,,,,,,,
40362,10.02194011v1,10,,2,1,,10/16/2023 17:00,,,,50,,,,,600,1.88,1150.56,,,,,,,,,,,,
40363,46.02151960v1,46,,113,1,,10/13/2023 22:23,,,,5,,,,,60,2.39,172.08,,,,,,,,,,,,
40365,55.02194167v1,55,,114,4,,10/13/2023 23:57,,,,9,,,,,100,3,360,,,,,,,,,,,,
40366,10.04190792v1,10,,2,3,,10/16/2023 18:29,,,,3,,,,,30,3.18,152.64,,,,,,,,,,,,
40367,17.02121130v2,17,,9,4,,10/20/2023 20:12,,,,9,,,,,100,2.83,339.6,,,,,,,,,,,,
40367,17.02121135v2,17,,9,4,,10/20/2023 20:12,,,,9,,,,,100,2.83,339.6,,,,,,,,,,,,
40367,17.02121138v2,17,,9,4,,10/20/2023 20:12,,,,17,,,,,200,2.54,548.64,,,,,,,,,,,,
40368,10.02192547v3,10,,2,3,,10/16/2023 16:17,,,,3,,,,,30,3.18,152.64,,,,,,,,,,,,
40369,10.02194285v2,10,,2,1,,10/16/2023 22:17,,,,15,,,,,175,1.96,376.32,,,,,,,,,,,,
40370,10.0288146v1,10,,2,4,,10/16/2023 20:46,,,,9,,,,,100,2.83,339.6,,,,,,,,,,,,
40371,10.02115623v2,10,,2,3,,10/18/2023 21:14,,,,13,,,,,150,2.54,426.72,,,,,,,,,,,,
40372,10.02192410v1,10,,2,4,,10/16/2023 16:32,,,,10,,,,,120,2.83,373.56,,,,,,,,,,,,
40373,55.02193514v1,55,,114,1,,10/16/2023 22:12,,,,3,,,,,30,2.56,122.88,,,,,,,,,,,,
40374,10.02191322v2,10,,2,1,,10/16/2023 16:19,,,,21,,,,,250,1.96,517.44,,,,,,,,,,,,
40375,932169613v2,93,1200,120,10,45239,10/16/2023 19:19,Direct,existingbusiness,15653587310,100,1.2,0,1454.4,1440,,,,,,,,,,,,,,,
40376,932194417v1,93,300,120,10,45238,10/16/2023 22:07,Direct,existingbusiness,15653474326,25,1.42,0,443.04,426,,,,,,,,,,,,,,,
40377,10.02130341v1,10,,2,3,,10/18/2023 17:28,,,,13,,,,,150,2.54,426.72,,,,,,,,,,,,
40378,10.02193538v3,10,,2,4,,10/16/2023 17:16,,,,10,,,,,120,2.83,373.56,,,,,,,,,,,,
40379,10.02182724v1,10,,2,3,,10/17/2023 14:36,,,,13,,,,,150,2.54,426.72,,,,,,,,,,,,
40380,10.02192255v1,10,,2,4,,10/16/2023 17:54,,,,100,,,,,1200,2.01,2436.12,,,,,,,,,,,,
40381,10.02157893v1,10,,2,1,,10/16/2023 18:08,,,,9,,,,,100,2.56,307.2,,,,,,,,,,,,
40382,10.02193067v2,10,,2,3,,10/16/2023 18:07,,,,5,,,,,60,2.85,205.2,,,,,,,,,,,,
40383,10.02194128v1,10,,2,1,,10/16/2023 20:48,,,,38,,,,,450,1.96,917.28,,,,,,,,,,,,
40384,10.02192603v1,10,,2,1,,10/16/2023 21:34,,,,11,,,,,125,2.23,321.12,,,,,,,,,,,,
40385,10.02194215v1,10,,2,1,,10/16/2023 19:36,,,,42,,,,,502,1.96,1011.36,,,,,,,,,,,,
40386,10.02194471v1,10,,2,1,,10/16/2023 19:30,,,,13,,,,,150,1.96,329.28,,,,,,,,,,,,
40387,10.02188315v1,10,,2,1,,10/16/2023 22:32,,,,10,,,,,120,2.23,294.36,,,,,,,,,,,,
40387,55.02194478v1,55,,114,1,,10/16/2023 22:32,,,,13,,,,,150,1.88,315.84,,,,,,,,,,,,
40388,10.02194257v1,10,,2,4,,10/16/2023 20:47,,,,3,,,,,30,3.25,156,,,,,,,,,,,,
40389,10.02189330v1,10,,2,1,,10/16/2023 20:26,,,,13,,,,,149,1.96,329.28,,,,,,,,,,,,
40390,11.02194186v1,11,,3,4,,10/16/2023 20:35,,,,5,,,,,60,2.83,203.76,,,,,,,,,,,,
40391,10.0233994v1,10,,2,4,,10/17/2023 12:16,,,,5,,,,,60,2.83,203.76,,,,,,,,,,,,
40393,932194498v1,93,120,120,10,45238,10/16/2023 22:07,Distributor,existingbusiness,15653404804,10,1.8,0,237.6,216,,,,,,,,,,,,,,,
40394,10.02164094v2,10,,2,4,,10/17/2023 15:37,,,,5,,,,,60,2.83,203.76,,,,,,,,,,,,
40395,10.02194468v2,10,,2,4,,10/16/2023 22:35,,,,5,,,,,60,2.83,203.76,,,,,,,,,,,,
40395,10.02194467v2,10,,2,4,,10/16/2023 22:35,,,,5,,,,,60,2.83,203.76,,,,,,,,,,,,
40396,10.02194528v1,10,,2,3,,10/17/2023 21:24,,,,5,,,,,50,3.18,228.96,,,,,,,,,,,,
40396,10.02194524v1,10,,2,3,,10/17/2023 21:24,,,,5,,,,,50,3.18,228.96,,,,,,,,,,,,
40396,10.02194525v1,10,,2,3,,10/17/2023 21:24,,,,5,,,,,51,3.18,228.96,,,,,,,,,,,,
40396,10.02194526v1,10,,2,3,,10/17/2023 21:24,,,,5,,,,,51,3.18,228.96,,,,,,,,,,,,
40396,10.02194527v1,10,,2,3,,10/17/2023 21:24,,,,5,,,,,50,3.18,228.96,,,,,,,,,,,,
40397,10.02192855v3,10,,2,1,,10/17/2023 14:47,,,,10,,,,,120,2.23,294.36,,,,,,,,,,,,
40398,10.02185756v3,10,,2,4,,10/18/2023 17:46,,,,21,,,,,250,2.54,670.56,,,,,,,,,,,,
40400,10.04194585v1,10,,2,3,,10/16/2023 23:08,,,,5,,,,,60,2.85,205.2,,,,,,,,,,,,
40401,49.02189403v1,49,,116,3,,10/17/2023 15:31,,,,25,,,,,300,2.36,736.32,,,,,,,,,,,,
40403,10.02118438v1,10,,2,3,,10/19/2023 13:57,,,,9,,,,,103,2.85,342,,,,,,,,,,,,
40404,10.02171761v1,10,,2,1,,10/18/2023 19:08,,,,125,,,,,1500,1.71,2585.52,,,,,,,,,,,,
40404,10.02171765v1,10,,2,1,,10/18/2023 19:08,,,,125,,,,,1500,1.71,2585.52,,,,,,,,,,,,
40405,10.02193349v3,10,,2,3,,10/17/2023 15:08,,,,20,,,,,240,2.43,612.36,,,,,,,,,,,,
40408,10.02186326v1,10,,2,3,,10/17/2023 15:09,,,,3,,,,,30,3.18,152.64,,,,,,,,,,,,
40409,10.02144411v3,10,,2,1,,10/17/2023 15:18,,,,84,,,,,1000,1.79,1825.8,,,,,,,,,,,,
40410,10.0265487v1,10,,2,1,,10/17/2023 15:57,,,,5,,,,,60,2.56,184.32,,,,,,,,,,,,
40411,10.02194481v2,10,,2,1,,10/17/2023 15:29,,,,21,,,,,250,1.96,517.44,,,,,,,,,,,,
40412,10.029026v1,10,,2,1,,10/17/2023 15:56,,,,14,,,,,160,1.96,352.8,,,,,,,,,,,,
40413,10.02194423v1,10,,2,4,,10/17/2023 16:11,,,,10,,,,,120,2.83,373.56,,,,,,,,,,,,
40414,10.02117314v4,10,,2,4,,10/17/2023 16:28,,,,25,,,,,300,2.54,792.48,,,,,,,,,,,,
40415,10.02145863v1,10,,2,1,,10/25/2023 23:20,,,,21,,,,,250,1.96,517.44,,,,,,,,,,,,
40416,10.02194173v2,10,,2,4,,10/17/2023 16:03,,,,17,,,,,200,2.54,548.64,,,,,,,,,,,,
40417,55.02194435v1,55,,114,1,,10/17/2023 16:38,,,,18,,,,,215,1.88,428.64,,,,,,,,,,,,
40418,55.02194435v1,55,,114,1,,10/17/2023 16:46,,,,3,,,,,25,2.56,122.88,,,,,,,,,,,,
40419,10.02191940v1,10,,2,3,,10/17/2023 16:32,,,,63,,,,,750,2.01,1543.68,,,,,,,,,,,,
40420,10.02108840v3,10,,2,1,,10/17/2023 17:15,,,,10,,,,,120,2.23,294.36,,,,,,,,,,,,
40420,10.02108840v5,10,,2,1,,10/17/2023 17:15,,,,10,,,,,120,2.23,294.36,,,,,,,,,,,,
40421,55.02179447v1,55,,114,1,,10/17/2023 20:18,,,,13,,,,,150,1.88,315.84,,,,,,,,,,,,
40421,,70,,,1,45223,10/17/2023 20:18,,,,,,,,,,2.23,,30075,120,23642,51659,73,20061,132,123968,10/17/2023 20:15,10/24/2023,10,294.36
40422,10.02194667v2,10,,2,3,,10/17/2023 17:33,,,,3,,,,,36,3.18,152.64,,,,,,,,,,,,
40422,10.02194666v1,10,,2,3,,10/17/2023 17:33,,,,3,,,,,36,3.18,152.64,,,,,,,,,,,,
40422,10.02194667v3,10,,2,3,,10/17/2023 17:33,,,,3,,,,,36,3.18,152.64,,,,,,,,,,,,
40422,10.02194666v3,10,,2,3,,10/17/2023 17:33,,,,3,,,,,36,3.18,152.64,,,,,,,,,,,,
40422,10.02194667v1,10,,2,3,,10/17/2023 17:33,,,,3,,,,,36,3.18,152.64,,,,,,,,,,,,
40422,10.02194666v2,10,,2,3,,10/17/2023 17:33,,,,3,,,,,36,3.18,152.64,,,,,,,,,,,,
40423,10.02183835v2,10,,2,1,,10/19/2023 16:29,,,,12,,,,,140,1.96,305.76,,,,,,,,,,,,
40424,10.02110822v1,10,,2,1,,10/25/2023 20:39,,,,10,,,,,120,2.23,294.36,,,,,,,,,,,,
40425,10.0283167v2,10,,2,3,,10/17/2023 17:40,,,,40,,,,,480,2.43,1195.56,,,,,,,,,,,,
40426,10.0289865v1,10,,2,4,,10/17/2023 20:18,,,,13,,,,,150,2.54,426.72,,,,,,,,,,,,
40427,10.02192891v1,10,,2,3,,10/17/2023 17:56,,,,5,,,,,60,2.85,205.2,,,,,,,,,,,,
40427,10.02192892v1,10,,2,3,,10/17/2023 17:56,,,,5,,,,,60,2.85,205.2,,,,,,,,,,,,
40428,10.02193899v2,10,,2,1,,10/17/2023 18:26,,,,6,,,,,65,2.56,215.04,,,,,,,,,,,,
40429,10.02122289v2,10,,2,1,,10/19/2023 15:19,,,,10,,,,,120,2.23,294.36,,,,,,,,,,,,
40430,55.02138943v3,55,,114,1,,10/18/2023 17:27,,,,10,,,,,120,1.96,258.72,,,,,,,,,,,,
40431,10.02194453v2,10,,2,4,,10/17/2023 20:13,,,,5,,,,,60,2.83,203.76,,,,,,,,,,,,
40432,10.02194769v1,10,,2,1,,10/19/2023 14:58,,,,18,,,,,205,1.96,446.88,,,,,,,,,,,,
40433,55.02191117v1,55,,114,1,,10/19/2023 15:24,,,,5,,,,,60,2.56,184.32,,,,,,,,,,,,
40434,10.0231292v2,10,,2,3,,10/17/2023 20:34,,,,125,,,,,1500,2.01,3039.12,,,,,,,,,,,,
40435,10.02135372v2,10,,2,1,,10/17/2023 19:52,,,,5,,,,,60,2.56,184.32,,,,,,,,,,,,
40436,10.02143514v2,10,,2,4,,10/17/2023 20:56,,,,10,,,,,120,2.83,373.56,,,,,,,,,,,,
40437,10.02194121v1,10,,2,4,,10/17/2023 22:46,,,,20,,,,,240,2.54,640.08,,,,,,,,,,,,
40438,12.02189165v1,12,,4,3,,10/18/2023 15:54,,,,17,,,,,200,2.29,494.64,,,,,,,,,,,,
40440,10.02192451v4,10,,2,1,,10/18/2023 14:10,,,,25,,,,,300,1.96,611.52,,,,,,,,,,,,
40441,55.02194233v2,55,,114,1,,10/17/2023 21:54,,,,11,,,,,130,1.96,282.24,,,,,,,,,,,,
40441,55.02194232v2,55,,114,3,,10/17/2023 21:54,,,,10,,,,,120,2.85,376.2,,,,,,,,,,,,
40441,55.02194232v2,55,,114,1,,10/17/2023 21:54,,,,11,,,,,130,1.96,282.24,,,,,,,,,,,,
40441,55.02194231v1,55,,114,1,,10/17/2023 21:54,,,,11,,,,,130,1.96,282.24,,,,,,,,,,,,
40441,55.02194231v1,55,,114,3,,10/17/2023 21:54,,,,10,,,,,120,2.85,376.2,,,,,,,,,,,,
40441,55.02194233v2,55,,114,3,,10/17/2023 21:54,,,,10,,,,,120,2.85,376.2,,,,,,,,,,,,
40442,55.02107184v1,55,,114,3,,10/17/2023 21:35,,,,20,,,,,240,2.56,645.12,,,,,,,,,,,,
40443,10.02169362v1,10,,2,1,,10/18/2023 14:28,,,,84,,,,,1005,1.79,1825.8,,,,,,,,,,,,
40445,10.0278252v1,10,,2,1,,10/17/2023 22:50,,,,9,,,,,100,2.56,307.2,,,,,,,,,,,,
40448,10.0219084v1,10,,2,1,,10/19/2023 18:56,,,,10,,,,,120,2.23,294.36,,,,,,,,,,,,
40449,10.02107672v1,10,,2,1,,10/17/2023 23:09,,,,21,,,,,250,1.96,517.44,,,,,,,,,,,,
40449,10.02107667v1,10,,2,1,,10/17/2023 23:09,,,,17,,,,,200,1.96,423.36,,,,,,,,,,,,
40450,,70,,,3,45224,10/19/2023 21:28,,,,,,,,,,2.72,,29623,125,23742,51864,64,20143,144,129093,10/19/2023 21:23,10/25/2023,11,391.68
40451,10.02192508v1,10,,2,4,,10/18/2023 16:42,,,,3,,,,,30,3.25,156,,,,,,,,,,,,
40452,10.02113675v1,10,,2,3,,10/19/2023 14:45,,,,84,,,,,1000,2.01,2050.2,,,,,,,,,,,,
40453,10.02156696v3,10,,2,4,,10/19/2023 18:22,,,,5,,,,,60,2.83,203.76,,,,,,,,,,,,
40454,55.02194921v1,55,,114,1,,10/19/2023 21:29,,,,84,,,,,1001,1.71,1744.2,,,,,,,,,,,,
40455,15.02190429v1,15,,7,3,,10/20/2023 17:34,,,,10,,,,,120,3.84,506.88,,,,,,,,,,,,
40456,55.02194286v1,55,,114,1,,10/18/2023 15:19,,,,3,,,,,30,2.56,122.88,,,,,,,,,,,,
40456,55.02194287v1,55,,114,1,,10/18/2023 15:19,,,,3,,,,,30,2.56,122.88,,,,,,,,,,,,
40457,10.02194635v1,10,,2,4,,10/18/2023 17:04,,,,13,,,,,150,2.54,426.72,,,,,,,,,,,,
40458,10.02192937v1,10,,2,4,,10/18/2023 17:36,,,,17,,,,,200,2.54,548.64,,,,,,,,,,,,
40459,10.02173337v5,10,,2,3,,10/19/2023 14:51,,,,6,,,,,62,2.85,239.4,,,,,,,,,,,,
40461,17.02194966v3,17,,9,3,,10/18/2023 16:57,,,,167,,,,,2000,2.01,4052.16,,,,,,,,,,,,
40463,10.02149412v1,10,,2,4,,10/18/2023 18:48,,,,14,,,,,160,2.54,457.2,,,,,,,,,,,,
40463,10.02184243v1,10,,2,4,,10/18/2023 18:48,,,,5,,,,,52,3.25,234,,,,,,,,,,,,
40464,10.02181691v1,10,,2,1,,10/18/2023 19:44,,,,9,,,,,100,2.56,307.2,,,,,,,,,,,,
40465,10.02194507v1,10,,2,4,,10/23/2023 15:21,,,,5,,,,,54,3.25,234,,,,,,,,,,,,
40466,10.0255155v1,10,,2,4,,10/18/2023 17:51,,,,20,,,,,240,2.54,640.08,,,,,,,,,,,,
40468,10.02193290v2,10,,2,4,,10/18/2023 20:31,,,,10,,,,,120,2.83,373.56,,,,,,,,,,,,
40469,10.0243472v1,10,,2,4,,10/18/2023 18:38,,,,5,,,,,60,2.83,203.76,,,,,,,,,,,,
40470,10.02195037v1,10,,2,1,,10/19/2023 20:57,,,,17,,,,,200,1.96,423.36,,,,,,,,,,,,
40471,10.02173219v3,10,,2,1,,10/18/2023 20:42,,,,21,,,,,250,1.96,517.44,,,,,,,,,,,,
40473,10.02160197v1,10,,2,4,,10/18/2023 21:31,,,,5,,,,,60,2.83,203.76,,,,,,,,,,,,
40474,10.02184753v1,10,,2,4,,10/18/2023 20:30,,,,13,,,,,150,2.54,426.72,,,,,,,,,,,,
40475,10.04193877v1,10,,2,1,,10/19/2023 15:19,,,,17,,,,,200,1.96,423.36,,,,,,,,,,,,
40475,10.0261730v4,10,,2,1,,10/19/2023 15:19,,,,67,,,,,800,1.79,1460.64,,,,,,,,,,,,
40476,10.02194749v1,10,,2,1,,10/18/2023 22:04,,,,59,,,,,700,1.88,1353.6,,,,,,,,,,,,
40477,932195151v1,93,120,120,10,45239,10/18/2023 21:29,Direct,newbusiness,15671466496,10,1.8,0,237.6,216,,,,,,,,,,,,,,,
40478,55.02194815v1,55,,114,1,,10/19/2023 14:12,,,,10,,,,,120,1.96,258.72,,,,,,,,,,,,
40479,10.02192184v1,10,,2,3,,10/20/2023 21:09,,,,5,,,,,60,2.85,205.2,,,,,,,,,,,,
40481,10.02195042v1,10,,2,4,,10/18/2023 22:28,,,,25,,,,,300,2.54,792.48,,,,,,,,,,,,
40482,10.02186774v1,10,,2,1,,10/19/2023 18:00,,,,10,,,,,120,2.23,294.36,,,,,,,,,,,,
40483,10.02123404v2,10,,2,3,,10/24/2023 15:45,,,,5,,,,,60,2.85,205.2,,,,,,,,,,,,
40484,10.0290124v3,10,,2,1,,10/18/2023 23:50,,,,9,,,,,100,2.56,307.2,,,,,,,,,,,,
40485,10.02157775v1,10,,2,1,,10/19/2023 12:30,,,,17,,,,,200,1.96,423.36,,,,,,,,,,,,
40487,10.02179511v2,10,,2,3,,10/19/2023 13:19,,,,10,,,,,120,2.72,359.04,,,,,,,,,,,,
40488,10.02178697v4,10,,2,3,,10/19/2023 15:46,,,,20,,,,,240,2.43,612.36,,,,,,,,,,,,
40489,49.02194439v4,49,,116,3,,10/17/2023 14:59,,,,20,,,,,240,2.36,594.72,,,,,,,,,,,,
40490,55.02159184v2,55,,114,1,,10/20/2023 15:54,,,,17,,,,,200,1.88,406.08,,,,,,,,,,,,
40490,10.02159180v2,10,,2,1,,10/20/2023 15:54,,,,17,,,,,200,1.96,423.36,,,,,,,,,,,,
40491,10.02192706v1,10,,2,1,,10/19/2023 14:54,,,,9,,,,,101,2.56,307.2,,,,,,,,,,,,
40492,55.02189588v2,55,,114,3,,10/19/2023 17:22,,,,25,,,,,300,2.56,798.72,,,,,,,,,,,,
40493,10.02195191v1,10,,2,3,,10/19/2023 21:01,,,,44,,,,,525,2.43,1312.2,,,,,,,,,,,,
40494,10.03195255v2,10,,2,1,,10/19/2023 17:14,,,,17,,,,,200,1.96,423.36,,,,,,,,,,,,
40494,10.01195252v2,10,,2,1,,10/19/2023 17:14,,,,9,,,,,100,2.56,307.2,,,,,,,,,,,,
40495,10.02195050v1,10,,2,4,,10/20/2023 17:37,,,,7,,,,,78,2.83,271.68,,,,,,,,,,,,
40496,10.02193377v1,10,,2,1,,10/19/2023 17:06,,,,10,,,,,120,2.23,294.36,,,,,,,,,,,,
40497,55.02194384v1,55,,114,1,,10/19/2023 19:03,,,,21,,,,,250,1.88,496.32,,,,,,,,,,,,
40498,10.02194727v1,10,,2,1,,10/19/2023 17:02,,,,5,,,,,60,2.56,184.32,,,,,,,,,,,,
40498,10.02194726v1,10,,2,1,,10/19/2023 17:02,,,,5,,,,,60,2.56,184.32,,,,,,,,,,,,
40499,10.02186295v3,10,,2,3,,10/19/2023 19:58,,,,30,,,,,350,2.43,903.96,,,,,,,,,,,,
40500,932194696v1,93,140,120,10,45239,10/19/2023 21:04,Direct,newbusiness,15587270688,12,1.8,0,280.8,252,,,,,,,,,,,,,,,
40501,10.0293905v2,10,,2,3,,10/19/2023 17:54,,,,5,,,,,60,2.85,205.2,,,,,,,,,,,,
40502,55.02194116v2,55,,114,4,,10/19/2023 20:29,,,,3,,,,,30,3.42,164.16,,,,,,,,,,,,
40503,10.02134887v2,10,,2,1,,10/19/2023 18:51,,,,10,,,,,120,2.23,294.36,,,,,,,,,,,,
40504,10.02135709v1,10,,2,3,,10/19/2023 18:57,,,,33,,,,,395,2.43,991.44,,,,,,,,,,,,
40505,10.02134881v4,10,,2,1,,10/19/2023 21:00,,,,5,,,,,60,2.56,184.32,,,,,,,,,,,,
40506,10.02195018v1,10,,2,1,,10/19/2023 22:46,,,,21,,,,,250,1.96,517.44,,,,,,,,,,,,
40507,15.02195022v1,15,,7,3,,10/19/2023 19:14,,,,15,,,,,180,3.66,702.72,,,,,,,,,,,,
40508,10.02192633v2,10,,2,4,,10/19/2023 20:24,,,,101,,,,,1210,2.01,2460.24,,,,,,,,,,,,
40509,55.02170417v1,55,,114,3,,10/20/2023 14:49,,,,21,,,,,250,2.56,675.84,,,,,,,,,,,,
40509,55.02170418v1,55,,114,3,,10/20/2023 14:49,,,,21,,,,,250,2.56,675.84,,,,,,,,,,,,
40510,10.0225335v3,10,,2,3,,10/19/2023 22:55,,,,7,,,,,75,2.85,273.6,,,,,,,,,,,,
40511,10.02194781v1,10,,2,4,,10/19/2023 20:38,,,,3,,,,,30,3.25,156,,,,,,,,,,,,
40513,55.02185436v2,55,,114,3,,10/19/2023 22:57,,,,45,,,,,535,2.56,1413.12,,,,,,,,,,,,
40513,10.02185437v5,10,,2,3,,10/19/2023 22:57,,,,42,,,,,500,2.43,1253.88,,,,,,,,,,,,
40514,10.02194203v1,10,,2,4,,10/20/2023 15:47,,,,67,,,,,802,2.01,1640.16,,,,,,,,,,,,
40515,10.02180003v1,10,,2,3,,10/19/2023 22:55,,,,4,,,,,45,3.18,190.8,,,,,,,,,,,,
40516,10.02195581v2,10,,2,1,,10/20/2023 19:02,,,,84,,,,,1000,1.79,1825.8,,,,,,,,,,,,
40517,10.02195572v2,10,,2,4,,10/20/2023 15:11,,,,84,,,,,1000,2.01,2050.2,,,,,,,,,,,,
40518,17.02109148v4,17,,9,1,,10/25/2023 19:43,,,,10,,,,,120,2.23,294.36,,,,,,,,,,,,
40518,17.02109148v5,17,,9,1,,10/25/2023 19:43,,,,10,,,,,120,2.23,294.36,,,,,,,,,,,,
40518,17.02109148v1,17,,9,1,,10/25/2023 19:43,,,,10,,,,,120,2.23,294.36,,,,,,,,,,,,
40519,10.02195534v1,10,,2,3,,10/20/2023 18:04,,,,5,,,,,60,2.85,205.2,,,,,,,,,,,,
40519,10.02195535v1,10,,2,3,,10/20/2023 18:04,,,,5,,,,,60,2.85,205.2,,,,,,,,,,,,
40520,10.02193550v1,10,,2,1,,10/23/2023 14:31,,,,42,,,,,500,1.96,1011.36,,,,,,,,,,,,
40521,932153848v7,93,200,120,10,45240,10/20/2023 20:50,Distributor,existingbusiness,15671449939,17,1.8,0,388.8,360,,,,,,,,,,,,,,,
40522,932195618v1,93,120,120,10,45243,10/19/2023 23:04,Direct,newbusiness,15596851563,10,1.8,0,237.6,216,,,,,,,,,,,,,,,
40523,10.02195568v1,10,,2,1,,10/19/2023 23:40,,,,44,,,,,525,1.96,1058.4,,,,,,,,,,,,
40524,10.02195750v1,10,,2,4,,10/24/2023 15:00,,,,10,,,,,120,2.83,373.56,,,,,,,,,,,,
40525,10.02195590v1,10,,2,4,,10/20/2023 14:11,,,,3,,,,,30,3.25,156,,,,,,,,,,,,
40526,10.02178119v4,10,,2,3,,10/20/2023 21:21,,,,10,,,,,120,2.72,359.04,,,,,,,,,,,,
40527,10.02190900v1,10,,2,4,,10/20/2023 13:41,,,,5,,,,,60,2.83,203.76,,,,,,,,,,,,
40527,10.02190899v1,10,,2,4,,10/20/2023 13:41,,,,5,,,,,60,2.83,203.76,,,,,,,,,,,,
40528,10.02178120v4,10,,2,3,,10/20/2023 21:23,,,,10,,,,,120,2.72,359.04,,,,,,,,,,,,
40529,10.0271360v2,10,,2,4,,10/23/2023 21:56,,,,16,,,,,185,2.54,518.16,,,,,,,,,,,,
40530,10.02193787v1,10,,2,1,,10/20/2023 18:48,,,,21,,,,,250,1.96,517.44,,,,,,,,,,,,
40531,55.02192272v1,55,,114,4,,10/23/2023 16:31,,,,11,,,,,130,3,432,,,,,,,,,,,,
40532,46.02195706v1,46,,113,1,,10/20/2023 16:06,,,,5,,,,,60,2.39,172.08,,,,,,,,,,,,
40533,10.02190700v2,10,,2,3,,10/23/2023 14:57,,,,9,,,,,100,2.85,342,,,,,,,,,,,,
40534,55.02194699v1,55,,114,1,,10/20/2023 16:10,,,,17,,,,,200,1.88,406.08,,,,,,,,,,,,
40536,55.02191867v1,55,,114,4,,10/20/2023 18:18,,,,11,,,,,125,3,432,,,,,,,,,,,,
40536,55.02191865v1,55,,114,4,,10/20/2023 18:18,,,,11,,,,,125,3,432,,,,,,,,,,,,
40537,10.0255097v1,10,,2,3,,10/20/2023 19:59,,,,3,,,,,30,3.18,152.64,,,,,,,,,,,,
40538,55.02189920v1,55,,114,4,,10/20/2023 17:43,,,,2,,,,,15,3.42,123.12,,,,,,,,,,,,
40538,55.02189921v2,55,,114,4,,10/20/2023 17:43,,,,2,,,,,15,3.42,123.12,,,,,,,,,,,,
40539,55.02189920v1,55,,114,4,,10/20/2023 17:43,,,,2,,,,,15,3.42,123.12,,,,,,,,,,,,
40539,55.02189921v2,55,,114,4,,10/20/2023 17:43,,,,2,,,,,15,3.42,123.12,,,,,,,,,,,,
40540,10.0278256v1,10,,2,1,,10/20/2023 19:59,,,,9,,,,,100,2.56,307.2,,,,,,,,,,,,
40541,46.0289935v1,46,,113,3,,10/20/2023 18:34,,,,14,,,,,160,2.54,457.2,,,,,,,,,,,,
40542,12.02150987v1,12,,4,3,,10/20/2023 22:13,,,,5,,,,,60,2.6,187.2,,,,,,,,,,,,
40543,10.02194908v1,10,,2,3,,10/24/2023 15:15,,,,5,,,,,60,2.85,205.2,,,,,,,,,,,,
40544,10.02188096v1,10,,2,1,,10/23/2023 16:26,,,,30,,,,,360,1.96,729.12,,,,,,,,,,,,
40545,12.02151341v1,12,,4,3,,10/20/2023 22:18,,,,5,,,,,60,2.6,187.2,,,,,,,,,,,,
40546,10.02189719v2,10,,2,1,,10/20/2023 18:29,,,,10,,,,,120,2.23,294.36,,,,,,,,,,,,
40547,10.027128v2,10,,2,3,,10/23/2023 23:08,,,,3,,,,,30,3.18,152.64,,,,,,,,,,,,
40548,10.02195799v1,10,,2,1,,10/20/2023 18:34,,,,10,,,,,120,2.23,294.36,,,,,,,,,,,,
40550,10.02161822v1,10,,2,1,,10/20/2023 20:24,,,,10,,,,,120,2.23,294.36,,,,,,,,,,,,
40551,10.02195700v1,10,,2,4,,10/20/2023 19:59,,,,3,,,,,30,3.25,156,,,,,,,,,,,,
40553,10.02111244v1,10,,2,1,,10/20/2023 20:51,,,,13,,,,,150,1.96,329.28,,,,,,,,,,,,
40554,10.02192510v3,10,,2,3,,10/20/2023 20:46,,,,300,,,,,3600,1.72,6212.64,,,,,,,,,,,,
40555,46.02189378v4,46,,113,1,,10/24/2023 13:02,,,,21,,,,,250,1.79,472.56,,,,,,,,,,,,
40556,10.02192312v1,10,,2,3,,10/20/2023 21:06,,,,84,,,,,1000,2.01,2050.2,,,,,,,,,,,,
40557,10.02173874v1,10,,2,3,,10/25/2023 15:51,,,,21,,,,,250,2.43,641.52,,,,,,,,,,,,
40558,10.02183293v1,10,,2,4,,10/23/2023 14:30,,,,5,,,,,60,2.83,203.76,,,,,,,,,,,,
40560,10.03195868v1,10,,2,4,,10/23/2023 19:01,,,,17,,,,,200,2.54,548.64,,,,,,,,,,,,
40560,10.01195866v1,10,,2,4,,10/23/2023 19:01,,,,9,,,,,100,2.83,339.6,,,,,,,,,,,,
40561,55.02195886v1,55,,114,4,,10/23/2023 15:21,,,,10,,,,,120,3,396,,,,,,,,,,,,
40562,10.02194132v1,10,,2,3,,10/25/2023 14:05,,,,42,,,,,500,2.43,1253.88,,,,,,,,,,,,
40563,10.02195869v1,10,,2,1,,10/22/2023 19:43,,,,30,,,,,360,1.96,729.12,,,,,,,,,,,,
40563,10.02195864v1,10,,2,1,,10/22/2023 19:43,,,,30,,,,,360,1.96,729.12,,,,,,,,,,,,
40563,10.02195867v1,10,,2,1,,10/22/2023 19:43,,,,30,,,,,360,1.96,729.12,,,,,,,,,,,,
40564,17.02178321v2,17,,9,1,,10/23/2023 15:48,,,,25,,,,,300,1.96,611.52,,,,,,,,,,,,
40565,10.02194857v1,10,,2,1,,11/3/2023 22:33,,,,21,,,,,250,1.96,517.44,,,,,,,,,,,,
40566,55.02195938v1,55,,114,4,,10/23/2023 17:00,,,,5,,,,,60,3,216,,,,,,,,,,,,
40567,10.02194153v3,10,,2,1,,10/23/2023 14:28,,,,10,,,,,120,2.23,294.36,,,,,,,,,,,,
40567,10.02194153v2,10,,2,1,,10/23/2023 14:28,,,,10,,,,,120,2.23,294.36,,,,,,,,,,,,
40568,10.02106959v2,10,,2,4,,10/23/2023 17:39,,,,17,,,,,200,2.54,548.64,,,,,,,,,,,,
40569,10.02186504v2,10,,2,4,,10/23/2023 19:01,,,,10,,,,,120,2.83,373.56,,,,,,,,,,,,
40570,10.02195385v2,10,,2,1,,10/23/2023 15:33,,,,22,,,,,260,1.96,540.96,,,,,,,,,,,,
40571,10.02187527v1,10,,2,4,,10/23/2023 17:13,,,,10,,,,,120,2.83,373.56,,,,,,,,,,,,
40572,10.02195458v1,10,,2,4,,10/23/2023 16:27,,,,10,,,,,120,2.83,373.56,,,,,,,,,,,,
40572,10.02195456v1,10,,2,4,,10/23/2023 16:27,,,,10,,,,,120,2.83,373.56,,,,,,,,,,,,
40573,10.02135810v5,10,,2,1,,10/23/2023 18:32,,,,10,,,,,120,2.23,294.36,,,,,,,,,,,,
40574,10.02194896v1,10,,2,1,,10/23/2023 17:48,,,,30,,,,,360,1.96,729.12,,,,,,,,,,,,
40575,10.02194154v1,10,,2,4,,10/23/2023 16:20,,,,10,,,,,120,2.83,373.56,,,,,,,,,,,,
40576,10.02178051v1,10,,2,3,,10/24/2023 15:03,,,,20,,,,,240,2.43,612.36,,,,,,,,,,,,
40577,10.02196980v1,10,,2,1,,10/26/2023 15:47,,,,10,,,,,120,2.23,294.36,,,,,,,,,,,,
40578,10.02193294v1,10,,2,4,,10/23/2023 17:05,,,,10,,,,,120,2.83,373.56,,,,,,,,,,,,
40579,55.02194510v3,55,,114,4,,10/23/2023 17:16,,,,3,,,,,30,3.42,164.16,,,,,,,,,,,,
40579,55.02194510v5,55,,114,4,,10/23/2023 17:16,,,,3,,,,,30,3.42,164.16,,,,,,,,,,,,
40579,55.02194510v2,55,,114,4,,10/23/2023 17:16,,,,5,,,,,60,3,216,,,,,,,,,,,,
40579,55.02194510v4,55,,114,4,,10/23/2023 17:16,,,,3,,,,,30,3.42,164.16,,,,,,,,,,,,
40580,10.02195840v1,10,,2,4,,10/23/2023 19:04,,,,5,,,,,60,2.83,203.76,,,,,,,,,,,,
40581,10.02146587v1,10,,2,1,,10/23/2023 21:33,,,,25,,,,,300,1.96,611.52,,,,,,,,,,,,
40581,10.02146587v2,10,,2,1,,10/23/2023 21:33,,,,25,,,,,300,1.96,611.52,,,,,,,,,,,,
40582,10.02192951v4,10,,2,4,,10/23/2023 21:35,,,,3,,,,,30,3.25,156,,,,,,,,,,,,
40583,55.02194272v1,55,,114,4,,10/23/2023 18:55,,,,13,,,,,150,2.71,455.28,,,,,,,,,,,,
40584,10.02132225v1,10,,2,3,,10/23/2023 19:01,,,,9,,,,,100,2.85,342,,,,,,,,,,,,
40585,932196089v1,93,240,120,10,45245,10/23/2023 22:37,Distributor,existingbusiness,15671312791,20,1.42,0,357.84,340.8,,,,,,,,,,,,,,,
40586,932136030v2,93,500,120,10,45252,10/24/2023 16:22,Distributor,existingbusiness,15757912460,42,1.31,0,675.96,655,,,,,,,,,,,,,,,
40587,55.02196084v1,55,,114,1,,10/23/2023 20:25,,,,10,,,,,120,1.96,258.72,,,,,,,,,,,,
40588,10.02178725v1,10,,2,4,,10/24/2023 11:48,,,,9,,,,,100,2.83,339.6,,,,,,,,,,,,
40589,10.03196093v1,10,,2,1,,10/23/2023 19:46,,,,21,,,,,250,1.96,517.44,,,,,,,,,,,,
40590,10.02195939v2,10,,2,1,,10/23/2023 19:54,,,,21,,,,,250,1.96,517.44,,,,,,,,,,,,
40591,10.02114289v1,10,,2,1,,10/23/2023 22:47,,,,46,,,,,550,1.88,1060.32,,,,,,,,,,,,
40592,10.02195882v1,10,,2,3,,10/23/2023 20:15,,,,3,,,,,30,3.18,152.64,,,,,,,,,,,,
40593,10.02194834v1,10,,2,3,,10/23/2023 20:47,,,,5,,,,,60,2.85,205.2,,,,,,,,,,,,
40594,10.02165216v2,10,,2,1,,10/23/2023 20:26,,,,12,,,,,140,1.96,305.76,,,,,,,,,,,,
40595,10.02190687v5,10,,2,3,,10/24/2023 16:40,,,,5,,,,,60,2.85,205.2,,,,,,,,,,,,
40596,10.02195305v1,10,,2,1,,10/24/2023 18:17,,,,10,,,,,120,2.23,294.36,,,,,,,,,,,,
40597,55.02180931v4,55,,114,3,,10/24/2023 17:18,,,,6,,,,,70,2.98,250.32,,,,,,,,,,,,
40598,10.02147769v2,10,,2,1,,10/23/2023 20:05,,,,13,,,,,150,1.96,329.28,,,,,,,,,,,,
40599,10.02118221v5,10,,2,1,,10/23/2023 20:47,,,,10,,,,,120,2.23,294.36,,,,,,,,,,,,
40600,10.02192156v1,10,,2,3,,10/23/2023 20:32,,,,10,,,,,120,2.72,359.04,,,,,,,,,,,,
40601,10.02184298v1,10,,2,1,,10/23/2023 20:15,,,,2,,,,,20,3.18,114.48,,,,,,,,,,,,
40602,10.02196122v1,10,,2,3,,10/24/2023 18:58,,,,10,,,,,120,2.72,359.04,,,,,,,,,,,,
40603,932150034v3,93,500,120,10,45246,10/23/2023 22:56,Distributor,existingbusiness,15758383163,42,1.31,0,675.96,655,,,,,,,,,,,,,,,
40604,10.02193812v3,10,,2,3,,10/23/2023 21:15,,,,42,,,,,500,2.43,1253.88,,,,,,,,,,,,
40606,10.0288654v1,10,,2,4,,10/24/2023 16:06,,,,10,,,,,120,2.83,373.56,,,,,,,,,,,,
40607,932133466v1,93,205,120,10,45247,10/24/2023 16:39,Distributor,existingbusiness,15759281731,18,1.8,0,410.4,369,,,,,,,,,,,,,,,
40608,10.02151690v1,10,,2,4,,10/24/2023 17:29,,,,7,,,,,75,2.83,271.68,,,,,,,,,,,,
40608,10.02151689v1,10,,2,4,,10/24/2023 17:29,,,,7,,,,,75,2.83,271.68,,,,,,,,,,,,
40610,10.02194668v2,10,,2,3,,10/24/2023 15:52,,,,3,,,,,30,3.18,152.64,,,,,,,,,,,,
40611,10.02196069v1,10,,2,3,,10/24/2023 15:00,,,,3,,,,,30,3.18,152.64,,,,,,,,,,,,
40612,10.02193521v1,10,,2,3,,10/24/2023 18:12,,,,5,,,,,60,2.85,205.2,,,,,,,,,,,,
40612,55.02193519v1,55,,114,3,,10/24/2023 18:12,,,,3,,,,,30,3.31,158.88,,,,,,,,,,,,
40612,10.01196030v1,10,,2,3,,10/24/2023 18:12,,,,3,,,,,30,3.18,152.64,,,,,,,,,,,,
40612,,70,,,1,45236,10/24/2023 18:12,,,,,,,,,,3.18,,30369,30,24263,53004,64,20254,30,128606,10/24/2023 17:43,11/6/2023,3,152.64
40613,10.02194551v2,10,,2,1,,10/25/2023 15:51,,,,10,,,,,120,2.23,294.36,,,,,,,,,,,,
40614,10.02193673v1,10,,2,3,,10/24/2023 7:30,,,,5,,,,,60,2.85,205.2,,,,,,,,,,,,
40614,10.02193674v1,10,,2,3,,10/24/2023 7:30,,,,5,,,,,60,2.85,205.2,,,,,,,,,,,,
40615,10.02195553v1,10,,2,1,,10/26/2023 8:57,,,,30,,,,,360,1.96,729.12,,,,,,,,,,,,
40616,10.02192759v1,10,,2,1,,10/24/2023 14:59,,,,15,,,,,175,1.96,376.32,,,,,,,,,,,,
40617,10.02195360v2,10,,2,1,,10/24/2023 17:46,,,,10,,,,,120,2.23,294.36,,,,,,,,,,,,
40618,10.02133967v2,10,,2,4,,10/30/2023 16:34,,,,5,,,,,60,2.83,203.76,,,,,,,,,,,,
40619,10.02186975v2,10,,2,3,,10/24/2023 16:07,,,,3,,,,,30,3.18,152.64,,,,,,,,,,,,
40619,10.03196351v1,10,,2,3,,10/24/2023 16:07,,,,3,,,,,30,3.18,152.64,,,,,,,,,,,,
40620,932196077v1,93,120,120,10,45246,10/24/2023 19:42,Direct,newbusiness,15564526450,10,1.8,0,237.6,216,,,,,,,,,,,,,,,
40621,10.02195772v1,10,,2,3,,10/24/2023 17:51,,,,8,,,,,85,2.85,307.8,,,,,,,,,,,,
40622,10.0276258v4,10,,2,3,,10/24/2023 18:20,,,,60,,,,,720,2.01,1471.32,,,,,,,,,,,,
40623,10.02108632v2,10,,2,3,,10/24/2023 16:44,,,,42,,,,,500,2.43,1253.88,,,,,,,,,,,,
40624,55.02191231v1,55,,114,3,,10/24/2023 17:13,,,,9,,,,,100,2.98,357.6,,,,,,,,,,,,
40625,10.02196151v3,10,,2,3,,10/24/2023 18:06,,,,10,,,,,120,2.72,359.04,,,,,,,,,,,,
40626,17.02167607v1,17,,9,1,,10/24/2023 18:12,,,,417,,,,,5000,1.56,7824.96,,,,,,,,,,,,
40627,12.02106379v1,12,,4,1,,10/24/2023 19:14,,,,5,,,,,60,2.23,160.56,,,,,,,,,,,,
40628,55.02194996v1,55,,114,3,,10/24/2023 17:33,,,,5,,,,,60,2.98,214.56,,,,,,,,,,,,
40628,55.02194998v1,55,,114,3,,10/24/2023 17:33,,,,5,,,,,60,2.98,214.56,,,,,,,,,,,,
40629,10.02191120v11,10,,2,3,,11/1/2023 20:35,,,,167,,,,,2000,2.01,4052.16,,,,,,,,,,,,
40630,10.02167044v2,10,,2,1,,10/25/2023 14:48,,,,38,,,,,450,1.96,917.28,,,,,,,,,,,,
40631,932154216v1,93,120,120,10,45245,10/24/2023 20:10,Distributor,existingbusiness,15771648950,10,1.8,0,237.6,216,,,,,,,,,,,,,,,
40632,10.0277482v1,10,,2,3,,10/24/2023 20:12,,,,5,,,,,60,2.85,205.2,,,,,,,,,,,,
40633,10.02167126v1,10,,2,4,,10/24/2023 18:20,,,,20,,,,,240,2.54,640.08,,,,,,,,,,,,
40633,10.02167126v3,10,,2,4,,10/24/2023 18:20,,,,20,,,,,240,2.54,640.08,,,,,,,,,,,,
40634,10.02126056v1,10,,2,3,,10/26/2023 21:05,,,,63,,,,,750,2.01,1543.68,,,,,,,,,,,,
40635,10.02193983v1,10,,2,3,,10/26/2023 16:14,,,,3,,,,,30,3.18,152.64,,,,,,,,,,,,
40636,17.02195171v5,17,,9,3,,10/24/2023 18:29,,,,10,,,,,120,2.72,359.04,,,,,,,,,,,,
40637,10.0238404v5,10,,2,3,,10/26/2023 16:31,,,,100,,,,,1200,2.01,2436.12,,,,,,,,,,,,
40638,55.02151944v1,55,,114,1,,10/24/2023 20:51,,,,9,,,,,100,2.56,307.2,,,,,,,,,,,,
40639,10.0290512v1,10,,2,4,,10/24/2023 21:01,,,,5,,,,,60,2.83,203.76,,,,,,,,,,,,
40640,10.02194218v2,10,,2,1,,10/26/2023 20:18,,,,167,,,,,2000,1.71,3447.36,,,,,,,,,,,,
40641,10.02186552v1,10,,2,1,,10/24/2023 22:02,,,,17,,,,,195,1.96,423.36,,,,,,,,,,,,
40642,10.02194430v2,10,,2,1,,10/24/2023 19:53,,,,10,,,,,120,2.23,294.36,,,,,,,,,,,,
40643,10.02190944v3,10,,2,3,,10/24/2023 21:48,,,,17,,,,,200,2.54,548.64,,,,,,,,,,,,
40643,10.02190939v2,10,,2,3,,10/24/2023 21:48,,,,17,,,,,200,2.54,548.64,,,,,,,,,,,,
40644,10.02196085v3,10,,2,3,,10/24/2023 20:16,,,,10,,,,,120,2.72,359.04,,,,,,,,,,,,
40644,10.02192813v4,10,,2,3,,10/24/2023 20:16,,,,10,,,,,120,2.72,359.04,,,,,,,,,,,,
40644,10.02188186v3,10,,2,3,,10/24/2023 20:16,,,,10,,,,,120,2.72,359.04,,,,,,,,,,,,
40645,10.02183704v2,10,,2,1,,10/24/2023 20:05,,,,10,,,,,120,2.23,294.36,,,,,,,,,,,,
40647,10.02196400v1,10,,2,3,,10/24/2023 21:10,,,,3,,,,,30,3.18,152.64,,,,,,,,,,,,
40648,10.02192156v1,10,,2,3,,10/25/2023 13:08,,,,17,,,,,200,2.54,548.64,,,,,,,,,,,,
40649,10.02119262v1,10,,2,3,,10/25/2023 18:58,,,,21,,,,,250,2.43,641.52,,,,,,,,,,,,
40649,10.02119261v1,10,,2,3,,10/25/2023 18:58,,,,21,,,,,250,2.43,641.52,,,,,,,,,,,,
40649,10.02119260v2,10,,2,3,,10/25/2023 18:58,,,,21,,,,,250,2.43,641.52,,,,,,,,,,,,
40650,10.04194963v4,10,,2,3,,10/24/2023 22:46,,,,50,,,,,600,2.28,1395.36,,,,,,,,,,,,
40650,10.02194960v4,10,,2,3,,10/24/2023 22:46,,,,75,,,,,895,2.01,1833.12,,,,,,,,,,,,
40652,10.02195909v1,10,,2,3,,10/24/2023 21:29,,,,5,,,,,60,2.85,205.2,,,,,,,,,,,,
40653,10.02118221v5,10,,2,1,,10/24/2023 21:39,,,,5,,,,,60,2.56,184.32,,,,,,,,,,,,
40654,932190694v2,93,500,120,10,45252,10/25/2023 18:14,Direct,existingbusiness,14926143138,42,1.31,0,675.96,655,,,,,,,,,,,,,,,
40654,10.02187507v2,10,,2,3,,10/25/2023 18:14,,,,42,,,,,500,2.43,1253.88,,,,,,,,,,,,
40656,55.02196184v1,55,,114,3,,10/24/2023 22:41,,,,5,,,,,60,2.98,214.56,,,,,,,,,,,,
40657,10.02187679v2,10,,2,3,,10/24/2023 22:47,,,,5,,,,,50,3.18,228.96,,,,,,,,,,,,
40658,10.02196190v1,10,,2,1,,10/25/2023 15:52,,,,17,,,,,200,1.96,423.36,,,,,,,,,,,,
40659,10.02180602v1,10,,2,3,,10/25/2023 14:46,,,,3,,,,,30,3.18,152.64,,,,,,,,,,,,
40660,10.02187143v3,10,,2,4,,10/26/2023 17:24,,,,6,,,,,70,2.83,237.72,,,,,,,,,,,,
40660,10.02187142v2,10,,2,4,,10/26/2023 17:24,,,,3,,,,,30,3.25,156,,,,,,,,,,,,
40661,10.02196500v1,10,,2,3,,10/25/2023 14:40,,,,44,,,,,525,2.43,1312.2,,,,,,,,,,,,
40664,10.02196346v1,10,,2,3,,10/25/2023 0:11,,,,10,,,,,120,2.72,359.04,,,,,,,,,,,,
40665,10.02193954v2,10,,2,3,,10/25/2023 15:55,,,,10,,,,,120,2.72,359.04,,,,,,,,,,,,
40665,10.02193952v1,10,,2,3,,10/25/2023 15:55,,,,10,,,,,120,2.72,359.04,,,,,,,,,,,,
40666,10.02196748v1,10,,2,3,,10/25/2023 18:37,,,,5,,,,,60,2.85,205.2,,,,,,,,,,,,
40667,10.02147429v1,10,,2,3,,10/25/2023 15:11,,,,40,,,,,480,2.43,1195.56,,,,,,,,,,,,
40668,46.02181062v1,46,,113,3,,10/25/2023 16:59,,,,5,,,,,60,2.85,205.2,,,,,,,,,,,,
40669,10.02196636v1,10,,2,1,,10/25/2023 14:47,,,,3,,,,,30,3.18,152.64,,,,,,,,,,,,
40670,10.0220857v2,10,,2,3,,10/25/2023 15:07,,,,5,,,,,60,2.85,205.2,,,,,,,,,,,,
40670,10.0251595v2,10,,2,3,,10/25/2023 15:07,,,,5,,,,,60,2.85,205.2,,,,,,,,,,,,
40671,10.02190885v2,10,,2,4,,11/9/2023 18:12,,,,9,,,,,100,2.83,339.6,,,,,,,,,,,,
40672,9102194740v2,910,2135,25,5,45251,10/26/2023 14:53,Distributor,existingbusiness,15615640216,178,0.68,0,1460.64,1451.8,,,,,,,,,,,,,,,
40673,10.02106614v3,10,,2,1,,10/25/2023 15:43,,,,25,,,,,300,1.96,611.52,,,,,,,,,,,,
40674,10.02171913v1,10,,2,3,,10/25/2023 15:58,,,,17,,,,,200,2.54,548.64,,,,,,,,,,,,
40675,10.02195753v1,10,,2,3,,10/25/2023 16:39,,,,14,,,,,164,2.54,457.2,,,,,,,,,,,,
40676,10.0216066v8,10,,2,3,,10/25/2023 16:10,,,,6,,,,,70,2.85,239.4,,,,,,,,,,,,
40677,10.02179000v2,10,,2,1,,10/25/2023 17:29,,,,7,,,,,80,2.56,245.76,,,,,,,,,,,,
40678,10.0266591v1,10,,2,1,,10/25/2023 16:27,,,,5,,,,,60,2.56,184.32,,,,,,,,,,,,
40679,10.02196537v2,10,,2,4,,11/8/2023 23:50,,,,5,,,,,60,2.83,203.76,,,,,,,,,,,,
40679,10.02196537v1,10,,2,4,,11/8/2023 23:50,,,,5,,,,,60,2.83,203.76,,,,,,,,,,,,
40680,10.02194814v1,10,,2,3,,10/25/2023 17:43,,,,10,,,,,120,2.72,359.04,,,,,,,,,,,,
40682,10.02192560v2,10,,2,1,,10/26/2023 14:18,,,,10,,,,,120,2.23,294.36,,,,,,,,,,,,
40683,932198299v1,93,240,120,10,45259,11/1/2023 17:46,Direct,newbusiness,15543742579,20,1.42,0,357.84,340.8,,,,,,,,,,,,,,,
40684,10.02196170v1,10,,2,3,,10/25/2023 18:38,,,,3,,,,,30,3.18,152.64,,,,,,,,,,,,
40685,17.02185814v1,17,,9,1,,10/25/2023 20:36,,,,4,,,,,48,3.18,190.8,,,,,,,,,,,,
40685,17.02185814v2,17,,9,1,,10/25/2023 20:36,,,,17,,,,,202,1.96,423.36,,,,,,,,,,,,
40686,10.02135383v6,10,,2,1,,10/25/2023 18:44,,,,20,,,,,240,1.96,493.92,,,,,,,,,,,,
40687,46.02139133v1,46,,113,3,,10/25/2023 22:18,,,,21,,,,,250,2.43,641.52,,,,,,,,,,,,
40688,10.02196593v1,10,,2,1,,10/26/2023 17:26,,,,35,,,,,410,1.96,846.72,,,,,,,,,,,,
40689,10.02191359v1,10,,2,1,,10/25/2023 19:44,,,,10,,,,,120,2.23,294.36,,,,,,,,,,,,
40690,17.02196846v1,17,,9,1,,10/25/2023 19:27,,,,10,,,,,120,2.23,294.36,,,,,,,,,,,,
40691,10.02196763v1,10,,2,1,,10/25/2023 20:45,,,,34,,,,,400,1.96,823.2,,,,,,,,,,,,
40692,10.0231293v1,10,,2,3,,10/25/2023 19:57,,,,9,,,,,100,2.85,342,,,,,,,,,,,,
40693,10.02177399v3,10,,2,1,,10/25/2023 19:59,,,,14,,,,,160,1.96,352.8,,,,,,,,,,,,
40694,55.02196771v1,55,,114,4,,10/30/2023 17:02,,,,3,,,,,30,3.42,164.16,,,,,,,,,,,,
40696,12.02196221v1,12,,4,1,,10/25/2023 20:38,,,,11,,,,,123,1.9,273.6,,,,,,,,,,,,
40698,10.02196726v1,10,,2,1,,10/25/2023 21:44,,,,25,,,,,300,1.96,611.52,,,,,,,,,,,,
40700,10.02196202v1,10,,2,4,,10/30/2023 18:38,,,,11,,,,,125,2.83,407.52,,,,,,,,,,,,
40701,10.02196860v1,10,,2,1,,10/26/2023 14:26,,,,167,,,,,2000,1.71,3447.36,,,,,,,,,,,,
40702,55.02163221v1,55,,114,1,,10/26/2023 17:21,,,,10,,,,,120,1.96,258.72,,,,,,,,,,,,
40703,10.02166973v2,10,,2,3,,10/25/2023 22:09,,,,84,,,,,1000,2.01,2050.2,,,,,,,,,,,,
40704,10.02199822v1,10,,2,1,,10/31/2023 15:39,,,,10,,,,,120,2.23,294.36,,,,,,,,,,,,
40705,10.02127833v1,10,,2,3,,10/25/2023 21:51,,,,5,,,,,60,2.85,205.2,,,,,,,,,,,,
40706,10.02196964v1,10,,2,3,,10/26/2023 15:52,,,,3,,,,,30,3.18,152.64,,,,,,,,,,,,
40707,55.02116462v2,55,,114,1,,10/26/2023 15:08,,,,5,,,,,60,2.56,184.32,,,,,,,,,,,,
40708,10.0290124v3,10,,2,1,,10/26/2023 9:25,,,,10,,,,,120,2.23,294.36,,,,,,,,,,,,
40709,55.02197058v1,55,,114,3,,10/26/2023 15:53,,,,5,,,,,50,3.31,238.32,,,,,,,,,,,,
40710,932197069v1,93,120,120,10,45246,10/27/2023 16:38,Direct,newbusiness,15362666318,10,1.8,0,237.6,216,,,,,,,,,,,,,,,
40711,10.02190949v1,10,,2,1,,10/26/2023 16:45,,,,42,,,,,500,1.96,1011.36,,,,,,,,,,,,
40712,10.0299660v2,10,,2,3,,10/26/2023 15:12,,,,13,,,,,150,2.54,426.72,,,,,,,,,,,,
40712,10.02114472v1,10,,2,3,,10/26/2023 15:12,,,,13,,,,,150,2.54,426.72,,,,,,,,,,,,
40713,10.02196086v3,10,,2,1,,10/26/2023 15:24,,,,5,,,,,60,2.56,184.32,,,,,,,,,,,,
40714,10.02196370v1,10,,2,1,,10/26/2023 17:19,,,,5,,,,,60,2.56,184.32,,,,,,,,,,,,
40714,10.02197114v1,10,,2,1,,10/26/2023 17:19,,,,5,,,,,60,2.56,184.32,,,,,,,,,,,,
40715,10.0243878v1,10,,2,1,,10/26/2023 19:22,,,,10,,,,,120,2.23,294.36,,,,,,,,,,,,
40716,10.02107106v1,10,,2,1,,10/27/2023 15:28,,,,10,,,,,120,2.23,294.36,,,,,,,,,,,,
40717,10.02186076v4,10,,2,3,,10/27/2023 19:04,,,,25,,,,,300,2.43,758.16,,,,,,,,,,,,
40719,10.02194876v1,10,,2,1,,10/26/2023 15:44,,,,36,,,,,425,1.96,870.24,,,,,,,,,,,,
40719,10.02194210v2,10,,2,1,,10/26/2023 15:44,,,,36,,,,,425,1.96,870.24,,,,,,,,,,,,
40721,10.02189925v3,10,,2,1,,10/26/2023 16:31,,,,10,,,,,120,2.23,294.36,,,,,,,,,,,,
40722,10.02194971v1,10,,2,1,,10/26/2023 17:17,,,,5,,,,,60,2.56,184.32,,,,,,,,,,,,
40723,10.0295775v1,10,,2,1,,10/26/2023 18:18,,,,10,,,,,120,2.23,294.36,,,,,,,,,,,,
40724,10.02113323v1,10,,2,4,,10/26/2023 17:08,,,,10,,,,,120,2.83,373.56,,,,,,,,,,,,
40724,10.02113324v1,10,,2,4,,10/26/2023 17:08,,,,10,,,,,120,2.83,373.56,,,,,,,,,,,,
40725,10.0278315v1,10,,2,3,,10/26/2023 17:13,,,,21,,,,,250,2.43,641.52,,,,,,,,,,,,
40725,10.0278314v1,10,,2,3,,10/26/2023 17:13,,,,21,,,,,250,2.43,641.52,,,,,,,,,,,,
40726,44.02196744v1,44,,21,1,,10/26/2023 17:36,,,,7,,,,,77,2.56,245.76,,,,,,,,,,,,
40726,44.02196746v1,44,,21,1,,10/26/2023 17:36,,,,7,,,,,77,2.56,245.76,,,,,,,,,,,,
40728,10.03197139v1,10,,2,3,,10/26/2023 18:49,,,,5,,,,,60,2.85,205.2,,,,,,,,,,,,
40729,13.05197005v1,13,,5,3,,10/26/2023 18:06,,,,17,,,,,200,1.63,352.08,,,,,,,,,,,,
40730,10.02195843v2,10,,2,1,,10/26/2023 18:36,,,,18,,,,,205,1.96,446.88,,,,,,,,,,,,
40731,10.02197153v1,10,,2,1,,10/26/2023 18:34,,,,40,,,,,470,1.96,964.32,,,,,,,,,,,,
40732,10.02195851v1,10,,2,1,,10/26/2023 21:27,,,,13,,,,,150,1.96,329.28,,,,,,,,,,,,
40732,10.02195845v1,10,,2,1,,10/26/2023 21:27,,,,13,,,,,150,1.96,329.28,,,,,,,,,,,,
40733,55.02195640v1,55,,114,1,,10/27/2023 14:05,,,,10,,,,,120,1.96,258.72,,,,,,,,,,,,
40734,10.0251525v2,10,,2,1,,10/26/2023 19:19,,,,5,,,,,60,2.56,184.32,,,,,,,,,,,,
40736,10.02193516v1,10,,2,3,,10/26/2023 19:37,,,,7,,,,,75,2.85,273.6,,,,,,,,,,,,
40736,10.02193510v1,10,,2,3,,10/26/2023 19:37,,,,7,,,,,75,2.85,273.6,,,,,,,,,,,,
40737,10.02197169v1,10,,2,4,,10/26/2023 19:43,,,,3,,,,,30,3.25,156,,,,,,,,,,,,
40738,10.02196977v1,10,,2,1,,10/26/2023 20:40,,,,30,,,,,360,1.96,729.12,,,,,,,,,,,,
40739,10.02196665v1,10,,2,4,,10/26/2023 20:42,,,,10,,,,,120,2.83,373.56,,,,,,,,,,,,
40740,10.02190630v2,10,,2,1,,10/27/2023 17:33,,,,42,,,,,500,1.96,1011.36,,,,,,,,,,,,
40741,10.02195403v2,10,,2,1,,10/26/2023 20:48,,,,10,,,,,120,2.23,294.36,,,,,,,,,,,,
40741,10.02195095v2,10,,2,1,,10/26/2023 20:48,,,,10,,,,,120,2.23,294.36,,,,,,,,,,,,
40742,932196664v1,93,500,120,10,45257,10/26/2023 22:42,Distributor,existingbusiness,15772926058,42,1.31,0,675.96,655,,,,,,,,,,,,,,,
40743,932197264v1,93,120,120,10,45246,10/27/2023 16:38,Direct,newbusiness,15786612275,10,1.8,0,237.6,216,,,,,,,,,,,,,,,
40744,10.02189667v2,10,,2,4,,10/27/2023 17:43,,,,59,,,,,700,2.28,1641.6,,,,,,,,,,,,
40745,10.02133939v1,10,,2,4,,10/27/2023 12:10,,,,13,,,,,150,2.54,426.72,,,,,,,,,,,,
40746,12.02196874v1,12,,4,3,,11/1/2023 17:16,,,,5,,,,,60,2.6,187.2,,,,,,,,,,,,
40746,10.02196870v1,10,,2,3,,11/1/2023 17:16,,,,5,,,,,60,2.85,205.2,,,,,,,,,,,,
40747,55.03203280v2,55,,114,4,,11/27/2023 22:26,,,,15,,,,,170,2.71,520.32,,,,,,,,,,,,
40747,55.02203279v2,55,,114,4,,11/27/2023 22:26,,,,7,,,,,80,3,288,,,,,,,,,,,,
40748,10.02197174v1,10,,2,3,,10/27/2023 12:10,,,,3,,,,,30,3.18,152.64,,,,,,,,,,,,
40748,10.02197170v1,10,,2,3,,10/27/2023 12:10,,,,3,,,,,30,3.18,152.64,,,,,,,,,,,,
40750,10.0283782v4,10,,2,1,,10/30/2023 19:16,,,,9,,,,,100,2.56,307.2,,,,,,,,,,,,
40751,10.02197148v1,10,,2,4,,10/27/2023 15:42,,,,67,,,,,800,2.01,1640.16,,,,,,,,,,,,
40753,10.02193837v2,10,,2,1,,10/27/2023 14:57,,,,25,,,,,300,1.96,611.52,,,,,,,,,,,,
40753,10.02194031v2,10,,2,1,,10/27/2023 14:57,,,,25,,,,,300,1.96,611.52,,,,,,,,,,,,
40754,49.02197085v1,49,,116,4,,10/27/2023 14:59,,,,17,,,,,200,2.54,548.64,,,,,,,,,,,,
40754,49.02197084v1,49,,116,4,,10/27/2023 14:59,,,,17,,,,,200,2.54,548.64,,,,,,,,,,,,
40755,10.02191913v2,10,,2,4,,10/27/2023 15:41,,,,10,,,,,120,2.83,373.56,,,,,,,,,,,,
40756,10.024405v2,10,,2,4,,10/27/2023 16:59,,,,125,,,,,1500,2.01,3039.12,,,,,,,,,,,,
40757,10.02191122v1,10,,2,1,,10/27/2023 16:37,,,,10,,,,,120,2.23,294.36,,,,,,,,,,,,
40758,10.0215035v1,10,,2,4,,10/27/2023 17:12,,,,17,,,,,204,2.54,548.64,,,,,,,,,,,,
40759,55.02188693v1,55,,114,3,,10/27/2023 17:00,,,,5,,,,,50,3.31,238.32,,,,,,,,,,,,
40760,10.02164806v2,10,,2,1,,10/27/2023 17:27,,,,21,,,,,246,1.96,517.44,,,,,,,,,,,,
40761,10.029088v1,10,,2,3,,10/27/2023 17:12,,,,50,,,,,600,2.28,1395.36,,,,,,,,,,,,
40762,10.02196119v1,10,,2,4,,10/27/2023 18:08,,,,5,,,,,60,2.83,203.76,,,,,,,,,,,,
40763,11.02197433v1,11,,3,3,,10/27/2023 17:29,,,,30,,,,,360,2.6,967.2,,,,,,,,,,,,
40763,11.03197434v1,11,,3,3,,10/27/2023 17:29,,,,10,,,,,120,2.88,380.16,,,,,,,,,,,,
40764,55.02193984v3,55,,114,4,,10/27/2023 17:07,,,,3,,,,,30,3.42,164.16,,,,,,,,,,,,
40765,10.0226692v1,10,,2,1,,10/27/2023 17:47,,,,13,,,,,150,1.96,329.28,,,,,,,,,,,,
40766,10.02197062v1,10,,2,4,,11/1/2023 22:29,,,,3,,,,,30,3.25,156,,,,,,,,,,,,
40767,10.02183334v1,10,,2,1,,10/27/2023 18:31,,,,42,,,,,500,1.96,1011.36,,,,,,,,,,,,
40768,55.02177746v2,55,,114,1,,10/27/2023 17:56,,,,13,,,,,150,1.88,315.84,,,,,,,,,,,,
40769,932197493v1,93,240,120,10,45252,10/27/2023 18:30,Direct,newbusiness,15770915657,20,1.42,0,357.84,340.8,,,,,,,,,,,,,,,
40770,55.02196114v1,55,,114,1,,10/27/2023 18:01,,,,13,,,,,150,1.88,315.84,,,,,,,,,,,,
40771,55.02197478v1,55,,114,3,,10/27/2023 19:01,,,,10,,,,,120,2.85,376.2,,,,,,,,,,,,
40772,10.02154625v4,10,,2,3,,10/27/2023 18:23,,,,10,,,,,120,2.72,359.04,,,,,,,,,,,,
40773,10.02150522v1,10,,2,1,,10/27/2023 21:08,,,,10,,,,,120,2.23,294.36,,,,,,,,,,,,
40774,10.02166537v2,10,,2,1,,10/27/2023 19:29,,,,25,,,,,300,1.96,611.52,,,,,,,,,,,,
40776,55.02138943v3,55,,114,3,,10/27/2023 20:03,,,,10,,,,,120,2.85,376.2,,,,,,,,,,,,
40777,10.02187081v1,10,,2,1,,10/29/2023 19:16,,,,20,,,,,240,1.96,493.92,,,,,,,,,,,,
40778,12.02192533v2,12,,4,3,,10/31/2023 16:57,,,,14,,,,,160,2.29,412.2,,,,,,,,,,,,
40778,10.03197848v1,10,,2,3,,10/31/2023 16:57,,,,14,,,,,160,2.54,457.2,,,,,,,,,,,,
40779,932197545v1,93,150,120,10,45252,10/27/2023 21:30,Direct,existingbusiness,15813939035,13,1.8,0,302.4,270,,,,,,,,,,,,,,,
40780,14.0664724v3,14,,6,3,,10/30/2023 15:18,,,,17,,,,,200,1.63,352.08,,,,,,,,,,,,
40781,10.02197171v1,10,,2,3,,10/27/2023 23:34,,,,5,,,,,60,2.85,205.2,,,,,,,,,,,,
40781,10.02197469v1,10,,2,3,,10/27/2023 23:34,,,,5,,,,,60,2.85,205.2,,,,,,,,,,,,
40782,10.02197580v1,10,,2,1,,10/27/2023 22:19,,,,10,,,,,120,2.23,294.36,,,,,,,,,,,,
40783,10.02196808v1,10,,2,1,,10/27/2023 21:40,,,,60,,,,,720,1.79,1310.28,,,,,,,,,,,,
40785,10.02196130v2,10,,2,3,,10/27/2023 22:47,,,,6,,,,,61,2.85,239.4,,,,,,,,,,,,
40786,10.02189250v2,10,,2,1,,10/27/2023 22:35,,,,6,,,,,70,2.56,215.04,,,,,,,,,,,,
40787,55.02168850v3,55,,114,1,,10/30/2023 13:25,,,,10,,,,,120,1.96,258.72,,,,,,,,,,,,
40787,55.02197167v2,55,,114,1,,10/30/2023 13:25,,,,17,,,,,200,1.88,406.08,,,,,,,,,,,,
40788,932197023v2,93,500,120,10,45259,10/30/2023 20:11,Direct,newbusiness,15772882480,42,1.31,0,675.96,655,,,,,,,,,,,,,,,
40789,10.02196913v1,10,,2,4,,10/30/2023 16:09,,,,3,,,,,30,3.25,156,,,,,,,,,,,,
40790,10.02197570v1,10,,2,1,,10/27/2023 22:42,,,,10,,,,,120,2.23,294.36,,,,,,,,,,,,
40791,10.02184768v1,10,,2,4,,10/30/2023 16:10,,,,20,,,,,240,2.54,640.08,,,,,,,,,,,,
40792,10.02185737v1,10,,2,4,,10/30/2023 16:00,,,,6,,,,,70,2.83,237.72,,,,,,,,,,,,
40793,10.02197554v2,10,,2,3,,10/28/2023 12:39,,,,3,,,,,30,3.18,152.64,,,,,,,,,,,,
40794,10.02196268v1,10,,2,4,,10/30/2023 16:56,,,,23,,,,,275,2.54,731.52,,,,,,,,,,,,
40795,10.02196269v1,10,,2,4,,10/30/2023 21:28,,,,23,,,,,275,2.54,731.52,,,,,,,,,,,,
40796,10.02185111v1,10,,2,1,,10/30/2023 14:48,,,,14,,,,,160,1.96,352.8,,,,,,,,,,,,
40797,10.02196988v2,10,,2,3,,10/30/2023 14:52,,,,100,,,,,1200,2.01,2436.12,,,,,,,,,,,,
40798,10.0247191v1,10,,2,4,,10/31/2023 14:52,,,,10,,,,,120,2.83,373.56,,,,,,,,,,,,
40799,49.02179070v1,49,,116,3,,10/30/2023 14:50,,,,10,,,,,120,2.65,349.8,,,,,,,,,,,,
40800,55.02189735v1,55,,114,4,,12/13/2023 16:44,,,,66,,,,,785,2.18,1752.72,,,,,,,,,,,,
40801,910231092v1,910,250,25,5,45258,10/31/2023 19:21,Distributor,existingbusiness,15846001291,21,0.76,90,290.64,280,,,,,,,,,,,,,,,
40801,910231092v1,910,250,25,5,45278,10/31/2023 19:21,Distributor,existingbusiness,15846001291,21,0.76,90,290.64,280,,,,,,,,,,,,,,,
40802,10.02194128v1,10,,2,1,,10/30/2023 17:03,,,,9,,,,,100,2.56,307.2,,,,,,,,,,,,
40803,10.02197126v1,10,,2,1,,11/14/2023 22:24,,,,7,,,,,80,2.56,245.76,,,,,,,,,,,,
40804,10.02196091v1,10,,2,4,,10/30/2023 15:22,,,,6,,,,,62,2.83,237.72,,,,,,,,,,,,
40805,17.02161932v1,17,,9,1,,10/30/2023 17:30,,,,9,,,,,100,2.56,307.2,,,,,,,,,,,,
40806,17.02153548v2,17,,9,1,,10/30/2023 17:32,,,,9,,,,,100,2.56,307.2,,,,,,,,,,,,
40807,10.03197279v1,10,,2,1,,10/30/2023 16:17,,,,17,,,,,200,1.96,423.36,,,,,,,,,,,,
40807,10.02197277v1,10,,2,1,,10/30/2023 16:17,,,,168,,,,,2010,1.71,3467.88,,,,,,,,,,,,
40808,10.02194029v3,10,,2,4,,10/30/2023 18:39,,,,17,,,,,200,2.54,548.64,,,,,,,,,,,,
40808,10.02197524v1,10,,2,4,,10/30/2023 18:39,,,,17,,,,,200,2.54,548.64,,,,,,,,,,,,
40809,932196206v1,93,120,120,10,45258,10/31/2023 16:52,Distributor,existingbusiness,15723019673,10,1.8,0,237.6,216,,,,,,,,,,,,,,,
40809,932196208v1,93,120,120,10,45258,10/31/2023 16:52,Distributor,existingbusiness,15723019673,10,1.8,0,237.6,216,,,,,,,,,,,,,,,
40810,10.02111245v1,10,,2,4,,10/30/2023 16:42,,,,42,,,,,500,2.54,1310.64,,,,,,,,,,,,
40812,10.02194005v4,10,,2,4,,10/30/2023 16:04,,,,13,,,,,150,2.54,426.72,,,,,,,,,,,,
40813,10.02105031v1,10,,2,1,,10/30/2023 18:41,,,,10,,,,,120,2.23,294.36,,,,,,,,,,,,
40814,10.0218490v1,10,,2,1,,10/30/2023 20:56,,,,17,,,,,200,1.96,423.36,,,,,,,,,,,,
40816,55.02197769v1,55,,114,4,,10/30/2023 18:01,,,,5,,,,,60,3,216,,,,,,,,,,,,
40817,10.02168767v1,10,,2,4,,10/30/2023 19:50,,,,5,,,,,50,3.25,234,,,,,,,,,,,,
40818,10.02197549v1,10,,2,4,,10/30/2023 18:09,,,,3,,,,,30,3.25,156,,,,,,,,,,,,
40819,10.02191379v2,10,,2,4,,10/30/2023 20:47,,,,7,,,,,80,2.83,271.68,,,,,,,,,,,,
40819,55.02191428v2,55,,114,4,,10/30/2023 20:47,,,,7,,,,,80,3,288,,,,,,,,,,,,
40821,10.02198074v1,10,,2,4,,10/31/2023 18:35,,,,11,,,,,125,2.83,407.52,,,,,,,,,,,,
40822,10.0237671v1,10,,2,1,,10/30/2023 19:02,,,,21,,,,,250,1.96,517.44,,,,,,,,,,,,
40825,55.02193689v2,55,,114,4,,10/31/2023 0:44,,,,5,,,,,60,3,216,,,,,,,,,,,,
40825,55.02191798v6,55,,114,4,,10/31/2023 0:44,,,,5,,,,,60,3,216,,,,,,,,,,,,
40827,10.02197418v1,10,,2,1,,10/30/2023 23:45,,,,21,,,,,250,1.96,517.44,,,,,,,,,,,,
40827,10.02197431v1,10,,2,1,,10/30/2023 23:45,,,,21,,,,,250,1.96,517.44,,,,,,,,,,,,
40829,932197816v1,93,120,120,10,45259,11/1/2023 14:31,Direct,newbusiness,15144258935,10,1.8,0,237.6,216,,,,,,,,,,,,,,,
40830,10.02161916v1,10,,2,3,,10/31/2023 14:10,,,,10,,,,,120,2.72,359.04,,,,,,,,,,,,
40831,10.02178877v2,10,,2,4,,10/30/2023 22:00,,,,8,,,,,87,2.83,305.64,,,,,,,,,,,,
40832,10.02143848v8,10,,2,4,,10/30/2023 21:13,,,,5,,,,,60,2.83,203.76,,,,,,,,,,,,
40833,10.02176086v1,10,,2,1,,10/30/2023 23:39,,,,13,,,,,150,1.96,329.28,,,,,,,,,,,,
40834,55.02190776v3,55,,114,1,,10/31/2023 14:34,,,,38,,,,,450,1.88,879.84,,,,,,,,,,,,
40835,10.02197900v1,10,,2,4,,10/31/2023 18:35,,,,3,,,,,30,3.25,156,,,,,,,,,,,,
40835,10.02195335v1,10,,2,4,,10/31/2023 18:35,,,,3,,,,,30,3.25,156,,,,,,,,,,,,
40836,10.02144411v3,10,,2,1,,10/31/2023 14:16,,,,5,,,,,60,2.56,184.32,,,,,,,,,,,,
40838,10.02136906v1,10,,2,1,,11/6/2023 19:02,,,,9,,,,,100,2.56,307.2,,,,,,,,,,,,
40839,10.02173701v1,10,,2,1,,10/31/2023 18:13,,,,20,,,,,240,1.96,493.92,,,,,,,,,,,,
40840,10.0231293v1,10,,2,3,,10/31/2023 15:29,,,,4,,,,,46,3.18,190.8,,,,,,,,,,,,
40841,10.0217636v1,10,,2,3,,10/30/2023 23:02,,,,10,,,,,120,2.72,359.04,,,,,,,,,,,,
40842,55.02195137v2,55,,114,3,,10/30/2023 22:43,,,,13,,,,,150,2.67,448.56,,,,,,,,,,,,
40844,932195068v1,93,930,120,10,45260,10/31/2023 14:11,Distributor,existingbusiness,14456678793,78,1.24,0,1175.52,1153.2,,,,,,,,,,,,,,,
40844,932195068v1,93,230,120,10,45261,10/31/2023 14:11,Distributor,existingbusiness,14456678793,20,1.8,0,453.6,414,,,,,,,,,,,,,,,
40845,10.02197793v1,10,,2,3,,10/31/2023 16:00,,,,10,,,,,120,2.72,359.04,,,,,,,,,,,,
40846,10.02197850v1,10,,2,3,,10/31/2023 16:25,,,,21,,,,,250,2.43,641.52,,,,,,,,,,,,
40846,10.02197849v1,10,,2,3,,10/31/2023 16:25,,,,21,,,,,250,2.43,641.52,,,,,,,,,,,,
40847,10.02190886v2,10,,2,3,,10/31/2023 14:29,,,,10,,,,,120,2.72,359.04,,,,,,,,,,,,
40848,10.02196054v1,10,,2,3,,10/31/2023 16:57,,,,31,,,,,368,2.43,933.12,,,,,,,,,,,,
40849,10.02197163v1,10,,2,3,,10/31/2023 15:58,,,,63,,,,,750,2.01,1543.68,,,,,,,,,,,,
40850,14.06174116v2,14,,6,3,,10/31/2023 17:03,,,,20,,,,,240,1.63,410.76,,,,,,,,,,,,
40851,10.02132846v4,10,,2,3,,10/31/2023 17:48,,,,5,,,,,60,2.85,205.2,,,,,,,,,,,,
40852,55.02195275v5,55,,114,4,,10/31/2023 19:48,,,,25,,,,,300,2.71,845.52,,,,,,,,,,,,
40854,10.02194631v1,10,,2,1,,11/3/2023 14:12,,,,80,,,,,950,1.79,1739.88,,,,,,,,,,,,
40855,10.02198075v1,10,,2,3,,10/31/2023 17:58,,,,4,,,,,38,3.18,190.8,,,,,,,,,,,,
40856,10.02195665v4,10,,2,3,,10/31/2023 17:26,,,,5,,,,,60,2.85,205.2,,,,,,,,,,,,
40857,10.02129984v1,10,,2,1,,11/2/2023 16:23,,,,9,,,,,100,2.56,307.2,,,,,,,,,,,,
40858,10.02177008v1,10,,2,1,,11/2/2023 19:59,,,,10,,,,,120,2.23,294.36,,,,,,,,,,,,
40859,10.02197571v4,10,,2,3,,10/31/2023 16:44,,,,6,,,,,70,2.85,239.4,,,,,,,,,,,,
40859,10.02197575v1,10,,2,3,,10/31/2023 16:44,,,,6,,,,,65,2.85,239.4,,,,,,,,,,,,
40859,10.02197574v1,10,,2,3,,10/31/2023 16:44,,,,6,,,,,65,2.85,239.4,,,,,,,,,,,,
40860,10.02116270v4,10,,2,1,,10/31/2023 16:49,,,,9,,,,,100,2.56,307.2,,,,,,,,,,,,
40862,15.02195528v1,15,,7,3,,11/1/2023 16:22,,,,17,,,,,200,3.66,790.56,,,,,,,,,,,,
40865,10.02192932v2,10,,2,3,,11/1/2023 18:37,,,,3,,,,,30,3.18,152.64,,,,,,,,,,,,
40866,10.02187593v3,10,,2,1,,10/31/2023 17:28,,,,20,,,,,240,1.96,493.92,,,,,,,,,,,,
40867,920232657v3,920,500,26,5,45260,11/1/2023 13:26,Distributor,existingbusiness,15865665933,42,1.04,90,626.64,610,,,,,,,,,,,,,,,
40868,17.02167603v1,17,,9,1,,10/31/2023 17:57,,,,334,,,,,4000,1.6,6432,,,,,,,,,,,,
40869,10.0220390v1,10,,2,1,,10/31/2023 18:15,,,,10,,,,,120,2.23,294.36,,,,,,,,,,,,
40870,10.02197944v1,10,,2,1,,10/31/2023 17:52,,,,18,,,,,205,1.96,446.88,,,,,,,,,,,,
40871,10.02197551v2,10,,2,4,,10/31/2023 18:32,,,,10,,,,,120,2.83,373.56,,,,,,,,,,,,
40872,10.02195827v2,10,,2,4,,11/8/2023 16:19,,,,63,,,,,750,2.01,1543.68,,,,,,,,,,,,
40873,10.02193393v2,10,,2,4,,11/2/2023 14:19,,,,113,,,,,1350,2.01,2749.68,,,,,,,,,,,,
40875,49.02181542v3,49,,116,4,,10/31/2023 21:33,,,,5,,,,,60,2.83,203.76,,,,,,,,,,,,
40875,49.02181541v4,49,,116,4,,10/31/2023 21:33,,,,5,,,,,60,2.83,203.76,,,,,,,,,,,,
40875,49.02181541v3,49,,116,4,,10/31/2023 21:33,,,,3,,,,,30,3.25,156,,,,,,,,,,,,
40875,49.02181542v4,49,,116,4,,10/31/2023 21:33,,,,3,,,,,30,3.25,156,,,,,,,,,,,,
40875,49.02181537v5,49,,116,4,,10/31/2023 21:33,,,,10,,,,,120,2.83,373.56,,,,,,,,,,,,
40875,49.02181536v4,49,,116,4,,10/31/2023 21:33,,,,10,,,,,120,2.83,373.56,,,,,,,,,,,,
40875,49.02181536v3,49,,116,4,,10/31/2023 21:33,,,,5,,,,,60,2.83,203.76,,,,,,,,,,,,
40875,49.02181537v4,49,,116,4,,10/31/2023 21:33,,,,5,,,,,60,2.83,203.76,,,,,,,,,,,,
40876,10.02187002v1,10,,2,1,,11/1/2023 16:21,,,,5,,,,,60,2.56,184.32,,,,,,,,,,,,
40877,55.02198150v1,55,,114,1,,10/31/2023 20:23,,,,17,,,,,200,1.88,406.08,,,,,,,,,,,,
40878,10.02196506v2,10,,2,1,,10/31/2023 20:06,,,,6,,,,,70,2.56,215.04,,,,,,,,,,,,
40879,10.02197610v1,10,,2,4,,10/31/2023 19:44,,,,10,,,,,120,2.83,373.56,,,,,,,,,,,,
40879,10.02197641v1,10,,2,4,,10/31/2023 19:44,,,,10,,,,,120,2.83,373.56,,,,,,,,,,,,
40881,10.02194487v1,10,,2,4,,10/31/2023 20:02,,,,23,,,,,275,2.54,731.52,,,,,,,,,,,,
40882,10.02189385v1,10,,2,3,,11/1/2023 16:22,,,,5,,,,,50,3.18,228.96,,,,,,,,,,,,
40883,10.02197718v1,10,,2,1,,10/31/2023 23:47,,,,11,,,,,121,2.23,321.12,,,,,,,,,,,,
40884,46.02151892v1,46,,113,3,,11/1/2023 15:36,,,,10,,,,,120,2.72,359.04,,,,,,,,,,,,
40884,46.02151901v1,46,,113,3,,11/1/2023 15:36,,,,10,,,,,120,2.72,359.04,,,,,,,,,,,,
40885,10.02197798v2,10,,2,1,,11/1/2023 17:58,,,,11,,,,,121,2.23,321.12,,,,,,,,,,,,
40886,10.02195995v3,10,,2,3,,10/31/2023 21:17,,,,10,,,,,120,2.72,359.04,,,,,,,,,,,,
40886,10.03196326v1,10,,2,3,,10/31/2023 21:17,,,,3,,,,,30,3.18,152.64,,,,,,,,,,,,
40887,15.02195936v1,15,,7,3,,10/31/2023 22:21,,,,10,,,,,120,3.84,506.88,,,,,,,,,,,,
40888,10.02197204v1,10,,2,1,,11/1/2023 15:57,,,,10,,,,,120,2.23,294.36,,,,,,,,,,,,
40889,10.02197242v1,10,,2,3,,11/1/2023 16:47,,,,42,,,,,500,2.43,1253.88,,,,,,,,,,,,
40890,10.02198172v1,10,,2,3,,11/1/2023 15:37,,,,5,,,,,60,2.85,205.2,,,,,,,,,,,,
40892,10.0244586v1,10,,2,3,,11/1/2023 21:53,,,,60,,,,,720,2.01,1471.32,,,,,,,,,,,,
40893,10.02198159v1,10,,2,1,,11/6/2023 20:20,,,,17,,,,,200,1.96,423.36,,,,,,,,,,,,
40895,10.02191342v1,10,,2,4,,11/1/2023 12:46,,,,17,,,,,200,2.54,548.64,,,,,,,,,,,,
40896,17.02144000v2,17,,9,1,,10/31/2023 23:33,,,,32,,,,,380,1.96,776.16,,,,,,,,,,,,
40897,10.02191227v1,10,,2,4,,11/2/2023 17:57,,,,4,,,,,40,3.25,195,,,,,,,,,,,,
40897,10.02191229v1,10,,2,4,,11/2/2023 17:57,,,,4,,,,,40,3.25,195,,,,,,,,,,,,
40897,10.02196031v1,10,,2,4,,11/2/2023 17:57,,,,4,,,,,40,3.25,195,,,,,,,,,,,,
40897,10.02196034v1,10,,2,4,,11/2/2023 17:57,,,,4,,,,,40,3.25,195,,,,,,,,,,,,
40897,10.02196032v1,10,,2,4,,11/2/2023 17:57,,,,4,,,,,40,3.25,195,,,,,,,,,,,,
40898,10.02197797v2,10,,2,1,,10/31/2023 22:34,,,,11,,,,,121,2.23,321.12,,,,,,,,,,,,
40899,10.02191922v1,10,,2,3,,11/1/2023 17:25,,,,7,,,,,75,2.85,273.6,,,,,,,,,,,,
40899,10.02191916v1,10,,2,3,,11/1/2023 17:25,,,,7,,,,,75,2.85,273.6,,,,,,,,,,,,
40901,55.02152750v1,55,,114,3,,11/1/2023 21:37,,,,15,,,,,180,2.67,512.64,,,,,,,,,,,,
40902,10.02197762v1,10,,2,3,,11/1/2023 16:21,,,,8,,,,,92,2.85,307.8,,,,,,,,,,,,
40903,10.02196490v1,10,,2,3,,11/1/2023 15:58,,,,5,,,,,60,2.85,205.2,,,,,,,,,,,,
40904,10.02194578v3,10,,2,3,,11/1/2023 15:21,,,,10,,,,,120,2.72,359.04,,,,,,,,,,,,
40905,10.02194033v1,10,,2,1,,11/1/2023 15:32,,,,5,,,,,60,2.56,184.32,,,,,,,,,,,,
40906,55.02198406v3,55,,114,1,,11/3/2023 16:28,,,,42,,,,,500,1.88,970.08,,,,,,,,,,,,
40907,10.02197395v4,10,,2,3,,11/3/2023 16:56,,,,120,,,,,1440,2.01,2918.52,,,,,,,,,,,,
40908,10.0288252v8,10,,2,3,,11/2/2023 17:29,,,,10,,,,,120,2.72,359.04,,,,,,,,,,,,
40908,10.02131840v2,10,,2,3,,11/2/2023 17:29,,,,10,,,,,120,2.72,359.04,,,,,,,,,,,,
40908,10.0288252v6,10,,2,3,,11/2/2023 17:29,,,,10,,,,,120,2.72,359.04,,,,,,,,,,,,
40908,10.02199480v1,10,,2,3,,11/2/2023 17:29,,,,10,,,,,120,2.72,359.04,,,,,,,,,,,,
40909,10.023044v1,10,,2,1,,11/1/2023 16:29,,,,5,,,,,60,2.56,184.32,,,,,,,,,,,,
40910,10.02198002v1,10,,2,4,,11/1/2023 18:53,,,,10,,,,,120,2.83,373.56,,,,,,,,,,,,
40911,10.0296277v3,10,,2,1,,11/1/2023 17:58,,,,10,,,,,120,2.23,294.36,,,,,,,,,,,,
40912,10.02198293v1,10,,2,1,,11/3/2023 14:03,,,,27,,,,,320,1.96,658.56,,,,,,,,,,,,
40913,10.02150209v1,10,,2,1,,11/1/2023 17:50,,,,9,,,,,100,2.56,307.2,,,,,,,,,,,,
40914,932198431v1,93,3,120,10,45247,11/2/2023 14:07,Distributor,existingbusiness,14786909451,1,1.8,0,43.2,5.4,,,,,,,,,,,,,,,
40915,55.02195724v2,55,,114,1,,11/1/2023 17:55,,,,42,,,,,500,1.88,970.08,,,,,,,,,,,,
40916,55.02126837v5,55,,114,3,,11/1/2023 18:48,,,,84,,,,,1000,2.14,2182.8,,,,,,,,,,,,
40918,10.02162083v2,10,,2,3,,11/1/2023 19:09,,,,30,,,,,360,2.43,903.96,,,,,,,,,,,,
40919,10.02187057v1,10,,2,4,,11/1/2023 20:23,,,,3,,,,,30,3.25,156,,,,,,,,,,,,
40920,10.02197987v1,10,,2,1,,11/1/2023 19:43,,,,42,,,,,500,1.96,1011.36,,,,,,,,,,,,
40921,10.02188605v2,10,,2,1,,11/1/2023 20:28,,,,42,,,,,500,1.96,1011.36,,,,,,,,,,,,
40922,10.02161501v1,10,,2,1,,11/6/2023 17:43,,,,44,,,,,525,1.96,1058.4,,,,,,,,,,,,
40922,55.02161745v3,55,,114,1,,11/6/2023 17:43,,,,38,,,,,450,1.88,879.84,,,,,,,,,,,,
40923,10.02108988v1,10,,2,1,,11/1/2023 20:23,,,,3,,,,,30,3.18,152.64,,,,,,,,,,,,
40924,10.02140572v1,10,,2,3,,11/2/2023 14:24,,,,21,,,,,250,2.43,641.52,,,,,,,,,,,,
40925,10.02173701v1,10,,2,1,,11/2/2023 15:53,,,,43,,,,,510,1.96,1034.88,,,,,,,,,,,,
40926,10.02189731v3,10,,2,3,,11/2/2023 19:19,,,,6,,,,,66,2.85,239.4,,,,,,,,,,,,
40927,55.02198342v2,55,,114,4,,11/1/2023 21:18,,,,10,,,,,110,3,396,,,,,,,,,,,,
40929,55.02161523v2,55,,114,1,,11/2/2023 21:13,,,,34,,,,,400,1.88,789.6,,,,,,,,,,,,
40930,10.03197547v1,10,,2,4,,11/1/2023 21:20,,,,11,,,,,130,2.83,407.52,,,,,,,,,,,,
40931,15.02197592v1,15,,7,3,,11/2/2023 13:47,,,,67,,,,,800,3.13,2554.08,,,,,,,,,,,,
40932,932198466v1,93,120,120,10,45259,11/2/2023 14:06,Direct,newbusiness,15878845478,10,1.8,0,237.6,216,,,,,,,,,,,,,,,
40933,10.02186986v1,10,,2,1,,11/6/2023 15:20,,,,5,,,,,50,3.18,228.96,,,,,,,,,,,,
40934,55.02196841v1,55,,114,1,,11/1/2023 21:48,,,,5,,,,,60,2.56,184.32,,,,,,,,,,,,
40935,10.02106959v1,10,,2,3,,11/2/2023 22:52,,,,9,,,,,100,2.85,342,,,,,,,,,,,,
40936,10.02198674v1,10,,2,1,,11/6/2023 13:29,,,,15,,,,,175,1.96,376.32,,,,,,,,,,,,
40937,10.02195039v3,10,,2,1,,11/2/2023 14:30,,,,21,,,,,250,1.96,517.44,,,,,,,,,,,,
40938,10.02198430v1,10,,2,4,,11/2/2023 18:17,,,,10,,,,,120,2.83,373.56,,,,,,,,,,,,
40939,10.02197858v1,10,,2,1,,11/3/2023 14:20,,,,50,,,,,600,1.88,1150.56,,,,,,,,,,,,
40940,55.02198156v1,55,,114,4,,11/2/2023 17:22,,,,5,,,,,60,3,216,,,,,,,,,,,,
40941,10.02197906v1,10,,2,3,,11/2/2023 14:36,,,,13,,,,,150,2.54,426.72,,,,,,,,,,,,
40942,10.024728v1,10,,2,4,,11/2/2023 15:18,,,,21,,,,,250,2.54,670.56,,,,,,,,,,,,
40943,932198641v1,93,119,120,10,45260,11/2/2023 17:09,Direct,newbusiness,15521345422,10,1.8,0,237.6,214.2,,,,,,,,,,,,,,,
40943,932198641v1,93,1,120,10,45273,11/2/2023 17:09,Direct,newbusiness,15521345422,1,1.8,0,43.2,1.8,,,,,,,,,,,,,,,
40944,10.02198400v1,10,,2,1,,11/2/2023 14:37,,,,3,,,,,30,3.18,152.64,,,,,,,,,,,,
40945,55.02197851v2,55,,114,1,,11/2/2023 15:54,,,,13,,,,,150,1.88,315.84,,,,,,,,,,,,
40946,17.02166489v1,17,,9,1,,11/2/2023 16:54,,,,146,,,,,1750,1.71,3016.44,,,,,,,,,,,,
40946,17.02166491v1,17,,9,1,,11/2/2023 16:54,,,,146,,,,,1750,1.71,3016.44,,,,,,,,,,,,
40947,10.02197280v1,10,,2,4,,11/2/2023 18:01,,,,5,,,,,60,2.83,203.76,,,,,,,,,,,,
40947,10.04198047v1,10,,2,4,,11/2/2023 18:01,,,,5,,,,,60,2.83,203.76,,,,,,,,,,,,
40948,10.02155033v1,10,,2,3,,11/2/2023 18:13,,,,21,,,,,250,2.43,641.52,,,,,,,,,,,,
40948,10.02155034v1,10,,2,3,,11/2/2023 18:13,,,,21,,,,,250,2.43,641.52,,,,,,,,,,,,
40949,10.02198095v1,10,,2,3,,11/2/2023 19:50,,,,9,,,,,100,2.85,342,,,,,,,,,,,,
40950,10.02197137v1,10,,2,4,,11/2/2023 16:51,,,,5,,,,,60,2.83,203.76,,,,,,,,,,,,
40950,10.02197138v2,10,,2,4,,11/2/2023 16:51,,,,4,,,,,40,3.25,195,,,,,,,,,,,,
40951,10.02198670v2,10,,2,1,,11/3/2023 15:01,,,,5,,,,,60,2.56,184.32,,,,,,,,,,,,
40952,10.02198648v1,10,,2,4,,11/2/2023 15:58,,,,5,,,,,60,2.83,203.76,,,,,,,,,,,,
40952,10.02198646v1,10,,2,4,,11/2/2023 15:58,,,,5,,,,,60,2.83,203.76,,,,,,,,,,,,
40953,55.02198716v1,55,,114,3,,11/2/2023 21:58,,,,150,,,,,1800,2.14,3877.68,,,,,,,,,,,,
40954,10.02198699v1,10,,2,4,,11/2/2023 17:05,,,,10,,,,,120,2.83,373.56,,,,,,,,,,,,
40955,10.02197921v1,10,,2,3,,11/2/2023 16:20,,,,5,,,,,60,2.85,205.2,,,,,,,,,,,,
40956,10.02196348v2,10,,2,3,,11/2/2023 17:56,,,,3,,,,,30,3.18,152.64,,,,,,,,,,,,
40958,10.02198699v1,10,,2,4,,11/2/2023 16:47,,,,10,,,,,120,2.83,373.56,,,,,,,,,,,,
40959,10.02195367v4,10,,2,1,,11/2/2023 21:18,,,,834,,,,,10000,1.52,15230.4,,,,,,,,,,,,
40960,10.02147769v2,10,,2,1,,11/2/2023 17:42,,,,5,,,,,60,2.56,184.32,,,,,,,,,,,,
40961,55.02193559v3,55,,114,1,,11/2/2023 19:54,,,,5,,,,,60,2.56,184.32,,,,,,,,,,,,
40962,10.02198735v1,10,,2,4,,11/2/2023 17:47,,,,55,,,,,650,2.28,1532.16,,,,,,,,,,,,
40963,10.02198637v1,10,,2,4,,11/6/2023 23:49,,,,5,,,,,50,3.25,234,,,,,,,,,,,,
40964,10.02198418v1,10,,2,4,,11/2/2023 23:54,,,,25,,,,,300,2.54,792.48,,,,,,,,,,,,
40965,10.02162175v1,10,,2,4,,11/2/2023 18:11,,,,42,,,,,500,2.54,1310.64,,,,,,,,,,,,
40966,55.03199419v1,55,,114,4,,11/6/2023 18:39,,,,3,,,,,30,3.42,164.16,,,,,,,,,,,,
40967,10.02116286v1,10,,2,3,,11/2/2023 19:41,,,,10,,,,,120,2.72,359.04,,,,,,,,,,,,
40968,10.0227001v4,10,,2,3,,11/2/2023 18:55,,,,296,,,,,3550,1.72,6130.08,,,,,,,,,,,,
40969,10.02195753v1,10,,2,3,,11/2/2023 21:31,,,,84,,,,,1000,2.01,2050.2,,,,,,,,,,,,
40970,10.02194088v2,10,,2,1,,11/3/2023 16:12,,,,20,,,,,240,1.96,493.92,,,,,,,,,,,,
40971,10.02167206v1,10,,2,1,,11/8/2023 22:35,,,,15,,,,,180,1.96,376.32,,,,,,,,,,,,
40972,10.02185633v2,10,,2,4,,11/6/2023 20:37,,,,3,,,,,30,3.25,156,,,,,,,,,,,,
40973,10.02100130v3,10,,2,4,,11/2/2023 20:08,,,,5,,,,,60,2.83,203.76,,,,,,,,,,,,
40974,10.02198212v3,10,,2,4,,11/3/2023 16:56,,,,100,,,,,1200,2.01,2436.12,,,,,,,,,,,,
40975,10.02186866v3,10,,2,1,,11/6/2023 19:25,,,,13,,,,,150,1.96,329.28,,,,,,,,,,,,
40975,10.02185189v4,10,,2,1,,11/6/2023 19:25,,,,13,,,,,150,1.96,329.28,,,,,,,,,,,,
40975,10.02185389v3,10,,2,1,,11/6/2023 19:25,,,,13,,,,,150,1.96,329.28,,,,,,,,,,,,
40975,10.02185195v3,10,,2,1,,11/6/2023 19:25,,,,13,,,,,150,1.96,329.28,,,,,,,,,,,,
40975,10.02185352v2,10,,2,1,,11/6/2023 19:25,,,,13,,,,,150,1.96,329.28,,,,,,,,,,,,
40976,10.02132269v1,10,,2,3,,11/3/2023 20:23,,,,9,,,,,100,2.85,342,,,,,,,,,,,,
40977,10.02198817v1,10,,2,1,,11/7/2023 19:54,,,,5,,,,,60,2.56,184.32,,,,,,,,,,,,
40979,10.02199562v1,10,,2,1,,11/7/2023 16:44,,,,17,,,,,200,1.96,423.36,,,,,,,,,,,,
40980,10.02196785v2,10,,2,1,,11/2/2023 20:58,,,,24,,,,,280,1.96,588,,,,,,,,,,,,
40981,10.02198791v2,10,,2,4,,11/2/2023 21:29,,,,10,,,,,120,2.83,373.56,,,,,,,,,,,,
40982,46.02176723v1,46,,113,1,,11/7/2023 18:59,,,,60,,,,,720,1.62,1185.84,,,,,,,,,,,,
40983,10.02163162v1,10,,2,4,,11/3/2023 12:56,,,,25,,,,,300,2.54,792.48,,,,,,,,,,,,
40984,10.02162711v1,10,,2,1,,11/6/2023 20:57,,,,10,,,,,120,2.23,294.36,,,,,,,,,,,,
40985,55.02197885v2,55,,114,1,,11/3/2023 22:59,,,,84,,,,,1000,1.71,1744.2,,,,,,,,,,,,
40986,15.02198895v1,15,,7,3,,11/3/2023 19:23,,,,17,,,,,204,3.66,790.56,,,,,,,,,,,,
40986,15.02198894v1,15,,7,3,,11/3/2023 19:23,,,,17,,,,,204,3.66,790.56,,,,,,,,,,,,
40987,10.02195587v1,10,,2,1,,11/3/2023 16:21,,,,13,,,,,150,1.96,329.28,,,,,,,,,,,,
40988,10.02172799v1,10,,2,3,,11/7/2023 22:11,,,,28,,,,,325,2.43,845.64,,,,,,,,,,,,
40988,10.02172800v2,10,,2,3,,11/7/2023 22:11,,,,28,,,,,325,2.43,845.64,,,,,,,,,,,,
40990,932198964v1,93,120,120,10,45261,11/3/2023 17:56,Direct,newbusiness,15907449649,10,1.8,0,237.6,216,,,,,,,,,,,,,,,
40990,932198965v1,93,120,120,10,45261,11/3/2023 17:56,Direct,newbusiness,15907449649,10,1.8,0,237.6,216,,,,,,,,,,,,,,,
40992,10.0235095v3,10,,2,1,,11/3/2023 13:07,,,,20,,,,,240,1.96,493.92,,,,,,,,,,,,
40994,17.02199162v1,17,,9,4,,11/13/2023 13:13,,,,6,,,,,62,2.83,237.72,,,,,,,,,,,,
40995,49.02189693v1,49,,116,3,,11/6/2023 14:36,,,,20,,,,,240,2.36,594.72,,,,,,,,,,,,
40996,49.02180122v1,49,,116,3,,11/6/2023 14:40,,,,20,,,,,240,2.36,594.72,,,,,,,,,,,,
40997,49.02180148v1,49,,116,3,,11/6/2023 14:37,,,,20,,,,,240,2.36,594.72,,,,,,,,,,,,
40998,44.02198809v1,44,,21,1,,11/3/2023 15:46,,,,100,,,,,1200,1.71,2072.52,,,,,,,,,,,,
40999,10.02191030v1,10,,2,1,,11/3/2023 16:01,,,,5,,,,,60,2.56,184.32,,,,,,,,,,,,
40999,10.02194457v3,10,,2,1,,11/3/2023 16:01,,,,5,,,,,60,2.56,184.32,,,,,,,,,,,,
41000,10.0287375v1,10,,2,3,,11/3/2023 16:34,,,,20,,,,,240,2.43,612.36,,,,,,,,,,,,
41001,10.0282550v5,10,,2,3,,11/3/2023 21:06,,,,5,,,,,60,2.85,205.2,,,,,,,,,,,,
41002,46.02105606v1,46,,113,1,,11/3/2023 23:35,,,,11,,,,,125,2.06,296.64,,,,,,,,,,,,
41003,10.02164692v1,10,,2,1,,11/3/2023 19:37,,,,7,,,,,80,2.56,245.76,,,,,,,,,,,,
41004,17.02197015v3,17,,9,1,,11/3/2023 16:03,,,,10,,,,,120,2.23,294.36,,,,,,,,,,,,
41005,10.02197719v1,10,,2,1,,11/6/2023 18:45,,,,42,,,,,500,1.96,1011.36,,,,,,,,,,,,
41007,10.02197731v1,10,,2,4,,11/3/2023 17:46,,,,5,,,,,60,2.83,203.76,,,,,,,,,,,,
41008,10.02198462v2,10,,2,1,,11/3/2023 17:14,,,,14,,,,,160,1.96,352.8,,,,,,,,,,,,
41008,10.02198463v2,10,,2,1,,11/3/2023 17:14,,,,3,,,,,30,3.18,152.64,,,,,,,,,,,,
41009,49.02194672v1,49,,116,4,,11/3/2023 17:26,,,,10,,,,,120,2.83,373.56,,,,,,,,,,,,
41010,10.02197945v1,10,,2,1,,11/3/2023 18:09,,,,11,,,,,125,2.23,321.12,,,,,,,,,,,,
41011,10.02194569v1,10,,2,4,,11/6/2023 19:27,,,,5,,,,,60,2.83,203.76,,,,,,,,,,,,
41011,10.03199034v1,10,,2,4,,11/6/2023 19:27,,,,5,,,,,60,2.83,203.76,,,,,,,,,,,,
41012,55.02194618v1,55,,114,1,,11/3/2023 22:41,,,,10,,,,,120,1.96,258.72,,,,,,,,,,,,
41013,10.02187640v1,10,,2,1,,11/3/2023 18:28,,,,3,,,,,30,3.18,152.64,,,,,,,,,,,,
41014,10.02198830v1,10,,2,1,,11/3/2023 19:21,,,,10,,,,,120,2.23,294.36,,,,,,,,,,,,
41015,10.02196461v1,10,,2,1,,11/3/2023 20:17,,,,10,,,,,120,2.23,294.36,,,,,,,,,,,,
41016,55.02199247v1,55,,114,3,,11/3/2023 18:58,,,,10,,,,,120,2.85,376.2,,,,,,,,,,,,
41017,10.03199033v2,10,,2,4,,11/6/2023 19:23,,,,5,,,,,60,2.83,203.76,,,,,,,,,,,,
41017,10.02191499v2,10,,2,4,,11/6/2023 19:23,,,,5,,,,,60,2.83,203.76,,,,,,,,,,,,
41019,10.02198754v1,10,,2,1,,11/3/2023 19:34,,,,84,,,,,1000,1.79,1825.8,,,,,,,,,,,,
41020,10.02198252v1,10,,2,1,,11/3/2023 20:00,,,,10,,,,,120,2.23,294.36,,,,,,,,,,,,
41022,10.02178574v1,10,,2,3,,11/3/2023 22:51,,,,3,,,,,30,3.18,152.64,,,,,,,,,,,,
41023,15.02196168v4,15,,7,3,,11/7/2023 16:31,,,,10,,,,,120,3.84,506.88,,,,,,,,,,,,
41024,10.02189914v3,10,,2,3,,11/3/2023 23:02,,,,5,,,,,60,2.85,205.2,,,,,,,,,,,,
41025,10.02199129v1,10,,2,4,,11/6/2023 20:17,,,,9,,,,,100,2.83,339.6,,,,,,,,,,,,
41026,17.02192810v2,17,,9,1,,11/6/2023 13:33,,,,10,,,,,120,2.23,294.36,,,,,,,,,,,,
41026,17.02192812v2,17,,9,1,,11/6/2023 13:33,,,,10,,,,,120,2.23,294.36,,,,,,,,,,,,
41027,10.02194992v2,10,,2,4,,11/3/2023 22:17,,,,5,,,,,60,2.83,203.76,,,,,,,,,,,,
41027,10.02195002v4,10,,2,4,,11/3/2023 22:17,,,,5,,,,,60,2.83,203.76,,,,,,,,,,,,
41028,10.02102826v1,10,,2,3,,11/6/2023 22:34,,,,11,,,,,130,2.72,391.68,,,,,,,,,,,,
41029,46.02195994v2,46,,113,1,,11/10/2023 19:10,,,,50,,,,,590,1.71,1046.52,,,,,,,,,,,,
41030,12.02151725v2,12,,4,3,,11/6/2023 19:18,,,,21,,,,,250,2.18,575.52,,,,,,,,,,,,
41030,12.02151728v3,12,,4,3,,11/6/2023 19:18,,,,21,,,,,250,2.18,575.52,,,,,,,,,,,,
41031,10.02197283v1,10,,2,3,,11/7/2023 16:25,,,,9,,,,,100,2.85,342,,,,,,,,,,,,
41032,10.0255097v1,10,,2,3,,11/6/2023 15:48,,,,9,,,,,100,2.85,342,,,,,,,,,,,,
41033,10.02197971v2,10,,2,3,,11/6/2023 16:25,,,,5,,,,,60,2.85,205.2,,,,,,,,,,,,
41034,10.02198155v3,10,,2,1,,11/6/2023 15:14,,,,13,,,,,147,1.96,329.28,,,,,,,,,,,,
41035,10.02199525v1,10,,2,3,,11/6/2023 23:49,,,,5,,,,,60,2.85,205.2,,,,,,,,,,,,
41036,10.02199510v1,10,,2,3,,11/6/2023 23:49,,,,5,,,,,60,2.85,205.2,,,,,,,,,,,,
41036,10.02199496v1,10,,2,3,,11/6/2023 23:49,,,,5,,,,,60,2.85,205.2,,,,,,,,,,,,
41037,10.02116911v2,10,,2,1,,11/6/2023 11:37,,,,20,,,,,240,1.96,493.92,,,,,,,,,,,,
41038,10.02174434v1,10,,2,1,,11/6/2023 14:40,,,,9,,,,,100,2.56,307.2,,,,,,,,,,,,
41039,10.0290541v3,10,,2,3,,11/6/2023 18:53,,,,10,,,,,120,2.72,359.04,,,,,,,,,,,,
41040,10.02197576v1,10,,2,1,,11/7/2023 15:11,,,,30,,,,,350,1.96,729.12,,,,,,,,,,,,
41041,10.02187589v1,10,,2,1,,11/6/2023 20:47,,,,26,,,,,306,1.96,635.04,,,,,,,,,,,,
41042,55.02111623v1,55,,114,1,,11/8/2023 14:19,,,,9,,,,,100,2.56,307.2,,,,,,,,,,,,
41042,10.0243578v1,10,,2,1,,11/8/2023 14:19,,,,5,,,,,60,2.56,184.32,,,,,,,,,,,,
41042,10.0243612v1,10,,2,1,,11/8/2023 14:19,,,,9,,,,,100,2.56,307.2,,,,,,,,,,,,
41043,10.02198707v1,10,,2,4,,11/6/2023 17:16,,,,6,,,,,70,2.83,237.72,,,,,,,,,,,,
41044,10.02100953v1,10,,2,1,,11/6/2023 15:50,,,,7,,,,,75,2.56,245.76,,,,,,,,,,,,
41045,10.02136687v1,10,,2,3,,11/7/2023 22:32,,,,9,,,,,100,2.85,342,,,,,,,,,,,,
41046,10.02198113v1,10,,2,1,,11/6/2023 18:56,,,,13,,,,,150,1.96,329.28,,,,,,,,,,,,
41046,10.02198118v1,10,,2,1,,11/6/2023 18:56,,,,13,,,,,150,1.96,329.28,,,,,,,,,,,,
41048,10.02199052v1,10,,2,1,,11/6/2023 21:41,,,,5,,,,,60,2.56,184.32,,,,,,,,,,,,
41049,10.0222077v1,10,,2,4,,11/6/2023 18:44,,,,10,,,,,120,2.83,373.56,,,,,,,,,,,,
41049,10.0222078v1,10,,2,4,,11/6/2023 18:44,,,,10,,,,,120,2.83,373.56,,,,,,,,,,,,
41051,10.02197346v1,10,,2,1,,11/6/2023 17:59,,,,32,,,,,380,1.96,776.16,,,,,,,,,,,,
41052,10.02172356v2,10,,2,1,,11/6/2023 22:33,,,,125,,,,,1500,1.71,2585.52,,,,,,,,,,,,
41053,10.03199194v1,10,,2,1,,11/7/2023 15:14,,,,13,,,,,150,1.96,329.28,,,,,,,,,,,,
41054,10.02198185v1,10,,2,4,,11/6/2023 18:22,,,,10,,,,,120,2.83,373.56,,,,,,,,,,,,
41055,10.02147141v1,10,,2,4,,11/6/2023 20:31,,,,13,,,,,150,2.54,426.72,,,,,,,,,,,,
41055,55.02155731v1,55,,114,4,,11/6/2023 20:31,,,,13,,,,,150,2.71,455.28,,,,,,,,,,,,
41055,10.02143848v9,10,,2,4,,11/6/2023 20:31,,,,13,,,,,150,2.54,426.72,,,,,,,,,,,,
41055,10.02143848v8,10,,2,4,,11/6/2023 20:31,,,,13,,,,,150,2.54,426.72,,,,,,,,,,,,
41055,55.02155722v1,55,,114,4,,11/6/2023 20:31,,,,13,,,,,150,2.71,455.28,,,,,,,,,,,,
41055,55.02155707v1,55,,114,4,,11/6/2023 20:31,,,,13,,,,,150,2.71,455.28,,,,,,,,,,,,
41055,55.02155717v1,55,,114,4,,11/6/2023 20:31,,,,13,,,,,150,2.71,455.28,,,,,,,,,,,,
41056,10.02198737v2,10,,2,4,,11/6/2023 18:09,,,,10,,,,,120,2.83,373.56,,,,,,,,,,,,
41056,10.02166143v4,10,,2,4,,11/6/2023 18:09,,,,10,,,,,120,2.83,373.56,,,,,,,,,,,,
41057,10.02183272v1,10,,2,3,,11/7/2023 15:12,,,,4,,,,,42,3.18,190.8,,,,,,,,,,,,
41059,10.0280156v1,10,,2,3,,11/6/2023 18:30,,,,10,,,,,120,2.72,359.04,,,,,,,,,,,,
41060,10.0210309v2,10,,2,1,,11/6/2023 22:06,,,,11,,,,,121,2.23,321.12,,,,,,,,,,,,
41061,10.02199430v1,10,,2,1,,11/6/2023 20:51,,,,29,,,,,343,1.96,705.6,,,,,,,,,,,,
41062,932199540v1,93,120,120,10,45264,11/7/2023 22:04,Direct,newbusiness,15942366248,10,1.8,0,237.6,216,,,,,,,,,,,,,,,
41063,10.02198540v2,10,,2,4,,11/6/2023 19:51,,,,3,,,,,30,3.25,156,,,,,,,,,,,,
41064,10.02198998v1,10,,2,4,,11/7/2023 20:18,,,,3,,,,,30,3.25,156,,,,,,,,,,,,
41065,10.02199425v1,10,,2,4,,11/6/2023 19:20,,,,5,,,,,60,2.83,203.76,,,,,,,,,,,,
41066,15.02194779v1,15,,7,3,,11/6/2023 22:48,,,,10,,,,,120,3.84,506.88,,,,,,,,,,,,
41067,10.02193546v1,10,,2,3,,11/6/2023 19:39,,,,30,,,,,360,2.43,903.96,,,,,,,,,,,,
41067,10.02193631v6,10,,2,3,,11/6/2023 19:39,,,,30,,,,,360,2.43,903.96,,,,,,,,,,,,
41069,10.02191282v1,10,,2,1,,11/6/2023 19:52,,,,5,,,,,60,2.56,184.32,,,,,,,,,,,,
41070,10.0289951v1,10,,2,1,,11/6/2023 19:59,,,,34,,,,,400,1.96,823.2,,,,,,,,,,,,
41072,10.02197151v1,10,,2,1,,11/7/2023 19:58,,,,10,,,,,120,2.23,294.36,,,,,,,,,,,,
41072,10.02197229v1,10,,2,1,,11/7/2023 19:58,,,,10,,,,,120,2.23,294.36,,,,,,,,,,,,
41073,17.02201578v1,17,,9,1,,11/17/2023 21:14,,,,17,,,,,200,1.96,423.36,,,,,,,,,,,,
41074,93262484v2,93,500,120,10,45267,11/7/2023 22:03,Distributor,existingbusiness,15944941486,42,1.31,0,675.96,655,,,,,,,,,,,,,,,
41074,12.02112586v1,12,,4,1,,11/7/2023 22:03,,,,40,,,,,480,1.63,801.96,,,,,,,,,,,,
41075,10.02186790v1,10,,2,3,,11/6/2023 22:11,,,,11,,,,,125,2.72,391.68,,,,,,,,,,,,
41076,10.0240412v3,10,,2,3,,11/6/2023 23:06,,,,34,,,,,400,2.43,1020.6,,,,,,,,,,,,
41077,10.02126641v1,10,,2,1,,11/6/2023 23:14,,,,10,,,,,120,2.23,294.36,,,,,,,,,,,,
41078,10.02197101v1,10,,2,1,,11/6/2023 22:21,,,,22,,,,,260,1.96,540.96,,,,,,,,,,,,
41079,10.0248411v4,10,,2,1,,11/6/2023 22:15,,,,42,,,,,500,1.96,1011.36,,,,,,,,,,,,
41080,10.02192508v1,10,,2,4,,11/6/2023 22:29,,,,10,,,,,120,2.83,373.56,,,,,,,,,,,,
41081,10.0248411v4,10,,2,1,,11/6/2023 22:47,,,,42,,,,,500,1.96,1011.36,,,,,,,,,,,,
41083,10.02175175v1,10,,2,1,,11/8/2023 0:24,,,,15,,,,,175,1.96,376.32,,,,,,,,,,,,
41084,15.02198407v4,15,,7,3,,11/6/2023 23:49,,,,14,,,,,160,3.66,658.8,,,,,,,,,,,,
41085,10.02180609v1,10,,2,3,,11/7/2023 17:18,,,,40,,,,,480,2.43,1195.56,,,,,,,,,,,,
41086,55.02199478v1,55,,114,4,,11/7/2023 13:49,,,,84,,,,,1000,2.18,2223.6,,,,,,,,,,,,
41087,9102199541v2,910,250,25,5,45265,11/7/2023 23:46,Distributor,newbusiness,15945651267,21,0.76,90,290.64,280,,,,,,,,,,,,,,,
41087,9102199541v2,910,250,25,5,45266,11/7/2023 23:46,Distributor,newbusiness,15945651267,21,0.76,90,290.64,280,,,,,,,,,,,,,,,
41088,10.02198806v1,10,,2,3,,11/9/2023 17:31,,,,3,,,,,30,3.18,152.64,,,,,,,,,,,,
41089,55.02199652v1,55,,114,3,,11/7/2023 15:52,,,,5,,,,,60,2.98,214.56,,,,,,,,,,,,
41090,10.02196676v1,10,,2,3,,11/7/2023 15:56,,,,3,,,,,30,3.18,152.64,,,,,,,,,,,,
41091,10.02199477v1,10,,2,3,,11/8/2023 21:52,,,,9,,,,,100,2.85,342,,,,,,,,,,,,
41092,10.03199220v2,10,,2,1,,11/7/2023 16:26,,,,3,,,,,30,3.18,152.64,,,,,,,,,,,,
41092,10.02197579v3,10,,2,1,,11/7/2023 16:26,,,,13,,,,,145,1.96,329.28,,,,,,,,,,,,
41093,10.02198730v1,10,,2,3,,11/9/2023 16:38,,,,7,,,,,75,2.85,273.6,,,,,,,,,,,,
41094,10.02194847v1,10,,2,1,,11/7/2023 22:44,,,,30,,,,,360,1.96,729.12,,,,,,,,,,,,
41094,10.02194846v2,10,,2,1,,11/7/2023 22:44,,,,30,,,,,360,1.96,729.12,,,,,,,,,,,,
41095,10.02198160v1,10,,2,4,,11/7/2023 19:50,,,,5,,,,,60,2.83,203.76,,,,,,,,,,,,
41096,55.02192825v1,55,,114,4,,11/9/2023 15:14,,,,5,,,,,60,3,216,,,,,,,,,,,,
41097,10.02197637v1,10,,2,1,,11/7/2023 19:21,,,,21,,,,,250,1.96,517.44,,,,,,,,,,,,
41098,10.02152959v2,10,,2,1,,11/7/2023 20:25,,,,10,,,,,120,2.23,294.36,,,,,,,,,,,,
41099,55.02126505v1,55,,114,4,,11/7/2023 19:59,,,,9,,,,,100,3,360,,,,,,,,,,,,
41100,10.0295350v1,10,,2,4,,11/7/2023 19:39,,,,3,,,,,30,3.25,156,,,,,,,,,,,,
41100,10.0295349v1,10,,2,4,,11/7/2023 19:39,,,,3,,,,,30,3.25,156,,,,,,,,,,,,
41101,55.02198073v1,55,,114,1,,11/9/2023 16:48,,,,25,,,,,300,1.88,586.56,,,,,,,,,,,,
41102,46.0292083v1,46,,113,1,,11/7/2023 19:06,,,,42,,,,,500,1.79,923.64,,,,,,,,,,,,
41103,10.02125667v3,10,,2,4,,11/7/2023 18:02,,,,10,,,,,120,2.83,373.56,,,,,,,,,,,,
41104,55.02150701v2,55,,114,1,,11/8/2023 1:11,,,,13,,,,,150,1.88,315.84,,,,,,,,,,,,
41104,55.02150706v2,55,,114,1,,11/8/2023 1:11,,,,13,,,,,150,1.88,315.84,,,,,,,,,,,,
41104,46.02150710v1,46,,113,1,,11/8/2023 1:11,,,,13,,,,,150,1.79,300.72,,,,,,,,,,,,
41105,10.02195007v1,10,,2,3,,11/8/2023 22:01,,,,24,,,,,280,2.43,729,,,,,,,,,,,,
41106,48.02199698v1,48,,115,3,,11/7/2023 19:44,,,,3,,,,,30,3.18,152.64,,,,,,,,,,,,
41107,10.02199726v1,10,,2,4,,11/7/2023 19:24,,,,8,,,,,90,2.83,305.64,,,,,,,,,,,,
41107,10.02198433v1,10,,2,4,,11/7/2023 19:24,,,,5,,,,,60,2.83,203.76,,,,,,,,,,,,
41108,10.02198107v2,10,,2,1,,11/7/2023 21:28,,,,10,,,,,120,2.23,294.36,,,,,,,,,,,,
41109,17.02196943v2,17,,9,4,,11/7/2023 19:51,,,,6,,,,,65,2.83,237.72,,,,,,,,,,,,
41110,10.02176028v1,10,,2,4,,11/8/2023 15:10,,,,17,,,,,200,2.54,548.64,,,,,,,,,,,,
41111,55.02195709v1,55,,114,4,,11/7/2023 22:38,,,,10,,,,,120,3,396,,,,,,,,,,,,
41112,55.02197788v2,55,,114,1,,11/7/2023 19:49,,,,13,,,,,150,1.88,315.84,,,,,,,,,,,,
41113,55.02198553v2,55,,114,1,,11/7/2023 20:19,,,,84,,,,,1000,1.71,1744.2,,,,,,,,,,,,
41113,46.02198560v1,46,,113,1,,11/7/2023 20:19,,,,84,,,,,1000,1.62,1652.4,,,,,,,,,,,,
41114,17.02198454v5,17,,9,1,,11/9/2023 15:04,,,,42,,,,,500,1.96,1011.36,,,,,,,,,,,,
41116,10.02199755v1,10,,2,4,,11/9/2023 21:42,,,,10,,,,,120,2.83,373.56,,,,,,,,,,,,
41117,10.02197325v2,10,,2,1,,11/8/2023 13:35,,,,19,,,,,227,1.96,470.4,,,,,,,,,,,,
41117,10.02197324v12,10,,2,1,,11/8/2023 13:35,,,,20,,,,,231,1.96,493.92,,,,,,,,,,,,
41117,10.02197320v6,10,,2,1,,11/8/2023 13:35,,,,19,,,,,226,1.96,470.4,,,,,,,,,,,,
41118,10.02194773v5,10,,2,1,,11/7/2023 22:06,,,,17,,,,,200,1.96,423.36,,,,,,,,,,,,
41119,10.02192761v1,10,,2,4,,11/7/2023 22:52,,,,10,,,,,120,2.83,373.56,,,,,,,,,,,,
41120,10.02190935v1,10,,2,3,,11/8/2023 21:05,,,,3,,,,,30,3.18,152.64,,,,,,,,,,,,
41121,10.04199559v1,10,,2,1,,11/8/2023 14:29,,,,25,,,,,300,1.96,611.52,,,,,,,,,,,,
41122,55.02152203v1,55,,114,4,,11/9/2023 20:12,,,,107,,,,,1275,2.18,2825.28,,,,,,,,,,,,
41122,55.02151791v2,55,,114,4,,11/9/2023 20:12,,,,92,,,,,1100,2.18,2432.88,,,,,,,,,,,,
41123,10.02195975v1,10,,2,1,,11/9/2023 16:26,,,,13,,,,,150,1.96,329.28,,,,,,,,,,,,
41125,10.02199524v4,10,,2,1,,11/7/2023 22:44,,,,17,,,,,200,1.96,423.36,,,,,,,,,,,,
41126,10.02199746v1,10,,2,4,,11/8/2023 13:35,,,,10,,,,,120,2.83,373.56,,,,,,,,,,,,
41128,10.02199654v2,10,,2,1,,11/8/2023 13:35,,,,10,,,,,120,2.23,294.36,,,,,,,,,,,,
41129,10.02199809v1,10,,2,1,,11/9/2023 17:03,,,,21,,,,,250,1.96,517.44,,,,,,,,,,,,
41131,15.02179410v1,15,,7,3,,11/8/2023 20:43,,,,30,,,,,360,3.53,1313.16,,,,,,,,,,,,
41132,10.02199383v1,10,,2,1,,11/10/2023 18:49,,,,21,,,,,250,1.96,517.44,,,,,,,,,,,,
41133,17.02185708v4,17,,9,3,,11/9/2023 16:00,,,,9,,,,,100,2.85,342,,,,,,,,,,,,
41134,55.02199719v1,55,,114,4,,11/8/2023 3:20,,,,60,,,,,720,2.18,1595.76,,,,,,,,,,,,
41135,10.0237764v1,10,,2,1,,11/8/2023 4:44,,,,5,,,,,60,2.56,184.32,,,,,,,,,,,,
41135,10.0237749v1,10,,2,1,,11/8/2023 4:44,,,,5,,,,,60,2.56,184.32,,,,,,,,,,,,
41136,55.02178974v1,55,,114,1,,11/8/2023 15:37,,,,7,,,,,79,2.56,245.76,,,,,,,,,,,,
41136,55.02178975v1,55,,114,1,,11/8/2023 15:37,,,,7,,,,,79,2.56,245.76,,,,,,,,,,,,
41136,55.02178422v2,55,,114,1,,11/8/2023 15:37,,,,14,,,,,157,1.88,338.4,,,,,,,,,,,,
41136,55.02178416v2,55,,114,1,,11/8/2023 15:37,,,,14,,,,,157,1.88,338.4,,,,,,,,,,,,
41137,10.0241447v1,10,,2,3,,11/8/2023 18:35,,,,30,,,,,360,2.43,903.96,,,,,,,,,,,,
41138,10.02188995v1,10,,2,4,,11/8/2023 16:41,,,,10,,,,,120,2.83,373.56,,,,,,,,,,,,
41139,46.0292083v1,46,,113,1,,11/8/2023 17:52,,,,17,,,,,200,1.79,386.64,,,,,,,,,,,,
41140,10.02199683v1,10,,2,1,,11/8/2023 15:56,,,,7,,,,,80,2.56,245.76,,,,,,,,,,,,
41142,10.02195150v1,10,,2,4,,11/8/2023 16:51,,,,10,,,,,120,2.83,373.56,,,,,,,,,,,,
41143,10.02190357v9,10,,2,1,,11/8/2023 16:32,,,,14,,,,,160,1.96,352.8,,,,,,,,,,,,
41144,10.02155551v3,10,,2,3,,11/8/2023 19:23,,,,21,,,,,250,2.43,641.52,,,,,,,,,,,,
41145,10.02199870v5,10,,2,1,,11/16/2023 17:43,,,,34,,,,,400,1.96,823.2,,,,,,,,,,,,
41146,55.02199616v1,55,,114,4,,11/13/2023 17:19,,,,8,,,,,85,3,324,,,,,,,,,,,,
41147,10.02199945v1,10,,2,1,,11/9/2023 18:07,,,,42,,,,,500,1.96,1011.36,,,,,,,,,,,,
41147,10.02200153v1,10,,2,1,,11/9/2023 18:07,,,,42,,,,,500,1.96,1011.36,,,,,,,,,,,,
41148,10.02199098v1,10,,2,3,,11/8/2023 18:56,,,,25,,,,,300,2.43,758.16,,,,,,,,,,,,
41149,10.04199728v1,10,,2,4,,11/8/2023 18:41,,,,6,,,,,65,2.83,237.72,,,,,,,,,,,,
41149,10.04199727v1,10,,2,4,,11/8/2023 18:41,,,,6,,,,,65,2.83,237.72,,,,,,,,,,,,
41149,55.02199730v1,55,,114,4,,11/8/2023 18:41,,,,6,,,,,65,3,252,,,,,,,,,,,,
41149,55.02199733v1,55,,114,4,,11/8/2023 18:41,,,,6,,,,,65,3,252,,,,,,,,,,,,
41150,10.03194418v1,10,,2,3,,11/8/2023 18:14,,,,30,,,,,360,2.43,903.96,,,,,,,,,,,,
41151,10.02199537v1,10,,2,1,,11/8/2023 20:56,,,,20,,,,,240,1.96,493.92,,,,,,,,,,,,
41152,55.02199999v1,55,,114,1,,11/8/2023 18:27,,,,17,,,,,194,1.88,406.08,,,,,,,,,,,,
41153,10.02178119v4,10,,2,3,,11/8/2023 22:06,,,,17,,,,,200,2.54,548.64,,,,,,,,,,,,
41154,932196309v2,93,120,120,10,45267,11/9/2023 22:35,Distributor,newbusiness,15756556092,10,1.8,0,237.6,216,,,,,,,,,,,,,,,
41154,932196309v2,93,240,120,10,45271,11/9/2023 22:35,Distributor,newbusiness,15756556092,20,1.42,0,357.84,340.8,,,,,,,,,,,,,,,
41155,10.02148690v1,10,,2,3,,11/8/2023 21:51,,,,13,,,,,150,2.54,426.72,,,,,,,,,,,,
41155,10.02148689v1,10,,2,3,,11/8/2023 21:51,,,,13,,,,,150,2.54,426.72,,,,,,,,,,,,
41156,10.02189061v1,10,,2,4,,11/8/2023 21:04,,,,34,,,,,400,2.54,1066.8,,,,,,,,,,,,
41157,10.02201485v5,10,,2,3,,11/20/2023 15:34,,,,84,,,,,1004,2.01,2050.2,,,,,,,,,,,,
41158,10.02199638v2,10,,2,1,,11/8/2023 19:06,,,,11,,,,,128,2.23,321.12,,,,,,,,,,,,
41159,10.02198257v1,10,,2,3,,11/8/2023 20:26,,,,5,,,,,60,2.85,205.2,,,,,,,,,,,,
41160,55.02199961v2,55,,114,4,,11/8/2023 20:24,,,,3,,,,,30,3.42,164.16,,,,,,,,,,,,
41161,10.02196065v1,10,,2,1,,11/8/2023 20:08,,,,10,,,,,120,2.23,294.36,,,,,,,,,,,,
41162,10.02198247v1,10,,2,3,,11/8/2023 20:22,,,,3,,,,,30,3.18,152.64,,,,,,,,,,,,
41163,46.02200075v1,46,,113,3,,11/9/2023 21:46,,,,9,,,,,100,2.85,342,,,,,,,,,,,,
41164,10.02189805v1,10,,2,4,,11/9/2023 16:50,,,,5,,,,,60,2.83,203.76,,,,,,,,,,,,
41165,46.02196611v2,46,,113,1,,11/10/2023 16:24,,,,42,,,,,500,1.79,923.64,,,,,,,,,,,,
41166,15.02196634v1,15,,7,3,,11/8/2023 23:52,,,,10,,,,,120,3.84,506.88,,,,,,,,,,,,
41167,10.02183334v1,10,,2,1,,11/8/2023 22:33,,,,84,,,,,1000,1.79,1825.8,,,,,,,,,,,,
41168,10.02199978v1,10,,2,1,,11/9/2023 22:08,,,,30,,,,,360,1.96,729.12,,,,,,,,,,,,
41169,10.02199067v4,10,,2,3,,11/8/2023 21:46,,,,5,,,,,60,2.85,205.2,,,,,,,,,,,,
41170,48.02197761v2,48,,115,3,,11/8/2023 21:58,,,,20,,,,,240,2.43,612.36,,,,,,,,,,,,
41171,10.02150303v1,10,,2,3,,11/9/2023 13:21,,,,5,,,,,60,2.85,205.2,,,,,,,,,,,,
41172,10.0274578v3,10,,2,1,,11/10/2023 20:26,,,,20,,,,,240,1.96,493.92,,,,,,,,,,,,
41172,10.0274579v1,10,,2,1,,11/10/2023 20:26,,,,20,,,,,240,1.96,493.92,,,,,,,,,,,,
41174,,70,,,1,45246,11/10/2023 19:00,,,,,,,,,,2.23,,25054,120,24588,53725,64,20848,132,130796,11/10/2023 18:57,11/16/2023,10,294.36
41175,10.02102887v1,10,,2,3,,11/8/2023 23:50,,,,10,,,,,120,2.72,359.04,,,,,,,,,,,,
41176,55.02200169v1,55,,114,1,,11/9/2023 16:47,,,,12,,,,,140,1.88,293.28,,,,,,,,,,,,
41177,15.02195212v1,15,,7,3,,11/15/2023 16:14,,,,10,,,,,112,3.84,506.88,,,,,,,,,,,,
41177,15.02195201v1,15,,7,3,,11/15/2023 16:14,,,,10,,,,,111,3.84,506.88,,,,,,,,,,,,
41177,15.02195186v1,15,,7,3,,11/15/2023 16:14,,,,10,,,,,112,3.84,506.88,,,,,,,,,,,,
41179,10.02198565v2,10,,2,3,,11/9/2023 15:08,,,,10,,,,,120,2.72,359.04,,,,,,,,,,,,
41179,10.02198566v2,10,,2,3,,11/9/2023 15:08,,,,10,,,,,120,2.72,359.04,,,,,,,,,,,,
41180,10.02196685v6,10,,2,3,,11/9/2023 2:10,,,,10,,,,,120,2.72,359.04,,,,,,,,,,,,
41181,10.02171782v3,10,,2,1,,11/9/2023 13:30,,,,42,,,,,500,1.96,1011.36,,,,,,,,,,,,
41182,10.02200026v1,10,,2,3,,11/9/2023 15:53,,,,6,,,,,70,2.85,239.4,,,,,,,,,,,,
41183,10.02152749v5,10,,2,1,,11/9/2023 15:07,,,,30,,,,,360,1.96,729.12,,,,,,,,,,,,
41184,10.02199898v1,10,,2,1,,11/9/2023 16:56,,,,11,,,,,132,1.96,282.24,,,,,,,,,,,,
41185,10.0290510v2,10,,2,1,,11/9/2023 17:50,,,,20,,,,,240,1.96,493.92,,,,,,,,,,,,
41186,10.02193580v1,10,,2,3,,11/15/2023 20:30,,,,5,,,,,50,3.18,228.96,,,,,,,,,,,,
41187,10.0213785v1,10,,2,1,,11/9/2023 16:56,,,,17,,,,,200,1.96,423.36,,,,,,,,,,,,
41188,10.02180596v1,10,,2,3,,11/9/2023 18:23,,,,3,,,,,30,3.18,152.64,,,,,,,,,,,,
41189,10.02192156v1,10,,2,3,,11/9/2023 18:13,,,,20,,,,,240,2.43,612.36,,,,,,,,,,,,
41190,10.02192514v1,10,,2,1,,11/9/2023 19:35,,,,10,,,,,120,2.23,294.36,,,,,,,,,,,,
41191,10.02195096v1,10,,2,3,,11/9/2023 18:15,,,,5,,,,,60,2.85,205.2,,,,,,,,,,,,
41192,10.02193278v5,10,,2,3,,11/9/2023 17:57,,,,25,,,,,300,2.43,758.16,,,,,,,,,,,,
41193,10.02191635v2,10,,2,3,,11/9/2023 19:12,,,,5,,,,,60,2.85,205.2,,,,,,,,,,,,
41194,55.02198856v1,55,,114,4,,11/9/2023 18:55,,,,5,,,,,60,3,216,,,,,,,,,,,,
41194,10.02198872v1,10,,2,4,,11/9/2023 18:55,,,,5,,,,,60,2.83,203.76,,,,,,,,,,,,
41195,10.02193684v1,10,,2,3,,11/9/2023 17:55,,,,100,,,,,1200,2.01,2436.12,,,,,,,,,,,,
41196,10.02151381v1,10,,2,3,,11/9/2023 17:07,,,,17,,,,,200,2.54,548.64,,,,,,,,,,,,
41197,10.0242250v3,10,,2,4,,11/13/2023 18:40,,,,5,,,,,60,2.83,203.76,,,,,,,,,,,,
41199,10.02196341v1,10,,2,3,,11/9/2023 17:11,,,,10,,,,,120,2.72,359.04,,,,,,,,,,,,
41200,10.02200268v1,10,,2,1,,11/9/2023 17:38,,,,10,,,,,120,2.23,294.36,,,,,,,,,,,,
41201,10.02199983v2,10,,2,1,,11/9/2023 17:54,,,,10,,,,,120,2.23,294.36,,,,,,,,,,,,
41202,10.02122404v14,10,,2,3,,11/9/2023 17:51,,,,3,,,,,30,3.18,152.64,,,,,,,,,,,,
41203,46.02135575v3,46,,113,3,,11/9/2023 19:49,,,,5,,,,,60,2.85,205.2,,,,,,,,,,,,
41204,10.02196374v1,10,,2,3,,11/9/2023 22:15,,,,40,,,,,480,2.43,1195.56,,,,,,,,,,,,
41205,10.02200604v1,10,,2,3,,11/9/2023 20:55,,,,5,,,,,60,2.85,205.2,,,,,,,,,,,,
41206,10.02198929v1,10,,2,1,,11/9/2023 23:45,,,,13,,,,,150,1.96,329.28,,,,,,,,,,,,
41207,10.02199669v2,10,,2,3,,11/9/2023 19:42,,,,5,,,,,60,2.85,205.2,,,,,,,,,,,,
41209,55.02172239v1,55,,114,1,,11/9/2023 20:15,,,,42,,,,,500,1.88,970.08,,,,,,,,,,,,
41210,10.0291582v3,10,,2,1,,11/9/2023 20:54,,,,17,,,,,200,1.96,423.36,,,,,,,,,,,,
41211,55.02189588v2,55,,114,3,,11/9/2023 22:04,,,,5,,,,,60,2.98,214.56,,,,,,,,,,,,
41212,10.02198205v1,10,,2,1,,11/9/2023 22:49,,,,10,,,,,120,2.23,294.36,,,,,,,,,,,,
41213,932200311v1,93,800,120,10,45279,11/13/2023 15:47,Distributor,existingbusiness,15330200429,67,1.24,0,1011.84,992,,,,,,,,,,,,,,,
41213,932200312v1,93,800,120,10,45279,11/13/2023 15:47,Distributor,existingbusiness,15330200429,67,1.24,0,1011.84,992,,,,,,,,,,,,,,,
41214,10.02200389v2,10,,2,1,,11/14/2023 22:39,,,,5,,,,,60,2.56,184.32,,,,,,,,,,,,
41215,49.02200015v1,49,,116,3,,11/10/2023 20:32,,,,10,,,,,120,2.65,349.8,,,,,,,,,,,,
41216,932200115v2,93,120,120,10,45272,11/9/2023 22:37,Distributor,existingbusiness,15973539871,10,1.8,0,237.6,216,,,,,,,,,,,,,,,
41217,55.02123274v2,55,,114,1,,11/9/2023 23:47,,,,21,,,,,250,1.88,496.32,,,,,,,,,,,,
41219,10.02139412v1,10,,2,4,,11/13/2023 20:40,,,,7,,,,,80,2.83,271.68,,,,,,,,,,,,
41220,10.02199861v1,10,,2,3,,11/9/2023 22:20,,,,5,,,,,60,2.85,205.2,,,,,,,,,,,,
41221,10.03200038v1,10,,2,3,,11/9/2023 22:13,,,,20,,,,,240,2.43,612.36,,,,,,,,,,,,
41221,10.02200041v1,10,,2,3,,11/9/2023 22:13,,,,5,,,,,60,2.85,205.2,,,,,,,,,,,,
41222,10.02197128v2,10,,2,1,,11/10/2023 16:47,,,,10,,,,,120,2.23,294.36,,,,,,,,,,,,
41223,10.0242026v13,10,,2,1,,11/10/2023 16:47,,,,10,,,,,120,2.23,294.36,,,,,,,,,,,,
41224,10.02150553v4,10,,2,3,,11/9/2023 23:19,,,,5,,,,,60,2.85,205.2,,,,,,,,,,,,
41225,10.02200348v1,10,,2,3,,11/9/2023 23:19,,,,3,,,,,30,3.18,152.64,,,,,,,,,,,,
41225,10.02200350v1,10,,2,3,,11/9/2023 23:19,,,,3,,,,,30,3.18,152.64,,,,,,,,,,,,
41226,10.02194238v1,10,,2,3,,11/10/2023 1:52,,,,8,,,,,85,2.85,307.8,,,,,,,,,,,,
41227,10.02197859v1,10,,2,3,,11/10/2023 19:36,,,,9,,,,,100,2.85,342,,,,,,,,,,,,
41228,10.02198012v1,10,,2,4,,11/13/2023 17:31,,,,10,,,,,120,2.83,373.56,,,,,,,,,,,,
41230,10.02197859v1,10,,2,3,,11/10/2023 19:37,,,,5,,,,,50,3.18,228.96,,,,,,,,,,,,
41231,10.03200506v1,10,,2,1,,11/10/2023 18:48,,,,3,,,,,30,3.18,152.64,,,,,,,,,,,,
41231,10.03200507v1,10,,2,1,,11/10/2023 18:48,,,,3,,,,,30,3.18,152.64,,,,,,,,,,,,
41231,10.02199841v1,10,,2,1,,11/10/2023 18:48,,,,9,,,,,103,2.56,307.2,,,,,,,,,,,,
41231,10.02199842v1,10,,2,1,,11/10/2023 18:48,,,,8,,,,,93,2.56,276.48,,,,,,,,,,,,
41232,55.02199779v3,55,,114,3,,11/10/2023 17:58,,,,3,,,,,30,3.31,158.88,,,,,,,,,,,,
41233,55.02200489v1,55,,114,3,,11/10/2023 18:24,,,,10,,,,,120,2.85,376.2,,,,,,,,,,,,
41233,55.02200502v1,55,,114,3,,11/10/2023 18:24,,,,5,,,,,60,2.98,214.56,,,,,,,,,,,,
41233,55.02200597v2,55,,114,3,,11/10/2023 18:24,,,,17,,,,,200,2.67,576.72,,,,,,,,,,,,
41233,55.02200706v1,55,,114,3,,11/10/2023 18:24,,,,10,,,,,120,2.85,376.2,,,,,,,,,,,,
41234,55.02200400v3,55,,114,3,,11/10/2023 18:18,,,,3,,,,,33,3.31,158.88,,,,,,,,,,,,
41235,55.02189572v3,55,,114,3,,11/13/2023 16:40,,,,3,,,,,30,3.31,158.88,,,,,,,,,,,,
41236,10.0248411v4,10,,2,1,,11/10/2023 18:10,,,,21,,,,,250,1.96,517.44,,,,,,,,,,,,
41237,10.02189775v2,10,,2,1,,11/10/2023 23:39,,,,19,,,,,225,1.96,470.4,,,,,,,,,,,,
41237,10.02189774v2,10,,2,1,,11/10/2023 23:39,,,,19,,,,,225,1.96,470.4,,,,,,,,,,,,
41238,10.02195226v1,10,,2,1,,11/10/2023 16:45,,,,13,,,,,150,1.96,329.28,,,,,,,,,,,,
41239,10.02196532v2,10,,2,1,,11/10/2023 17:14,,,,7,,,,,80,2.56,245.76,,,,,,,,,,,,
41240,10.02144411v3,10,,2,1,,11/10/2023 18:11,,,,5,,,,,60,2.56,184.32,,,,,,,,,,,,
41241,10.02198912v1,10,,2,3,,11/10/2023 17:00,,,,3,,,,,30,3.18,152.64,,,,,,,,,,,,
41242,46.0292083v1,46,,113,1,,11/10/2023 17:58,,,,25,,,,,300,1.79,558.48,,,,,,,,,,,,
41243,10.0218490v1,10,,2,1,,11/10/2023 18:41,,,,30,,,,,360,1.96,729.12,,,,,,,,,,,,
41244,10.02185864v3,10,,2,4,,11/13/2023 17:04,,,,12,,,,,140,2.54,396.24,,,,,,,,,,,,
41244,10.02185862v2,10,,2,4,,11/13/2023 17:04,,,,17,,,,,200,2.54,548.64,,,,,,,,,,,,
41245,10.02197308v1,10,,2,3,,11/10/2023 19:00,,,,11,,,,,121,2.72,391.68,,,,,,,,,,,,
41245,10.02197319v1,10,,2,3,,11/10/2023 19:00,,,,11,,,,,121,2.72,391.68,,,,,,,,,,,,
41245,10.02197326v2,10,,2,3,,11/10/2023 19:00,,,,11,,,,,121,2.72,391.68,,,,,,,,,,,,
41245,10.02197313v1,10,,2,3,,11/10/2023 19:00,,,,11,,,,,121,2.72,391.68,,,,,,,,,,,,
41245,10.02197312v1,10,,2,3,,11/10/2023 19:00,,,,11,,,,,121,2.72,391.68,,,,,,,,,,,,
41246,17.0296456v2,17,,9,4,,11/10/2023 17:34,,,,5,,,,,60,2.83,203.76,,,,,,,,,,,,
41246,17.0296455v2,17,,9,4,,11/10/2023 17:34,,,,5,,,,,60,2.83,203.76,,,,,,,,,,,,
41247,10.02198707v1,10,,2,4,,11/10/2023 18:20,,,,3,,,,,30,3.25,156,,,,,,,,,,,,
41248,10.02199897v1,10,,2,3,,11/10/2023 21:13,,,,9,,,,,100,2.85,342,,,,,,,,,,,,
41249,10.02200196v2,10,,2,1,,11/13/2023 20:39,,,,15,,,,,175,1.96,376.32,,,,,,,,,,,,
41250,55.02199551v1,55,,114,4,,11/13/2023 18:34,,,,5,,,,,60,3,216,,,,,,,,,,,,
41251,93292308v5,93,1000,120,10,45272,11/10/2023 23:12,Direct,newbusiness,15707388083,84,1.24,0,1264.8,1240,,,,,,,,,,,,,,,
41252,10.02200639v1,10,,2,1,,11/10/2023 22:52,,,,17,,,,,200,1.96,423.36,,,,,,,,,,,,
41254,10.02199764v1,10,,2,1,,11/13/2023 17:19,,,,10,,,,,120,2.23,294.36,,,,,,,,,,,,
41255,55.02197483v1,55,,114,3,,11/13/2023 17:32,,,,20,,,,,240,2.56,645.12,,,,,,,,,,,,
41256,10.02200181v1,10,,2,4,,11/13/2023 16:59,,,,3,,,,,35,3.25,156,,,,,,,,,,,,
41257,10.0230917v1,10,,2,1,,11/15/2023 2:23,,,,5,,,,,60,2.56,184.32,,,,,,,,,,,,
41258,10.02198834v1,10,,2,4,,11/13/2023 21:32,,,,9,,,,,100,2.83,339.6,,,,,,,,,,,,
41259,15.02196634v1,15,,7,3,,11/10/2023 23:19,,,,13,,,,,150,3.66,614.88,,,,,,,,,,,,
41260,10.02200158v1,10,,2,3,,11/10/2023 22:03,,,,7,,,,,80,2.85,273.6,,,,,,,,,,,,
41261,10.02155047v1,10,,2,1,,11/14/2023 14:32,,,,34,,,,,400,1.96,823.2,,,,,,,,,,,,
41262,10.02198986v2,10,,2,1,,11/13/2023 16:20,,,,42,,,,,500,1.96,1011.36,,,,,,,,,,,,
41263,10.02193857v1,10,,2,1,,11/13/2023 22:13,,,,25,,,,,300,1.96,611.52,,,,,,,,,,,,
41263,10.02192630v1,10,,2,1,,11/13/2023 22:13,,,,25,,,,,300,1.96,611.52,,,,,,,,,,,,
41264,55.02198347v1,55,,114,3,,11/16/2023 23:49,,,,5,,,,,49,3.31,238.32,,,,,,,,,,,,
41265,10.0227653v2,10,,2,1,,11/13/2023 15:03,,,,40,,,,,480,1.96,964.32,,,,,,,,,,,,
41266,55.02200002v2,55,,114,4,,11/11/2023 0:00,,,,10,,,,,120,3,396,,,,,,,,,,,,
41267,55.02195269v6,55,,114,3,,11/13/2023 17:59,,,,10,,,,,120,2.85,376.2,,,,,,,,,,,,
41268,55.02110255v1,55,,114,3,,11/13/2023 13:30,,,,3,,,,,30,3.31,158.88,,,,,,,,,,,,
41269,55.02200657v1,55,,114,3,,11/13/2023 13:31,,,,3,,,,,30,3.31,158.88,,,,,,,,,,,,
41270,10.02200796v1,10,,2,1,,11/15/2023 15:29,,,,14,,,,,160,1.96,352.8,,,,,,,,,,,,
41271,10.0223046v1,10,,2,4,,11/13/2023 15:34,,,,10,,,,,120,2.83,373.56,,,,,,,,,,,,
41271,10.0228279v1,10,,2,4,,11/13/2023 15:34,,,,10,,,,,120,2.83,373.56,,,,,,,,,,,,
41272,10.02200367v1,10,,2,1,,11/16/2023 20:29,,,,30,,,,,360,1.96,729.12,,,,,,,,,,,,
41273,55.02195675v2,55,,114,3,,11/13/2023 16:54,,,,38,,,,,451,2.56,1198.08,,,,,,,,,,,,
41274,10.02199382v1,10,,2,4,,11/13/2023 23:05,,,,5,,,,,60,2.83,203.76,,,,,,,,,,,,
41275,10.02200313v1,10,,2,1,,11/13/2023 17:09,,,,5,,,,,60,2.56,184.32,,,,,,,,,,,,
41277,10.02200119v1,10,,2,4,,11/13/2023 17:29,,,,10,,,,,120,2.83,373.56,,,,,,,,,,,,
41278,10.02197602v1,10,,2,3,,11/14/2023 15:27,,,,7,,,,,80,2.85,273.6,,,,,,,,,,,,
41279,48.02190000v1,48,,115,4,,11/13/2023 19:08,,,,2,,,,,20,3.25,117,,,,,,,,,,,,
41280,10.02136715v5,10,,2,1,,11/13/2023 18:40,,,,21,,,,,250,1.96,517.44,,,,,,,,,,,,
41280,10.02137053v2,10,,2,1,,11/13/2023 18:40,,,,21,,,,,250,1.96,517.44,,,,,,,,,,,,
41281,10.0221648v3,10,,2,1,,11/13/2023 19:30,,,,17,,,,,200,1.96,423.36,,,,,,,,,,,,
41282,10.02199108v1,10,,2,4,,11/13/2023 19:49,,,,3,,,,,30,3.25,156,,,,,,,,,,,,
41282,10.02194221v1,10,,2,4,,11/13/2023 19:49,,,,10,,,,,120,2.83,373.56,,,,,,,,,,,,
41282,10.02194223v1,10,,2,4,,11/13/2023 19:49,,,,5,,,,,60,2.83,203.76,,,,,,,,,,,,
41284,15.02197453v2,15,,7,3,,11/13/2023 21:42,,,,11,,,,,125,3.84,552.96,,,,,,,,,,,,
41285,10.02166537v2,10,,2,1,,11/13/2023 21:25,,,,10,,,,,120,2.23,294.36,,,,,,,,,,,,
41286,10.0277055v1,10,,2,3,,11/14/2023 21:37,,,,21,,,,,250,2.43,641.52,,,,,,,,,,,,
41287,55.02200681v1,55,,114,3,,11/13/2023 20:20,,,,4,,,,,40,3.31,198.6,,,,,,,,,,,,
41289,10.02200644v5,10,,2,3,,11/14/2023 23:07,,,,13,,,,,150,2.54,426.72,,,,,,,,,,,,
41290,10.02200893v2,10,,2,3,,11/13/2023 21:32,,,,5,,,,,60,2.85,205.2,,,,,,,,,,,,
41291,55.02194716v2,55,,114,1,,11/15/2023 16:51,,,,84,,,,,1000,1.71,1744.2,,,,,,,,,,,,
41292,10.02200873v1,10,,2,3,,11/14/2023 14:02,,,,5,,,,,60,2.85,205.2,,,,,,,,,,,,
41293,932156402v2,93,200,120,10,45271,11/14/2023 16:39,Distributor,existingbusiness,16043431957,17,1.8,0,388.8,360,,,,,,,,,,,,,,,
41295,10.02168988v1,10,,2,1,,11/14/2023 15:41,,,,20,,,,,240,1.96,493.92,,,,,,,,,,,,
41297,10.02193612v1,10,,2,4,,11/14/2023 15:43,,,,5,,,,,60,2.83,203.76,,,,,,,,,,,,
41297,10.02193608v1,10,,2,4,,11/14/2023 15:43,,,,5,,,,,60,2.83,203.76,,,,,,,,,,,,
41298,10.0233054v6,10,,2,3,,11/14/2023 13:06,,,,17,,,,,200,2.54,548.64,,,,,,,,,,,,
41299,10.02199361v2,10,,2,1,,11/13/2023 22:17,,,,10,,,,,120,2.23,294.36,,,,,,,,,,,,
41300,17.02200921v1,17,,9,3,,11/15/2023 19:43,,,,6,,,,,70,2.85,239.4,,,,,,,,,,,,
41301,10.02125934v2,10,,2,3,,11/14/2023 14:49,,,,10,,,,,120,2.72,359.04,,,,,,,,,,,,
41302,10.02183370v1,10,,2,1,,11/17/2023 21:22,,,,13,,,,,150,1.96,329.28,,,,,,,,,,,,
41303,10.02200523v2,10,,2,1,,11/14/2023 0:00,,,,20,,,,,240,1.96,493.92,,,,,,,,,,,,
41304,10.02194387v1,10,,2,3,,11/15/2023 16:05,,,,5,,,,,50,3.18,228.96,,,,,,,,,,,,
41305,10.02201055v1,10,,2,4,,11/13/2023 23:30,,,,5,,,,,60,2.83,203.76,,,,,,,,,,,,
41306,10.02198008v1,10,,2,3,,11/20/2023 19:23,,,,84,,,,,1000,2.01,2050.2,,,,,,,,,,,,
41309,10.02200813v2,10,,2,3,,11/14/2023 15:01,,,,3,,,,,30,3.18,152.64,,,,,,,,,,,,
41310,10.02200762v1,10,,2,3,,11/14/2023 21:34,,,,3,,,,,30,3.18,152.64,,,,,,,,,,,,
41311,10.02201109v1,10,,2,3,,11/14/2023 15:54,,,,10,,,,,120,2.72,359.04,,,,,,,,,,,,
41312,10.02199397v1,10,,2,3,,11/16/2023 13:09,,,,73,,,,,876,2.01,1784.88,,,,,,,,,,,,
41313,20.02190873v1,20,,11,3,,11/14/2023 15:54,,,,42,,,,,500,2.94,1517.04,,,,,,,,,,,,
41314,55.02194435v1,55,,114,1,,11/14/2023 15:40,,,,20,,,,,240,1.88,473.76,,,,,,,,,,,,
41316,17.02201193v1,17,,9,3,,11/17/2023 0:47,,,,10,,,,,120,2.72,359.04,,,,,,,,,,,,
41317,10.02192255v1,10,,2,4,,11/14/2023 19:04,,,,20,,,,,240,2.54,640.08,,,,,,,,,,,,
41318,,70,,,3,45251,11/15/2023 19:09,,,,,,,,,,2.72,,30379,120,24741,54113,64,20967,120,129604,11/15/2023 19:00,11/21/2023,10,359.04
41319,10.0237876v4,10,,2,1,,11/14/2023 17:25,,,,5,,,,,60,2.56,184.32,,,,,,,,,,,,
41320,10.02156544v1,10,,2,3,,11/14/2023 20:52,,,,5,,,,,60,2.85,205.2,,,,,,,,,,,,
41321,12.02199405v1,12,,4,3,,11/15/2023 19:01,,,,20,,,,,240,2.18,549.36,,,,,,,,,,,,
41322,10.02199796v3,10,,2,1,,11/15/2023 15:19,,,,9,,,,,100,2.56,307.2,,,,,,,,,,,,
41323,17.02200851v1,17,,9,3,,11/14/2023 17:36,,,,10,,,,,120,2.72,359.04,,,,,,,,,,,,
41324,10.02199646v1,10,,2,1,,12/1/2023 22:53,,,,4,,,,,45,3.18,190.8,,,,,,,,,,,,
41324,10.02199707v2,10,,2,1,,12/1/2023 22:53,,,,5,,,,,60,2.56,184.32,,,,,,,,,,,,
41324,10.02200690v2,10,,2,1,,12/1/2023 22:53,,,,4,,,,,45,3.18,190.8,,,,,,,,,,,,
41325,10.0295519v2,10,,2,4,,11/14/2023 18:38,,,,30,,,,,360,2.54,944.88,,,,,,,,,,,,
41326,10.02140499v1,10,,2,1,,11/14/2023 22:39,,,,21,,,,,250,1.96,517.44,,,,,,,,,,,,
41327,10.02199576v1,10,,2,4,,11/14/2023 21:34,,,,3,,,,,30,3.25,156,,,,,,,,,,,,
41328,10.02200833v1,10,,2,1,,11/14/2023 19:54,,,,5,,,,,60,2.56,184.32,,,,,,,,,,,,
41329,10.02200964v1,10,,2,3,,11/14/2023 18:49,,,,34,,,,,400,2.43,1020.6,,,,,,,,,,,,
41330,10.02195394v1,10,,2,3,,11/15/2023 15:27,,,,20,,,,,240,2.43,612.36,,,,,,,,,,,,
41330,10.02194560v1,10,,2,3,,11/15/2023 15:27,,,,20,,,,,240,2.43,612.36,,,,,,,,,,,,
41331,10.02199996v1,10,,2,3,,11/14/2023 22:55,,,,20,,,,,240,2.43,612.36,,,,,,,,,,,,
41332,55.02200948v1,55,,114,1,,11/14/2023 19:06,,,,13,,,,,150,1.88,315.84,,,,,,,,,,,,
41334,10.02135709v1,10,,2,3,,11/14/2023 19:16,,,,66,,,,,790,2.01,1616.04,,,,,,,,,,,,
41335,10.02200610v1,10,,2,1,,11/14/2023 19:24,,,,7,,,,,75,2.56,245.76,,,,,,,,,,,,
41336,10.02200679v2,10,,2,3,,11/14/2023 20:09,,,,22,,,,,255,2.43,670.68,,,,,,,,,,,,
41337,10.02200843v3,10,,2,3,,11/14/2023 19:56,,,,14,,,,,160,2.54,457.2,,,,,,,,,,,,
41338,55.02198180v2,55,,114,3,,11/14/2023 20:06,,,,4,,,,,40,3.31,198.6,,,,,,,,,,,,
41339,10.03194418v1,10,,2,3,,11/14/2023 22:40,,,,42,,,,,500,2.43,1253.88,,,,,,,,,,,,
41340,10.02200588v1,10,,2,3,,11/14/2023 21:32,,,,42,,,,,500,2.43,1253.88,,,,,,,,,,,,
41341,10.02188490v2,10,,2,1,,11/14/2023 20:28,,,,9,,,,,100,2.56,307.2,,,,,,,,,,,,
41342,10.02201242v1,10,,2,3,,11/15/2023 22:36,,,,5,,,,,50,3.18,228.96,,,,,,,,,,,,
41344,10.02200409v1,10,,2,4,,11/16/2023 21:40,,,,5,,,,,60,2.83,203.76,,,,,,,,,,,,
41345,55.02200583v1,55,,114,3,,11/16/2023 21:41,,,,7,,,,,75,2.98,286.08,,,,,,,,,,,,
41346,10.02188549v1,10,,2,3,,11/20/2023 17:52,,,,33,,,,,389,2.43,991.44,,,,,,,,,,,,
41347,10.0233994v1,10,,2,4,,11/14/2023 21:57,,,,5,,,,,60,2.83,203.76,,,,,,,,,,,,
41348,10.02193594v1,10,,2,1,,11/15/2023 17:38,,,,17,,,,,200,1.96,423.36,,,,,,,,,,,,
41348,10.02193595v1,10,,2,1,,11/15/2023 17:38,,,,17,,,,,200,1.96,423.36,,,,,,,,,,,,
41349,10.03197547v1,10,,2,4,,11/14/2023 22:21,,,,10,,,,,120,2.83,373.56,,,,,,,,,,,,
41350,10.02200351v2,10,,2,3,,11/14/2023 23:26,,,,34,,,,,400,2.43,1020.6,,,,,,,,,,,,
41350,10.02200349v1,10,,2,3,,11/14/2023 23:26,,,,34,,,,,400,2.43,1020.6,,,,,,,,,,,,
41351,10.02200457v2,10,,2,3,,11/15/2023 1:47,,,,60,,,,,720,2.01,1471.32,,,,,,,,,,,,
41352,10.02200240v1,10,,2,1,,11/16/2023 13:51,,,,13,,,,,150,1.96,329.28,,,,,,,,,,,,
41353,55.02194987v1,55,,114,1,,11/15/2023 23:53,,,,417,,,,,5000,1.52,7624.32,,,,,,,,,,,,
41353,55.02185099v4,55,,114,1,,11/15/2023 23:53,,,,167,,,,,2000,1.6,3225.6,,,,,,,,,,,,
41354,55.02200852v1,55,,114,3,,11/15/2023 17:29,,,,3,,,,,30,3.31,158.88,,,,,,,,,,,,
41355,10.02194461v1,10,,2,4,,11/14/2023 23:37,,,,42,,,,,500,2.54,1310.64,,,,,,,,,,,,
41356,55.02201267v1,55,,114,1,,11/15/2023 15:06,,,,10,,,,,120,1.96,258.72,,,,,,,,,,,,
41358,10.02200328v1,10,,2,1,,11/15/2023 18:37,,,,5,,,,,60,2.56,184.32,,,,,,,,,,,,
41358,55.02200109v1,55,,114,1,,11/15/2023 18:37,,,,2,,,,,19,2.56,92.16,,,,,,,,,,,,
41360,10.02200331v1,10,,2,1,,11/14/2023 23:50,,,,7,,,,,75,2.56,245.76,,,,,,,,,,,,
41360,10.02200335v1,10,,2,1,,11/14/2023 23:50,,,,7,,,,,75,2.56,245.76,,,,,,,,,,,,
41361,55.02199710v1,55,,114,1,,11/15/2023 17:51,,,,10,,,,,120,1.96,258.72,,,,,,,,,,,,
41361,55.02199709v1,55,,114,1,,11/15/2023 17:51,,,,10,,,,,120,1.96,258.72,,,,,,,,,,,,
41363,55.02201400v1,55,,114,3,,11/20/2023 16:12,,,,3,,,,,30,3.31,158.88,,,,,,,,,,,,
41364,10.02201006v1,10,,2,3,,11/16/2023 14:46,,,,3,,,,,30,3.18,152.64,,,,,,,,,,,,
41365,55.02162340v1,55,,114,1,,11/15/2023 13:00,,,,10,,,,,120,1.96,258.72,,,,,,,,,,,,
41366,10.02201232v1,10,,2,1,,11/15/2023 15:41,,,,10,,,,,120,2.23,294.36,,,,,,,,,,,,
41368,10.02197255v1,10,,2,4,,11/16/2023 21:49,,,,10,,,,,120,2.83,373.56,,,,,,,,,,,,
41368,10.02197257v1,10,,2,4,,11/16/2023 21:49,,,,10,,,,,120,2.83,373.56,,,,,,,,,,,,
41369,10.02202206v1,10,,2,3,,11/17/2023 16:37,,,,10,,,,,120,2.72,359.04,,,,,,,,,,,,
41370,10.02201321v2,10,,2,1,,11/15/2023 18:11,,,,11,,,,,125,2.23,321.12,,,,,,,,,,,,
41370,10.02201319v2,10,,2,1,,11/15/2023 18:11,,,,11,,,,,125,2.23,321.12,,,,,,,,,,,,
41371,10.02198990v1,10,,2,3,,11/15/2023 16:19,,,,20,,,,,240,2.43,612.36,,,,,,,,,,,,
41372,9102201460v1,910,400,25,5,45272,11/15/2023 21:01,Distributor,existingbusiness,15947072664,34,0.76,90,409.2,394,,,,,,,,,,,,,,,
41372,9102201460v1,910,100,25,5,45282,11/15/2023 21:01,Distributor,existingbusiness,15947072664,9,0.76,90,181.2,166,,,,,,,,,,,,,,,
41373,12.02201457v1,12,,4,3,,11/17/2023 17:53,,,,10,,,,,120,2.47,326.04,,,,,,,,,,,,
41374,10.02194578v3,10,,2,3,,11/28/2023 16:43,,,,10,,,,,120,2.72,359.04,,,,,,,,,,,,
41375,55.02200396v1,55,,114,3,,11/16/2023 19:46,,,,10,,,,,120,2.85,376.2,,,,,,,,,,,,
41376,10.02200251v1,10,,2,3,,11/16/2023 14:45,,,,34,,,,,400,2.43,1020.6,,,,,,,,,,,,
41376,10.02200229v1,10,,2,3,,11/16/2023 14:45,,,,34,,,,,400,2.43,1020.6,,,,,,,,,,,,
41376,10.02200228v1,10,,2,3,,11/16/2023 14:45,,,,34,,,,,400,2.43,1020.6,,,,,,,,,,,,
41377,49.02201462v1,49,,116,3,,11/15/2023 17:53,,,,9,,,,,100,2.78,333.6,,,,,,,,,,,,
41378,932193499v1,93,120,120,10,45278,11/15/2023 19:53,Direct,newbusiness,15525466172,10,1.8,0,237.6,216,,,,,,,,,,,,,,,
41378,933193502v1,93,120,120,10,45278,11/15/2023 19:53,Direct,newbusiness,15525466172,10,1.8,0,237.6,216,,,,,,,,,,,,,,,
41379,10.02201416v1,10,,2,3,,11/15/2023 23:37,,,,3,,,,,30,3.18,152.64,,,,,,,,,,,,
41380,932148045v6,93,120,120,10,45274,11/15/2023 19:35,Distributor,existingbusiness,16074211764,10,1.8,0,237.6,216,,,,,,,,,,,,,,,
41381,17.02201443v1,17,,9,1,,11/15/2023 20:13,,,,16,,,,,191,1.96,399.84,,,,,,,,,,,,
41382,10.03178229v1,10,,2,1,,11/15/2023 21:53,,,,9,,,,,100,2.56,307.2,,,,,,,,,,,,
41383,10.02201557v1,10,,2,1,,11/15/2023 23:01,,,,13,,,,,150,1.96,329.28,,,,,,,,,,,,
41384,15.02198438v1,15,,7,3,,11/15/2023 21:45,,,,10,,,,,120,3.84,506.88,,,,,,,,,,,,
41385,10.02200497v3,10,,2,1,,11/15/2023 20:52,,,,22,,,,,260,1.96,540.96,,,,,,,,,,,,
41386,10.02201518v1,10,,2,3,,11/15/2023 22:30,,,,5,,,,,50,3.18,228.96,,,,,,,,,,,,
41386,10.02201519v1,10,,2,3,,11/15/2023 22:30,,,,5,,,,,50,3.18,228.96,,,,,,,,,,,,
41387,46.0299546v1,46,,113,1,,11/16/2023 16:28,,,,21,,,,,250,1.79,472.56,,,,,,,,,,,,
41388,10.02198432v1,10,,2,1,,11/15/2023 21:52,,,,17,,,,,200,1.96,423.36,,,,,,,,,,,,
41389,10.02199364v4,10,,2,3,,11/17/2023 18:46,,,,10,,,,,120,2.72,359.04,,,,,,,,,,,,
41390,55.02201572v1,55,,114,3,,11/15/2023 22:35,,,,4,,,,,41,3.31,198.6,,,,,,,,,,,,
41391,10.0286957v1,10,,2,4,,11/15/2023 22:00,,,,5,,,,,60,2.83,203.76,,,,,,,,,,,,
41393,10.02201627v2,10,,2,3,,11/17/2023 16:14,,,,5,,,,,60,2.85,205.2,,,,,,,,,,,,
41394,17.02201552v1,17,,9,3,,11/15/2023 22:59,,,,3,,,,,30,3.18,152.64,,,,,,,,,,,,
41394,17.02201551v1,17,,9,3,,11/15/2023 22:59,,,,3,,,,,30,3.18,152.64,,,,,,,,,,,,
41396,55.02196986v2,55,,114,1,,11/15/2023 22:24,,,,35,,,,,415,1.88,812.16,,,,,,,,,,,,
41397,49.02201607v1,49,,116,3,,11/17/2023 16:58,,,,5,,,,,50,3.11,223.92,,,,,,,,,,,,
41400,10.02201708v1,10,,2,4,,11/16/2023 14:45,,,,5,,,,,60,2.83,203.76,,,,,,,,,,,,
41401,10.02201720v1,10,,2,1,,11/16/2023 16:59,,,,10,,,,,120,2.23,294.36,,,,,,,,,,,,
41403,55.02176373v3,55,,114,3,,11/17/2023 22:04,,,,28,,,,,325,2.56,890.88,,,,,,,,,,,,
41404,46.02201091v1,46,,113,1,,11/16/2023 14:45,,,,42,,,,,500,1.79,923.64,,,,,,,,,,,,
41406,10.0226732v1,10,,2,4,,11/16/2023 15:16,,,,10,,,,,120,2.83,373.56,,,,,,,,,,,,
41407,10.03201721v1,10,,2,1,,11/16/2023 16:08,,,,55,,,,,653,1.88,1263.36,,,,,,,,,,,,
41408,15.0247082v2,15,,7,3,,11/16/2023 18:44,,,,10,,,,,120,3.84,506.88,,,,,,,,,,,,
41408,10.0247080v2,10,,2,3,,11/16/2023 18:44,,,,5,,,,,60,2.85,205.2,,,,,,,,,,,,
41410,10.02200859v1,10,,2,1,,11/16/2023 16:15,,,,15,,,,,175,1.96,376.32,,,,,,,,,,,,
41410,10.02200860v1,10,,2,1,,11/16/2023 16:15,,,,15,,,,,175,1.96,376.32,,,,,,,,,,,,
41411,10.02200684v1,10,,2,3,,11/16/2023 14:45,,,,3,,,,,30,3.18,152.64,,,,,,,,,,,,
41412,55.02197885v2,55,,114,1,,11/16/2023 18:42,,,,84,,,,,1000,1.71,1744.2,,,,,,,,,,,,
41413,46.02152212v1,46,,113,1,,11/17/2023 14:44,,,,5,,,,,60,2.39,172.08,,,,,,,,,,,,
41414,55.02201831v1,55,,114,3,,11/16/2023 16:57,,,,10,,,,,120,2.85,376.2,,,,,,,,,,,,
41415,10.02117014v3,10,,2,3,,11/20/2023 17:29,,,,10,,,,,120,2.72,359.04,,,,,,,,,,,,
41416,10.02192971v1,10,,2,1,,11/16/2023 23:48,,,,30,,,,,360,1.96,729.12,,,,,,,,,,,,
41417,10.02199567v1,10,,2,4,,11/16/2023 21:36,,,,11,,,,,125,2.83,407.52,,,,,,,,,,,,
41417,10.02199573v1,10,,2,4,,11/16/2023 21:36,,,,11,,,,,125,2.83,407.52,,,,,,,,,,,,
41419,10.02169803v1,10,,2,4,,12/9/2023 0:37,,,,5,,,,,60,2.83,203.76,,,,,,,,,,,,
41421,10.02201115v1,10,,2,3,,11/17/2023 15:39,,,,13,,,,,150,2.54,426.72,,,,,,,,,,,,
41421,10.02201119v1,10,,2,3,,11/17/2023 15:39,,,,13,,,,,150,2.54,426.72,,,,,,,,,,,,
41422,10.0223871v2,10,,2,1,,11/29/2023 19:17,,,,10,,,,,120,2.23,294.36,,,,,,,,,,,,
41423,55.02201379v1,55,,114,3,,11/16/2023 18:52,,,,5,,,,,50,3.31,238.32,,,,,,,,,,,,
41423,55.02201375v1,55,,114,3,,11/16/2023 18:52,,,,5,,,,,50,3.31,238.32,,,,,,,,,,,,
41424,10.02198002v1,10,,2,4,,11/16/2023 21:40,,,,21,,,,,250,2.54,670.56,,,,,,,,,,,,
41425,10.02176519v1,10,,2,4,,11/21/2023 15:58,,,,10,,,,,120,2.83,373.56,,,,,,,,,,,,
41426,10.02201852v1,10,,2,4,,11/16/2023 23:36,,,,5,,,,,60,2.83,203.76,,,,,,,,,,,,
41427,55.02200612v1,55,,114,3,,11/16/2023 20:21,,,,17,,,,,200,2.67,576.72,,,,,,,,,,,,
41427,55.02200864v1,55,,114,3,,11/16/2023 20:21,,,,17,,,,,200,2.67,576.72,,,,,,,,,,,,
41428,10.02201873v1,10,,2,1,,11/16/2023 21:08,,,,25,,,,,300,1.96,611.52,,,,,,,,,,,,
41429,10.02174884v2,10,,2,3,,11/16/2023 19:18,,,,10,,,,,120,2.72,359.04,,,,,,,,,,,,
41430,10.03201837v1,10,,2,4,,11/16/2023 21:09,,,,5,,,,,60,2.83,203.76,,,,,,,,,,,,
41431,10.02201843v1,10,,2,4,,11/16/2023 22:15,,,,5,,,,,60,2.83,203.76,,,,,,,,,,,,
41432,10.0293839v2,10,,2,4,,11/16/2023 20:42,,,,5,,,,,60,2.83,203.76,,,,,,,,,,,,
41432,10.0290650v1,10,,2,4,,11/16/2023 20:42,,,,5,,,,,60,2.83,203.76,,,,,,,,,,,,
41433,10.02192156v1,10,,2,3,,11/16/2023 21:28,,,,7,,,,,75,2.85,273.6,,,,,,,,,,,,
41434,10.02201467v1,10,,2,4,,11/16/2023 20:51,,,,20,,,,,240,2.54,640.08,,,,,,,,,,,,
41435,10.02201919v2,10,,2,3,,11/17/2023 17:47,,,,61,,,,,730,2.01,1495.44,,,,,,,,,,,,
41436,10.02200027v2,10,,2,3,,11/17/2023 18:09,,,,3,,,,,30,3.18,152.64,,,,,,,,,,,,
41437,10.02175464v1,10,,2,1,,11/17/2023 20:11,,,,6,,,,,62,2.56,215.04,,,,,,,,,,,,
41438,10.02200630v1,10,,2,3,,11/17/2023 14:00,,,,10,,,,,120,2.72,359.04,,,,,,,,,,,,
41438,10.02200619v1,10,,2,3,,11/17/2023 14:00,,,,10,,,,,120,2.72,359.04,,,,,,,,,,,,
41439,10.02201989v2,10,,2,1,,11/20/2023 22:10,,,,15,,,,,173,1.96,376.32,,,,,,,,,,,,
41440,55.02197786v2,55,,114,3,,11/16/2023 23:41,,,,9,,,,,101,2.98,357.6,,,,,,,,,,,,
41440,55.02201803v1,55,,114,3,,11/16/2023 23:41,,,,3,,,,,30,3.31,158.88,,,,,,,,,,,,
41440,,70,,,3,45260,11/16/2023 23:41,,,,,,,,,,3.18,,30480,30,24811,55062,73,21027,36,129917,11/16/2023 23:33,11/30/2023,3,152.64
41440,,70,,,3,45260,11/16/2023 23:41,,,,,,,,,,3.18,,30479,30,24811,55063,64,21027,36,129917,11/16/2023 23:33,11/30/2023,3,152.64
41441,10.02169738v1,10,,2,4,,11/16/2023 23:19,,,,5,,,,,60,2.83,203.76,,,,,,,,,,,,
41441,10.02169739v1,10,,2,4,,11/16/2023 23:19,,,,5,,,,,60,2.83,203.76,,,,,,,,,,,,
41442,55.02198739v3,55,,114,4,,11/27/2023 22:51,,,,5,,,,,60,3,216,,,,,,,,,,,,
41443,55.02200343v1,55,,114,3,,11/17/2023 18:09,,,,21,,,,,250,2.56,675.84,,,,,,,,,,,,
41444,10.02201992v1,10,,2,3,,11/17/2023 14:03,,,,20,,,,,240,2.43,612.36,,,,,,,,,,,,
41445,55.02190381v1,55,,114,4,,11/17/2023 13:37,,,,3,,,,,30,3.42,164.16,,,,,,,,,,,,
41445,55.02190383v1,55,,114,4,,11/17/2023 13:37,,,,3,,,,,30,3.42,164.16,,,,,,,,,,,,
41446,10.04202214v2,10,,2,3,,11/21/2023 0:05,,,,3,,,,,30,3.18,152.64,,,,,,,,,,,,
41446,55.02202857v2,55,,114,3,,11/21/2023 0:05,,,,3,,,,,30,3.31,158.88,,,,,,,,,,,,
41447,10.02202316v1,10,,2,3,,11/21/2023 15:29,,,,10,,,,,120,2.72,359.04,,,,,,,,,,,,
41448,10.02183845v4,10,,2,3,,11/17/2023 17:30,,,,10,,,,,120,2.72,359.04,,,,,,,,,,,,
41449,10.02199787v2,10,,2,3,,11/17/2023 15:28,,,,3,,,,,30,3.18,152.64,,,,,,,,,,,,
41450,10.02112561v2,10,,2,3,,11/17/2023 14:45,,,,20,,,,,240,2.43,612.36,,,,,,,,,,,,
41451,10.0237191v1,10,,2,1,,11/21/2023 21:50,,,,25,,,,,300,1.96,611.52,,,,,,,,,,,,
41453,10.02156696v3,10,,2,4,,11/17/2023 19:51,,,,10,,,,,120,2.83,373.56,,,,,,,,,,,,
41454,10.02172881v2,10,,2,3,,11/17/2023 17:36,,,,13,,,,,150,2.54,426.72,,,,,,,,,,,,
41457,10.02201849v2,10,,2,3,,11/17/2023 15:33,,,,5,,,,,60,2.85,205.2,,,,,,,,,,,,
41458,10.02106965v1,10,,2,1,,11/17/2023 16:26,,,,200,,,,,2400,1.6,3859.2,,,,,,,,,,,,
41459,10.02196463v3,10,,2,1,,11/17/2023 19:01,,,,1678,,,,,20135,1.52,30624.96,,,,,,,,,,,,
41460,55.02201874v2,55,,114,3,,11/17/2023 15:51,,,,9,,,,,103,2.98,357.6,,,,,,,,,,,,
41461,10.02168983v1,10,,2,1,,11/17/2023 17:45,,,,20,,,,,240,1.96,493.92,,,,,,,,,,,,
41463,55.02195275v5,55,,114,4,,11/17/2023 17:16,,,,9,,,,,100,3,360,,,,,,,,,,,,
41464,10.0233038v2,10,,2,1,,11/20/2023 13:36,,,,5,,,,,50,3.18,228.96,,,,,,,,,,,,
41464,10.0333972v1,10,,2,1,,11/20/2023 13:36,,,,5,,,,,50,3.18,228.96,,,,,,,,,,,,
41465,10.02202028v1,10,,2,3,,11/17/2023 17:15,,,,20,,,,,240,2.43,612.36,,,,,,,,,,,,
41466,10.02198783v3,10,,2,4,,11/17/2023 18:06,,,,3,,,,,30,3.25,156,,,,,,,,,,,,
41466,10.02198782v1,10,,2,4,,11/17/2023 18:06,,,,3,,,,,30,3.25,156,,,,,,,,,,,,
41467,10.02119838v1,10,,2,1,,11/20/2023 15:51,,,,5,,,,,60,2.56,184.32,,,,,,,,,,,,
41468,10.0261947v4,10,,2,1,,11/17/2023 18:05,,,,20,,,,,240,1.96,493.92,,,,,,,,,,,,
41469,10.02110591v1,10,,2,3,,11/17/2023 18:19,,,,8,,,,,90,2.85,307.8,,,,,,,,,,,,
41469,10.02110379v1,10,,2,3,,11/17/2023 18:19,,,,8,,,,,90,2.85,307.8,,,,,,,,,,,,
41470,10.02148737v1,10,,2,3,,11/17/2023 18:26,,,,17,,,,,200,2.54,548.64,,,,,,,,,,,,
41471,10.02195090v1,10,,2,1,,11/20/2023 15:03,,,,20,,,,,240,1.96,493.92,,,,,,,,,,,,
41472,932202242v1,93,120,120,10,45302,11/20/2023 23:40,Distributor,existingbusiness,15785821442,10,1.8,0,237.6,216,,,,,,,,,,,,,,,
41473,10.02173325v1,10,,2,4,,11/17/2023 22:26,,,,30,,,,,360,2.54,944.88,,,,,,,,,,,,
41474,10.02202167v4,10,,2,1,,11/27/2023 21:07,,,,25,,,,,300,1.96,611.52,,,,,,,,,,,,
41475,10.02200317v2,10,,2,1,,11/17/2023 22:25,,,,7,,,,,80,2.56,245.76,,,,,,,,,,,,
41476,10.02202280v2,10,,2,3,,11/17/2023 20:48,,,,21,,,,,250,2.43,641.52,,,,,,,,,,,,
41477,10.02197114v1,10,,2,1,,11/17/2023 21:04,,,,7,,,,,75,2.56,245.76,,,,,,,,,,,,
41477,10.02196370v1,10,,2,1,,11/17/2023 21:04,,,,7,,,,,75,2.56,245.76,,,,,,,,,,,,
41478,10.02200676v2,10,,2,4,,11/20/2023 15:52,,,,5,,,,,50,3.25,234,,,,,,,,,,,,
41479,10.02201983v1,10,,2,3,,11/17/2023 21:50,,,,80,,,,,950,2.01,1953.72,,,,,,,,,,,,
41480,10.03202047v1,10,,2,3,,11/18/2023 0:58,,,,30,,,,,360,2.43,903.96,,,,,,,,,,,,
41481,46.02202418v1,46,,113,1,,11/17/2023 21:59,,,,5,,,,,60,2.39,172.08,,,,,,,,,,,,
41481,55.02114762v1,55,,114,1,,11/17/2023 21:59,,,,3,,,,,30,2.56,122.88,,,,,,,,,,,,
41482,10.02159933v1,10,,2,1,,11/20/2023 12:46,,,,25,,,,,300,1.96,611.52,,,,,,,,,,,,
41483,10.02201098v1,10,,2,3,,11/20/2023 21:54,,,,25,,,,,300,2.43,758.16,,,,,,,,,,,,
41484,10.02191122v1,10,,2,1,,11/20/2023 13:55,,,,10,,,,,120,2.23,294.36,,,,,,,,,,,,
41485,10.0221410v1,10,,2,3,,11/20/2023 17:11,,,,4,,,,,45,3.18,190.8,,,,,,,,,,,,
41486,10.02202426v1,10,,2,4,,11/17/2023 23:06,,,,4,,,,,48,3.25,195,,,,,,,,,,,,
41487,10.02201941v2,10,,2,4,,11/20/2023 16:27,,,,5,,,,,60,2.83,203.76,,,,,,,,,,,,
41488,55.02201643v2,55,,114,3,,11/20/2023 16:28,,,,10,,,,,110,2.85,376.2,,,,,,,,,,,,
41489,10.02201141v1,10,,2,4,,11/21/2023 19:16,,,,3,,,,,30,3.25,156,,,,,,,,,,,,
41489,10.02201130v1,10,,2,4,,11/21/2023 19:16,,,,3,,,,,30,3.25,156,,,,,,,,,,,,
41489,10.02201139v1,10,,2,4,,11/21/2023 19:16,,,,3,,,,,30,3.25,156,,,,,,,,,,,,
41490,55.02199453v1,55,,114,4,,11/18/2023 0:15,,,,42,,,,,502,2.71,1398.36,,,,,,,,,,,,
41490,55.02200330v1,55,,114,4,,11/18/2023 0:15,,,,42,,,,,502,2.71,1398.36,,,,,,,,,,,,
41491,55.02202526v1,55,,114,3,,11/20/2023 17:50,,,,42,,,,,500,2.56,1320.96,,,,,,,,,,,,
41491,55.02201840v1,55,,114,3,,11/20/2023 17:50,,,,42,,,,,500,2.56,1320.96,,,,,,,,,,,,
41492,55.02201872v2,55,,114,3,,11/20/2023 15:53,,,,30,,,,,360,2.56,952.32,,,,,,,,,,,,
41493,10.02202652v1,10,,2,1,,11/20/2023 18:25,,,,13,,,,,150,1.96,329.28,,,,,,,,,,,,
41494,10.02202265v1,10,,2,3,,11/18/2023 13:50,,,,7,,,,,80,2.85,273.6,,,,,,,,,,,,
41495,10.02201836v1,10,,2,1,,11/20/2023 19:56,,,,20,,,,,240,1.96,493.92,,,,,,,,,,,,
41495,10.02124055v8,10,,2,1,,11/20/2023 19:56,,,,21,,,,,250,1.96,517.44,,,,,,,,,,,,
41495,10.02200474v1,10,,2,1,,11/20/2023 19:56,,,,20,,,,,240,1.96,493.92,,,,,,,,,,,,
41495,10.02198759v1,10,,2,1,,11/20/2023 19:56,,,,21,,,,,250,1.96,517.44,,,,,,,,,,,,
41496,10.02201997v1,10,,2,4,,11/20/2023 19:59,,,,10,,,,,120,2.83,373.56,,,,,,,,,,,,
41497,10.02202495v2,10,,2,4,,11/20/2023 19:12,,,,10,,,,,120,2.83,373.56,,,,,,,,,,,,
41498,10.02202350v1,10,,2,1,,11/20/2023 16:27,,,,42,,,,,500,1.96,1011.36,,,,,,,,,,,,
41499,10.02112213v8,10,,2,1,,11/22/2023 3:59,,,,20,,,,,240,1.96,493.92,,,,,,,,,,,,
41500,10.02112210v1,10,,2,1,,11/20/2023 19:53,,,,20,,,,,240,1.96,493.92,,,,,,,,,,,,
41501,10.02202445v1,10,,2,4,,11/20/2023 15:54,,,,5,,,,,51,3.25,234,,,,,,,,,,,,
41502,55.02201188v1,55,,114,3,,11/20/2023 19:22,,,,7,,,,,75,2.98,286.08,,,,,,,,,,,,
41503,15.02192894v2,15,,7,3,,11/20/2023 19:20,,,,10,,,,,120,3.84,506.88,,,,,,,,,,,,
41504,55.02202450v1,55,,114,1,,11/20/2023 16:24,,,,13,,,,,150,1.88,315.84,,,,,,,,,,,,
41505,10.02181839v6,10,,2,4,,11/20/2023 19:44,,,,6,,,,,72,2.83,237.72,,,,,,,,,,,,
41506,932202609v1,93,120,120,10,45279,11/20/2023 17:16,Direct,newbusiness,16075556707,10,1.8,0,237.6,216,,,,,,,,,,,,,,,
41507,55.02179769v1,55,,114,3,,11/21/2023 18:12,,,,3,,,,,30,3.31,158.88,,,,,,,,,,,,
41508,10.02150892v3,10,,2,4,,11/20/2023 16:28,,,,5,,,,,60,2.83,203.76,,,,,,,,,,,,
41509,10.02198840v1,10,,2,3,,11/20/2023 16:58,,,,13,,,,,150,2.54,426.72,,,,,,,,,,,,
41510,10.03202658v1,10,,2,4,,11/20/2023 18:44,,,,3,,,,,30,3.25,156,,,,,,,,,,,,
41510,10.03202038v1,10,,2,4,,11/20/2023 18:44,,,,10,,,,,120,2.83,373.56,,,,,,,,,,,,
41510,10.02201806v1,10,,2,4,,11/20/2023 18:44,,,,3,,,,,30,3.25,156,,,,,,,,,,,,
41510,10.03202621v1,10,,2,4,,11/20/2023 18:44,,,,10,,,,,120,2.83,373.56,,,,,,,,,,,,
41511,10.04203878v1,10,,2,4,,11/27/2023 20:49,,,,10,,,,,120,2.83,373.56,,,,,,,,,,,,
41511,10.02201842v4,10,,2,4,,11/27/2023 20:49,,,,10,,,,,120,2.83,373.56,,,,,,,,,,,,
41512,10.02198733v1,10,,2,3,,11/21/2023 23:12,,,,3,,,,,30,3.18,152.64,,,,,,,,,,,,
41512,10.02198731v1,10,,2,3,,11/21/2023 23:12,,,,3,,,,,30,3.18,152.64,,,,,,,,,,,,
41512,10.02198318v1,10,,2,3,,11/21/2023 23:12,,,,13,,,,,150,2.54,426.72,,,,,,,,,,,,
41512,10.02198322v4,10,,2,3,,11/21/2023 23:12,,,,3,,,,,30,3.18,152.64,,,,,,,,,,,,
41513,55.02197025v1,55,,114,3,,11/20/2023 18:26,,,,30,,,,,360,2.56,952.32,,,,,,,,,,,,
41513,55.02197026v1,55,,114,3,,11/20/2023 18:26,,,,40,,,,,480,2.56,1259.52,,,,,,,,,,,,
41514,10.02155033v1,10,,2,3,,11/20/2023 19:45,,,,25,,,,,300,2.43,758.16,,,,,,,,,,,,
41515,10.02171229v1,10,,2,1,,11/20/2023 20:02,,,,25,,,,,300,1.96,611.52,,,,,,,,,,,,
41516,15.02202239v1,15,,7,3,,11/21/2023 18:48,,,,10,,,,,120,3.84,506.88,,,,,,,,,,,,
41517,10.02202419v1,10,,2,3,,11/20/2023 19:08,,,,285,,,,,3420,1.72,5903.04,,,,,,,,,,,,
41518,15.02198941v1,15,,7,3,,11/21/2023 21:27,,,,10,,,,,120,3.84,506.88,,,,,,,,,,,,
41519,10.02199667v1,10,,2,3,,11/20/2023 19:44,,,,3,,,,,30,3.18,152.64,,,,,,,,,,,,
41519,10.02198343v3,10,,2,3,,11/20/2023 19:44,,,,3,,,,,30,3.18,152.64,,,,,,,,,,,,
41520,10.02198814v3,10,,2,4,,11/20/2023 18:29,,,,10,,,,,120,2.83,373.56,,,,,,,,,,,,
41521,10.02201290v2,10,,2,3,,11/20/2023 19:35,,,,5,,,,,60,2.85,205.2,,,,,,,,,,,,
41522,55.02202634v1,55,,114,4,,11/20/2023 20:14,,,,3,,,,,30,3.42,164.16,,,,,,,,,,,,
41522,,70,,,4,45261,11/20/2023 20:14,,,,,,,,,,3.25,,30486,30,24909,54799,73,21114,30,129094,11/20/2023 20:03,12/1/2023,3,156
41523,10.02202488v1,10,,2,3,,11/20/2023 19:24,,,,4,,,,,45,3.18,190.8,,,,,,,,,,,,
41524,10.02199887v4,10,,2,4,,11/20/2023 19:14,,,,10,,,,,120,2.83,373.56,,,,,,,,,,,,
41525,55.02201166v2,55,,114,4,,11/20/2023 21:40,,,,4,,,,,40,3.42,205.2,,,,,,,,,,,,
41526,10.03199766v2,10,,2,1,,11/21/2023 20:55,,,,17,,,,,200,1.96,423.36,,,,,,,,,,,,
41527,10.02202042v1,10,,2,4,,11/20/2023 21:45,,,,10,,,,,120,2.83,373.56,,,,,,,,,,,,
41527,10.02202044v1,10,,2,4,,11/20/2023 21:45,,,,10,,,,,120,2.83,373.56,,,,,,,,,,,,
41527,10.02202043v1,10,,2,4,,11/20/2023 21:45,,,,10,,,,,120,2.83,373.56,,,,,,,,,,,,
41528,10.02201921v3,10,,2,1,,11/20/2023 20:26,,,,213,,,,,2550,1.6,4108.8,,,,,,,,,,,,
41529,17.02155221v9,17,,9,4,,11/20/2023 21:07,,,,10,,,,,120,2.83,373.56,,,,,,,,,,,,
41530,10.02202556v1,10,,2,4,,11/20/2023 22:28,,,,3,,,,,30,3.25,156,,,,,,,,,,,,
41531,55.02114450v6,55,,114,3,,11/20/2023 22:44,,,,7,,,,,75,2.98,286.08,,,,,,,,,,,,
41532,55.02202768v1,55,,114,4,,11/21/2023 18:31,,,,5,,,,,60,3,216,,,,,,,,,,,,
41533,10.02182670v2,10,,2,4,,11/20/2023 21:59,,,,30,,,,,360,2.54,944.88,,,,,,,,,,,,
41534,10.02202642v1,10,,2,1,,11/21/2023 19:50,,,,30,,,,,360,1.96,729.12,,,,,,,,,,,,
41535,10.02189628v3,10,,2,4,,11/20/2023 22:08,,,,10,,,,,120,2.83,373.56,,,,,,,,,,,,
41536,10.0226299v1,10,,2,4,,11/21/2023 15:04,,,,9,,,,,100,2.83,339.6,,,,,,,,,,,,
41537,10.02196685v6,10,,2,3,,11/21/2023 21:38,,,,125,,,,,1500,2.01,3039.12,,,,,,,,,,,,
41538,10.02201571v2,10,,2,4,,11/20/2023 23:09,,,,11,,,,,125,2.83,407.52,,,,,,,,,,,,
41539,10.02185396v2,10,,2,1,,11/20/2023 22:32,,,,17,,,,,200,1.96,423.36,,,,,,,,,,,,
41540,10.0238267v1,10,,2,4,,11/21/2023 14:29,,,,10,,,,,120,2.83,373.56,,,,,,,,,,,,
41541,55.02202874v1,55,,114,4,,11/21/2023 0:09,,,,5,,,,,60,3,216,,,,,,,,,,,,
41542,10.02202598v1,10,,2,3,,11/20/2023 23:49,,,,3,,,,,30,3.18,152.64,,,,,,,,,,,,
41542,10.02202592v2,10,,2,3,,11/20/2023 23:49,,,,3,,,,,30,3.18,152.64,,,,,,,,,,,,
41543,10.02186554v1,10,,2,4,,11/20/2023 23:11,,,,10,,,,,120,2.83,373.56,,,,,,,,,,,,
41544,10.02194444v1,10,,2,4,,11/21/2023 12:45,,,,5,,,,,60,2.83,203.76,,,,,,,,,,,,
41547,10.02198432v1,10,,2,1,,11/22/2023 14:39,,,,25,,,,,300,1.96,611.52,,,,,,,,,,,,
41548,10.02202878v2,10,,2,1,,11/22/2023 13:57,,,,15,,,,,175,1.96,376.32,,,,,,,,,,,,
41548,10.02202877v2,10,,2,1,,11/22/2023 13:57,,,,15,,,,,175,1.96,376.32,,,,,,,,,,,,
41550,46.02202864v1,46,,113,1,,11/21/2023 0:22,,,,13,,,,,150,1.79,300.72,,,,,,,,,,,,
41551,49.02202291v2,49,,116,4,,11/21/2023 0:20,,,,14,,,,,160,2.54,457.2,,,,,,,,,,,,
41552,10.02202886v2,10,,2,4,,11/21/2023 16:19,,,,5,,,,,60,2.83,203.76,,,,,,,,,,,,
41554,10.04202916v1,10,,2,4,,11/21/2023 11:58,,,,10,,,,,120,2.83,373.56,,,,,,,,,,,,
41556,17.02178321v2,17,,9,1,,11/21/2023 16:23,,,,13,,,,,150,1.96,329.28,,,,,,,,,,,,
41557,10.02178120v4,10,,2,3,,11/21/2023 17:45,,,,42,,,,,500,2.43,1253.88,,,,,,,,,,,,
41558,10.02178119v4,10,,2,3,,11/21/2023 18:07,,,,42,,,,,500,2.43,1253.88,,,,,,,,,,,,
41559,10.02178697v4,10,,2,3,,11/21/2023 18:02,,,,42,,,,,500,2.43,1253.88,,,,,,,,,,,,
41560,10.02202116v1,10,,2,3,,11/27/2023 15:18,,,,20,,,,,240,2.43,612.36,,,,,,,,,,,,
41561,10.02200414v1,10,,2,1,,11/21/2023 17:04,,,,40,,,,,480,1.96,964.32,,,,,,,,,,,,
41562,55.02202957v1,55,,114,3,,11/21/2023 17:06,,,,3,,,,,30,3.31,158.88,,,,,,,,,,,,
41563,10.02201157v3,10,,2,3,,11/21/2023 19:53,,,,9,,,,,100,2.85,342,,,,,,,,,,,,
41564,10.02197148v1,10,,2,4,,11/21/2023 18:38,,,,5,,,,,60,2.83,203.76,,,,,,,,,,,,
41565,10.02200281v1,10,,2,1,,11/21/2023 17:19,,,,5,,,,,60,2.56,184.32,,,,,,,,,,,,
41566,10.02202275v1,10,,2,1,,11/21/2023 16:41,,,,8,,,,,91,2.56,276.48,,,,,,,,,,,,
41566,10.02202276v1,10,,2,1,,11/21/2023 16:41,,,,8,,,,,91,2.56,276.48,,,,,,,,,,,,
41567,10.02185352v1,10,,2,1,,11/21/2023 19:09,,,,13,,,,,150,1.96,329.28,,,,,,,,,,,,
41568,10.02202950v1,10,,2,1,,11/27/2023 18:38,,,,10,,,,,120,2.23,294.36,,,,,,,,,,,,
41569,10.02190628v1,10,,2,4,,11/21/2023 17:35,,,,10,,,,,120,2.83,373.56,,,,,,,,,,,,
41571,10.02201913v2,10,,2,4,,11/21/2023 17:37,,,,10,,,,,120,2.83,373.56,,,,,,,,,,,,
41572,10.0227390v2,10,,2,4,,11/21/2023 17:56,,,,25,,,,,300,2.54,792.48,,,,,,,,,,,,
41573,10.02202955v1,10,,2,1,,11/21/2023 23:15,,,,5,,,,,60,2.56,184.32,,,,,,,,,,,,
41574,10.02171229v1,10,,2,1,,11/21/2023 19:50,,,,53,,,,,635,1.88,1218.24,,,,,,,,,,,,
41575,55.02203021v1,55,,114,4,,11/21/2023 18:38,,,,10,,,,,120,3,396,,,,,,,,,,,,
41576,10.02187272v1,10,,2,1,,11/21/2023 20:56,,,,426,,,,,5110,1.56,7993.44,,,,,,,,,,,,
41577,10.02189966v1,10,,2,1,,11/21/2023 19:07,,,,10,,,,,120,2.23,294.36,,,,,,,,,,,,
41578,10.02181682v1,10,,2,1,,11/22/2023 21:05,,,,9,,,,,98,2.56,307.2,,,,,,,,,,,,
41579,10.02201335v2,10,,2,1,,11/21/2023 21:38,,,,23,,,,,275,1.96,564.48,,,,,,,,,,,,
41580,17.02185814v5,17,,9,1,,11/21/2023 20:18,,,,13,,,,,150,1.96,329.28,,,,,,,,,,,,
41581,10.02202767v1,10,,2,1,,11/21/2023 19:29,,,,8,,,,,88,2.56,276.48,,,,,,,,,,,,
41581,10.02202766v1,10,,2,1,,11/21/2023 19:29,,,,11,,,,,132,1.96,282.24,,,,,,,,,,,,
41582,10.02203070v1,10,,2,1,,11/21/2023 19:30,,,,34,,,,,403,1.96,823.2,,,,,,,,,,,,
41583,10.02202588v1,10,,2,4,,11/21/2023 22:23,,,,10,,,,,120,2.83,373.56,,,,,,,,,,,,
41584,10.02202359v1,10,,2,3,,11/22/2023 15:28,,,,5,,,,,60,2.85,205.2,,,,,,,,,,,,
41585,10.02185863v3,10,,2,1,,11/21/2023 19:59,,,,10,,,,,120,2.23,294.36,,,,,,,,,,,,
41586,55.02200616v2,55,,114,3,,11/21/2023 22:36,,,,3,,,,,30,3.31,158.88,,,,,,,,,,,,
41587,10.0292932v1,10,,2,1,,11/27/2023 16:16,,,,5,,,,,60,2.56,184.32,,,,,,,,,,,,
41588,10.02194481v2,10,,2,1,,11/21/2023 20:12,,,,10,,,,,120,2.23,294.36,,,,,,,,,,,,
41589,10.0288959v2,10,,2,4,,11/21/2023 21:16,,,,10,,,,,120,2.83,373.56,,,,,,,,,,,,
41590,10.0217388v2,10,,2,1,,11/22/2023 15:07,,,,21,,,,,250,1.96,517.44,,,,,,,,,,,,
41592,10.02200252v1,10,,2,4,,11/21/2023 21:14,,,,103,,,,,1225,2.01,2508.48,,,,,,,,,,,,
41593,10.02200380v4,10,,2,1,,11/21/2023 18:08,,,,13,,,,,150,1.96,329.28,,,,,,,,,,,,
41594,10.02201670v2,10,,2,1,,11/21/2023 21:44,,,,10,,,,,120,2.23,294.36,,,,,,,,,,,,
41595,10.02200709v2,10,,2,1,,11/21/2023 21:20,,,,11,,,,,123,2.23,321.12,,,,,,,,,,,,
41596,932199278v2,93,120,120,10,45296,11/22/2023 16:19,Distributor,newbusiness,15895153064,10,1.8,0,237.6,216,,,,,,,,,,,,,,,
41596,10.02206722v1,10,,2,1,,11/22/2023 16:19,,,,10,,,,,120,2.23,294.36,,,,,,,,,,,,
41597,13.05199493v1,13,,5,3,,11/21/2023 21:33,,,,17,,,,,200,1.63,352.08,,,,,,,,,,,,
41598,10.02203311v3,10,,2,4,,11/28/2023 17:12,,,,13,,,,,150,2.54,426.72,,,,,,,,,,,,
41599,10.02156989v1,10,,2,3,,11/22/2023 15:32,,,,3,,,,,30,3.18,152.64,,,,,,,,,,,,
41600,10.02177471v1,10,,2,1,,11/22/2023 13:33,,,,5,,,,,60,2.56,184.32,,,,,,,,,,,,
41601,55.02202223v3,55,,114,1,,11/21/2023 22:45,,,,12,,,,,141,1.88,293.28,,,,,,,,,,,,
41601,55.02202227v3,55,,114,1,,11/21/2023 22:45,,,,12,,,,,141,1.88,293.28,,,,,,,,,,,,
41602,10.02202498v1,10,,2,1,,11/21/2023 22:42,,,,13,,,,,150,1.96,329.28,,,,,,,,,,,,
41603,10.02146843v1,10,,2,4,,11/27/2023 20:41,,,,25,,,,,290,2.54,792.48,,,,,,,,,,,,
41603,10.02144471v2,10,,2,4,,11/27/2023 20:41,,,,25,,,,,290,2.54,792.48,,,,,,,,,,,,
41604,10.02203195v1,10,,2,1,,11/22/2023 14:37,,,,11,,,,,125,2.23,321.12,,,,,,,,,,,,
41606,10.02150450v2,10,,2,1,,11/21/2023 23:08,,,,42,,,,,500,1.96,1011.36,,,,,,,,,,,,
41607,15.02202082v1,15,,7,3,,11/22/2023 17:32,,,,13,,,,,150,3.66,614.88,,,,,,,,,,,,
41608,10.02174063v2,10,,2,3,,11/21/2023 23:21,,,,10,,,,,120,2.72,359.04,,,,,,,,,,,,
41609,49.02201117v1,49,,116,3,,11/22/2023 15:45,,,,9,,,,,100,2.78,333.6,,,,,,,,,,,,
41610,10.02201615v1,10,,2,1,,11/22/2023 17:42,,,,30,,,,,360,1.96,729.12,,,,,,,,,,,,
41611,10.02202818v1,10,,2,4,,11/22/2023 16:27,,,,10,,,,,120,2.83,373.56,,,,,,,,,,,,
41612,10.02149778v3,10,,2,4,,11/22/2023 13:50,,,,25,,,,,300,2.54,792.48,,,,,,,,,,,,
41614,10.02203269v1,10,,2,1,,11/22/2023 15:50,,,,3,,,,,30,3.18,152.64,,,,,,,,,,,,
41614,12.02203270v1,12,,4,1,,11/22/2023 15:50,,,,5,,,,,60,2.23,160.56,,,,,,,,,,,,
41614,10.02115913v2,10,,2,1,,11/22/2023 15:50,,,,10,,,,,120,2.23,294.36,,,,,,,,,,,,
41614,12.02203267v1,12,,4,1,,11/22/2023 15:50,,,,5,,,,,60,2.23,160.56,,,,,,,,,,,,
41615,10.02203214v1,10,,2,3,,11/22/2023 15:08,,,,10,,,,,110,2.72,359.04,,,,,,,,,,,,
41616,10.026879v2,10,,2,1,,11/22/2023 18:02,,,,5,,,,,60,2.56,184.32,,,,,,,,,,,,
41617,10.02202595v1,10,,2,1,,11/22/2023 19:27,,,,25,,,,,300,1.96,611.52,,,,,,,,,,,,
41618,55.02202968v1,55,,114,3,,11/22/2023 18:05,,,,3,,,,,30,3.31,158.88,,,,,,,,,,,,
41619,10.02203239v1,10,,2,1,,11/22/2023 15:58,,,,11,,,,,125,2.23,321.12,,,,,,,,,,,,
41620,10.02196050v1,10,,2,3,,11/27/2023 18:33,,,,84,,,,,1000,2.01,2050.2,,,,,,,,,,,,
41621,10.03203086v1,10,,2,1,,11/22/2023 16:16,,,,3,,,,,30,3.18,152.64,,,,,,,,,,,,
41621,10.02201881v2,10,,2,1,,11/22/2023 16:16,,,,13,,,,,150,1.96,329.28,,,,,,,,,,,,
41622,10.02202472v3,10,,2,1,,11/22/2023 16:20,,,,10,,,,,120,2.23,294.36,,,,,,,,,,,,
41622,10.02202473v1,10,,2,1,,11/22/2023 16:20,,,,10,,,,,120,2.23,294.36,,,,,,,,,,,,
41623,10.02201478v1,10,,2,3,,11/22/2023 18:34,,,,3,,,,,30,3.18,152.64,,,,,,,,,,,,
41624,10.02203265v1,10,,2,1,,11/22/2023 16:57,,,,5,,,,,60,2.56,184.32,,,,,,,,,,,,
41626,10.02203570v1,10,,2,3,,11/24/2023 21:03,,,,9,,,,,100,2.85,342,,,,,,,,,,,,
41626,55.02203814v1,55,,114,3,,11/24/2023 21:03,,,,9,,,,,100,2.98,357.6,,,,,,,,,,,,
41626,10.02202936v1,10,,2,3,,11/24/2023 21:03,,,,9,,,,,100,2.85,342,,,,,,,,,,,,
41626,55.02202880v1,55,,114,3,,11/24/2023 21:03,,,,3,,,,,30,3.31,158.88,,,,,,,,,,,,
41626,10.02202862v1,10,,2,3,,11/24/2023 21:03,,,,3,,,,,30,3.18,152.64,,,,,,,,,,,,
41626,55.02202934v1,55,,114,3,,11/24/2023 21:03,,,,9,,,,,100,2.98,357.6,,,,,,,,,,,,
41626,55.02202861v2,55,,114,3,,11/24/2023 21:03,,,,3,,,,,30,3.31,158.88,,,,,,,,,,,,
41626,10.02202879v1,10,,2,3,,11/24/2023 21:03,,,,3,,,,,30,3.18,152.64,,,,,,,,,,,,
41627,10.02107920v1,10,,2,3,,11/22/2023 18:34,,,,10,,,,,120,2.72,359.04,,,,,,,,,,,,
41628,15.02202994v1,15,,7,3,,11/22/2023 18:42,,,,10,,,,,120,3.84,506.88,,,,,,,,,,,,
41628,15.02202785v1,15,,7,3,,11/22/2023 18:42,,,,10,,,,,120,3.84,506.88,,,,,,,,,,,,
41629,10.02128085v2,10,,2,1,,11/22/2023 20:16,,,,24,,,,,280,1.96,588,,,,,,,,,,,,
41630,10.02203219v3,10,,2,3,,11/22/2023 18:02,,,,46,,,,,548,2.28,1285.92,,,,,,,,,,,,
41630,10.02203219v1,10,,2,3,,11/22/2023 18:02,,,,13,,,,,152,2.54,426.72,,,,,,,,,,,,
41631,10.02146210v3,10,,2,3,,11/22/2023 18:34,,,,3,,,,,30,3.18,152.64,,,,,,,,,,,,
41632,10.0269989v1,10,,2,3,,11/27/2023 14:16,,,,5,,,,,60,2.85,205.2,,,,,,,,,,,,
41632,10.02202198v1,10,,2,3,,11/27/2023 14:16,,,,5,,,,,60,2.85,205.2,,,,,,,,,,,,
41633,10.02203355v2,10,,2,1,,11/22/2023 21:33,,,,10,,,,,120,2.23,294.36,,,,,,,,,,,,
41634,10.02202659v1,10,,2,4,,11/22/2023 21:03,,,,5,,,,,60,2.83,203.76,,,,,,,,,,,,
41635,10.02197326v2,10,,2,3,,11/22/2023 18:42,,,,5,,,,,60,2.85,205.2,,,,,,,,,,,,
41635,10.02197319v1,10,,2,3,,11/22/2023 18:42,,,,7,,,,,75,2.85,273.6,,,,,,,,,,,,
41636,10.02203510v1,10,,2,1,,11/24/2023 15:03,,,,34,,,,,400,1.96,823.2,,,,,,,,,,,,
41637,55.02202369v3,55,,114,1,,11/22/2023 19:28,,,,11,,,,,125,1.96,282.24,,,,,,,,,,,,
41637,55.02202370v3,55,,114,1,,11/22/2023 19:28,,,,11,,,,,125,1.96,282.24,,,,,,,,,,,,
41638,17.02187111v6,17,,9,1,,11/22/2023 19:06,,,,20,,,,,240,1.96,493.92,,,,,,,,,,,,
41639,55.02192293v2,55,,114,1,,11/22/2023 20:28,,,,15,,,,,180,1.88,360.96,,,,,,,,,,,,
41639,55.02192292v2,55,,114,1,,11/22/2023 20:28,,,,15,,,,,180,1.88,360.96,,,,,,,,,,,,
41640,10.02155077v1,10,,2,4,,11/24/2023 17:17,,,,13,,,,,150,2.54,426.72,,,,,,,,,,,,
41641,10.02203357v2,10,,2,4,,11/27/2023 18:48,,,,3,,,,,30,3.25,156,,,,,,,,,,,,
41641,10.02203351v3,10,,2,4,,11/27/2023 18:48,,,,3,,,,,30,3.25,156,,,,,,,,,,,,
41642,10.02187278v1,10,,2,1,,11/22/2023 21:05,,,,150,,,,,1800,1.71,3098.52,,,,,,,,,,,,
41643,10.02196161v3,10,,2,1,,11/22/2023 21:34,,,,20,,,,,240,1.96,493.92,,,,,,,,,,,,
41644,48.02203341v1,48,,115,4,,11/22/2023 21:24,,,,6,,,,,61,2.83,237.72,,,,,,,,,,,,
41644,48.02203340v1,48,,115,4,,11/22/2023 21:24,,,,6,,,,,61,2.83,237.72,,,,,,,,,,,,
41645,55.02195709v2,55,,114,4,,11/28/2023 18:21,,,,10,,,,,120,3,396,,,,,,,,,,,,
41646,10.02203363v1,10,,2,1,,11/22/2023 21:30,,,,13,,,,,150,1.96,329.28,,,,,,,,,,,,
41647,55.02201506v2,55,,114,1,,11/22/2023 22:26,,,,9,,,,,100,2.56,307.2,,,,,,,,,,,,
41648,10.02203468v1,10,,2,1,,11/27/2023 20:02,,,,5,,,,,60,2.56,184.32,,,,,,,,,,,,
41649,10.02203019v1,10,,2,1,,11/24/2023 20:47,,,,10,,,,,120,2.23,294.36,,,,,,,,,,,,
41649,10.02203018v1,10,,2,1,,11/24/2023 20:47,,,,10,,,,,120,2.23,294.36,,,,,,,,,,,,
41650,15.02202948v1,15,,7,3,,11/27/2023 18:35,,,,10,,,,,120,3.84,506.88,,,,,,,,,,,,
41650,15.02202952v1,15,,7,3,,11/27/2023 18:35,,,,10,,,,,120,3.84,506.88,,,,,,,,,,,,
41651,10.02203289v1,10,,2,3,,11/22/2023 23:50,,,,5,,,,,60,2.85,205.2,,,,,,,,,,,,
41652,10.02202764v3,10,,2,3,,11/24/2023 16:25,,,,5,,,,,60,2.85,205.2,,,,,,,,,,,,
41653,10.02201027v1,10,,2,3,,11/27/2023 15:36,,,,5,,,,,60,2.85,205.2,,,,,,,,,,,,
41654,10.02203460v1,10,,2,4,,11/24/2023 16:26,,,,10,,,,,120,2.83,373.56,,,,,,,,,,,,
41655,10.02202954v2,10,,2,4,,11/24/2023 15:29,,,,10,,,,,120,2.83,373.56,,,,,,,,,,,,
41656,932203522v1,93,120,120,10,45287,11/24/2023 19:14,Direct,newbusiness,16188438093,10,1.8,0,237.6,216,,,,,,,,,,,,,,,
41657,10.02203325v1,10,,2,3,,11/23/2023 18:44,,,,5,,,,,60,2.85,205.2,,,,,,,,,,,,
41659,10.02196773v1,10,,2,3,,11/25/2023 1:15,,,,10,,,,,120,2.72,359.04,,,,,,,,,,,,
41660,10.02203571v1,10,,2,1,,11/24/2023 18:47,,,,10,,,,,120,2.23,294.36,,,,,,,,,,,,
41661,10.02203679v1,10,,2,1,,11/24/2023 23:58,,,,10,,,,,120,2.23,294.36,,,,,,,,,,,,
41662,10.02203688v1,10,,2,3,,11/27/2023 16:18,,,,10,,,,,120,2.72,359.04,,,,,,,,,,,,
41663,10.02194726v1,10,,2,1,,11/25/2023 3:08,,,,5,,,,,60,2.56,184.32,,,,,,,,,,,,
41663,10.02194727v1,10,,2,1,,11/25/2023 3:08,,,,5,,,,,60,2.56,184.32,,,,,,,,,,,,
41664,55.02203808v1,55,,114,3,,11/27/2023 16:46,,,,13,,,,,150,2.67,448.56,,,,,,,,,,,,
41665,10.02202068v1,10,,2,3,,11/27/2023 16:34,,,,20,,,,,240,2.43,612.36,,,,,,,,,,,,
41666,10.02203147v1,10,,2,3,,11/27/2023 16:09,,,,3,,,,,34,3.18,152.64,,,,,,,,,,,,
41667,10.02202956v2,10,,2,3,,11/27/2023 16:09,,,,4,,,,,40,3.18,190.8,,,,,,,,,,,,
41668,10.02189222v3,10,,2,3,,11/27/2023 2:36,,,,25,,,,,300,2.43,758.16,,,,,,,,,,,,
41669,10.02204073v1,10,,2,3,,11/30/2023 8:28,,,,5,,,,,60,2.85,205.2,,,,,,,,,,,,
41670,10.02200953v3,10,,2,3,,11/27/2023 15:13,,,,5,,,,,60,2.85,205.2,,,,,,,,,,,,
41671,10.02126912v1,10,,2,3,,11/27/2023 16:49,,,,20,,,,,240,2.43,612.36,,,,,,,,,,,,
41672,10.02202959v1,10,,2,3,,11/27/2023 23:06,,,,17,,,,,200,2.54,548.64,,,,,,,,,,,,
41673,10.0257203v3,10,,2,1,,11/28/2023 16:14,,,,3,,,,,30,3.18,152.64,,,,,,,,,,,,
41674,10.02171913v1,10,,2,3,,11/27/2023 16:33,,,,5,,,,,60,2.85,205.2,,,,,,,,,,,,
41675,10.02201494v3,10,,2,3,,11/27/2023 15:40,,,,20,,,,,240,2.43,612.36,,,,,,,,,,,,
41677,10.02203407v1,10,,2,3,,11/27/2023 16:19,,,,42,,,,,500,2.43,1253.88,,,,,,,,,,,,
41678,10.02203747v1,10,,2,3,,11/27/2023 16:34,,,,3,,,,,30,3.18,152.64,,,,,,,,,,,,
41679,10.02203403v1,10,,2,4,,11/27/2023 17:03,,,,5,,,,,60,2.83,203.76,,,,,,,,,,,,
41680,10.02107141v1,10,,2,4,,11/27/2023 21:20,,,,5,,,,,60,2.83,203.76,,,,,,,,,,,,
41681,10.02203492v1,10,,2,1,,11/27/2023 17:14,,,,3,,,,,30,3.18,152.64,,,,,,,,,,,,
41682,10.02203789v1,10,,2,3,,11/27/2023 20:34,,,,5,,,,,60,2.85,205.2,,,,,,,,,,,,
41682,10.02203790v1,10,,2,3,,11/27/2023 20:34,,,,5,,,,,60,2.85,205.2,,,,,,,,,,,,
41683,10.02203338v1,10,,2,4,,11/28/2023 21:03,,,,15,,,,,170,2.54,487.68,,,,,,,,,,,,
41683,10.02203334v1,10,,2,4,,11/28/2023 21:03,,,,15,,,,,170,2.54,487.68,,,,,,,,,,,,
41683,10.02203339v1,10,,2,4,,11/28/2023 21:03,,,,15,,,,,170,2.54,487.68,,,,,,,,,,,,
41684,10.02203416v1,10,,2,4,,11/27/2023 22:56,,,,5,,,,,60,2.83,203.76,,,,,,,,,,,,
41685,10.02198408v1,10,,2,1,,11/27/2023 18:07,,,,30,,,,,360,1.96,729.12,,,,,,,,,,,,
41686,10.02195061v1,10,,2,1,,11/27/2023 20:36,,,,100,,,,,1200,1.71,2072.52,,,,,,,,,,,,
41687,10.04203134v1,10,,2,4,,11/27/2023 18:22,,,,5,,,,,60,2.83,203.76,,,,,,,,,,,,
41688,10.02201634v1,10,,2,4,,11/27/2023 23:01,,,,4,,,,,45,3.25,195,,,,,,,,,,,,
41688,10.02201630v1,10,,2,4,,11/27/2023 23:01,,,,4,,,,,45,3.25,195,,,,,,,,,,,,
41689,15.02200483v4,15,,7,3,,11/29/2023 16:11,,,,30,,,,,360,3.53,1313.16,,,,,,,,,,,,
41690,10.02203913v1,10,,2,3,,11/27/2023 23:31,,,,7,,,,,75,2.85,273.6,,,,,,,,,,,,
41691,10.03178229v1,10,,2,1,,11/27/2023 22:00,,,,42,,,,,500,1.96,1011.36,,,,,,,,,,,,
41692,55.02205276v1,55,,114,3,,12/12/2023 19:34,,,,10,,,,,120,2.85,376.2,,,,,,,,,,,,
41692,46.02193802v1,46,,113,3,,12/12/2023 19:34,,,,10,,,,,120,2.72,359.04,,,,,,,,,,,,
41693,10.02131589v1,10,,2,3,,12/13/2023 21:36,,,,5,,,,,60,2.85,205.2,,,,,,,,,,,,
41693,10.02186795v1,10,,2,3,,12/13/2023 21:36,,,,99,,,,,1180,2.01,2412,,,,,,,,,,,,
41694,10.02188439v2,10,,2,3,,11/28/2023 15:16,,,,10,,,,,120,2.72,359.04,,,,,,,,,,,,
41695,17.02199029v1,17,,9,1,,11/27/2023 21:51,,,,10,,,,,120,2.23,294.36,,,,,,,,,,,,
41695,17.02203829v1,17,,9,1,,11/27/2023 21:51,,,,10,,,,,120,2.23,294.36,,,,,,,,,,,,
41695,17.02199024v1,17,,9,1,,11/27/2023 21:51,,,,10,,,,,120,2.23,294.36,,,,,,,,,,,,
41696,10.02203412v1,10,,2,4,,11/27/2023 20:41,,,,10,,,,,120,2.83,373.56,,,,,,,,,,,,
41697,17.02203806v4,17,,9,3,,11/28/2023 22:24,,,,9,,,,,100,2.85,342,,,,,,,,,,,,
41698,10.02203449v1,10,,2,4,,11/28/2023 14:42,,,,9,,,,,100,2.83,339.6,,,,,,,,,,,,
41699,55.02200123v1,55,,114,4,,11/28/2023 20:24,,,,7,,,,,75,3,288,,,,,,,,,,,,
41702,10.02203828v1,10,,2,1,,11/27/2023 21:58,,,,10,,,,,120,2.23,294.36,,,,,,,,,,,,
41703,10.02189432v1,10,,2,1,,11/27/2023 22:57,,,,13,,,,,145,1.96,329.28,,,,,,,,,,,,
41703,10.02190604v1,10,,2,1,,11/27/2023 22:57,,,,13,,,,,145,1.96,329.28,,,,,,,,,,,,
41706,10.02203848v1,10,,2,4,,11/28/2023 16:16,,,,3,,,,,30,3.25,156,,,,,,,,,,,,
41707,55.02203266v1,55,,114,4,,11/28/2023 1:33,,,,5,,,,,60,3,216,,,,,,,,,,,,
41707,55.02203268v1,55,,114,4,,11/28/2023 1:33,,,,5,,,,,60,3,216,,,,,,,,,,,,
41708,10.02198174v2,10,,2,3,,11/29/2023 19:03,,,,63,,,,,750,2.01,1543.68,,,,,,,,,,,,
41708,10.02198177v1,10,,2,3,,11/29/2023 19:03,,,,63,,,,,750,2.01,1543.68,,,,,,,,,,,,
41709,10.0224140v16,10,,2,3,,11/28/2023 0:26,,,,50,,,,,599,2.28,1395.36,,,,,,,,,,,,
41710,10.02193779v1,10,,2,4,,11/27/2023 23:59,,,,10,,,,,120,2.83,373.56,,,,,,,,,,,,
41711,46.02203085v1,46,,113,3,,11/27/2023 23:54,,,,7,,,,,75,2.85,273.6,,,,,,,,,,,,
41712,10.02163357v1,10,,2,3,,11/28/2023 16:14,,,,4,,,,,40,3.18,190.8,,,,,,,,,,,,
41713,55.02183734v1,55,,114,4,,11/28/2023 20:39,,,,5,,,,,60,3,216,,,,,,,,,,,,
41714,55.02201757v1,55,,114,4,,11/28/2023 15:22,,,,6,,,,,71,3,252,,,,,,,,,,,,
41715,17.02192810v2,17,,9,1,,11/28/2023 16:20,,,,10,,,,,120,2.23,294.36,,,,,,,,,,,,
41715,17.02192812v2,17,,9,1,,11/28/2023 16:20,,,,10,,,,,120,2.23,294.36,,,,,,,,,,,,
41715,17.02178321v2,17,,9,1,,11/28/2023 16:20,,,,10,,,,,120,2.23,294.36,,,,,,,,,,,,
41716,10.02202870v2,10,,2,3,,11/28/2023 18:11,,,,60,,,,,720,2.01,1471.32,,,,,,,,,,,,
41717,10.02201625v3,10,,2,4,,11/28/2023 17:00,,,,10,,,,,120,2.83,373.56,,,,,,,,,,,,
41718,10.02201567v1,10,,2,4,,11/28/2023 19:16,,,,3,,,,,30,3.25,156,,,,,,,,,,,,
41719,10.02101046v2,10,,2,4,,11/28/2023 17:58,,,,5,,,,,60,2.83,203.76,,,,,,,,,,,,
41721,10.0293947v2,10,,2,4,,11/28/2023 20:20,,,,20,,,,,240,2.54,640.08,,,,,,,,,,,,
41722,10.02203133v2,10,,2,4,,11/28/2023 18:06,,,,42,,,,,500,2.54,1310.64,,,,,,,,,,,,
41723,10.02202980v2,10,,2,4,,11/29/2023 19:59,,,,10,,,,,120,2.83,373.56,,,,,,,,,,,,
41724,10.0243707v1,10,,2,4,,11/28/2023 18:42,,,,5,,,,,60,2.83,203.76,,,,,,,,,,,,
41725,10.02204046v1,10,,2,3,,11/30/2023 22:23,,,,3,,,,,30,3.18,152.64,,,,,,,,,,,,
41726,10.03202757v1,10,,2,3,,12/4/2023 17:29,,,,5,,,,,60,2.85,205.2,,,,,,,,,,,,
41726,10.02200985v1,10,,2,3,,12/4/2023 17:29,,,,10,,,,,120,2.72,359.04,,,,,,,,,,,,
41727,10.02203945v2,10,,2,4,,11/28/2023 19:04,,,,12,,,,,144,2.54,396.24,,,,,,,,,,,,
41728,17.02201498v5,17,,9,4,,11/28/2023 18:16,,,,34,,,,,400,2.54,1066.8,,,,,,,,,,,,
41729,10.02128573v3,10,,2,3,,11/29/2023 17:20,,,,3,,,,,30,3.18,152.64,,,,,,,,,,,,
41729,10.02144121v1,10,,2,3,,11/29/2023 17:20,,,,3,,,,,30,3.18,152.64,,,,,,,,,,,,
41730,55.03191310v1,55,,114,3,,11/28/2023 18:20,,,,3,,,,,30,3.31,158.88,,,,,,,,,,,,
41730,55.02191309v1,55,,114,3,,11/28/2023 18:20,,,,15,,,,,170,2.67,512.64,,,,,,,,,,,,
41731,55.02203901v1,55,,114,3,,11/29/2023 5:59,,,,5,,,,,60,2.98,214.56,,,,,,,,,,,,
41732,10.02184328v4,10,,2,3,,11/29/2023 15:00,,,,84,,,,,1000,2.01,2050.2,,,,,,,,,,,,
41733,10.02203518v1,10,,2,4,,11/28/2023 18:36,,,,10,,,,,120,2.83,373.56,,,,,,,,,,,,
41734,10.02203651v1,10,,2,4,,11/28/2023 18:56,,,,3,,,,,30,3.25,156,,,,,,,,,,,,
41735,55.02202485v1,55,,114,4,,11/29/2023 15:53,,,,38,,,,,450,2.71,1268.28,,,,,,,,,,,,
41736,10.0293674v1,10,,2,1,,11/28/2023 22:32,,,,17,,,,,200,1.96,423.36,,,,,,,,,,,,
41737,10.02204083v1,10,,2,3,,11/28/2023 19:35,,,,10,,,,,120,2.72,359.04,,,,,,,,,,,,
41738,10.02202734v1,10,,2,3,,11/29/2023 15:25,,,,3,,,,,30,3.18,152.64,,,,,,,,,,,,
41738,10.03203735v1,10,,2,3,,11/29/2023 15:25,,,,3,,,,,30,3.18,152.64,,,,,,,,,,,,
41739,49.02203445v1,49,,116,3,,11/28/2023 20:08,,,,10,,,,,120,2.65,349.8,,,,,,,,,,,,
41741,10.02192364v1,10,,2,1,,11/28/2023 20:54,,,,55,,,,,652,1.88,1263.36,,,,,,,,,,,,
41742,10.02203508v4,10,,2,3,,11/28/2023 20:40,,,,5,,,,,60,2.85,205.2,,,,,,,,,,,,
41743,10.02204500v2,10,,2,3,,11/28/2023 22:41,,,,9,,,,,107,2.85,342,,,,,,,,,,,,
41744,10.02204092v1,10,,2,3,,11/29/2023 1:24,,,,5,,,,,60,2.85,205.2,,,,,,,,,,,,
41745,10.02203555v9,10,,2,3,,11/29/2023 16:44,,,,67,,,,,800,2.01,1640.16,,,,,,,,,,,,
41746,55.02204048v1,55,,114,3,,11/28/2023 22:13,,,,5,,,,,60,2.98,214.56,,,,,,,,,,,,
41747,10.02203942v1,10,,2,1,,11/28/2023 21:37,,,,3,,,,,30,3.18,152.64,,,,,,,,,,,,
41748,10.02200801v1,10,,2,1,,11/28/2023 22:32,,,,10,,,,,120,2.23,294.36,,,,,,,,,,,,
41749,10.02203465v1,10,,2,1,,11/29/2023 18:49,,,,30,,,,,360,1.96,729.12,,,,,,,,,,,,
41750,10.02185108v1,10,,2,4,,11/28/2023 23:53,,,,3,,,,,30,3.25,156,,,,,,,,,,,,
41751,12.02168771v1,12,,4,3,,11/29/2023 16:50,,,,12,,,,,140,2.29,357.24,,,,,,,,,,,,
41752,46.02203566v3,46,,113,1,,11/28/2023 22:40,,,,30,,,,,350,1.79,665.88,,,,,,,,,,,,
41752,10.02203565v2,10,,2,1,,11/28/2023 22:40,,,,30,,,,,350,1.96,729.12,,,,,,,,,,,,
41753,10.02203297v1,10,,2,3,,11/29/2023 15:44,,,,5,,,,,60,2.85,205.2,,,,,,,,,,,,
41754,10.02203639v1,10,,2,1,,11/29/2023 0:01,,,,11,,,,,125,2.23,321.12,,,,,,,,,,,,
41755,10.02204244v1,10,,2,3,,11/29/2023 0:13,,,,10,,,,,115,2.72,359.04,,,,,,,,,,,,
41756,10.02204250v1,10,,2,4,,12/4/2023 18:08,,,,5,,,,,60,2.83,203.76,,,,,,,,,,,,
41757,10.02188096v1,10,,2,1,,11/29/2023 14:23,,,,30,,,,,360,1.96,729.12,,,,,,,,,,,,
41758,10.02204036v1,10,,2,4,,11/29/2023 14:55,,,,10,,,,,120,2.83,373.56,,,,,,,,,,,,
41759,10.02204156v2,10,,2,1,,11/29/2023 21:53,,,,5,,,,,50,3.18,228.96,,,,,,,,,,,,
41760,15.02203572v1,15,,7,3,,11/29/2023 23:11,,,,30,,,,,350,3.53,1313.16,,,,,,,,,,,,
41761,,70,,,1,45265,11/30/2023 17:50,,,,,,,,,,1.96,,30497,300,25290,55181,107,21438,312,131729,11/30/2023 17:42,12/5/2023,25,611.52
41762,10.02203653v1,10,,2,1,,11/29/2023 17:11,,,,6,,,,,61,2.56,215.04,,,,,,,,,,,,
41763,10.02184266v2,10,,2,1,,11/29/2023 19:11,,,,10,,,,,120,2.23,294.36,,,,,,,,,,,,
41764,10.02203669v1,10,,2,4,,11/29/2023 17:02,,,,4,,,,,40,3.25,195,,,,,,,,,,,,
41765,10.02134887v2,10,,2,1,,11/29/2023 18:59,,,,20,,,,,240,1.96,493.92,,,,,,,,,,,,
41766,932204264v1,93,120,120,10,45300,11/29/2023 22:11,Direct,newbusiness,16102234934,10,1.8,0,237.6,216,,,,,,,,,,,,,,,
41767,55.02204357v1,55,,114,1,,11/29/2023 22:22,,,,42,,,,,500,1.88,970.08,,,,,,,,,,,,
41767,55.02204394v1,55,,114,1,,11/29/2023 22:22,,,,42,,,,,500,1.88,970.08,,,,,,,,,,,,
41768,10.02204261v1,10,,2,1,,11/29/2023 16:49,,,,11,,,,,131,2.23,321.12,,,,,,,,,,,,
41769,10.02175888v3,10,,2,4,,11/29/2023 16:58,,,,17,,,,,200,2.54,548.64,,,,,,,,,,,,
41770,10.02202683v2,10,,2,4,,11/29/2023 17:21,,,,3,,,,,30,3.25,156,,,,,,,,,,,,
41771,10.02203318v1,10,,2,3,,11/30/2023 17:34,,,,25,,,,,300,2.43,758.16,,,,,,,,,,,,
41772,10.02203809v2,10,,2,1,,11/29/2023 17:04,,,,5,,,,,60,2.56,184.32,,,,,,,,,,,,
41773,10.02105843v6,10,,2,1,,11/29/2023 17:55,,,,5,,,,,60,2.56,184.32,,,,,,,,,,,,
41774,10.02189218v1,10,,2,1,,11/29/2023 17:57,,,,21,,,,,250,1.96,517.44,,,,,,,,,,,,
41775,10.02203813v1,10,,2,1,,11/29/2023 17:18,,,,5,,,,,50,3.18,228.96,,,,,,,,,,,,
41776,10.02204213v1,10,,2,3,,11/30/2023 7:46,,,,5,,,,,60,2.85,205.2,,,,,,,,,,,,
41777,55.02204214v2,55,,114,4,,11/29/2023 22:11,,,,3,,,,,30,3.42,164.16,,,,,,,,,,,,
41778,10.02195098v4,10,,2,1,,11/29/2023 18:46,,,,10,,,,,120,2.23,294.36,,,,,,,,,,,,
41779,10.02184257v2,10,,2,1,,11/29/2023 19:11,,,,10,,,,,120,2.23,294.36,,,,,,,,,,,,
41780,932203995v1,93,220,120,10,45282,11/30/2023 21:39,Direct,newbusiness,16263898684,19,1.8,0,432,396,,,,,,,,,,,,,,,
41781,10.02174757v1,10,,2,3,,11/29/2023 20:39,,,,30,,,,,360,2.43,903.96,,,,,,,,,,,,
41782,11.02204268v1,11,,3,3,,12/3/2023 20:29,,,,5,,,,,60,3.02,217.44,,,,,,,,,,,,
41783,10.02200643v1,10,,2,1,,11/29/2023 22:13,,,,20,,,,,240,1.96,493.92,,,,,,,,,,,,
41784,932204283v1,93,500,120,10,45282,11/29/2023 20:30,Direct,existingbusiness,15991932998,42,1.31,0,675.96,655,,,,,,,,,,,,,,,
41785,10.0283782v4,10,,2,1,,11/30/2023 20:21,,,,17,,,,,200,1.96,423.36,,,,,,,,,,,,
41786,46.02135575v3,46,,113,3,,11/29/2023 20:25,,,,5,,,,,60,2.85,205.2,,,,,,,,,,,,
41787,10.02204280v1,10,,2,3,,11/30/2023 16:42,,,,7,,,,,75,2.85,273.6,,,,,,,,,,,,
41789,10.02196174v1,10,,2,4,,11/29/2023 22:16,,,,3,,,,,30,3.25,156,,,,,,,,,,,,
41790,49.02204277v1,49,,116,3,,11/29/2023 20:49,,,,5,,,,,60,2.78,200.16,,,,,,,,,,,,
41791,10.02189628v3,10,,2,4,,11/29/2023 21:27,,,,8,,,,,90,2.83,305.64,,,,,,,,,,,,
41792,10.0220253v2,10,,2,4,,11/29/2023 22:16,,,,5,,,,,60,2.83,203.76,,,,,,,,,,,,
41793,932203999v7,93,2,120,10,45268,12/1/2023 22:25,Distributor,newbusiness,15725771921,1,1.8,0,43.2,3.6,,,,,,,,,,,,,,,
41795,10.02194357v3,10,,2,3,,11/30/2023 14:12,,,,5,,,,,60,2.85,205.2,,,,,,,,,,,,
41796,55.02133286v2,55,,114,3,,11/30/2023 0:13,,,,5,,,,,60,2.98,214.56,,,,,,,,,,,,
41797,10.02204340v1,10,,2,4,,12/11/2023 20:38,,,,5,,,,,60,2.83,203.76,,,,,,,,,,,,
41798,10.02203145v1,10,,2,1,,11/29/2023 22:43,,,,21,,,,,250,1.96,517.44,,,,,,,,,,,,
41799,10.02194179v1,10,,2,3,,11/30/2023 16:49,,,,3,,,,,30,3.18,152.64,,,,,,,,,,,,
41800,10.02204195v1,10,,2,3,,11/30/2023 16:31,,,,7,,,,,75,2.85,273.6,,,,,,,,,,,,
41801,10.02203164v1,10,,2,4,,11/30/2023 14:40,,,,5,,,,,60,2.83,203.76,,,,,,,,,,,,
41801,10.02203167v1,10,,2,4,,11/30/2023 14:40,,,,5,,,,,60,2.83,203.76,,,,,,,,,,,,
41803,10.02204179v1,10,,2,1,,11/29/2023 23:20,,,,14,,,,,166,1.96,352.8,,,,,,,,,,,,
41804,55.02167680v1,55,,114,1,,12/12/2023 16:53,,,,10,,,,,120,1.96,258.72,,,,,,,,,,,,
41805,49.02185914v1,49,,116,3,,11/30/2023 18:31,,,,10,,,,,120,2.65,349.8,,,,,,,,,,,,
41806,55.02204262v1,55,,114,1,,11/30/2023 15:15,,,,34,,,,,402,1.88,789.6,,,,,,,,,,,,
41807,10.02201728v1,10,,2,3,,11/29/2023 23:47,,,,8,,,,,90,2.85,307.8,,,,,,,,,,,,
41808,10.02204494v1,10,,2,3,,11/30/2023 22:32,,,,3,,,,,30,3.18,152.64,,,,,,,,,,,,
41809,55.02199733v1,55,,114,4,,11/30/2023 14:12,,,,3,,,,,30,3.42,164.16,,,,,,,,,,,,
41809,10.04199727v1,10,,2,4,,11/30/2023 14:12,,,,13,,,,,150,2.54,426.72,,,,,,,,,,,,
41809,55.02199730v1,55,,114,4,,11/30/2023 14:12,,,,3,,,,,30,3.42,164.16,,,,,,,,,,,,
41809,10.04199728v1,10,,2,4,,11/30/2023 14:12,,,,13,,,,,150,2.54,426.72,,,,,,,,,,,,
41810,10.02203855v2,10,,2,3,,11/30/2023 1:39,,,,15,,,,,180,2.54,487.68,,,,,,,,,,,,
41811,10.02204488v1,10,,2,3,,11/30/2023 16:09,,,,6,,,,,61,2.85,239.4,,,,,,,,,,,,
41812,10.02197637v1,10,,2,1,,11/30/2023 17:56,,,,19,,,,,220,1.96,470.4,,,,,,,,,,,,
41813,17.02202241v2,17,,9,3,,11/30/2023 16:42,,,,13,,,,,150,2.54,426.72,,,,,,,,,,,,
41814,10.02203872v1,10,,2,3,,11/30/2023 18:01,,,,5,,,,,60,2.85,205.2,,,,,,,,,,,,
41815,17.02204084v1,17,,9,1,,11/30/2023 16:52,,,,417,,,,,5000,1.56,7824.96,,,,,,,,,,,,
41816,10.02203039v1,10,,2,3,,11/30/2023 16:55,,,,20,,,,,240,2.43,612.36,,,,,,,,,,,,
41817,10.02139538v2,10,,2,1,,11/30/2023 17:10,,,,15,,,,,175,1.96,376.32,,,,,,,,,,,,
41818,10.02127669v23,10,,2,3,,12/1/2023 18:58,,,,11,,,,,125,2.72,391.68,,,,,,,,,,,,
41818,10.02127669v22,10,,2,3,,12/1/2023 18:58,,,,11,,,,,125,2.72,391.68,,,,,,,,,,,,
41818,10.02127669v21,10,,2,3,,12/1/2023 18:58,,,,11,,,,,125,2.72,391.68,,,,,,,,,,,,
41818,10.02127669v20,10,,2,3,,12/1/2023 18:58,,,,11,,,,,125,2.72,391.68,,,,,,,,,,,,
41818,10.02127669v16,10,,2,3,,12/1/2023 18:58,,,,11,,,,,125,2.72,391.68,,,,,,,,,,,,
41819,10.02203590v1,10,,2,3,,11/30/2023 16:41,,,,10,,,,,120,2.72,359.04,,,,,,,,,,,,
41820,17.02202662v5,17,,9,3,,11/30/2023 19:38,,,,34,,,,,400,2.43,1020.6,,,,,,,,,,,,
41821,10.0226512v1,10,,2,1,,11/30/2023 16:43,,,,5,,,,,60,2.56,184.32,,,,,,,,,,,,
41822,10.02204493v1,10,,2,3,,11/30/2023 17:14,,,,21,,,,,250,2.43,641.52,,,,,,,,,,,,
41823,10.0269112v8,10,,2,1,,12/1/2023 20:42,,,,42,,,,,500,1.96,1011.36,,,,,,,,,,,,
41823,10.02174449v1,10,,2,1,,12/1/2023 20:42,,,,42,,,,,500,1.96,1011.36,,,,,,,,,,,,
41824,10.02202399v3,10,,2,1,,11/30/2023 21:30,,,,7,,,,,80,2.56,245.76,,,,,,,,,,,,
41826,10.02204104v1,10,,2,3,,11/30/2023 18:17,,,,10,,,,,120,2.72,359.04,,,,,,,,,,,,
41827,10.02204035v2,10,,2,3,,11/30/2023 17:59,,,,10,,,,,120,2.72,359.04,,,,,,,,,,,,
41828,55.02204464v1,55,,114,1,,11/30/2023 19:08,,,,5,,,,,60,2.56,184.32,,,,,,,,,,,,
41829,55.02199267v3,55,,114,3,,11/30/2023 19:43,,,,100,,,,,1200,2.14,2593.68,,,,,,,,,,,,
41830,10.02204311v1,10,,2,1,,11/30/2023 19:42,,,,3,,,,,30,3.18,152.64,,,,,,,,,,,,
41830,10.02204314v1,10,,2,1,,11/30/2023 19:42,,,,3,,,,,30,3.18,152.64,,,,,,,,,,,,
41831,55.02203111v1,55,,114,1,,12/4/2023 17:20,,,,10,,,,,120,1.96,258.72,,,,,,,,,,,,
41832,55.02201954v3,55,,114,1,,11/30/2023 19:47,,,,5,,,,,60,2.56,184.32,,,,,,,,,,,,
41832,11.04203285v1,11,,3,1,,11/30/2023 19:47,,,,5,,,,,60,3.33,239.76,,,,,,,,,,,,
41832,10.04204263v1,10,,2,1,,11/30/2023 19:47,,,,5,,,,,60,2.56,184.32,,,,,,,,,,,,
41833,10.02203763v4,10,,2,1,,12/1/2023 3:34,,,,13,,,,,155,1.96,329.28,,,,,,,,,,,,
41834,10.02202854v2,10,,2,4,,11/30/2023 21:30,,,,7,,,,,80,2.83,271.68,,,,,,,,,,,,
41835,10.02191122v1,10,,2,1,,11/30/2023 20:57,,,,20,,,,,240,1.96,493.92,,,,,,,,,,,,
41836,55.02204298v2,55,,114,3,,11/30/2023 20:45,,,,5,,,,,60,2.98,214.56,,,,,,,,,,,,
41836,46.02204297v2,46,,113,3,,11/30/2023 20:45,,,,5,,,,,60,2.85,205.2,,,,,,,,,,,,
41837,10.02204544v1,10,,2,3,,12/1/2023 15:02,,,,25,,,,,300,2.43,758.16,,,,,,,,,,,,
41838,10.02105031v1,10,,2,1,,11/30/2023 20:59,,,,10,,,,,120,2.23,294.36,,,,,,,,,,,,
41839,10.0225572v1,10,,2,3,,12/1/2023 13:06,,,,10,,,,,120,2.72,359.04,,,,,,,,,,,,
41840,10.02159399v1,10,,2,4,,11/30/2023 22:23,,,,7,,,,,75,2.83,271.68,,,,,,,,,,,,
41841,10.0371286v2,10,,2,3,,12/6/2023 20:20,,,,5,,,,,60,2.85,205.2,,,,,,,,,,,,
41841,10.0245031v2,10,,2,3,,12/6/2023 20:20,,,,5,,,,,60,2.85,205.2,,,,,,,,,,,,
41842,10.02142253v1,10,,2,3,,11/30/2023 22:23,,,,6,,,,,61,2.85,239.4,,,,,,,,,,,,
41843,10.02204712v2,10,,2,3,,12/1/2023 21:22,,,,20,,,,,240,2.43,612.36,,,,,,,,,,,,
41845,55.02204442v1,55,,114,1,,11/30/2023 19:24,,,,25,,,,,300,1.88,586.56,,,,,,,,,,,,
41845,55.02204443v1,55,,114,1,,11/30/2023 19:24,,,,7,,,,,75,2.56,245.76,,,,,,,,,,,,
41846,10.02200203v2,10,,2,3,,11/30/2023 21:41,,,,3,,,,,30,3.18,152.64,,,,,,,,,,,,
41847,10.02196374v1,10,,2,3,,11/30/2023 22:22,,,,30,,,,,360,2.43,903.96,,,,,,,,,,,,
41848,10.02204440v2,10,,2,1,,12/1/2023 15:47,,,,5,,,,,60,2.56,184.32,,,,,,,,,,,,
41848,10.02204439v2,10,,2,1,,12/1/2023 15:47,,,,5,,,,,60,2.56,184.32,,,,,,,,,,,,
41848,10.02204445v2,10,,2,1,,12/1/2023 15:47,,,,5,,,,,60,2.56,184.32,,,,,,,,,,,,
41848,10.02204441v2,10,,2,1,,12/1/2023 15:47,,,,5,,,,,60,2.56,184.32,,,,,,,,,,,,
41849,10.02151134v5,10,,2,3,,12/1/2023 14:07,,,,42,,,,,500,2.43,1253.88,,,,,,,,,,,,
41851,10.02124092v2,10,,2,4,,11/30/2023 22:54,,,,3,,,,,30,3.25,156,,,,,,,,,,,,
41851,10.02124092v3,10,,2,4,,11/30/2023 22:54,,,,3,,,,,30,3.25,156,,,,,,,,,,,,
41852,10.02204609v1,10,,2,4,,11/30/2023 22:54,,,,10,,,,,120,2.83,373.56,,,,,,,,,,,,
41853,10.02204603v1,10,,2,4,,11/30/2023 22:42,,,,130,,,,,1550,2.01,3159.72,,,,,,,,,,,,
41855,10.0274794v2,10,,2,3,,12/5/2023 1:21,,,,44,,,,,525,2.43,1312.2,,,,,,,,,,,,
41856,10.02174138v1,10,,2,1,,11/30/2023 23:25,,,,7,,,,,75,2.56,245.76,,,,,,,,,,,,
41857,10.0271902v3,10,,2,4,,12/1/2023 0:52,,,,5,,,,,60,2.83,203.76,,,,,,,,,,,,
41858,55.02204164v3,55,,114,3,,12/1/2023 1:34,,,,21,,,,,250,2.56,675.84,,,,,,,,,,,,
41859,10.02203463v1,10,,2,1,,12/1/2023 3:18,,,,38,,,,,450,1.96,917.28,,,,,,,,,,,,
41860,932204686v1,93,120,120,10,45282,12/1/2023 18:08,Direct,newbusiness,16322177850,10,1.8,0,237.6,216,,,,,,,,,,,,,,,
41862,10.02106963v1,10,,2,3,,12/4/2023 22:41,,,,10,,,,,120,2.72,359.04,,,,,,,,,,,,
41862,10.02106960v1,10,,2,3,,12/4/2023 22:41,,,,10,,,,,120,2.72,359.04,,,,,,,,,,,,
41862,10.02106966v1,10,,2,3,,12/4/2023 22:41,,,,10,,,,,120,2.72,359.04,,,,,,,,,,,,
41863,55.02166393v2,55,,114,4,,12/1/2023 15:50,,,,3,,,,,30,3.42,164.16,,,,,,,,,,,,
41864,10.02192156v1,10,,2,3,,12/1/2023 18:12,,,,31,,,,,370,2.43,933.12,,,,,,,,,,,,
41866,10.02204432v2,10,,2,4,,12/1/2023 18:07,,,,10,,,,,120,2.83,373.56,,,,,,,,,,,,
41866,10.02204430v3,10,,2,4,,12/1/2023 18:07,,,,10,,,,,120,2.83,373.56,,,,,,,,,,,,
41867,10.02203213v1,10,,2,1,,12/1/2023 18:11,,,,42,,,,,500,1.96,1011.36,,,,,,,,,,,,
41868,10.02203997v1,10,,2,4,,12/1/2023 17:22,,,,10,,,,,120,2.83,373.56,,,,,,,,,,,,
41869,10.02204660v1,10,,2,4,,12/1/2023 19:25,,,,10,,,,,120,2.83,373.56,,,,,,,,,,,,
41870,49.02202296v1,49,,116,3,,12/1/2023 17:57,,,,21,,,,,250,2.36,623.04,,,,,,,,,,,,
41872,10.0278137v1,10,,2,1,,12/1/2023 21:12,,,,5,,,,,60,2.56,184.32,,,,,,,,,,,,
41873,10.02114817v1,10,,2,4,,12/1/2023 21:23,,,,5,,,,,60,2.83,203.76,,,,,,,,,,,,
41874,10.03204663v1,10,,2,4,,12/1/2023 19:25,,,,5,,,,,60,2.83,203.76,,,,,,,,,,,,
41875,10.02204722v1,10,,2,4,,12/1/2023 19:21,,,,7,,,,,80,2.83,271.68,,,,,,,,,,,,
41876,10.02204623v1,10,,2,3,,12/4/2023 15:23,,,,5,,,,,50,3.18,228.96,,,,,,,,,,,,
41877,55.02189920v1,55,,114,4,,12/4/2023 15:45,,,,3,,,,,30,3.42,164.16,,,,,,,,,,,,
41877,55.02189921v2,55,,114,4,,12/4/2023 15:45,,,,3,,,,,30,3.42,164.16,,,,,,,,,,,,
41878,10.02204231v1,10,,2,3,,12/1/2023 19:12,,,,10,,,,,120,2.72,359.04,,,,,,,,,,,,
41879,10.02200992v2,10,,2,3,,12/1/2023 19:00,,,,25,,,,,300,2.43,758.16,,,,,,,,,,,,
41880,10.02203672v3,10,,2,1,,12/5/2023 18:41,,,,17,,,,,200,1.96,423.36,,,,,,,,,,,,
41881,15.02204724v1,15,,7,3,,12/1/2023 20:06,,,,15,,,,,180,3.66,702.72,,,,,,,,,,,,
41881,15.02204723v1,15,,7,3,,12/1/2023 20:06,,,,15,,,,,180,3.66,702.72,,,,,,,,,,,,
41882,55.02199267v3,55,,114,4,,12/1/2023 19:44,,,,10,,,,,120,3,396,,,,,,,,,,,,
41883,10.02176607v2,10,,2,1,,12/6/2023 22:57,,,,25,,,,,300,1.96,611.52,,,,,,,,,,,,
41884,55.02201378v3,55,,114,3,,12/1/2023 22:28,,,,3,,,,,30,3.31,158.88,,,,,,,,,,,,
41885,10.02135386v1,10,,2,3,,12/1/2023 21:07,,,,3,,,,,30,3.18,152.64,,,,,,,,,,,,
41886,10.02204811v2,10,,2,4,,12/4/2023 18:19,,,,13,,,,,145,2.54,426.72,,,,,,,,,,,,
41887,10.02197504v1,10,,2,4,,12/1/2023 21:46,,,,5,,,,,60,2.83,203.76,,,,,,,,,,,,
41887,10.02197507v1,10,,2,4,,12/1/2023 21:46,,,,5,,,,,60,2.83,203.76,,,,,,,,,,,,
41888,10.0275723v3,10,,2,3,,12/1/2023 21:19,,,,20,,,,,240,2.43,612.36,,,,,,,,,,,,
41888,10.0275722v3,10,,2,3,,12/1/2023 21:19,,,,20,,,,,240,2.43,612.36,,,,,,,,,,,,
41888,10.0275724v3,10,,2,3,,12/1/2023 21:19,,,,20,,,,,240,2.43,612.36,,,,,,,,,,,,
41889,10.02200327v2,10,,2,3,,12/4/2023 20:01,,,,20,,,,,240,2.43,612.36,,,,,,,,,,,,
41890,10.02204704v1,10,,2,4,,12/1/2023 22:25,,,,15,,,,,170,2.54,487.68,,,,,,,,,,,,
41891,55.02205017v4,55,,114,4,,12/4/2023 20:02,,,,7,,,,,75,3,288,,,,,,,,,,,,
41891,55.02205017v3,55,,114,4,,12/4/2023 20:02,,,,7,,,,,75,3,288,,,,,,,,,,,,
41892,10.02203276v2,10,,2,1,,12/4/2023 22:28,,,,10,,,,,120,2.23,294.36,,,,,,,,,,,,
41893,55.02204867v1,55,,114,4,,12/1/2023 23:22,,,,122,,,,,1455,2.18,3217.68,,,,,,,,,,,,
41894,10.0258859v2,10,,2,1,,12/4/2023 14:32,,,,10,,,,,120,2.23,294.36,,,,,,,,,,,,
41895,10.02204343v1,10,,2,3,,12/2/2023 0:22,,,,3,,,,,30,3.18,152.64,,,,,,,,,,,,
41896,55.02183734v1,55,,114,4,,12/4/2023 18:28,,,,10,,,,,120,3,396,,,,,,,,,,,,
41897,10.02204882v1,10,,2,4,,12/1/2023 23:10,,,,3,,,,,35,3.25,156,,,,,,,,,,,,
41898,55.02204845v1,55,,114,3,,12/1/2023 23:47,,,,3,,,,,30,3.31,158.88,,,,,,,,,,,,
41899,10.02204859v3,10,,2,3,,12/1/2023 23:47,,,,10,,,,,120,2.72,359.04,,,,,,,,,,,,
41900,10.02204812v1,10,,2,3,,12/2/2023 0:14,,,,10,,,,,120,2.72,359.04,,,,,,,,,,,,
41900,10.02204813v1,10,,2,3,,12/2/2023 0:14,,,,10,,,,,120,2.72,359.04,,,,,,,,,,,,
41901,55.02204791v1,55,,114,3,,12/4/2023 16:23,,,,7,,,,,75,2.98,286.08,,,,,,,,,,,,
41901,55.02204792v1,55,,114,3,,12/4/2023 16:23,,,,7,,,,,75,2.98,286.08,,,,,,,,,,,,
41903,10.02135411v2,10,,2,4,,12/4/2023 17:34,,,,5,,,,,60,2.83,203.76,,,,,,,,,,,,
41904,10.0266621v1,10,,2,3,,12/7/2023 17:08,,,,5,,,,,60,2.85,205.2,,,,,,,,,,,,
41905,10.02197338v1,10,,2,1,,12/4/2023 16:13,,,,12,,,,,144,1.96,305.76,,,,,,,,,,,,
41906,10.02202901v3,10,,2,1,,12/4/2023 15:34,,,,32,,,,,375,1.96,776.16,,,,,,,,,,,,
41907,10.02203947v1,10,,2,3,,12/4/2023 15:23,,,,3,,,,,30,3.18,152.64,,,,,,,,,,,,
41908,49.02200137v1,49,,116,4,,12/4/2023 15:18,,,,5,,,,,60,2.83,203.76,,,,,,,,,,,,
41909,10.02203892v2,10,,2,1,,12/4/2023 15:30,,,,18,,,,,206,1.96,446.88,,,,,,,,,,,,
41910,10.02204821v1,10,,2,1,,12/4/2023 15:40,,,,5,,,,,50,3.18,228.96,,,,,,,,,,,,
41911,10.02204715v1,10,,2,1,,12/4/2023 15:54,,,,5,,,,,50,3.18,228.96,,,,,,,,,,,,
41911,10.02204716v1,10,,2,1,,12/4/2023 15:54,,,,5,,,,,50,3.18,228.96,,,,,,,,,,,,
41912,10.02201976v1,10,,2,3,,12/12/2023 16:39,,,,10,,,,,120,2.72,359.04,,,,,,,,,,,,
41913,10.02173701v1,10,,2,1,,12/4/2023 21:57,,,,68,,,,,810,1.79,1482.12,,,,,,,,,,,,
41914,55.02205000v2,55,,114,4,,12/6/2023 20:22,,,,3,,,,,30,3.42,164.16,,,,,,,,,,,,
41914,10.02141381v1,10,,2,4,,12/6/2023 20:22,,,,3,,,,,30,3.25,156,,,,,,,,,,,,
41915,10.02204824v1,10,,2,1,,12/4/2023 22:10,,,,3,,,,,30,3.18,152.64,,,,,,,,,,,,
41916,55.02205001v1,55,,114,4,,12/4/2023 16:48,,,,10,,,,,120,3,396,,,,,,,,,,,,
41916,10.02157034v3,10,,2,4,,12/4/2023 16:48,,,,10,,,,,120,2.83,373.56,,,,,,,,,,,,
41917,10.02204612v1,10,,2,1,,12/4/2023 17:28,,,,10,,,,,120,2.23,294.36,,,,,,,,,,,,
41918,17.02204776v1,17,,9,4,,12/4/2023 17:14,,,,3,,,,,30,3.25,156,,,,,,,,,,,,
41918,17.02204774v1,17,,9,4,,12/4/2023 17:14,,,,3,,,,,30,3.25,156,,,,,,,,,,,,
41918,17.02204772v1,17,,9,4,,12/4/2023 17:14,,,,3,,,,,30,3.25,156,,,,,,,,,,,,
41919,10.0222621v1,10,,2,3,,12/5/2023 15:29,,,,5,,,,,60,2.85,205.2,,,,,,,,,,,,
41919,10.0232547v1,10,,2,3,,12/5/2023 15:29,,,,5,,,,,60,2.85,205.2,,,,,,,,,,,,
41920,55.02204842v1,55,,114,1,,12/4/2023 18:12,,,,17,,,,,200,1.88,406.08,,,,,,,,,,,,
41922,932205025v1,93,120,120,10,45287,12/4/2023 18:50,Direct,newbusiness,15771944079,10,1.8,0,237.6,216,,,,,,,,,,,,,,,
41923,10.02200521v1,10,,2,1,,12/4/2023 17:40,,,,10,,,,,120,2.23,294.36,,,,,,,,,,,,
41924,17.02185708v4,17,,9,3,,12/5/2023 2:40,,,,3,,,,,30,3.18,152.64,,,,,,,,,,,,
41925,10.02205031v1,10,,2,1,,12/4/2023 22:17,,,,14,,,,,160,1.96,352.8,,,,,,,,,,,,
41927,55.02187743v1,55,,114,3,,12/4/2023 19:06,,,,5,,,,,60,2.98,214.56,,,,,,,,,,,,
41927,,70,,,1,45272,12/4/2023 19:06,,,,,,,,,,2.56,,30534,60,25402,55432,73,21536,72,126746,12/4/2023 18:41,12/12/2023,5,184.32
41928,10.02200052v6,10,,2,3,,12/7/2023 21:29,,,,5,,,,,60,2.85,205.2,,,,,,,,,,,,
41929,17.02204496v2,17,,9,3,,12/4/2023 18:29,,,,6,,,,,62,2.85,239.4,,,,,,,,,,,,
41930,10.02198122v1,10,,2,3,,12/4/2023 20:00,,,,209,,,,,2500,1.72,4334.4,,,,,,,,,,,,
41931,10.02132759v1,10,,2,3,,12/4/2023 19:06,,,,17,,,,,200,2.54,548.64,,,,,,,,,,,,
41932,10.02205049v1,10,,2,1,,12/4/2023 19:35,,,,5,,,,,50,3.18,228.96,,,,,,,,,,,,
41933,10.0293705v2,10,,2,3,,12/4/2023 22:09,,,,3,,,,,30,3.18,152.64,,,,,,,,,,,,
41933,10.0293705v1,10,,2,3,,12/4/2023 22:09,,,,3,,,,,30,3.18,152.64,,,,,,,,,,,,
41934,10.02203744v1,10,,2,1,,12/4/2023 22:10,,,,40,,,,,480,1.96,964.32,,,,,,,,,,,,
41935,10.02193215v2,10,,2,3,,12/4/2023 19:57,,,,5,,,,,60,2.85,205.2,,,,,,,,,,,,
41936,10.0285954v4,10,,2,4,,12/5/2023 16:09,,,,9,,,,,100,2.83,339.6,,,,,,,,,,,,
41937,10.02204564v3,10,,2,1,,12/4/2023 20:50,,,,10,,,,,120,2.23,294.36,,,,,,,,,,,,
41938,10.02205071v1,10,,2,3,,12/4/2023 20:44,,,,10,,,,,110,2.72,359.04,,,,,,,,,,,,
41940,10.02204832v1,10,,2,3,,12/4/2023 22:06,,,,6,,,,,70,2.85,239.4,,,,,,,,,,,,
41941,10.0264612v1,10,,2,1,,12/5/2023 15:06,,,,25,,,,,300,1.96,611.52,,,,,,,,,,,,
41942,10.02133227v4,10,,2,3,,12/5/2023 20:59,,,,10,,,,,120,2.72,359.04,,,,,,,,,,,,
41943,10.0218842v1,10,,2,3,,12/5/2023 15:17,,,,10,,,,,120,2.72,359.04,,,,,,,,,,,,
41944,10.02204551v1,10,,2,1,,12/4/2023 23:13,,,,226,,,,,2702,1.6,4358.4,,,,,,,,,,,,
41944,10.02204550v1,10,,2,1,,12/4/2023 23:13,,,,226,,,,,2702,1.6,4358.4,,,,,,,,,,,,
41945,10.02202384v1,10,,2,1,,12/5/2023 0:59,,,,22,,,,,260,1.96,540.96,,,,,,,,,,,,
41946,48.02204490v1,48,,115,3,,12/4/2023 23:19,,,,5,,,,,60,2.85,205.2,,,,,,,,,,,,
41948,10.02143922v1,10,,2,3,,12/4/2023 23:14,,,,5,,,,,58,3.18,228.96,,,,,,,,,,,,
41949,49.02189693v1,49,,116,3,,12/5/2023 4:01,,,,10,,,,,120,2.65,349.8,,,,,,,,,,,,
41950,10.02179581v2,10,,2,3,,12/4/2023 23:50,,,,10,,,,,120,2.72,359.04,,,,,,,,,,,,
41951,10.02180209v2,10,,2,4,,12/13/2023 19:42,,,,3,,,,,30,3.25,156,,,,,,,,,,,,
41952,10.02205245v1,10,,2,3,,12/5/2023 13:06,,,,6,,,,,65,2.85,239.4,,,,,,,,,,,,
41953,10.02117296v2,10,,2,3,,12/5/2023 13:39,,,,5,,,,,60,2.85,205.2,,,,,,,,,,,,
41954,10.02204065v1,10,,2,3,,12/5/2023 14:57,,,,5,,,,,60,2.85,205.2,,,,,,,,,,,,
41955,10.02204234v2,10,,2,4,,12/5/2023 16:51,,,,5,,,,,60,2.83,203.76,,,,,,,,,,,,
41956,10.0297209v1,10,,2,1,,12/5/2023 20:21,,,,10,,,,,120,2.23,294.36,,,,,,,,,,,,
41957,10.02204849v2,10,,2,4,,12/5/2023 18:26,,,,5,,,,,60,2.83,203.76,,,,,,,,,,,,
41958,55.02205250v1,55,,114,3,,12/5/2023 21:13,,,,5,,,,,60,2.98,214.56,,,,,,,,,,,,
41959,10.02196368v1,10,,2,1,,12/5/2023 17:53,,,,20,,,,,240,1.96,493.92,,,,,,,,,,,,
41960,10.02205348v1,10,,2,1,,12/6/2023 18:16,,,,27,,,,,317,1.96,658.56,,,,,,,,,,,,
41960,10.02205350v1,10,,2,1,,12/6/2023 18:16,,,,27,,,,,317,1.96,658.56,,,,,,,,,,,,
41961,55.02205324v3,55,,114,3,,12/6/2023 15:06,,,,5,,,,,60,2.98,214.56,,,,,,,,,,,,
41962,10.02205288v2,10,,2,1,,12/22/2023 17:14,,,,500,,,,,6000,1.56,9378.72,,,,,,,,,,,,
41962,10.02205289v2,10,,2,1,,12/22/2023 17:14,,,,500,,,,,6000,1.56,9378.72,,,,,,,,,,,,
41963,10.02204787v1,10,,2,1,,12/5/2023 19:34,,,,30,,,,,360,1.96,729.12,,,,,,,,,,,,
41964,10.03205505v1,10,,2,4,,12/6/2023 20:20,,,,9,,,,,100,2.83,339.6,,,,,,,,,,,,
41965,10.02129477v1,10,,2,4,,12/5/2023 22:53,,,,10,,,,,120,2.83,373.56,,,,,,,,,,,,
41966,932198431v3,93,2,120,10,45282,12/5/2023 21:03,Distributor,existingbusiness,16293271363,1,1.8,0,43.2,3.6,,,,,,,,,,,,,,,
41967,10.02205429v1,10,,2,3,,12/6/2023 15:35,,,,3,,,,,30,3.18,152.64,,,,,,,,,,,,
41968,55.02195822v1,55,,114,3,,12/5/2023 20:06,,,,3,,,,,30,3.31,158.88,,,,,,,,,,,,
41969,10.02203415v1,10,,2,1,,12/6/2023 20:21,,,,13,,,,,150,1.96,329.28,,,,,,,,,,,,
41970,55.02199462v1,55,,114,3,,12/5/2023 19:22,,,,5,,,,,50,3.31,238.32,,,,,,,,,,,,
41970,55.02199464v1,55,,114,3,,12/5/2023 19:22,,,,5,,,,,50,3.31,238.32,,,,,,,,,,,,
41970,55.02199469v1,55,,114,3,,12/5/2023 19:22,,,,5,,,,,50,3.31,238.32,,,,,,,,,,,,
41971,55.02199469v1,55,,114,3,,12/5/2023 19:22,,,,7,,,,,75,2.98,286.08,,,,,,,,,,,,
41971,55.02199464v1,55,,114,3,,12/5/2023 19:22,,,,7,,,,,75,2.98,286.08,,,,,,,,,,,,
41971,55.02199462v1,55,,114,3,,12/5/2023 19:22,,,,7,,,,,75,2.98,286.08,,,,,,,,,,,,
41972,10.02174624v2,10,,2,1,,12/6/2023 14:06,,,,42,,,,,500,1.96,1011.36,,,,,,,,,,,,
41973,10.0299206v1,10,,2,4,,12/5/2023 18:23,,,,5,,,,,60,2.83,203.76,,,,,,,,,,,,
41974,55.02205856v1,55,,114,3,,12/5/2023 19:41,,,,9,,,,,100,2.98,357.6,,,,,,,,,,,,
41976,10.02203925v1,10,,2,1,,12/5/2023 18:44,,,,13,,,,,150,1.96,329.28,,,,,,,,,,,,
41977,10.02202344v2,10,,2,3,,12/5/2023 23:08,,,,42,,,,,500,2.43,1253.88,,,,,,,,,,,,
41977,12.02202622v2,12,,4,3,,12/5/2023 23:08,,,,42,,,,,500,2.18,1124.88,,,,,,,,,,,,
41979,10.02205246v1,10,,2,3,,12/5/2023 20:58,,,,3,,,,,30,3.18,152.64,,,,,,,,,,,,
41981,10.04197498v2,10,,2,1,,12/5/2023 21:13,,,,14,,,,,160,1.96,352.8,,,,,,,,,,,,
41982,10.02201850v1,10,,2,1,,12/5/2023 20:10,,,,11,,,,,126,2.23,321.12,,,,,,,,,,,,
41983,10.02205226v1,10,,2,1,,12/6/2023 21:52,,,,10,,,,,120,2.23,294.36,,,,,,,,,,,,
41984,10.0283633v2,10,,2,3,,12/6/2023 16:04,,,,10,,,,,120,2.72,359.04,,,,,,,,,,,,
41985,10.02202519v1,10,,2,3,,12/6/2023 15:29,,,,5,,,,,60,2.85,205.2,,,,,,,,,,,,
41985,10.02202523v1,10,,2,3,,12/6/2023 15:29,,,,7,,,,,80,2.85,273.6,,,,,,,,,,,,
41985,55.02202521v1,55,,114,3,,12/6/2023 15:29,,,,5,,,,,60,2.98,214.56,,,,,,,,,,,,
41985,10.02202525v1,10,,2,3,,12/6/2023 15:29,,,,7,,,,,80,2.85,273.6,,,,,,,,,,,,
41986,49.02205497v1,49,,116,3,,12/6/2023 17:04,,,,9,,,,,105,2.78,333.6,,,,,,,,,,,,
41987,10.02204162v2,10,,2,1,,12/6/2023 18:29,,,,84,,,,,1000,1.79,1825.8,,,,,,,,,,,,
41988,10.02122267v1,10,,2,4,,12/8/2023 16:34,,,,29,,,,,345,2.54,914.4,,,,,,,,,,,,
41989,10.02198919v1,10,,2,4,,12/5/2023 22:37,,,,3,,,,,30,3.25,156,,,,,,,,,,,,
41990,10.02196140v1,10,,2,3,,12/11/2023 18:01,,,,5,,,,,60,2.85,205.2,,,,,,,,,,,,
41990,10.02196137v1,10,,2,3,,12/11/2023 18:01,,,,5,,,,,60,2.85,205.2,,,,,,,,,,,,
41990,10.02196138v1,10,,2,3,,12/11/2023 18:01,,,,5,,,,,60,2.85,205.2,,,,,,,,,,,,
41990,10.02196136v1,10,,2,3,,12/11/2023 18:01,,,,5,,,,,60,2.85,205.2,,,,,,,,,,,,
41991,55.02205105v1,55,,114,1,,12/5/2023 21:44,,,,12,,,,,135,1.88,293.28,,,,,,,,,,,,
41991,55.02205103v1,55,,114,1,,12/5/2023 21:44,,,,12,,,,,135,1.88,293.28,,,,,,,,,,,,
41992,10.02195671v1,10,,2,1,,12/6/2023 18:23,,,,25,,,,,300,1.96,611.52,,,,,,,,,,,,
41992,10.02195673v1,10,,2,1,,12/6/2023 18:23,,,,25,,,,,300,1.96,611.52,,,,,,,,,,,,
41993,10.02205096v2,10,,2,1,,12/5/2023 22:27,,,,10,,,,,120,2.23,294.36,,,,,,,,,,,,
41994,10.02150522v1,10,,2,1,,12/6/2023 0:05,,,,10,,,,,120,2.23,294.36,,,,,,,,,,,,
41995,10.02202518v1,10,,2,3,,12/6/2023 14:00,,,,7,,,,,75,2.85,273.6,,,,,,,,,,,,
41995,10.02202506v1,10,,2,3,,12/6/2023 14:00,,,,7,,,,,75,2.85,273.6,,,,,,,,,,,,
41995,10.02202517v1,10,,2,3,,12/6/2023 14:00,,,,7,,,,,75,2.85,273.6,,,,,,,,,,,,
41995,10.02202507v1,10,,2,3,,12/6/2023 14:00,,,,7,,,,,75,2.85,273.6,,,,,,,,,,,,
41996,17.02205634v1,17,,9,3,,12/5/2023 23:11,,,,3,,,,,33,3.18,152.64,,,,,,,,,,,,
41996,17.02205633v1,17,,9,3,,12/5/2023 23:11,,,,3,,,,,33,3.18,152.64,,,,,,,,,,,,
41997,15.02205368v2,15,,7,3,,12/5/2023 23:51,,,,33,,,,,394,3.53,1440.24,,,,,,,,,,,,
41998,10.02205448v3,10,,2,3,,12/18/2023 22:10,,,,5,,,,,60,2.85,205.2,,,,,,,,,,,,
41999,10.02205367v1,10,,2,1,,12/6/2023 15:53,,,,42,,,,,500,1.96,1011.36,,,,,,,,,,,,
42000,10.02205467v1,10,,2,4,,12/6/2023 20:22,,,,5,,,,,60,2.83,203.76,,,,,,,,,,,,
42000,10.02205465v1,10,,2,4,,12/6/2023 20:22,,,,5,,,,,60,2.83,203.76,,,,,,,,,,,,
42001,10.02200006v1,10,,2,1,,12/6/2023 15:25,,,,23,,,,,275,1.96,564.48,,,,,,,,,,,,
42002,932175468v1,93,1200,120,10,45295,12/6/2023 23:17,Distributor,existingbusiness,16375912574,100,1.2,0,1454.4,1440,,,,,,,,,,,,,,,
42003,10.02205463v1,10,,2,1,,12/5/2023 23:53,,,,17,,,,,200,1.96,423.36,,,,,,,,,,,,
42004,920232657v3,920,1200,26,5,45295,12/6/2023 23:32,Distributor,existingbusiness,16377338661,100,0.99,90,1289.88,1278,,,,,,,,,,,,,,,
42005,10.02193208v2,10,,2,4,,12/6/2023 0:32,,,,10,,,,,120,2.83,373.56,,,,,,,,,,,,
42006,10.02179093v4,10,,2,3,,12/6/2023 2:21,,,,10,,,,,120,2.72,359.04,,,,,,,,,,,,
42007,10.02205032v1,10,,2,3,,12/6/2023 14:06,,,,3,,,,,30,3.18,152.64,,,,,,,,,,,,
42008,10.02205427v1,10,,2,1,,12/6/2023 15:25,,,,3,,,,,30,3.18,152.64,,,,,,,,,,,,
42009,10.02205013v1,10,,2,4,,12/6/2023 20:23,,,,22,,,,,261,2.54,701.04,,,,,,,,,,,,
42010,10.02198559v1,10,,2,4,,12/6/2023 16:07,,,,30,,,,,360,2.54,944.88,,,,,,,,,,,,
42010,10.02198587v1,10,,2,4,,12/6/2023 16:07,,,,5,,,,,60,2.83,203.76,,,,,,,,,,,,
42011,10.02203548v1,10,,2,4,,12/6/2023 17:32,,,,84,,,,,1000,2.01,2050.2,,,,,,,,,,,,
42012,10.02202995v2,10,,2,3,,12/6/2023 15:34,,,,5,,,,,50,3.18,228.96,,,,,,,,,,,,
42013,10.02205412v1,10,,2,1,,12/6/2023 17:39,,,,14,,,,,165,1.96,352.8,,,,,,,,,,,,
42014,10.02205322v1,10,,2,4,,12/7/2023 17:15,,,,10,,,,,120,2.83,373.56,,,,,,,,,,,,
42015,10.02205464v1,10,,2,1,,12/6/2023 20:20,,,,6,,,,,65,2.56,215.04,,,,,,,,,,,,
42016,10.02202804v1,10,,2,3,,12/7/2023 15:22,,,,42,,,,,500,2.43,1253.88,,,,,,,,,,,,
42017,10.02182901v2,10,,2,3,,12/6/2023 20:21,,,,5,,,,,60,2.85,205.2,,,,,,,,,,,,
42018,10.02200393v1,10,,2,1,,12/6/2023 17:34,,,,3,,,,,30,3.18,152.64,,,,,,,,,,,,
42018,10.02200394v1,10,,2,1,,12/6/2023 17:34,,,,3,,,,,30,3.18,152.64,,,,,,,,,,,,
42019,10.02202747v3,10,,2,4,,12/6/2023 18:09,,,,10,,,,,120,2.83,373.56,,,,,,,,,,,,
42020,55.02205162v1,55,,114,3,,12/6/2023 17:48,,,,10,,,,,120,2.85,376.2,,,,,,,,,,,,
42021,55.02199759v1,55,,114,4,,12/6/2023 17:43,,,,5,,,,,52,3.42,246.24,,,,,,,,,,,,
42022,10.02205399v1,10,,2,4,,12/6/2023 18:35,,,,10,,,,,120,2.83,373.56,,,,,,,,,,,,
42023,10.0248411v3,10,,2,3,,12/6/2023 17:59,,,,152,,,,,1818,2.01,3690.36,,,,,,,,,,,,
42024,10.02204719v1,10,,2,3,,12/6/2023 18:16,,,,3,,,,,30,3.18,152.64,,,,,,,,,,,,
42025,10.02205408v1,10,,2,1,,12/6/2023 18:13,,,,10,,,,,120,2.23,294.36,,,,,,,,,,,,
42026,12.02189365v2,12,,4,4,,12/16/2023 13:53,,,,10,,,,,120,2.66,351.12,,,,,,,,,,,,
42026,12.02186910v3,12,,4,4,,12/16/2023 13:53,,,,10,,,,,120,2.66,351.12,,,,,,,,,,,,
42026,10.02182444v9,10,,2,4,,12/16/2023 13:53,,,,10,,,,,120,2.83,373.56,,,,,,,,,,,,
42026,10.02188318v1,10,,2,4,,12/16/2023 13:53,,,,10,,,,,120,2.83,373.56,,,,,,,,,,,,
42026,12.02188317v1,12,,4,4,,12/16/2023 13:53,,,,10,,,,,120,2.66,351.12,,,,,,,,,,,,
42026,10.02189366v2,10,,2,4,,12/16/2023 13:53,,,,10,,,,,120,2.83,373.56,,,,,,,,,,,,
42027,10.02205283v1,10,,2,4,,12/6/2023 20:22,,,,7,,,,,75,2.83,271.68,,,,,,,,,,,,
42028,10.0297481v1,10,,2,1,,12/7/2023 14:39,,,,34,,,,,400,1.96,823.2,,,,,,,,,,,,
42029,10.02201260v1,10,,2,1,,12/6/2023 20:20,,,,11,,,,,130,2.23,321.12,,,,,,,,,,,,
42030,55.02205035v1,55,,114,1,,12/6/2023 20:20,,,,15,,,,,180,1.88,360.96,,,,,,,,,,,,
42031,10.02140423v1,10,,2,1,,12/7/2023 0:26,,,,3,,,,,30,3.18,152.64,,,,,,,,,,,,
42033,10.02205294v2,10,,2,3,,12/7/2023 23:37,,,,30,,,,,360,2.43,903.96,,,,,,,,,,,,
42035,10.02202612v1,10,,2,3,,12/6/2023 20:16,,,,5,,,,,60,2.85,205.2,,,,,,,,,,,,
42035,10.02202611v1,10,,2,3,,12/6/2023 20:16,,,,5,,,,,60,2.85,205.2,,,,,,,,,,,,
42035,,70,,,3,45273,12/6/2023 20:16,,,,,,,,,,2.85,,30556,88,25750,56186,64,21635,108,132513,12/6/2023 19:33,12/13/2023,8,307.8
42035,,70,,,3,45272,12/6/2023 20:16,,,,,,,,,,3.18,,30556,32,25531,55680,64,21635,0,132513,12/6/2023 19:33,12/12/2023,3,152.64
42036,10.02205552v1,10,,2,3,,12/7/2023 19:20,,,,10,,,,,120,2.72,359.04,,,,,,,,,,,,
42038,55.02205517v1,55,,114,1,,12/6/2023 20:55,,,,20,,,,,240,1.88,473.76,,,,,,,,,,,,
42039,10.02193653v2,10,,2,3,,12/6/2023 23:44,,,,11,,,,,130,2.72,391.68,,,,,,,,,,,,
42040,10.0249703v3,10,,2,3,,12/6/2023 21:22,,,,5,,,,,60,2.85,205.2,,,,,,,,,,,,
42040,10.0249704v2,10,,2,3,,12/6/2023 21:22,,,,5,,,,,60,2.85,205.2,,,,,,,,,,,,
42041,10.02205512v1,10,,2,4,,12/6/2023 22:59,,,,6,,,,,62,2.83,237.72,,,,,,,,,,,,
42042,10.0297481v1,10,,2,1,,12/7/2023 14:39,,,,110,,,,,1320,1.71,2277.72,,,,,,,,,,,,
42043,12.02205726v1,12,,4,1,,12/6/2023 21:37,,,,7,,,,,81,2.23,214.08,,,,,,,,,,,,
42044,10.02205613v1,10,,2,4,,12/6/2023 23:15,,,,5,,,,,60,2.83,203.76,,,,,,,,,,,,
42045,932205809v1,93,720,120,10,45317,12/7/2023 22:49,Distributor,existingbusiness,16387083556,60,1.24,0,907.68,892.8,,,,,,,,,,,,,,,
42046,10.02201092v2,10,,2,3,,12/7/2023 23:42,,,,10,,,,,120,2.72,359.04,,,,,,,,,,,,
42047,55.02202091v4,55,,114,1,,12/19/2023 20:41,,,,30,,,,,355,1.88,699.36,,,,,,,,,,,,
42048,10.02205410v1,10,,2,4,,12/7/2023 21:30,,,,5,,,,,60,2.83,203.76,,,,,,,,,,,,
42048,10.02205411v1,10,,2,4,,12/7/2023 21:30,,,,5,,,,,60,2.83,203.76,,,,,,,,,,,,
42049,10.02105265v1,10,,2,4,,12/7/2023 14:13,,,,5,,,,,60,2.83,203.76,,,,,,,,,,,,
42050,10.02153079v1,10,,2,1,,12/7/2023 15:04,,,,25,,,,,300,1.96,611.52,,,,,,,,,,,,
42051,17.02205248v3,17,,9,4,,12/7/2023 13:47,,,,10,,,,,120,2.83,373.56,,,,,,,,,,,,
42052,10.02204538v1,10,,2,4,,12/7/2023 22:37,,,,30,,,,,350,2.54,944.88,,,,,,,,,,,,
42052,55.02204383v2,55,,114,4,,12/7/2023 22:37,,,,30,,,,,350,2.71,1008.12,,,,,,,,,,,,
42053,55.02194286v1,55,,114,1,,12/7/2023 14:41,,,,5,,,,,60,2.56,184.32,,,,,,,,,,,,
42053,55.02194287v1,55,,114,1,,12/7/2023 14:41,,,,5,,,,,60,2.56,184.32,,,,,,,,,,,,
42054,10.02205899v1,10,,2,3,,12/7/2023 17:34,,,,5,,,,,60,2.85,205.2,,,,,,,,,,,,
42055,10.02205656v1,10,,2,3,,12/7/2023 17:35,,,,3,,,,,30,3.18,152.64,,,,,,,,,,,,
42056,55.03205906v1,55,,114,4,,12/7/2023 17:18,,,,3,,,,,30,3.42,164.16,,,,,,,,,,,,
42056,55.02205636v2,55,,114,4,,12/7/2023 17:18,,,,3,,,,,30,3.42,164.16,,,,,,,,,,,,
42057,10.0273917v2,10,,2,4,,12/7/2023 17:11,,,,7,,,,,75,2.83,271.68,,,,,,,,,,,,
42058,12.02205520v1,12,,4,3,,12/7/2023 17:13,,,,10,,,,,120,2.47,326.04,,,,,,,,,,,,
42059,10.02197514v1,10,,2,3,,12/8/2023 17:09,,,,84,,,,,1001,2.01,2050.2,,,,,,,,,,,,
42060,10.02205008v1,10,,2,3,,12/7/2023 22:51,,,,5,,,,,60,2.85,205.2,,,,,,,,,,,,
42061,10.02204937v7,10,,2,3,,12/7/2023 21:30,,,,13,,,,,150,2.54,426.72,,,,,,,,,,,,
42062,10.03206024v2,10,,2,1,,12/7/2023 22:20,,,,3,,,,,30,3.18,152.64,,,,,,,,,,,,
42063,9102195594v2,910,501,25,5,45294,12/7/2023 22:46,Distributor,existingbusiness,15379473829,42,0.76,90,482.16,470.76,,,,,,,,,,,,,,,
42064,10.02205786v1,10,,2,3,,12/7/2023 20:33,,,,5,,,,,50,3.18,228.96,,,,,,,,,,,,
42065,10.02205941v2,10,,2,3,,12/7/2023 22:17,,,,10,,,,,120,2.72,359.04,,,,,,,,,,,,
42066,10.02179331v1,10,,2,4,,12/7/2023 22:37,,,,5,,,,,50,3.25,234,,,,,,,,,,,,
42066,10.02179315v1,10,,2,4,,12/7/2023 22:37,,,,9,,,,,100,2.83,339.6,,,,,,,,,,,,
42067,10.02204629v2,10,,2,3,,12/7/2023 20:35,,,,10,,,,,120,2.72,359.04,,,,,,,,,,,,
42067,10.02204630v1,10,,2,3,,12/7/2023 20:35,,,,10,,,,,120,2.72,359.04,,,,,,,,,,,,
42068,10.02192855v3,10,,2,1,,12/7/2023 20:39,,,,10,,,,,120,2.23,294.36,,,,,,,,,,,,
42069,10.02202053v2,10,,2,3,,12/11/2023 16:49,,,,12,,,,,133,2.54,396.24,,,,,,,,,,,,
42070,10.02139097v1,10,,2,3,,12/7/2023 21:00,,,,10,,,,,120,2.72,359.04,,,,,,,,,,,,
42071,17.02176116v2,17,,9,3,,12/7/2023 21:08,,,,20,,,,,240,2.43,612.36,,,,,,,,,,,,
42072,10.02204575v1,10,,2,3,,12/11/2023 23:04,,,,17,,,,,200,2.54,548.64,,,,,,,,,,,,
42073,,70,,,3,45274,12/8/2023 17:29,,,,,,,,,,2.54,,30050,140,25599,55859,64,21691,168,132671,12/8/2023 17:27,12/14/2023,12,396.24
42074,10.02206022v1,10,,2,4,,12/8/2023 16:26,,,,8,,,,,85,2.83,305.64,,,,,,,,,,,,
42075,55.02206245v1,55,,114,1,,12/13/2023 16:46,,,,13,,,,,150,1.88,315.84,,,,,,,,,,,,
42076,10.02195044v2,10,,2,3,,12/7/2023 23:01,,,,10,,,,,120,2.72,359.04,,,,,,,,,,,,
42076,10.02194875v3,10,,2,3,,12/7/2023 23:01,,,,10,,,,,120,2.72,359.04,,,,,,,,,,,,
42076,10.02194572v3,10,,2,3,,12/7/2023 23:01,,,,10,,,,,120,2.72,359.04,,,,,,,,,,,,
42077,55.02176038v1,55,,114,4,,12/8/2023 19:42,,,,10,,,,,120,3,396,,,,,,,,,,,,
42078,10.0277482v1,10,,2,3,,12/11/2023 17:12,,,,5,,,,,60,2.85,205.2,,,,,,,,,,,,
42079,10.02206104v1,10,,2,4,,12/8/2023 21:20,,,,65,,,,,770,2.01,1591.92,,,,,,,,,,,,
42081,10.02205758v1,10,,2,4,,12/8/2023 17:09,,,,3,,,,,30,3.25,156,,,,,,,,,,,,
42082,10.02206028v1,10,,2,4,,12/8/2023 15:41,,,,5,,,,,60,2.83,203.76,,,,,,,,,,,,
42085,10.02186894v3,10,,2,3,,12/8/2023 18:28,,,,42,,,,,500,2.43,1253.88,,,,,,,,,,,,
42086,55.02192213v1,55,,114,4,,12/8/2023 18:24,,,,10,,,,,120,3,396,,,,,,,,,,,,
42087,10.02194666v1,10,,2,3,,12/8/2023 16:55,,,,3,,,,,30,3.18,152.64,,,,,,,,,,,,
42087,10.02194666v2,10,,2,3,,12/8/2023 16:55,,,,3,,,,,30,3.18,152.64,,,,,,,,,,,,
42087,10.02194667v1,10,,2,3,,12/8/2023 16:55,,,,3,,,,,30,3.18,152.64,,,,,,,,,,,,
42087,10.02194667v2,10,,2,3,,12/8/2023 16:55,,,,3,,,,,30,3.18,152.64,,,,,,,,,,,,
42087,10.02194666v3,10,,2,3,,12/8/2023 16:55,,,,3,,,,,30,3.18,152.64,,,,,,,,,,,,
42087,10.02194667v3,10,,2,3,,12/8/2023 16:55,,,,3,,,,,30,3.18,152.64,,,,,,,,,,,,
42088,10.02206136v3,10,,2,1,,12/11/2023 17:40,,,,42,,,,,500,1.96,1011.36,,,,,,,,,,,,
42089,10.02205913v2,10,,2,4,,12/8/2023 20:18,,,,13,,,,,150,2.54,426.72,,,,,,,,,,,,
42090,10.02197773v1,10,,2,4,,12/8/2023 19:04,,,,5,,,,,60,2.83,203.76,,,,,,,,,,,,
42091,10.02204927v1,10,,2,4,,12/8/2023 17:38,,,,10,,,,,120,2.83,373.56,,,,,,,,,,,,
42092,55.02200848v2,55,,114,3,,12/8/2023 18:24,,,,17,,,,,200,2.67,576.72,,,,,,,,,,,,
42093,55.02184255v1,55,,114,3,,12/8/2023 17:34,,,,13,,,,,150,2.67,448.56,,,,,,,,,,,,
42094,55.02206051v4,55,,114,4,,12/8/2023 19:59,,,,5,,,,,60,3,216,,,,,,,,,,,,
42094,55.02206100v1,55,,114,4,,12/8/2023 19:59,,,,5,,,,,60,3,216,,,,,,,,,,,,
42095,10.02204875v2,10,,2,3,,12/8/2023 19:59,,,,3,,,,,30,3.18,152.64,,,,,,,,,,,,
42096,10.02160069v1,10,,2,1,,12/11/2023 17:03,,,,68,,,,,810,1.79,1482.12,,,,,,,,,,,,
42097,10.0236691v2,10,,2,4,,12/11/2023 19:39,,,,21,,,,,250,2.54,670.56,,,,,,,,,,,,
42098,10.02151185v2,10,,2,4,,12/11/2023 14:27,,,,11,,,,,124,2.83,407.52,,,,,,,,,,,,
42099,10.02206169v1,10,,2,3,,12/12/2023 14:02,,,,88,,,,,1050,2.01,2146.68,,,,,,,,,,,,
42100,10.02108962v8,10,,2,1,,12/18/2023 16:07,,,,59,,,,,700,1.88,1353.6,,,,,,,,,,,,
42101,10.02129209v3,10,,2,4,,12/8/2023 19:42,,,,20,,,,,240,2.54,640.08,,,,,,,,,,,,
42102,10.02204634v2,10,,2,4,,12/8/2023 20:51,,,,10,,,,,120,2.83,373.56,,,,,,,,,,,,
42103,10.02205475v1,10,,2,4,,12/8/2023 22:09,,,,5,,,,,60,2.83,203.76,,,,,,,,,,,,
42104,10.02206190v1,10,,2,4,,12/8/2023 22:07,,,,125,,,,,1500,2.01,3039.12,,,,,,,,,,,,
42105,10.02206170v1,10,,2,4,,12/11/2023 20:12,,,,100,,,,,1200,2.01,2436.12,,,,,,,,,,,,
42106,55.02206125v1,55,,114,4,,12/8/2023 23:10,,,,17,,,,,200,2.71,585.36,,,,,,,,,,,,
42106,55.02206135v1,55,,114,4,,12/8/2023 23:10,,,,9,,,,,100,3,360,,,,,,,,,,,,
42106,55.02206134v1,55,,114,4,,12/8/2023 23:10,,,,9,,,,,100,3,360,,,,,,,,,,,,
42106,10.02195875v2,10,,2,4,,12/8/2023 23:10,,,,17,,,,,200,2.54,548.64,,,,,,,,,,,,
42107,10.02205360v2,10,,2,4,,12/8/2023 20:12,,,,5,,,,,60,2.83,203.76,,,,,,,,,,,,
42108,10.02110379v1,10,,2,3,,12/8/2023 20:29,,,,26,,,,,301,2.43,787.32,,,,,,,,,,,,
42108,10.02110591v1,10,,2,3,,12/8/2023 20:29,,,,26,,,,,301,2.43,787.32,,,,,,,,,,,,
42109,10.02181054v1,10,,2,1,,12/8/2023 22:11,,,,20,,,,,240,1.96,493.92,,,,,,,,,,,,
42110,10.02198322v5,10,,2,3,,12/11/2023 16:50,,,,3,,,,,30,3.18,152.64,,,,,,,,,,,,
42110,10.02198733v5,10,,2,3,,12/11/2023 16:50,,,,3,,,,,30,3.18,152.64,,,,,,,,,,,,
42110,10.02198733v4,10,,2,3,,12/11/2023 16:50,,,,3,,,,,30,3.18,152.64,,,,,,,,,,,,
42110,10.02198733v3,10,,2,3,,12/11/2023 16:50,,,,3,,,,,30,3.18,152.64,,,,,,,,,,,,
42111,55.02206250v1,55,,114,1,,12/12/2023 15:46,,,,45,,,,,540,1.79,988.08,,,,,,,,,,,,
42112,10.02205677v4,10,,2,1,,12/8/2023 22:26,,,,34,,,,,400,1.96,823.2,,,,,,,,,,,,
42113,55.02206095v4,55,,114,4,,12/8/2023 22:08,,,,10,,,,,120,3,396,,,,,,,,,,,,
42114,10.02206006v2,10,,2,1,,12/11/2023 19:17,,,,25,,,,,300,1.96,611.52,,,,,,,,,,,,
42115,10.02197844v2,10,,2,3,,12/8/2023 23:34,,,,24,,,,,285,2.43,729,,,,,,,,,,,,
42115,10.02202638v1,10,,2,3,,12/8/2023 23:34,,,,24,,,,,285,2.43,729,,,,,,,,,,,,
42116,10.02188713v1,10,,2,1,,12/8/2023 22:25,,,,10,,,,,120,2.23,294.36,,,,,,,,,,,,
42117,10.02206283v1,10,,2,1,,12/8/2023 23:54,,,,6,,,,,65,2.56,215.04,,,,,,,,,,,,
42117,10.02206282v1,10,,2,1,,12/8/2023 23:54,,,,6,,,,,65,2.56,215.04,,,,,,,,,,,,
42118,10.02205484v2,10,,2,1,,12/11/2023 16:47,,,,10,,,,,120,2.23,294.36,,,,,,,,,,,,
42119,10.02205915v1,10,,2,3,,12/11/2023 14:45,,,,17,,,,,200,2.54,548.64,,,,,,,,,,,,
42120,10.02187148v2,10,,2,3,,12/8/2023 23:10,,,,3,,,,,30,3.18,152.64,,,,,,,,,,,,
42121,10.03206175v2,10,,2,3,,12/12/2023 19:10,,,,11,,,,,130,2.72,391.68,,,,,,,,,,,,
42123,10.02205354v1,10,,2,3,,12/9/2023 1:26,,,,13,,,,,150,2.54,426.72,,,,,,,,,,,,
42124,932206409v1,93,240,120,10,45294,12/11/2023 23:21,Distributor,existingbusiness,16327796625,20,1.42,0,357.84,340.8,,,,,,,,,,,,,,,
42125,10.02151228v1,10,,2,1,,12/10/2023 15:43,,,,30,,,,,360,1.96,729.12,,,,,,,,,,,,
42126,10.02187184v1,10,,2,3,,12/10/2023 21:38,,,,10,,,,,120,2.72,359.04,,,,,,,,,,,,
42127,10.02200035v4,10,,2,3,,12/11/2023 17:01,,,,14,,,,,160,2.54,457.2,,,,,,,,,,,,
42128,10.02127374v2,10,,2,3,,12/11/2023 14:33,,,,5,,,,,60,2.85,205.2,,,,,,,,,,,,
42129,10.02203420v1,10,,2,3,,12/11/2023 16:51,,,,3,,,,,33,3.18,152.64,,,,,,,,,,,,
42130,55.02204173v1,55,,114,3,,12/15/2023 17:51,,,,5,,,,,60,2.98,214.56,,,,,,,,,,,,
42131,10.0240294v4,10,,2,3,,12/11/2023 16:39,,,,20,,,,,240,2.43,612.36,,,,,,,,,,,,
42132,17.02206153v1,17,,9,3,,12/11/2023 15:41,,,,10,,,,,120,2.72,359.04,,,,,,,,,,,,
42132,17.02206154v1,17,,9,3,,12/11/2023 15:41,,,,10,,,,,120,2.72,359.04,,,,,,,,,,,,
42133,10.02204549v1,10,,2,1,,12/12/2023 21:53,,,,25,,,,,300,1.96,611.52,,,,,,,,,,,,
42133,12.02204710v1,12,,4,1,,12/12/2023 21:53,,,,13,,,,,150,1.63,273.84,,,,,,,,,,,,
42133,10.02204699v1,10,,2,1,,12/12/2023 21:53,,,,25,,,,,300,1.96,611.52,,,,,,,,,,,,
42134,10.02196506v2,10,,2,1,,12/11/2023 15:43,,,,9,,,,,100,2.56,307.2,,,,,,,,,,,,
42135,10.02205542v1,10,,2,3,,12/11/2023 18:47,,,,10,,,,,120,2.72,359.04,,,,,,,,,,,,
42135,10.02205538v1,10,,2,3,,12/11/2023 18:47,,,,10,,,,,120,2.72,359.04,,,,,,,,,,,,
42136,10.02206148v1,10,,2,3,,12/11/2023 18:10,,,,15,,,,,175,2.54,487.68,,,,,,,,,,,,
42136,10.02206149v1,10,,2,3,,12/11/2023 18:10,,,,15,,,,,175,2.54,487.68,,,,,,,,,,,,
42137,15.02206286v1,15,,7,3,,12/11/2023 16:22,,,,10,,,,,120,3.84,506.88,,,,,,,,,,,,
42139,10.02205909v1,10,,2,3,,12/11/2023 19:07,,,,13,,,,,153,2.54,426.72,,,,,,,,,,,,
42139,10.02205910v1,10,,2,3,,12/11/2023 19:07,,,,13,,,,,153,2.54,426.72,,,,,,,,,,,,
42141,55.02206414v2,55,,114,4,,12/12/2023 23:27,,,,10,,,,,120,3,396,,,,,,,,,,,,
42142,10.0227697v2,10,,2,3,,12/11/2023 18:37,,,,42,,,,,500,2.43,1253.88,,,,,,,,,,,,
42143,10.02204712v2,10,,2,3,,12/11/2023 17:44,,,,20,,,,,240,2.43,612.36,,,,,,,,,,,,
42145,10.02203468v2,10,,2,1,,12/11/2023 20:13,,,,5,,,,,60,2.56,184.32,,,,,,,,,,,,
42146,10.02205215v1,10,,2,3,,12/11/2023 18:12,,,,5,,,,,60,2.85,205.2,,,,,,,,,,,,
42147,55.02206413v1,55,,114,3,,12/11/2023 19:09,,,,25,,,,,300,2.56,798.72,,,,,,,,,,,,
42148,10.02185164v1,10,,2,1,,12/11/2023 21:35,,,,13,,,,,150,1.96,329.28,,,,,,,,,,,,
42149,10.02196991v1,10,,2,3,,12/14/2023 15:07,,,,21,,,,,250,2.43,641.52,,,,,,,,,,,,
42150,10.02182670v2,10,,2,4,,12/11/2023 18:36,,,,30,,,,,360,2.54,944.88,,,,,,,,,,,,
42151,10.02206028v1,10,,2,4,,12/11/2023 19:03,,,,5,,,,,60,2.83,203.76,,,,,,,,,,,,
42152,17.02200851v1,17,,9,3,,12/11/2023 18:47,,,,5,,,,,60,2.85,205.2,,,,,,,,,,,,
42153,932206466v1,93,120,120,10,45294,12/11/2023 23:14,Direct,newbusiness,16105495478,10,1.8,0,237.6,216,,,,,,,,,,,,,,,
42154,10.02142697v1,10,,2,1,,12/12/2023 14:23,,,,20,,,,,240,1.96,493.92,,,,,,,,,,,,
42155,932188657v2,93,120,120,10,45294,12/11/2023 23:14,Distributor,existingbusiness,15223498597,10,1.8,0,237.6,216,,,,,,,,,,,,,,,
42156,10.02168160v4,10,,2,3,,12/12/2023 19:34,,,,42,,,,,500,2.43,1253.88,,,,,,,,,,,,
42157,10.02206480v1,10,,2,1,,12/21/2023 18:49,,,,46,,,,,545,1.88,1060.32,,,,,,,,,,,,
42158,55.02204079v7,55,,114,1,,12/11/2023 22:45,,,,23,,,,,265,1.88,541.44,,,,,,,,,,,,
42159,55.02206417v1,55,,114,3,,12/11/2023 23:05,,,,3,,,,,30,3.31,158.88,,,,,,,,,,,,
42160,10.02206771v1,10,,2,4,,12/15/2023 1:18,,,,53,,,,,635,2.28,1477.44,,,,,,,,,,,,
42161,10.02205424v1,10,,2,3,,12/15/2023 20:29,,,,6,,,,,70,2.85,239.4,,,,,,,,,,,,
42162,10.02204819v1,10,,2,3,,12/12/2023 21:24,,,,11,,,,,125,2.72,391.68,,,,,,,,,,,,
42162,10.02205934v1,10,,2,3,,12/12/2023 21:24,,,,11,,,,,125,2.72,391.68,,,,,,,,,,,,
42163,10.02175953v3,10,,2,1,,12/12/2023 18:29,,,,20,,,,,240,1.96,493.92,,,,,,,,,,,,
42164,10.02136130v1,10,,2,4,,12/12/2023 17:13,,,,9,,,,,100,2.83,339.6,,,,,,,,,,,,
42165,10.02204345v1,10,,2,4,,12/12/2023 21:54,,,,10,,,,,120,2.83,373.56,,,,,,,,,,,,
42166,10.0296577v3,10,,2,1,,12/12/2023 15:06,,,,17,,,,,200,1.96,423.36,,,,,,,,,,,,
42167,10.02206519v1,10,,2,3,,12/11/2023 23:20,,,,27,,,,,318,2.43,816.48,,,,,,,,,,,,
42168,10.02206471v1,10,,2,3,,12/11/2023 23:54,,,,3,,,,,30,3.18,152.64,,,,,,,,,,,,
42169,10.02113091v3,10,,2,3,,12/12/2023 5:18,,,,10,,,,,120,2.72,359.04,,,,,,,,,,,,
42170,10.02206590v1,10,,2,3,,12/12/2023 13:13,,,,5,,,,,60,2.85,205.2,,,,,,,,,,,,
42172,10.0388158v1,10,,2,1,,12/12/2023 14:15,,,,30,,,,,360,1.96,729.12,,,,,,,,,,,,
42173,10.02201097v3,10,,2,1,,12/12/2023 15:42,,,,10,,,,,120,2.23,294.36,,,,,,,,,,,,
42173,10.02205515v1,10,,2,1,,12/12/2023 15:42,,,,10,,,,,120,2.23,294.36,,,,,,,,,,,,
42174,10.02193000v2,10,,2,3,,12/12/2023 18:27,,,,42,,,,,500,2.43,1253.88,,,,,,,,,,,,
42174,10.02193003v2,10,,2,3,,12/12/2023 18:27,,,,42,,,,,500,2.43,1253.88,,,,,,,,,,,,
42175,10.02153388v1,10,,2,1,,12/18/2023 14:03,,,,5,,,,,60,2.56,184.32,,,,,,,,,,,,
42176,10.02188769v1,10,,2,1,,12/12/2023 16:12,,,,5,,,,,60,2.56,184.32,,,,,,,,,,,,
42177,10.02192156v1,10,,2,3,,12/12/2023 15:41,,,,31,,,,,365,2.43,933.12,,,,,,,,,,,,
42178,932206459v2,93,250,120,10,45295,12/12/2023 15:58,Distributor,existingbusiness,16093354925,21,1.42,0,374.88,355,,,,,,,,,,,,,,,
42179,49.02180122v1,49,,116,3,,12/15/2023 16:08,,,,17,,,,,200,2.47,533.52,,,,,,,,,,,,
42180,10.02185032v2,10,,2,3,,12/12/2023 16:08,,,,7,,,,,80,2.85,273.6,,,,,,,,,,,,
42181,10.02206525v1,10,,2,3,,12/12/2023 16:27,,,,9,,,,,100,2.85,342,,,,,,,,,,,,
42182,10.02193538v3,10,,2,4,,12/12/2023 17:16,,,,20,,,,,240,2.54,640.08,,,,,,,,,,,,
42183,10.02193373v1,10,,2,1,,12/12/2023 19:33,,,,15,,,,,175,1.96,376.32,,,,,,,,,,,,
42184,10.02205383v3,10,,2,3,,12/12/2023 19:45,,,,5,,,,,60,2.85,205.2,,,,,,,,,,,,
42184,10.02205382v2,10,,2,3,,12/12/2023 19:45,,,,5,,,,,60,2.85,205.2,,,,,,,,,,,,
42185,10.02206695v1,10,,2,4,,12/13/2023 16:52,,,,10,,,,,120,2.83,373.56,,,,,,,,,,,,
42186,44.0255598v1,44,,21,1,,12/12/2023 19:22,,,,60,,,,,720,1.79,1310.28,,,,,,,,,,,,
42187,10.02190390v1,10,,2,4,,12/13/2023 18:53,,,,128,,,,,1535,2.01,3111.48,,,,,,,,,,,,
42188,932206698v1,93,250,120,10,45295,12/12/2023 20:41,Distributor,existingbusiness,16475146922,21,1.42,0,374.88,355,,,,,,,,,,,,,,,
42190,55.02206728v1,55,,114,1,,12/13/2023 17:22,,,,10,,,,,120,1.96,258.72,,,,,,,,,,,,
42191,10.02116585v1,10,,2,3,,12/12/2023 19:57,,,,13,,,,,150,2.54,426.72,,,,,,,,,,,,
42192,10.02129675v1,10,,2,1,,12/12/2023 20:23,,,,21,,,,,250,1.96,517.44,,,,,,,,,,,,
42193,10.02200454v1,10,,2,3,,12/12/2023 23:27,,,,3,,,,,30,3.18,152.64,,,,,,,,,,,,
42194,10.02197319v1,10,,2,3,,12/12/2023 21:54,,,,3,,,,,30,3.18,152.64,,,,,,,,,,,,
42195,10.02205159v2,10,,2,4,,12/12/2023 21:53,,,,50,,,,,600,2.28,1395.36,,,,,,,,,,,,
42196,55.02205860v1,55,,114,1,,12/12/2023 21:54,,,,9,,,,,100,2.56,307.2,,,,,,,,,,,,
42197,10.02206234v2,10,,2,4,,12/12/2023 21:54,,,,5,,,,,60,2.83,203.76,,,,,,,,,,,,
42198,10.0284329v1,10,,2,3,,12/14/2023 17:32,,,,5,,,,,60,2.85,205.2,,,,,,,,,,,,
42199,10.02196913v1,10,,2,4,,12/12/2023 22:32,,,,9,,,,,100,2.83,339.6,,,,,,,,,,,,
42200,55.02202500v1,55,,114,1,,12/13/2023 0:37,,,,167,,,,,2000,1.6,3225.6,,,,,,,,,,,,
42201,10.02206780v1,10,,2,1,,12/12/2023 23:20,,,,20,,,,,240,1.96,493.92,,,,,,,,,,,,
42202,10.02206527v1,10,,2,4,,12/12/2023 23:21,,,,3,,,,,30,3.25,156,,,,,,,,,,,,
42202,10.02206528v1,10,,2,4,,12/12/2023 23:21,,,,3,,,,,30,3.25,156,,,,,,,,,,,,
42203,932205629v5,93,240,120,10,45303,12/18/2023 18:26,Distributor,existingbusiness,16360884645,20,1.42,0,357.84,340.8,,,,,,,,,,,,,,,
42204,10.0245037v2,10,,2,3,,12/13/2023 14:32,,,,20,,,,,240,2.43,612.36,,,,,,,,,,,,
42205,10.02125287v1,10,,2,1,,12/13/2023 15:04,,,,42,,,,,500,1.96,1011.36,,,,,,,,,,,,
42206,10.02206738v4,10,,2,3,,12/14/2023 23:39,,,,9,,,,,100,2.85,342,,,,,,,,,,,,
42207,10.0289132v1,10,,2,1,,12/13/2023 14:55,,,,20,,,,,240,1.96,493.92,,,,,,,,,,,,
42208,10.02117961v2,10,,2,3,,12/13/2023 15:57,,,,10,,,,,120,2.72,359.04,,,,,,,,,,,,
42209,10.02200163v4,10,,2,4,,12/13/2023 16:35,,,,17,,,,,200,2.54,548.64,,,,,,,,,,,,
42210,10.02206578v1,10,,2,3,,12/13/2023 17:19,,,,5,,,,,60,2.85,205.2,,,,,,,,,,,,
42211,10.02205237v1,10,,2,3,,12/13/2023 16:25,,,,3,,,,,30,3.18,152.64,,,,,,,,,,,,
42212,55.02197244v3,55,,114,1,,12/19/2023 18:40,,,,14,,,,,167,1.88,338.4,,,,,,,,,,,,
42212,55.02197763v4,55,,114,1,,12/19/2023 18:40,,,,14,,,,,167,1.88,338.4,,,,,,,,,,,,
42212,55.02197239v3,55,,114,1,,12/19/2023 18:40,,,,14,,,,,167,1.88,338.4,,,,,,,,,,,,
42213,10.02201598v1,10,,2,4,,12/19/2023 17:30,,,,7,,,,,75,2.83,271.68,,,,,,,,,,,,
42214,10.02193994v1,10,,2,3,,12/13/2023 20:49,,,,5,,,,,60,2.85,205.2,,,,,,,,,,,,
42215,9202182151v2,920,1000,26,5,45308,12/19/2023 18:02,Distributor,existingbusiness,16490774420,84,1.04,90,1150.8,1130,,,,,,,,,,,,,,,
42216,932207440v1,93,700,120,10,45308,12/19/2023 15:28,Distributor,existingbusiness,16490322564,59,1.31,0,943.2,917,,,,,,,,,,,,,,,
42217,10.02206166v1,10,,2,3,,12/13/2023 17:44,,,,17,,,,,200,2.54,548.64,,,,,,,,,,,,
42218,10.02206586v1,10,,2,3,,12/13/2023 20:04,,,,9,,,,,100,2.85,342,,,,,,,,,,,,
42218,10.02206579v1,10,,2,3,,12/13/2023 20:04,,,,9,,,,,100,2.85,342,,,,,,,,,,,,
42219,932203626v3,93,500,120,10,45314,12/26/2023 22:17,Distributor,existingbusiness,16181225830,42,1.31,0,675.96,655,,,,,,,,,,,,,,,
42219,932203627v2,93,500,120,10,45314,12/26/2023 22:17,Distributor,existingbusiness,16181225830,42,1.31,0,675.96,655,,,,,,,,,,,,,,,
42220,10.02206762v1,10,,2,3,,12/13/2023 18:46,,,,33,,,,,395,2.43,991.44,,,,,,,,,,,,
42221,55.02195312v1,55,,114,1,,12/13/2023 19:55,,,,20,,,,,240,1.88,473.76,,,,,,,,,,,,
42222,10.02205960v3,10,,2,1,,12/13/2023 18:58,,,,10,,,,,120,2.23,294.36,,,,,,,,,,,,
42225,10.02197527v3,10,,2,1,,12/13/2023 22:33,,,,40,,,,,480,1.96,964.32,,,,,,,,,,,,
42226,10.02206950v3,10,,2,3,,12/13/2023 19:57,,,,5,,,,,60,2.85,205.2,,,,,,,,,,,,
42226,10.02206878v1,10,,2,3,,12/13/2023 19:57,,,,5,,,,,60,2.85,205.2,,,,,,,,,,,,
42229,9102206949v1,910,500,25,5,45300,12/13/2023 20:23,Distributor,existingbusiness,16490990936,42,0.76,90,482.16,470,,,,,,,,,,,,,,,
42230,10.02206838v1,10,,2,1,,12/13/2023 20:01,,,,11,,,,,125,2.23,321.12,,,,,,,,,,,,
42231,10.02192156v1,10,,2,3,,12/13/2023 21:00,,,,84,,,,,1000,2.01,2050.2,,,,,,,,,,,,
42232,55.02206919v1,55,,114,3,,12/13/2023 20:02,,,,27,,,,,320,2.56,860.16,,,,,,,,,,,,
42233,10.02206357v1,10,,2,1,,12/13/2023 21:06,,,,5,,,,,60,2.56,184.32,,,,,,,,,,,,
42234,10.02206958v1,10,,2,1,,12/13/2023 21:02,,,,13,,,,,150,1.96,329.28,,,,,,,,,,,,
42235,10.024869v2,10,,2,3,,12/14/2023 23:12,,,,21,,,,,250,2.43,641.52,,,,,,,,,,,,
42236,10.02122907v1,10,,2,4,,12/15/2023 16:45,,,,7,,,,,75,2.83,271.68,,,,,,,,,,,,
42237,10.02206198v2,10,,2,4,,12/13/2023 22:02,,,,10,,,,,120,2.83,373.56,,,,,,,,,,,,
42238,10.0237896v3,10,,2,4,,12/13/2023 21:57,,,,21,,,,,250,2.54,670.56,,,,,,,,,,,,
42238,10.0237896v7,10,,2,4,,12/13/2023 21:57,,,,17,,,,,200,2.54,548.64,,,,,,,,,,,,
42238,10.0237847v1,10,,2,4,,12/13/2023 21:57,,,,21,,,,,250,2.54,670.56,,,,,,,,,,,,
42239,10.02193983v1,10,,2,3,,12/14/2023 20:29,,,,3,,,,,30,3.18,152.64,,,,,,,,,,,,
42240,10.02154786v3,10,,2,3,,12/15/2023 16:13,,,,7,,,,,75,2.85,273.6,,,,,,,,,,,,
42240,10.02154787v3,10,,2,3,,12/15/2023 16:13,,,,7,,,,,75,2.85,273.6,,,,,,,,,,,,
42241,10.02206840v1,10,,2,3,,12/18/2023 15:52,,,,5,,,,,60,2.85,205.2,,,,,,,,,,,,
42242,10.02129125v2,10,,2,3,,12/14/2023 19:35,,,,5,,,,,60,2.85,205.2,,,,,,,,,,,,
42243,10.02207301v1,10,,2,3,,12/14/2023 18:40,,,,10,,,,,120,2.72,359.04,,,,,,,,,,,,
42244,10.02206634v3,10,,2,3,,12/14/2023 14:50,,,,10,,,,,120,2.72,359.04,,,,,,,,,,,,
42244,10.02206637v4,10,,2,3,,12/14/2023 14:50,,,,10,,,,,120,2.72,359.04,,,,,,,,,,,,
42245,55.02207126v2,55,,114,3,,12/15/2023 15:48,,,,8,,,,,85,2.98,321.84,,,,,,,,,,,,
42246,10.02194444v1,10,,2,4,,12/14/2023 15:37,,,,5,,,,,60,2.83,203.76,,,,,,,,,,,,
42247,17.02204279v1,17,,9,3,,12/15/2023 16:07,,,,167,,,,,2000,2.01,4052.16,,,,,,,,,,,,
42249,10.02207085v2,10,,2,3,,12/14/2023 18:14,,,,10,,,,,120,2.72,359.04,,,,,,,,,,,,
42250,13.05206667v3,13,,5,3,,12/15/2023 19:17,,,,17,,,,,200,1.63,352.08,,,,,,,,,,,,
42251,10.0264705v1,10,,2,4,,12/14/2023 19:04,,,,13,,,,,150,2.54,426.72,,,,,,,,,,,,
42252,10.02201684v1,10,,2,3,,12/14/2023 16:34,,,,13,,,,,150,2.54,426.72,,,,,,,,,,,,
42253,55.02204690v1,55,,114,4,,12/14/2023 17:39,,,,10,,,,,120,3,396,,,,,,,,,,,,
42254,10.0238404v5,10,,2,3,,12/15/2023 0:35,,,,53,,,,,625,2.28,1477.44,,,,,,,,,,,,
42254,10.0235479v3,10,,2,3,,12/15/2023 0:35,,,,53,,,,,625,2.28,1477.44,,,,,,,,,,,,
42254,10.02172522v3,10,,2,3,,12/15/2023 0:35,,,,53,,,,,625,2.28,1477.44,,,,,,,,,,,,
42254,10.0248659v4,10,,2,3,,12/15/2023 0:35,,,,53,,,,,625,2.28,1477.44,,,,,,,,,,,,
42255,10.0262951v3,10,,2,1,,12/14/2023 17:00,,,,5,,,,,60,2.56,184.32,,,,,,,,,,,,
42256,10.03118722v2,10,,2,1,,12/14/2023 22:56,,,,15,,,,,180,1.96,376.32,,,,,,,,,,,,
42257,10.02155525v2,10,,2,3,,12/14/2023 19:53,,,,10,,,,,120,2.72,359.04,,,,,,,,,,,,
42258,10.02206421v1,10,,2,3,,12/14/2023 18:38,,,,17,,,,,200,2.54,548.64,,,,,,,,,,,,
42259,55.02206895v1,55,,114,3,,12/15/2023 0:36,,,,33,,,,,385,2.56,1044.48,,,,,,,,,,,,
42260,10.02206978v1,10,,2,1,,12/14/2023 18:22,,,,7,,,,,75,2.56,245.76,,,,,,,,,,,,
42261,55.02207031v1,55,,114,3,,12/14/2023 20:58,,,,24,,,,,281,2.56,768,,,,,,,,,,,,
42262,10.02206995v2,10,,2,1,,12/14/2023 18:49,,,,5,,,,,55,3.18,228.96,,,,,,,,,,,,
42263,10.02206754v1,10,,2,3,,12/14/2023 19:07,,,,5,,,,,60,2.85,205.2,,,,,,,,,,,,
42264,10.02117975v1,10,,2,1,,12/15/2023 18:54,,,,10,,,,,120,2.23,294.36,,,,,,,,,,,,
42264,10.02117484v1,10,,2,1,,12/15/2023 18:54,,,,10,,,,,120,2.23,294.36,,,,,,,,,,,,
42265,10.02205640v1,10,,2,4,,12/19/2023 16:04,,,,5,,,,,60,2.83,203.76,,,,,,,,,,,,
42267,10.02207015v3,10,,2,1,,12/14/2023 19:51,,,,9,,,,,100,2.56,307.2,,,,,,,,,,,,
42268,15.02207505v1,15,,7,3,,12/19/2023 16:55,,,,11,,,,,125,3.84,552.96,,,,,,,,,,,,
42268,15.02207502v1,15,,7,3,,12/19/2023 16:55,,,,11,,,,,125,3.84,552.96,,,,,,,,,,,,
42277,10.02109482v1,10,,2,3,,12/15/2023 15:30,,,,100,,,,,1200,2.01,2436.12,,,,,,,,,,,,
42279,10.02207454v1,10,,2,1,,12/15/2023 19:31,,,,17,,,,,200,1.96,423.36,,,,,,,,,,,,
42280,55.02207026v1,55,,114,1,,12/15/2023 20:59,,,,24,,,,,281,1.88,564,,,,,,,,,,,,
42284,10.02132253v1,10,,2,1,,12/15/2023 16:33,,,,9,,,,,100,2.56,307.2,,,,,,,,,,,,
42285,10.0255097v1,10,,2,3,,12/14/2023 22:47,,,,5,,,,,50,3.18,228.96,,,,,,,,,,,,
42286,10.02207389v1,10,,2,1,,12/15/2023 23:39,,,,10,,,,,120,2.23,294.36,,,,,,,,,,,,
42291,10.02191359v1,10,,2,1,,12/14/2023 23:40,,,,3,,,,,30,3.18,152.64,,,,,,,,,,,,
42294,10.02207384v1,10,,2,4,,12/15/2023 20:17,,,,22,,,,,258,2.54,701.04,,,,,,,,,,,,
42296,10.02207887v1,10,,2,1,,12/19/2023 22:31,,,,10,,,,,120,2.23,294.36,,,,,,,,,,,,
42300,10.02207687v2,10,,2,1,,12/20/2023 15:18,,,,10,,,,,120,2.23,294.36,,,,,,,,,,,,
42303,10.02140946v1,10,,2,3,,12/19/2023 22:11,,,,100,,,,,1200,2.01,2436.12,,,,,,,,,,,,
42311,55.02206748v1,55,,114,1,,12/15/2023 16:02,,,,117,,,,,1400,1.6,2265.6,,,,,,,,,,,,
42311,46.02205563v3,46,,113,1,,12/15/2023 16:02,,,,117,,,,,1400,1.54,2180.64,,,,,,,,,,,,
42314,10.0213785v1,10,,2,4,,12/15/2023 17:13,,,,13,,,,,150,2.54,426.72,,,,,,,,,,,,
42315,10.02189401v2,10,,2,3,,12/15/2023 18:34,,,,3,,,,,30,3.18,152.64,,,,,,,,,,,,
42318,10.02181839v6,10,,2,4,,12/15/2023 16:33,,,,3,,,,,30,3.25,156,,,,,,,,,,,,
42321,10.03156861v1,10,,2,1,,12/15/2023 21:33,,,,8,,,,,90,2.56,276.48,,,,,,,,,,,,
42324,10.02207760v2,10,,2,1,,1/9/2024 14:50,,,,17,,,,,200,1.96,423.36,,,,,,,,,,,,
42333,55.02206011v1,55,,114,1,,12/15/2023 19:17,,,,15,,,,,175,1.88,360.96,,,,,,,,,,,,
42334,10.02207467v1,10,,2,3,,12/15/2023 22:21,,,,3,,,,,34,3.18,152.64,,,,,,,,,,,,
42335,10.02206479v1,10,,2,4,,12/15/2023 18:32,,,,11,,,,,125,2.83,407.52,,,,,,,,,,,,
42335,10.02206477v2,10,,2,4,,12/15/2023 18:32,,,,11,,,,,125,2.83,407.52,,,,,,,,,,,,
42336,48.02207482v1,48,,115,4,,12/15/2023 21:07,,,,3,,,,,30,3.25,156,,,,,,,,,,,,
42337,10.02207160v1,10,,2,4,,12/15/2023 18:21,,,,13,,,,,151,2.54,426.72,,,,,,,,,,,,
42339,10.02205568v1,10,,2,3,,12/15/2023 17:00,,,,10,,,,,120,2.72,359.04,,,,,,,,,,,,
42339,10.02205922v1,10,,2,3,,12/15/2023 17:00,,,,10,,,,,120,2.72,359.04,,,,,,,,,,,,
42342,15.02207354v2,15,,7,3,,12/15/2023 18:24,,,,10,,,,,120,3.84,506.88,,,,,,,,,,,,
42342,15.02207363v1,15,,7,3,,12/15/2023 18:24,,,,10,,,,,120,3.84,506.88,,,,,,,,,,,,
42343,10.02201987v2,10,,2,3,,12/15/2023 16:54,,,,21,,,,,250,2.43,641.52,,,,,,,,,,,,
42345,932208676v1,93,120,120,10,45313,12/27/2023 22:47,Direct,newbusiness,16531814185,10,1.8,0,237.6,216,,,,,,,,,,,,,,,
42347,55.02206244v1,55,,114,4,,12/15/2023 18:48,,,,17,,,,,200,2.71,585.36,,,,,,,,,,,,
42348,10.02206885v1,10,,2,3,,12/15/2023 19:23,,,,3,,,,,30,3.18,152.64,,,,,,,,,,,,
42349,10.0214706v1,10,,2,3,,12/15/2023 14:01,,,,13,,,,,150,2.54,426.72,,,,,,,,,,,,
42350,55.02206941v1,55,,114,1,,12/15/2023 15:45,,,,13,,,,,150,1.88,315.84,,,,,,,,,,,,
42352,10.02207488v4,10,,2,3,,1/3/2024 19:26,,,,7,,,,,75,2.85,273.6,,,,,,,,,,,,
42353,10.02182862v1,10,,2,1,,12/15/2023 0:08,,,,17,,,,,200,1.96,423.36,,,,,,,,,,,,
42355,10.02198365v2,10,,2,4,,12/15/2023 20:13,,,,3,,,,,30,3.25,156,,,,,,,,,,,,
42355,10.02198398v1,10,,2,4,,12/15/2023 20:13,,,,3,,,,,30,3.25,156,,,,,,,,,,,,
42357,10.02207674v3,10,,2,4,,12/21/2023 19:32,,,,5,,,,,60,2.83,203.76,,,,,,,,,,,,
42358,10.02206785v2,10,,2,1,,12/15/2023 20:39,,,,25,,,,,300,1.96,611.52,,,,,,,,,,,,
42360,10.02136538v1,10,,2,3,,12/18/2023 13:53,,,,20,,,,,240,2.43,612.36,,,,,,,,,,,,
42363,10.02207669v1,10,,2,1,,1/9/2024 18:40,,,,10,,,,,120,2.23,294.36,,,,,,,,,,,,
42366,17.02207260v1,17,,9,1,,12/15/2023 21:53,,,,14,,,,,160,1.96,352.8,,,,,,,,,,,,
42368,10.02207550v1,10,,2,1,,12/20/2023 1:06,,,,18,,,,,215,1.96,446.88,,,,,,,,,,,,
42368,10.02207551v1,10,,2,1,,12/20/2023 1:06,,,,18,,,,,215,1.96,446.88,,,,,,,,,,,,
42369,10.02207724v1,10,,2,1,,12/21/2023 18:57,,,,20,,,,,240,1.96,493.92,,,,,,,,,,,,
42370,17.02169723v1,17,,9,1,,12/15/2023 22:35,,,,84,,,,,1000,1.79,1825.8,,,,,,,,,,,,
42371,10.02102069v1,10,,2,3,,12/18/2023 13:58,,,,17,,,,,200,2.54,548.64,,,,,,,,,,,,
42372,10.02149059v3,10,,2,1,,12/29/2023 20:08,,,,3,,,,,35,3.18,152.64,,,,,,,,,,,,
42374,10.02206561v1,10,,2,4,,12/15/2023 21:23,,,,5,,,,,60,2.83,203.76,,,,,,,,,,,,
42375,932208865v1,93,360,120,10,45316,1/2/2024 17:58,Direct,existingbusiness,16534130278,30,1.42,0,528.24,511.2,,,,,,,,,,,,,,,
42376,10.02207347v1,10,,2,4,,12/15/2023 20:48,,,,9,,,,,100,2.83,339.6,,,,,,,,,,,,
42377,10.02207474v1,10,,2,3,,12/15/2023 21:36,,,,30,,,,,360,2.43,903.96,,,,,,,,,,,,
42379,10.02207389v1,10,,2,1,,12/15/2023 23:38,,,,10,,,,,120,2.23,294.36,,,,,,,,,,,,
42381,55.02207316v1,55,,114,1,,12/15/2023 22:32,,,,5,,,,,60,2.56,184.32,,,,,,,,,,,,
42381,10.02207512v1,10,,2,1,,12/15/2023 22:32,,,,5,,,,,60,2.56,184.32,,,,,,,,,,,,
42383,10.02205711v1,10,,2,1,,12/16/2023 0:42,,,,100,,,,,1200,1.71,2072.52,,,,,,,,,,,,
42402,10.02207952v1,10,,2,3,,12/27/2023 19:03,,,,21,,,,,250,2.43,641.52,,,,,,,,,,,,
42402,10.02208254v1,10,,2,3,,12/27/2023 19:03,,,,21,,,,,250,2.43,641.52,,,,,,,,,,,,
42411,55.02207549v1,55,,114,3,,12/16/2023 17:09,,,,29,,,,,340,2.56,921.6,,,,,,,,,,,,
42412,55.02206979v2,55,,114,3,,12/18/2023 12:00,,,,20,,,,,240,2.56,645.12,,,,,,,,,,,,
42416,10.02134085v1,10,,2,4,,12/21/2023 21:19,,,,9,,,,,100,2.83,339.6,,,,,,,,,,,,
42417,10.02136375v1,10,,2,4,,12/18/2023 15:18,,,,7,,,,,75,2.83,271.68,,,,,,,,,,,,
42418,11.02207830v1,11,,3,3,,1/3/2024 14:45,,,,125,,,,,1500,2.18,3296.16,,,,,,,,,,,,
42419,17.02202803v1,17,,9,1,,12/18/2023 15:23,,,,3,,,,,30,3.18,152.64,,,,,,,,,,,,
42419,17.02202801v1,17,,9,1,,12/18/2023 15:23,,,,3,,,,,30,3.18,152.64,,,,,,,,,,,,
42423,10.02207575v1,10,,2,1,,12/22/2023 16:32,,,,17,,,,,200,1.96,423.36,,,,,,,,,,,,
42430,10.03147808v1,10,,2,1,,12/18/2023 16:36,,,,10,,,,,120,2.23,294.36,,,,,,,,,,,,
42431,10.02174757v1,10,,2,3,,12/20/2023 19:42,,,,30,,,,,360,2.43,903.96,,,,,,,,,,,,
42432,10.02174756v1,10,,2,3,,12/18/2023 19:08,,,,30,,,,,360,2.43,903.96,,,,,,,,,,,,
42433,10.02207686v2,10,,2,1,,12/20/2023 16:43,,,,10,,,,,120,2.23,294.36,,,,,,,,,,,,
42434,55.02207465v3,55,,114,3,,12/18/2023 16:54,,,,3,,,,,31,3.31,158.88,,,,,,,,,,,,
42434,55.02207466v3,55,,114,3,,12/18/2023 16:54,,,,3,,,,,31,3.31,158.88,,,,,,,,,,,,
42435,10.02109994v1,10,,2,3,,12/18/2023 19:25,,,,19,,,,,220,2.54,609.6,,,,,,,,,,,,
42437,10.02206475v2,10,,2,4,,12/21/2023 19:29,,,,3,,,,,30,3.25,156,,,,,,,,,,,,
42439,9102208353v1,910,500,25,5,45313,12/26/2023 18:31,Direct,existingbusiness,16576508040,42,0.76,90,482.16,470,,,,,,,,,,,,,,,
42440,10.02169718v7,10,,2,1,,12/18/2023 19:23,,,,10,,,,,120,2.23,294.36,,,,,,,,,,,,
42442,10.02131968v3,10,,2,3,,12/18/2023 19:57,,,,13,,,,,150,2.54,426.72,,,,,,,,,,,,
42444,10.02207659v1,10,,2,1,,12/19/2023 19:14,,,,125,,,,,1500,1.71,2585.52,,,,,,,,,,,,
42446,10.02187121v1,10,,2,1,,12/18/2023 18:42,,,,9,,,,,100,2.56,307.2,,,,,,,,,,,,
42447,15.02207647v1,15,,7,3,,12/18/2023 21:27,,,,35,,,,,420,3.53,1524.96,,,,,,,,,,,,
42448,10.02207775v1,10,,2,3,,12/19/2023 17:04,,,,3,,,,,30,3.18,152.64,,,,,,,,,,,,
42452,10.0299660v2,10,,2,3,,12/18/2023 18:53,,,,13,,,,,150,2.54,426.72,,,,,,,,,,,,
42453,10.02207776v1,10,,2,4,,12/27/2023 5:33,,,,7,,,,,80,2.83,271.68,,,,,,,,,,,,
42455,10.0289307v1,10,,2,1,,12/19/2023 17:58,,,,20,,,,,240,1.96,493.92,,,,,,,,,,,,
42455,10.02207730v1,10,,2,1,,12/19/2023 17:58,,,,20,,,,,240,1.96,493.92,,,,,,,,,,,,
42457,55.02189079v1,55,,114,4,,12/18/2023 19:25,,,,17,,,,,200,2.71,585.36,,,,,,,,,,,,
42463,10.02207657v1,10,,2,3,,12/18/2023 22:07,,,,3,,,,,30,3.18,152.64,,,,,,,,,,,,
42463,10.02194788v1,10,,2,3,,12/18/2023 22:07,,,,3,,,,,30,3.18,152.64,,,,,,,,,,,,
42464,10.02207348v3,10,,2,3,,12/18/2023 19:49,,,,3,,,,,30,3.18,152.64,,,,,,,,,,,,
42465,10.02206779v3,10,,2,1,,12/18/2023 19:58,,,,15,,,,,170,1.96,376.32,,,,,,,,,,,,
42468,55.02207143v1,55,,114,4,,12/18/2023 20:04,,,,68,,,,,816,2.18,1805.04,,,,,,,,,,,,
42469,10.02207671v1,10,,2,3,,12/19/2023 19:53,,,,5,,,,,50,3.18,228.96,,,,,,,,,,,,
42471,10.0241370v1,10,,2,1,,12/18/2023 20:18,,,,5,,,,,60,2.56,184.32,,,,,,,,,,,,
42472,10.02204890v6,10,,2,1,,12/18/2023 20:33,,,,10,,,,,120,2.23,294.36,,,,,,,,,,,,
42476,10.02168610v1,10,,2,1,,12/19/2023 15:23,,,,125,,,,,1500,1.71,2585.52,,,,,,,,,,,,
42479,10.02207379v1,10,,2,3,,12/18/2023 21:05,,,,3,,,,,35,3.18,152.64,,,,,,,,,,,,
42482,10.02208049v1,10,,2,1,,12/19/2023 15:27,,,,10,,,,,120,2.23,294.36,,,,,,,,,,,,
42484,10.02207792v1,10,,2,1,,12/19/2023 17:45,,,,21,,,,,250,1.96,517.44,,,,,,,,,,,,
42485,10.02135810v5,10,,2,1,,12/18/2023 23:58,,,,10,,,,,120,2.23,294.36,,,,,,,,,,,,
42486,10.02147407v1,10,,2,1,,12/19/2023 16:03,,,,60,,,,,720,1.79,1310.28,,,,,,,,,,,,
42489,10.0259159v2,10,,2,1,,12/18/2023 23:08,,,,10,,,,,120,2.23,294.36,,,,,,,,,,,,
42490,10.02199966v1,10,,2,3,,12/18/2023 21:58,,,,3,,,,,30,3.18,152.64,,,,,,,,,,,,
42492,10.02205687v1,10,,2,3,,12/18/2023 21:32,,,,13,,,,,150,2.54,426.72,,,,,,,,,,,,
42495,10.02102186v1,10,,2,4,,12/21/2023 22:34,,,,9,,,,,100,2.83,339.6,,,,,,,,,,,,
42498,10.02107092v1,10,,2,3,,12/18/2023 22:53,,,,63,,,,,750,2.01,1543.68,,,,,,,,,,,,
42500,932207382v1,93,120,120,10,45307,12/18/2023 23:05,Direct,newbusiness,16490148380,10,1.8,0,237.6,216,,,,,,,,,,,,,,,
42503,55.02201814v2,55,,114,3,,12/18/2023 23:17,,,,3,,,,,30,3.31,158.88,,,,,,,,,,,,
42504,46.02168008v5,46,,113,1,,12/20/2023 15:56,,,,34,,,,,400,1.79,751.8,,,,,,,,,,,,
42505,10.02207920v2,10,,2,1,,12/29/2023 16:16,,,,25,,,,,300,1.96,611.52,,,,,,,,,,,,
42507,55.02207845v1,55,,114,1,,12/19/2023 22:20,,,,13,,,,,150,1.88,315.84,,,,,,,,,,,,
42507,55.02207844v1,55,,114,1,,12/19/2023 22:20,,,,13,,,,,150,1.88,315.84,,,,,,,,,,,,
42510,932208815v1,93,250,120,10,45315,1/2/2024 15:50,Direct,newbusiness,16583412288,21,1.42,0,374.88,355,,,,,,,,,,,,,,,
42521,48.02206970v2,48,,115,3,,12/19/2023 14:54,,,,23,,,,,275,2.43,699.84,,,,,,,,,,,,
42523,55.02209227v1,55,,114,3,,12/22/2023 16:53,,,,3,,,,,30,3.31,158.88,,,,,,,,,,,,
42523,55.02209228v1,55,,114,3,,12/22/2023 16:53,,,,3,,,,,30,3.31,158.88,,,,,,,,,,,,
42524,10.02207813v1,10,,2,4,,12/22/2023 16:38,,,,5,,,,,60,2.83,203.76,,,,,,,,,,,,
42527,10.02206638v2,10,,2,1,,12/19/2023 15:26,,,,30,,,,,350,1.96,729.12,,,,,,,,,,,,
42527,10.02122541v2,10,,2,1,,12/19/2023 15:26,,,,9,,,,,100,2.56,307.2,,,,,,,,,,,,
42528,10.02207832v1,10,,2,1,,12/19/2023 20:07,,,,17,,,,,200,1.96,423.36,,,,,,,,,,,,
42528,10.02207831v1,10,,2,1,,12/19/2023 20:07,,,,17,,,,,200,1.96,423.36,,,,,,,,,,,,
42529,10.02207874v1,10,,2,4,,12/27/2023 20:29,,,,4,,,,,40,3.25,195,,,,,,,,,,,,
42530,15.02207860v2,15,,7,3,,12/21/2023 22:41,,,,12,,,,,140,3.66,570.96,,,,,,,,,,,,
42531,10.02207833v1,10,,2,1,,12/29/2023 16:38,,,,42,,,,,500,1.96,1011.36,,,,,,,,,,,,
42532,10.02198049v2,10,,2,1,,12/19/2023 15:54,,,,11,,,,,121,2.23,321.12,,,,,,,,,,,,
42533,10.02191940v1,10,,2,3,,12/19/2023 17:41,,,,10,,,,,120,2.72,359.04,,,,,,,,,,,,
42535,10.02156313v3,10,,2,3,,12/19/2023 17:02,,,,42,,,,,500,2.43,1253.88,,,,,,,,,,,,
42536,10.02205800v1,10,,2,4,,12/19/2023 16:33,,,,10,,,,,120,2.83,373.56,,,,,,,,,,,,
42536,10.02205797v1,10,,2,4,,12/19/2023 16:33,,,,20,,,,,240,2.54,640.08,,,,,,,,,,,,
42537,55.02207837v1,55,,114,4,,1/3/2024 16:31,,,,6,,,,,70,3,252,,,,,,,,,,,,
42538,10.02103688v2,10,,2,4,,12/19/2023 22:11,,,,25,,,,,300,2.54,792.48,,,,,,,,,,,,
42539,10.02206928v1,10,,2,1,,12/19/2023 16:54,,,,20,,,,,240,1.96,493.92,,,,,,,,,,,,
42542,10.02131637v1,10,,2,1,,12/19/2023 17:36,,,,20,,,,,240,1.96,493.92,,,,,,,,,,,,
42542,10.02196571v1,10,,2,1,,12/19/2023 17:36,,,,20,,,,,240,1.96,493.92,,,,,,,,,,,,
42542,10.02196570v1,10,,2,1,,12/19/2023 17:36,,,,20,,,,,240,1.96,493.92,,,,,,,,,,,,
42544,10.02207907v1,10,,2,1,,12/21/2023 20:44,,,,584,,,,,7000,1.56,10951.2,,,,,,,,,,,,
42545,10.02207891v1,10,,2,1,,12/21/2023 23:26,,,,30,,,,,350,1.96,729.12,,,,,,,,,,,,
42547,10.02207846v1,10,,2,1,,12/19/2023 18:40,,,,15,,,,,175,1.96,376.32,,,,,,,,,,,,
42548,10.02185166v3,10,,2,3,,12/19/2023 22:16,,,,42,,,,,500,2.43,1253.88,,,,,,,,,,,,
42549,10.02100873v1,10,,2,4,,12/19/2023 21:52,,,,42,,,,,500,2.54,1310.64,,,,,,,,,,,,
42550,10.02201870v4,10,,2,4,,12/19/2023 19:28,,,,7,,,,,75,2.83,271.68,,,,,,,,,,,,
42551,10.02207900v1,10,,2,4,,12/20/2023 19:49,,,,10,,,,,120,2.83,373.56,,,,,,,,,,,,
42552,10.02207402v1,10,,2,4,,12/19/2023 19:39,,,,5,,,,,60,2.83,203.76,,,,,,,,,,,,
42564,10.02206875v3,10,,2,3,,12/19/2023 20:45,,,,3,,,,,30,3.18,152.64,,,,,,,,,,,,
42567,10.02208053v3,10,,2,4,,12/22/2023 18:03,,,,10,,,,,120,2.83,373.56,,,,,,,,,,,,
42570,932207971v2,93,1000,120,10,45306,12/19/2023 21:27,Distributor,existingbusiness,16289713284,84,1.24,0,1264.8,1240,,,,,,,,,,,,,,,
42571,10.02195995v3,10,,2,3,,12/19/2023 21:39,,,,17,,,,,200,2.54,548.64,,,,,,,,,,,,
42572,,70,,,1,45294,12/19/2023 21:20,,,,,,,,,,3.18,,30587,30,25957,56676,107,21983,36,127075,12/19/2023 21:13,1/3/2024,3,152.64
42572,,70,,,1,45294,12/19/2023 21:20,,,,,,,,,,3.18,,30576,30,25957,56675,107,21983,36,127075,12/19/2023 21:13,1/3/2024,3,152.64
42574,10.03209139v1,10,,2,3,,1/3/2024 19:40,,,,3,,,,,30,3.18,152.64,,,,,,,,,,,,
42577,15.02196176v2,15,,7,3,,12/19/2023 21:40,,,,10,,,,,120,3.84,506.88,,,,,,,,,,,,
42579,10.02207963v1,10,,2,4,,12/20/2023 20:33,,,,5,,,,,60,2.83,203.76,,,,,,,,,,,,
42580,10.02205021v5,10,,2,3,,12/19/2023 22:16,,,,3,,,,,30,3.18,152.64,,,,,,,,,,,,
42581,55.02199941v1,55,,114,3,,12/19/2023 22:21,,,,4,,,,,46,3.31,198.6,,,,,,,,,,,,
42582,10.02201055v1,10,,2,4,,12/20/2023 0:22,,,,10,,,,,110,2.83,373.56,,,,,,,,,,,,
42583,55.02197767v1,55,,114,3,,12/19/2023 22:42,,,,4,,,,,41,3.31,198.6,,,,,,,,,,,,
42586,10.02208001v2,10,,2,3,,12/29/2023 20:04,,,,21,,,,,250,2.43,641.52,,,,,,,,,,,,
42587,10.02121806v1,10,,2,3,,12/20/2023 13:06,,,,13,,,,,150,2.54,426.72,,,,,,,,,,,,
42588,55.02183734v1,55,,114,4,,12/20/2023 17:57,,,,10,,,,,120,3,396,,,,,,,,,,,,
42589,932207935v1,93,500,120,10,45308,12/20/2023 0:42,Direct,newbusiness,16455019652,42,1.31,0,675.96,655,,,,,,,,,,,,,,,
42591,10.02207999v1,10,,2,1,,12/20/2023 16:17,,,,10,,,,,120,2.23,294.36,,,,,,,,,,,,
42592,10.0291558v2,10,,2,3,,12/20/2023 15:17,,,,34,,,,,400,2.43,1020.6,,,,,,,,,,,,
42604,10.02205900v3,10,,2,1,,12/20/2023 1:21,,,,25,,,,,300,1.96,611.52,,,,,,,,,,,,
42605,10.02205285v2,10,,2,1,,12/19/2023 22:21,,,,11,,,,,124,2.23,321.12,,,,,,,,,,,,
42607,10.02204906v1,10,,2,3,,12/20/2023 14:29,,,,6,,,,,65,2.85,239.4,,,,,,,,,,,,
42608,9102184608v2,910,500,25,5,45309,12/20/2023 17:00,Distributor,existingbusiness,16604926320,42,0.76,90,482.16,470,,,,,,,,,,,,,,,
42610,10.02207097v1,10,,2,1,,12/19/2023 22:40,,,,10,,,,,120,2.23,294.36,,,,,,,,,,,,
42611,55.02208118v1,55,,114,4,,1/3/2024 17:53,,,,9,,,,,100,3,360,,,,,,,,,,,,
42612,10.02170546v1,10,,2,4,,12/19/2023 22:24,,,,5,,,,,60,2.83,203.76,,,,,,,,,,,,
42613,10.02208072v1,10,,2,4,,12/22/2023 21:21,,,,5,,,,,60,2.83,203.76,,,,,,,,,,,,
42616,10.0233247v1,10,,2,1,,12/20/2023 16:09,,,,50,,,,,600,1.88,1150.56,,,,,,,,,,,,
42617,10.02147509v1,10,,2,3,,12/20/2023 18:58,,,,10,,,,,120,2.72,359.04,,,,,,,,,,,,
42619,10.02208099v1,10,,2,4,,12/22/2023 18:58,,,,15,,,,,180,2.54,487.68,,,,,,,,,,,,
42620,10.02203432v1,10,,2,1,,12/20/2023 15:41,,,,5,,,,,60,2.56,184.32,,,,,,,,,,,,
42621,10.02208034v1,10,,2,1,,12/20/2023 20:02,,,,21,,,,,250,1.96,517.44,,,,,,,,,,,,
42621,10.02208036v1,10,,2,1,,12/20/2023 20:02,,,,21,,,,,250,1.96,517.44,,,,,,,,,,,,
42622,55.02203444v1,55,,114,1,,12/20/2023 15:48,,,,10,,,,,120,1.96,258.72,,,,,,,,,,,,
42623,17.02144000v2,17,,9,1,,12/20/2023 16:31,,,,17,,,,,200,1.96,423.36,,,,,,,,,,,,
42628,10.02190604v1,10,,2,1,,12/20/2023 18:23,,,,17,,,,,202,1.96,423.36,,,,,,,,,,,,
42628,10.02189432v1,10,,2,1,,12/20/2023 18:23,,,,17,,,,,202,1.96,423.36,,,,,,,,,,,,
42629,10.02194444v1,10,,2,4,,12/21/2023 14:28,,,,5,,,,,60,2.83,203.76,,,,,,,,,,,,
42631,55.02169605v5,55,,114,1,,12/20/2023 19:20,,,,17,,,,,200,1.88,406.08,,,,,,,,,,,,
42632,55.02208184v1,55,,114,4,,12/27/2023 21:47,,,,3,,,,,30,3.42,164.16,,,,,,,,,,,,
42632,55.02208192v1,55,,114,4,,12/27/2023 21:47,,,,3,,,,,30,3.42,164.16,,,,,,,,,,,,
42633,10.02203633v3,10,,2,4,,12/20/2023 18:39,,,,7,,,,,75,2.83,271.68,,,,,,,,,,,,
42635,20.02136541v1,20,,11,3,,12/21/2023 15:24,,,,417,,,,,5000,2.68,13442.88,,,,,,,,,,,,
42637,55.02206492v1,55,,114,1,,12/20/2023 19:03,,,,42,,,,,501,1.88,970.08,,,,,,,,,,,,
42637,46.02206496v1,46,,113,1,,12/20/2023 19:03,,,,42,,,,,500,1.79,923.64,,,,,,,,,,,,
42638,10.02206169v1,10,,2,3,,12/20/2023 21:57,,,,3,,,,,30,3.18,152.64,,,,,,,,,,,,
42639,10.02207023v1,10,,2,1,,12/20/2023 19:42,,,,5,,,,,60,2.56,184.32,,,,,,,,,,,,
42643,10.02188422v1,10,,2,4,,12/20/2023 20:17,,,,17,,,,,200,2.54,548.64,,,,,,,,,,,,
42643,10.02188421v1,10,,2,4,,12/20/2023 20:17,,,,17,,,,,200,2.54,548.64,,,,,,,,,,,,
42645,10.02208181v1,10,,2,1,,12/21/2023 16:50,,,,21,,,,,250,1.96,517.44,,,,,,,,,,,,
42647,10.02208182v2,10,,2,3,,12/21/2023 21:33,,,,25,,,,,300,2.43,758.16,,,,,,,,,,,,
42650,932136030v2,93,1750,120,10,45309,12/20/2023 23:21,Distributor,existingbusiness,16609034802,146,1.2,0,2116.8,2100,,,,,,,,,,,,,,,
42651,10.0257502v1,10,,2,3,,12/21/2023 16:31,,,,42,,,,,500,2.43,1253.88,,,,,,,,,,,,
42652,55.02208336v1,55,,114,4,,12/27/2023 22:15,,,,10,,,,,120,3,396,,,,,,,,,,,,
42655,10.02192560v2,10,,2,1,,12/20/2023 23:49,,,,3,,,,,30,3.18,152.64,,,,,,,,,,,,
42656,10.0226299v1,10,,2,4,,12/20/2023 22:14,,,,9,,,,,100,2.83,339.6,,,,,,,,,,,,
42657,10.02196537v2,10,,2,4,,1/9/2024 15:37,,,,21,,,,,250,2.54,670.56,,,,,,,,,,,,
42657,10.02196537v1,10,,2,4,,1/9/2024 15:37,,,,21,,,,,250,2.54,670.56,,,,,,,,,,,,
42659,10.02208081v1,10,,2,4,,12/20/2023 21:27,,,,9,,,,,100,2.83,339.6,,,,,,,,,,,,
42662,10.02116526v1,10,,2,3,,12/20/2023 23:34,,,,59,,,,,700,2.28,1641.6,,,,,,,,,,,,
42663,17.02207165v2,17,,9,3,,12/20/2023 21:49,,,,5,,,,,60,2.85,205.2,,,,,,,,,,,,
42664,932190287v1,93,240,120,10,45307,12/20/2023 22:25,Direct,existingbusiness,16609667100,20,1.42,0,357.84,340.8,,,,,,,,,,,,,,,
42665,932133466v1,93,500,120,10,45310,12/21/2023 22:20,Direct,existingbusiness,16609827149,42,1.31,0,675.96,655,,,,,,,,,,,,,,,
42666,46.02201091v1,46,,113,1,,12/22/2023 19:03,,,,334,,,,,4000,1.43,5748.6,,,,,,,,,,,,
42667,10.02208357v1,10,,2,1,,1/5/2024 21:03,,,,17,,,,,200,1.96,423.36,,,,,,,,,,,,
42669,10.02208152v1,10,,2,4,,12/22/2023 22:51,,,,10,,,,,120,2.83,373.56,,,,,,,,,,,,
42671,10.02208998v1,10,,2,4,,1/5/2024 20:02,,,,5,,,,,60,2.83,203.76,,,,,,,,,,,,
42673,932207266v3,93,2,120,10,45307,12/20/2023 23:20,Distributor,newbusiness,16369475925,1,1.8,0,43.2,3.6,,,,,,,,,,,,,,,
42674,10.02208248v1,10,,2,1,,12/22/2023 0:57,,,,17,,,,,200,1.96,423.36,,,,,,,,,,,,
42678,49.02208027v2,49,,116,3,,12/20/2023 23:48,,,,7,,,,,83,2.78,266.88,,,,,,,,,,,,
42679,10.02208183v1,10,,2,4,,12/21/2023 0:10,,,,3,,,,,35,3.25,156,,,,,,,,,,,,
42685,10.02208223v2,10,,2,1,,1/4/2024 23:47,,,,11,,,,,124,2.23,321.12,,,,,,,,,,,,
42686,10.02208048v1,10,,2,3,,12/21/2023 14:18,,,,21,,,,,250,2.43,641.52,,,,,,,,,,,,
42691,10.02154719v1,10,,2,3,,12/21/2023 15:55,,,,9,,,,,100,2.85,342,,,,,,,,,,,,
42694,10.02199521v3,10,,2,3,,12/21/2023 15:27,,,,20,,,,,240,2.43,612.36,,,,,,,,,,,,
42694,10.02199522v3,10,,2,3,,12/21/2023 15:27,,,,20,,,,,240,2.43,612.36,,,,,,,,,,,,
42694,10.02199519v4,10,,2,3,,12/21/2023 15:27,,,,20,,,,,240,2.43,612.36,,,,,,,,,,,,
42695,10.02154719v1,10,,2,3,,12/21/2023 16:30,,,,21,,,,,250,2.43,641.52,,,,,,,,,,,,
42697,10.02207832v1,10,,2,1,,12/21/2023 16:29,,,,5,,,,,60,2.56,184.32,,,,,,,,,,,,
42697,10.02207831v1,10,,2,1,,12/21/2023 16:29,,,,5,,,,,60,2.56,184.32,,,,,,,,,,,,
42698,15.02207107v1,15,,7,3,,12/21/2023 16:33,,,,17,,,,,200,3.66,790.56,,,,,,,,,,,,
42702,932176067v3,93,720,120,10,45308,12/21/2023 18:07,Direct,existingbusiness,16468111494,60,1.24,0,907.68,892.8,,,,,,,,,,,,,,,
42704,932207807v1,93,1000,120,10,45310,12/21/2023 17:53,Direct,existingbusiness,16476851223,84,1.24,0,1264.8,1240,,,,,,,,,,,,,,,
42705,10.02207017v1,10,,2,3,,12/21/2023 15:04,,,,60,,,,,720,2.01,1471.32,,,,,,,,,,,,
42707,10.02202652v1,10,,2,1,,12/21/2023 17:41,,,,9,,,,,100,2.56,307.2,,,,,,,,,,,,
42711,10.0278358v1,10,,2,3,,12/21/2023 18:58,,,,5,,,,,60,2.85,205.2,,,,,,,,,,,,
42712,15.02116895v4,15,,7,3,,12/21/2023 19:11,,,,10,,,,,120,3.84,506.88,,,,,,,,,,,,
42717,10.02208531v4,10,,2,3,,12/29/2023 23:07,,,,5,,,,,60,2.85,205.2,,,,,,,,,,,,
42718,10.02206096v1,10,,2,4,,12/21/2023 19:49,,,,8,,,,,90,2.83,305.64,,,,,,,,,,,,
42719,17.02207497v2,17,,9,1,,12/21/2023 19:57,,,,125,,,,,1500,1.71,2585.52,,,,,,,,,,,,
42719,17.02207496v2,17,,9,1,,12/21/2023 19:57,,,,125,,,,,1500,1.71,2585.52,,,,,,,,,,,,
42720,10.02207471v2,10,,2,1,,12/21/2023 19:59,,,,38,,,,,450,1.96,917.28,,,,,,,,,,,,
42720,10.02207470v2,10,,2,1,,12/21/2023 19:59,,,,38,,,,,450,1.96,917.28,,,,,,,,,,,,
42720,10.02206171v1,10,,2,1,,12/21/2023 19:59,,,,75,,,,,900,1.79,1632.48,,,,,,,,,,,,
42721,10.02200644v5,10,,2,3,,12/21/2023 20:13,,,,7,,,,,80,2.85,273.6,,,,,,,,,,,,
42722,10.02150209v1,10,,2,1,,12/22/2023 15:18,,,,13,,,,,150,1.96,329.28,,,,,,,,,,,,
42723,10.02190063v1,10,,2,1,,12/21/2023 23:54,,,,34,,,,,400,1.96,823.2,,,,,,,,,,,,
42724,10.02154787v6,10,,2,3,,1/4/2024 16:03,,,,42,,,,,500,2.43,1253.88,,,,,,,,,,,,
42724,10.02154786v6,10,,2,3,,1/4/2024 16:03,,,,42,,,,,500,2.43,1253.88,,,,,,,,,,,,
42725,10.02207670v1,10,,2,3,,1/9/2024 18:46,,,,3,,,,,30,3.18,152.64,,,,,,,,,,,,
42726,10.02208411v1,10,,2,3,,1/5/2024 14:51,,,,3,,,,,30,3.18,152.64,,,,,,,,,,,,
42728,920232657v3,920,1250,26,5,45320,1/2/2024 20:56,Distributor,existingbusiness,16623950001,105,0.99,90,1349.28,1327.5,,,,,,,,,,,,,,,
42731,10.02205855v3,10,,2,4,,12/21/2023 21:21,,,,30,,,,,360,2.54,944.88,,,,,,,,,,,,
42733,10.02134590v2,10,,2,3,,12/22/2023 16:24,,,,10,,,,,120,2.72,359.04,,,,,,,,,,,,
42734,9202182151v2,920,3000,26,5,45323,1/2/2024 20:56,Distributor,existingbusiness,16624313418,250,1.04,0,3132.48,3120,,,,,,,,,,,,,,,
42736,10.02192156v1,10,,2,3,,12/22/2023 13:36,,,,7,,,,,80,2.85,273.6,,,,,,,,,,,,
42737,10.02188352v1,10,,2,4,,12/21/2023 21:51,,,,18,,,,,215,2.54,579.12,,,,,,,,,,,,
42738,10.02194291v2,10,,2,4,,12/21/2023 22:18,,,,10,,,,,120,2.83,373.56,,,,,,,,,,,,
42738,10.02194290v2,10,,2,4,,12/21/2023 22:18,,,,10,,,,,120,2.83,373.56,,,,,,,,,,,,
42741,10.02208463v2,10,,2,3,,12/22/2023 19:54,,,,5,,,,,60,2.85,205.2,,,,,,,,,,,,
42741,10.02208383v2,10,,2,3,,12/22/2023 19:54,,,,5,,,,,60,2.85,205.2,,,,,,,,,,,,
42743,10.02139244v1,10,,2,3,,12/21/2023 22:53,,,,38,,,,,450,2.43,1137.24,,,,,,,,,,,,
42745,10.02208325v1,10,,2,4,,12/21/2023 22:59,,,,5,,,,,60,2.83,203.76,,,,,,,,,,,,
42761,10.02186619v1,10,,2,3,,12/22/2023 15:48,,,,9,,,,,100,2.85,342,,,,,,,,,,,,
42762,55.02206413v1,55,,114,3,,12/22/2023 15:28,,,,10,,,,,120,2.85,376.2,,,,,,,,,,,,
42764,46.02208457v1,46,,113,1,,12/22/2023 16:49,,,,32,,,,,380,1.79,708.84,,,,,,,,,,,,
42764,10.02204405v1,10,,2,1,,12/22/2023 16:49,,,,32,,,,,380,1.96,776.16,,,,,,,,,,,,
42766,10.02208470v2,10,,2,3,,12/28/2023 17:38,,,,20,,,,,240,2.43,612.36,,,,,,,,,,,,
42768,55.02208547v1,55,,114,1,,12/29/2023 16:33,,,,13,,,,,150,1.88,315.84,,,,,,,,,,,,
42770,10.02208471v1,10,,2,3,,12/28/2023 16:22,,,,100,,,,,1200,2.01,2436.12,,,,,,,,,,,,
42771,10.02164560v1,10,,2,4,,12/28/2023 16:22,,,,100,,,,,1200,2.01,2436.12,,,,,,,,,,,,
42773,10.02203636v1,10,,2,4,,12/22/2023 16:22,,,,3,,,,,30,3.25,156,,,,,,,,,,,,
42773,10.02203634v1,10,,2,4,,12/22/2023 16:22,,,,3,,,,,30,3.25,156,,,,,,,,,,,,
42774,10.02208559v1,10,,2,3,,1/2/2024 19:46,,,,100,,,,,1200,2.01,2436.12,,,,,,,,,,,,
42775,,70,,,1,45302,1/2/2024 20:28,,,,,,,,,,2.56,,30607,100,26217,57224,64,22212,0,133564,1/2/2024 20:26,None,9,307.2
42776,12.02176387v2,12,,4,3,,12/22/2023 17:21,,,,5,,,,,60,2.6,187.2,,,,,,,,,,,,
42779,10.02100715v1,10,,2,3,,12/22/2023 18:26,,,,100,,,,,1200,2.01,2436.12,,,,,,,,,,,,
42780,44.02208601v1,44,,21,3,,1/2/2024 15:46,,,,10,,,,,120,2.8,369.6,,,,,,,,,,,,
42781,932208562v2,93,120,120,10,45309,12/22/2023 23:03,Direct,newbusiness,16644316676,10,1.8,0,237.6,216,,,,,,,,,,,,,,,
42782,,70,,,2,45322,1/5/2024 17:17,,,,,,,,,,1.47,,30615,1000,26317,57557,107,22289,0,133570,1/5/2024 16:01,None,84,1499.4
42783,10.02208568v1,10,,2,3,,1/2/2024 22:45,,,,10,,,,,120,2.72,359.04,,,,,,,,,,,,
42787,10.0247816v2,10,,2,1,,12/28/2023 20:34,,,,10,,,,,120,2.23,294.36,,,,,,,,,,,,
42788,10.02172617v3,10,,2,3,,12/22/2023 20:43,,,,3,,,,,30,3.18,152.64,,,,,,,,,,,,
42789,10.02207371v1,10,,2,4,,12/22/2023 20:07,,,,8,,,,,85,2.83,305.64,,,,,,,,,,,,
42790,10.0252372v2,10,,2,3,,12/26/2023 21:04,,,,13,,,,,150,2.54,426.72,,,,,,,,,,,,
42795,932150034v3,93,500,120,10,45313,12/22/2023 23:13,Distributor,existingbusiness,16647788386,42,1.31,0,675.96,655,,,,,,,,,,,,,,,
42801,49.02208666v2,49,,116,4,,1/5/2024 14:51,,,,3,,,,,30,3.25,156,,,,,,,,,,,,
42803,55.02205948v1,55,,114,1,,12/23/2023 17:46,,,,84,,,,,1000,1.71,1744.2,,,,,,,,,,,,
42808,10.02209481v1,10,,2,3,,1/8/2024 19:12,,,,3,,,,,30,3.18,152.64,,,,,,,,,,,,
42809,10.02114934v1,10,,2,3,,12/26/2023 17:21,,,,4,,,,,40,3.18,190.8,,,,,,,,,,,,
42821,10.0249731v1,10,,2,4,,12/29/2023 5:44,,,,5,,,,,60,2.83,203.76,,,,,,,,,,,,
42821,11.0255371v1,11,,3,4,,12/29/2023 5:44,,,,5,,,,,60,2.83,203.76,,,,,,,,,,,,
42822,10.02208956v1,10,,2,4,,1/5/2024 21:03,,,,10,,,,,120,2.83,373.56,,,,,,,,,,,,
42824,10.02207679v1,10,,2,1,,12/27/2023 18:09,,,,10,,,,,120,2.23,294.36,,,,,,,,,,,,
42826,932180251v2,93,100,120,10,45310,12/26/2023 22:07,Direct,existingbusiness,16688472900,9,1.8,0,216,180,,,,,,,,,,,,,,,
42826,932180251v2,93,60,120,10,45401,12/26/2023 22:07,Direct,existingbusiness,16688472900,5,1.8,0,129.6,108,,,,,,,,,,,,,,,
42827,10.02208418v1,10,,2,4,,12/26/2023 17:28,,,,3,,,,,30,3.25,156,,,,,,,,,,,,
42827,10.02208052v4,10,,2,4,,12/26/2023 17:28,,,,3,,,,,30,3.25,156,,,,,,,,,,,,
42831,10.02150869v2,10,,2,3,,12/26/2023 21:18,,,,10,,,,,120,2.72,359.04,,,,,,,,,,,,
42832,10.02208654v1,10,,2,4,,12/28/2023 2:11,,,,10,,,,,120,2.83,373.56,,,,,,,,,,,,
42834,10.02208663v1,10,,2,4,,12/27/2023 21:07,,,,10,,,,,120,2.83,373.56,,,,,,,,,,,,
42834,10.02208614v1,10,,2,4,,12/27/2023 21:07,,,,10,,,,,120,2.83,373.56,,,,,,,,,,,,
42834,10.02208677v1,10,,2,4,,12/27/2023 21:07,,,,10,,,,,120,2.83,373.56,,,,,,,,,,,,
42834,10.02208679v1,10,,2,4,,12/27/2023 21:07,,,,10,,,,,120,2.83,373.56,,,,,,,,,,,,
42834,10.02208615v1,10,,2,4,,12/27/2023 21:07,,,,10,,,,,120,2.83,373.56,,,,,,,,,,,,
42835,10.02208668v1,10,,2,3,,12/27/2023 17:08,,,,21,,,,,250,2.43,641.52,,,,,,,,,,,,
42840,10.02208681v1,10,,2,3,,12/28/2023 9:58,,,,13,,,,,150,2.54,426.72,,,,,,,,,,,,
42841,10.02166395v3,10,,2,1,,12/27/2023 17:11,,,,13,,,,,150,1.96,329.28,,,,,,,,,,,,
42842,10.02140423v1,10,,2,1,,12/27/2023 21:06,,,,5,,,,,55,3.18,228.96,,,,,,,,,,,,
42845,10.029026v1,10,,2,4,,12/27/2023 19:24,,,,10,,,,,120,2.83,373.56,,,,,,,,,,,,
42846,10.02106961v5,10,,2,3,,12/27/2023 17:29,,,,63,,,,,750,2.01,1543.68,,,,,,,,,,,,
42846,10.02106966v5,10,,2,3,,12/27/2023 17:29,,,,63,,,,,750,2.01,1543.68,,,,,,,,,,,,
42848,55.02182424v1,55,,114,4,,12/28/2023 14:58,,,,10,,,,,120,3,396,,,,,,,,,,,,
42849,10.02208753v1,10,,2,1,,1/3/2024 2:55,,,,32,,,,,375,1.96,776.16,,,,,,,,,,,,
42849,10.02207438v3,10,,2,1,,1/3/2024 2:55,,,,32,,,,,375,1.96,776.16,,,,,,,,,,,,
42850,10.02200609v1,10,,2,4,,12/28/2023 16:30,,,,13,,,,,150,2.54,426.72,,,,,,,,,,,,
42852,10.0266508v2,10,,2,4,,12/27/2023 18:53,,,,56,,,,,664,2.28,1559.52,,,,,,,,,,,,
42854,10.02206779v3,10,,2,1,,12/27/2023 21:17,,,,17,,,,,200,1.96,423.36,,,,,,,,,,,,
42855,55.02208971v1,55,,114,4,,1/3/2024 23:25,,,,10,,,,,120,3,396,,,,,,,,,,,,
42858,10.02155432v1,10,,2,1,,12/28/2023 16:21,,,,21,,,,,250,1.96,517.44,,,,,,,,,,,,
42859,10.02208695v2,10,,2,4,,1/5/2024 21:10,,,,95,,,,,1130,2.01,2315.52,,,,,,,,,,,,
42861,15.02199847v2,15,,7,3,,12/27/2023 20:26,,,,20,,,,,240,3.53,889.56,,,,,,,,,,,,
42862,10.0266469v4,10,,2,3,,12/27/2023 20:36,,,,82,,,,,979,2.01,2001.96,,,,,,,,,,,,
42863,10.02125686v1,10,,2,1,,12/27/2023 20:39,,,,34,,,,,408,1.96,823.2,,,,,,,,,,,,
42865,10.02208705v2,10,,2,3,,12/29/2023 14:34,,,,10,,,,,120,2.72,359.04,,,,,,,,,,,,
42866,10.02176342v3,10,,2,4,,12/28/2023 16:32,,,,10,,,,,120,2.83,373.56,,,,,,,,,,,,
42867,12.02208707v2,12,,4,3,,1/3/2024 18:28,,,,21,,,,,250,2.18,575.52,,,,,,,,,,,,
42868,10.02140533v1,10,,2,4,,12/27/2023 22:18,,,,10,,,,,120,2.83,373.56,,,,,,,,,,,,
42868,10.02185416v1,10,,2,4,,12/27/2023 22:18,,,,10,,,,,120,2.83,373.56,,,,,,,,,,,,
42872,55.02208703v4,55,,114,1,,1/3/2024 17:42,,,,5,,,,,50,2.56,184.32,,,,,,,,,,,,
42873,932156806v1,93,120,120,10,45314,12/28/2023 19:40,Direct,existingbusiness,16706249864,10,1.8,0,237.6,216,,,,,,,,,,,,,,,
42873,932156808v1,93,120,120,10,45314,12/28/2023 19:40,Direct,existingbusiness,16706249864,10,1.8,0,237.6,216,,,,,,,,,,,,,,,
42874,10.02203351v3,10,,2,4,,12/28/2023 18:34,,,,3,,,,,30,3.25,156,,,,,,,,,,,,
42881,10.02207046v1,10,,2,4,,12/22/2023 16:02,,,,10,,,,,120,2.83,373.56,,,,,,,,,,,,
42881,10.02207045v1,10,,2,4,,12/22/2023 16:02,,,,10,,,,,120,2.83,373.56,,,,,,,,,,,,
42882,10.02194482v1,10,,2,4,,12/22/2023 16:57,,,,10,,,,,120,2.83,373.56,,,,,,,,,,,,
42883,10.02206306v1,10,,2,3,,12/22/2023 18:45,,,,14,,,,,160,2.54,457.2,,,,,,,,,,,,
42884,10.02206488v2,10,,2,4,,12/28/2023 0:22,,,,10,,,,,120,2.83,373.56,,,,,,,,,,,,
42885,10.02206294v2,10,,2,1,,12/22/2023 22:26,,,,15,,,,,176,1.96,376.32,,,,,,,,,,,,
42885,10.02206291v5,10,,2,1,,12/22/2023 22:26,,,,15,,,,,176,1.96,376.32,,,,,,,,,,,,
42885,55.02207805v1,55,,114,1,,12/22/2023 22:26,,,,8,,,,,88,2.56,276.48,,,,,,,,,,,,
42885,55.02207806v1,55,,114,1,,12/22/2023 22:26,,,,8,,,,,88,2.56,276.48,,,,,,,,,,,,
42886,15.0236604v2,15,,7,3,,12/26/2023 16:49,,,,10,,,,,120,3.84,506.88,,,,,,,,,,,,
42887,10.02208481v2,10,,2,3,,12/27/2023 17:30,,,,18,,,,,210,2.54,579.12,,,,,,,,,,,,
42888,10.02199584v2,10,,2,3,,12/26/2023 18:13,,,,21,,,,,250,2.43,641.52,,,,,,,,,,,,
42889,10.02207507v6,10,,2,3,,12/28/2023 15:22,,,,21,,,,,250,2.43,641.52,,,,,,,,,,,,
42889,55.02207424v2,55,,114,3,,12/28/2023 15:22,,,,21,,,,,250,2.56,675.84,,,,,,,,,,,,
42890,10.02176086v1,10,,2,1,,12/28/2023 18:53,,,,25,,,,,300,1.96,611.52,,,,,,,,,,,,
42891,10.0222249v3,10,,2,3,,12/28/2023 20:32,,,,284,,,,,3400,1.72,5882.4,,,,,,,,,,,,
42894,10.02175956v2,10,,2,3,,12/28/2023 16:57,,,,3,,,,,30,3.18,152.64,,,,,,,,,,,,
42898,10.0289954v1,10,,2,4,,12/28/2023 18:44,,,,42,,,,,500,2.54,1310.64,,,,,,,,,,,,
42899,10.02173144v2,10,,2,1,,12/28/2023 18:16,,,,5,,,,,60,2.56,184.32,,,,,,,,,,,,
42900,10.02143748v3,10,,2,1,,12/28/2023 22:46,,,,60,,,,,720,1.79,1310.28,,,,,,,,,,,,
42903,10.02208745v1,10,,2,1,,12/29/2023 21:00,,,,5,,,,,60,2.56,184.32,,,,,,,,,,,,
42903,10.02208744v1,10,,2,1,,12/29/2023 21:00,,,,5,,,,,60,2.56,184.32,,,,,,,,,,,,
42904,10.02197847v1,10,,2,3,,12/28/2023 19:00,,,,3,,,,,30,3.18,152.64,,,,,,,,,,,,
42905,10.02208777v2,10,,2,3,,1/3/2024 19:34,,,,21,,,,,250,2.43,641.52,,,,,,,,,,,,
42907,10.02208761v1,10,,2,3,,12/29/2023 15:16,,,,9,,,,,105,2.85,342,,,,,,,,,,,,
42908,10.02102566v1,10,,2,3,,12/28/2023 19:50,,,,17,,,,,200,2.54,548.64,,,,,,,,,,,,
42911,10.02208796v1,10,,2,1,,12/29/2023 21:32,,,,21,,,,,250,1.96,517.44,,,,,,,,,,,,
42913,55.02208755v1,55,,114,4,,12/29/2023 21:19,,,,10,,,,,120,3,396,,,,,,,,,,,,
42914,10.03208783v1,10,,2,1,,12/29/2023 21:29,,,,21,,,,,250,1.96,517.44,,,,,,,,,,,,
42916,10.0247459v2,10,,2,4,,12/29/2023 15:28,,,,10,,,,,120,2.83,373.56,,,,,,,,,,,,
42919,10.0262175v1,10,,2,1,,12/28/2023 23:38,,,,20,,,,,240,1.96,493.92,,,,,,,,,,,,
42921,10.02208760v1,10,,2,3,,12/29/2023 17:18,,,,3,,,,,30,3.18,152.64,,,,,,,,,,,,
42925,10.02182308v7,10,,2,1,,12/29/2023 14:55,,,,10,,,,,120,2.23,294.36,,,,,,,,,,,,
42926,10.02206899v2,10,,2,3,,12/29/2023 16:08,,,,200,,,,,2400,1.72,4148.64,,,,,,,,,,,,
42929,10.0284377v1,10,,2,4,,12/29/2023 15:42,,,,5,,,,,60,2.83,203.76,,,,,,,,,,,,
42930,10.0233994v1,10,,2,4,,12/29/2023 16:38,,,,6,,,,,66,2.83,237.72,,,,,,,,,,,,
42931,10.02208806v1,10,,2,1,,1/2/2024 19:13,,,,5,,,,,60,2.56,184.32,,,,,,,,,,,,
42933,10.02155077v1,10,,2,4,,12/29/2023 17:17,,,,5,,,,,50,3.25,234,,,,,,,,,,,,
42935,932208805v1,93,360,120,10,45315,12/29/2023 19:40,Direct,newbusiness,16728073820,30,1.42,0,528.24,511.2,,,,,,,,,,,,,,,
42939,55.02208526v2,55,,114,4,,12/29/2023 22:48,,,,3,,,,,30,3.42,164.16,,,,,,,,,,,,
42944,46.02209460v1,46,,113,1,,1/8/2024 20:54,,,,5,,,,,60,2.39,172.08,,,,,,,,,,,,
42945,932206483v1,93,120,120,10,45310,12/29/2023 19:53,Direct,existingbusiness,16359148566,10,1.8,0,237.6,216,,,,,,,,,,,,,,,
42948,10.02208812v1,10,,2,4,,1/2/2024 16:01,,,,5,,,,,60,2.83,203.76,,,,,,,,,,,,
42952,10.0224743v2,10,,2,1,,12/29/2023 23:07,,,,10,,,,,120,2.23,294.36,,,,,,,,,,,,
42953,10.0285954v4,10,,2,4,,1/2/2024 14:40,,,,10,,,,,120,2.83,373.56,,,,,,,,,,,,
42954,10.02207377v2,10,,2,3,,12/28/2023 20:42,,,,6,,,,,65,2.85,239.4,,,,,,,,,,,,
42955,10.02206848v1,10,,2,4,,12/29/2023 0:10,,,,10,,,,,120,2.83,373.56,,,,,,,,,,,,
42955,10.02206849v1,10,,2,4,,12/29/2023 0:10,,,,10,,,,,120,2.83,373.56,,,,,,,,,,,,
42956,10.02208762v1,10,,2,3,,12/29/2023 18:13,,,,5,,,,,60,2.85,205.2,,,,,,,,,,,,
42956,10.02208763v1,10,,2,3,,12/29/2023 18:13,,,,5,,,,,60,2.85,205.2,,,,,,,,,,,,
42957,15.02200640v2,15,,7,3,,12/29/2023 18:18,,,,10,,,,,120,3.84,506.88,,,,,,,,,,,,
42958,10.02205483v1,10,,2,1,,12/29/2023 19:58,,,,30,,,,,360,1.96,729.12,,,,,,,,,,,,
42959,10.02208828v1,10,,2,4,,1/2/2024 14:37,,,,7,,,,,75,2.83,271.68,,,,,,,,,,,,
42961,10.02204847v2,10,,2,1,,12/29/2023 21:00,,,,21,,,,,250,1.96,517.44,,,,,,,,,,,,
42962,10.02112213v8,10,,2,1,,1/3/2024 3:29,,,,20,,,,,240,1.96,493.92,,,,,,,,,,,,
42963,10.02112210v1,10,,2,1,,1/3/2024 3:31,,,,20,,,,,240,1.96,493.92,,,,,,,,,,,,
42965,10.02101182v2,10,,2,1,,1/4/2024 15:53,,,,20,,,,,240,1.96,493.92,,,,,,,,,,,,
42973,10.02174434v1,10,,2,1,,12/31/2023 9:48,,,,30,,,,,360,1.96,729.12,,,,,,,,,,,,
42977,10.02184359v1,10,,2,4,,1/2/2024 15:57,,,,10,,,,,120,2.83,373.56,,,,,,,,,,,,
42992,10.02179511v2,10,,2,3,,1/2/2024 21:49,,,,10,,,,,120,2.72,359.04,,,,,,,,,,,,
42995,10.02208893v1,10,,2,3,,1/2/2024 17:31,,,,3,,,,,35,3.18,152.64,,,,,,,,,,,,
42997,10.02208930v1,10,,2,3,,1/2/2024 18:37,,,,9,,,,,100,2.85,342,,,,,,,,,,,,
42998,10.02208307v1,10,,2,3,,1/2/2024 17:36,,,,10,,,,,120,2.72,359.04,,,,,,,,,,,,
43000,10.02100672v1,10,,2,3,,1/2/2024 19:29,,,,11,,,,,125,2.72,391.68,,,,,,,,,,,,
43001,10.02187272v1,10,,2,1,,1/2/2024 20:20,,,,22,,,,,260,1.96,540.96,,,,,,,,,,,,
43004,12.02106379v1,12,,4,1,,1/2/2024 16:42,,,,10,,,,,120,1.9,250.8,,,,,,,,,,,,
43005,10.02171885v1,10,,2,3,,1/2/2024 22:03,,,,5,,,,,60,2.85,205.2,,,,,,,,,,,,
43007,10.02209170v1,10,,2,1,,1/8/2024 17:30,,,,7,,,,,75,2.56,245.76,,,,,,,,,,,,
43009,10.02208999v2,10,,2,3,,1/3/2024 16:30,,,,32,,,,,375,2.43,962.28,,,,,,,,,,,,
43013,10.02206863v1,10,,2,1,,1/2/2024 19:32,,,,10,,,,,120,2.23,294.36,,,,,,,,,,,,
43014,10.02150025v1,10,,2,3,,1/2/2024 22:30,,,,11,,,,,130,2.72,391.68,,,,,,,,,,,,
43015,10.02175426v1,10,,2,1,,1/2/2024 19:00,,,,25,,,,,300,1.96,611.52,,,,,,,,,,,,
43017,18.0222733v4,18,,10,1,,1/2/2024 21:20,,,,20,,,,,234,1.96,493.92,,,,,,,,,,,,
43018,10.03208959v1,10,,2,1,,1/7/2024 2:48,,,,20,,,,,240,1.96,493.92,,,,,,,,,,,,
43019,55.02208958v1,55,,114,4,,1/2/2024 20:45,,,,8,,,,,90,3,324,,,,,,,,,,,,
43020,10.02208988v1,10,,2,1,,1/5/2024 18:52,,,,13,,,,,151,1.96,329.28,,,,,,,,,,,,
43028,10.02206623v2,10,,2,3,,1/2/2024 18:50,,,,20,,,,,240,2.43,612.36,,,,,,,,,,,,
43029,10.02204276v1,10,,2,1,,1/2/2024 20:24,,,,42,,,,,500,1.96,1011.36,,,,,,,,,,,,
43036,55.02138943v3,55,,114,4,,1/3/2024 13:39,,,,10,,,,,120,3,396,,,,,,,,,,,,
43040,10.02206084v3,10,,2,3,,1/2/2024 22:41,,,,71,,,,,845,2.01,1736.64,,,,,,,,,,,,
43041,10.02209000v3,10,,2,1,,1/5/2024 23:37,,,,10,,,,,120,2.23,294.36,,,,,,,,,,,,
43043,10.02204224v5,10,,2,3,,1/2/2024 22:23,,,,42,,,,,500,2.43,1253.88,,,,,,,,,,,,
43044,10.02204106v1,10,,2,1,,1/2/2024 21:48,,,,84,,,,,1000,1.79,1825.8,,,,,,,,,,,,
43045,17.02209107v1,17,,9,4,,1/8/2024 23:16,,,,11,,,,,125,2.83,407.52,,,,,,,,,,,,
43046,10.02209278v1,10,,2,1,,1/4/2024 20:01,,,,42,,,,,500,1.96,1011.36,,,,,,,,,,,,
43046,10.02209277v1,10,,2,1,,1/4/2024 20:01,,,,42,,,,,500,1.96,1011.36,,,,,,,,,,,,
43047,10.02209126v2,10,,2,1,,1/8/2024 18:00,,,,17,,,,,201,1.96,423.36,,,,,,,,,,,,
43048,10.02208797v1,10,,2,1,,1/2/2024 21:29,,,,9,,,,,100,2.56,307.2,,,,,,,,,,,,
43064,55.02198171v1,55,,114,4,,1/3/2024 14:15,,,,5,,,,,50,3.42,246.24,,,,,,,,,,,,
43065,46.02191668v1,46,,113,3,,1/2/2024 21:48,,,,8,,,,,85,2.85,307.8,,,,,,,,,,,,
43066,10.02168284v1,10,,2,1,,1/2/2024 23:49,,,,10,,,,,120,2.23,294.36,,,,,,,,,,,,
43066,10.02169357v2,10,,2,1,,1/2/2024 23:49,,,,10,,,,,120,2.23,294.36,,,,,,,,,,,,
43066,10.02168286v1,10,,2,1,,1/2/2024 23:49,,,,10,,,,,120,2.23,294.36,,,,,,,,,,,,
43074,10.02135818v5,10,,2,1,,1/3/2024 18:42,,,,10,,,,,120,2.23,294.36,,,,,,,,,,,,
43077,10.02209334v2,10,,2,4,,1/4/2024 23:06,,,,5,,,,,60,2.83,203.76,,,,,,,,,,,,
43077,10.02209330v2,10,,2,4,,1/4/2024 23:06,,,,5,,,,,60,2.83,203.76,,,,,,,,,,,,
43079,10.02209354v1,10,,2,1,,1/5/2024 15:12,,,,40,,,,,480,1.96,964.32,,,,,,,,,,,,
43083,46.02209118v1,46,,113,1,,1/4/2024 18:46,,,,13,,,,,150,1.79,300.72,,,,,,,,,,,,
43084,10.0285954v4,10,,2,4,,1/3/2024 18:58,,,,6,,,,,72,2.83,237.72,,,,,,,,,,,,
43091,49.02209342v3,49,,116,3,,1/8/2024 21:47,,,,5,,,,,60,2.78,200.16,,,,,,,,,,,,
43092,17.02204084v1,17,,9,1,,1/3/2024 21:08,,,,200,,,,,2400,1.6,3859.2,,,,,,,,,,,,
43093,932188734v1,93,240,120,10,45317,1/3/2024 23:07,Distributor,existingbusiness,16789740087,20,1.42,0,357.84,340.8,,,,,,,,,,,,,,,
43098,12.02209295v1,12,,4,1,,1/4/2024 16:54,,,,6,,,,,70,2.23,187.32,,,,,,,,,,,,
43098,10.02189664v2,10,,2,1,,1/4/2024 16:54,,,,7,,,,,80,2.56,245.76,,,,,,,,,,,,
43101,10.02201573v3,10,,2,3,,1/5/2024 18:29,,,,6,,,,,65,2.85,239.4,,,,,,,,,,,,
43102,10.02209178v1,10,,2,3,,1/5/2024 20:40,,,,5,,,,,60,2.85,205.2,,,,,,,,,,,,
43102,15.02209308v2,15,,7,3,,1/5/2024 20:40,,,,10,,,,,120,3.84,506.88,,,,,,,,,,,,
43102,10.02209177v1,10,,2,3,,1/5/2024 20:40,,,,5,,,,,60,2.85,205.2,,,,,,,,,,,,
43104,10.02189914v3,10,,2,3,,1/3/2024 19:40,,,,5,,,,,50,3.18,228.96,,,,,,,,,,,,
43105,55.02201239v2,55,,114,4,,1/3/2024 16:19,,,,12,,,,,140,2.71,422.76,,,,,,,,,,,,
43106,10.02207811v2,10,,2,4,,1/3/2024 19:42,,,,5,,,,,60,2.83,203.76,,,,,,,,,,,,
43106,10.02207810v2,10,,2,4,,1/3/2024 19:42,,,,5,,,,,60,2.83,203.76,,,,,,,,,,,,
43106,10.02207809v2,10,,2,4,,1/3/2024 19:42,,,,5,,,,,60,2.83,203.76,,,,,,,,,,,,
43107,10.02209206v1,10,,2,1,,1/4/2024 13:55,,,,20,,,,,240,1.96,493.92,,,,,,,,,,,,
43110,932209125v1,93,120,120,10,45317,1/3/2024 20:28,Distributor,existingbusiness,16388628006,10,1.8,0,237.6,216,,,,,,,,,,,,,,,
43117,932208692v1,93,120,120,10,45322,1/3/2024 21:41,Direct,newbusiness,16477301373,10,1.8,0,237.6,216,,,,,,,,,,,,,,,
43117,932208693v1,93,120,120,10,45322,1/3/2024 21:41,Direct,newbusiness,16477301373,10,1.8,0,237.6,216,,,,,,,,,,,,,,,
43119,10.02209234v1,10,,2,3,,1/3/2024 22:51,,,,42,,,,,502,2.43,1253.88,,,,,,,,,,,,
43122,55.02209293v1,55,,114,1,,1/8/2024 23:59,,,,10,,,,,120,1.96,258.72,,,,,,,,,,,,
43124,10.02107583v2,10,,2,3,,1/4/2024 15:30,,,,60,,,,,720,2.01,1471.32,,,,,,,,,,,,
43129,10.0242053v1,10,,2,3,,1/4/2024 16:46,,,,20,,,,,240,2.43,612.36,,,,,,,,,,,,
43131,10.02206214v4,10,,2,3,,1/3/2024 23:28,,,,9,,,,,99,2.85,342,,,,,,,,,,,,
43138,10.02209445v3,10,,2,1,,1/9/2024 17:36,,,,20,,,,,240,1.96,493.92,,,,,,,,,,,,
43142,10.02151394v3,10,,2,3,,1/4/2024 19:35,,,,11,,,,,130,2.72,391.68,,,,,,,,,,,,
43142,10.02151394v4,10,,2,3,,1/4/2024 19:35,,,,12,,,,,135,2.54,396.24,,,,,,,,,,,,
43142,10.02190922v2,10,,2,3,,1/4/2024 19:35,,,,13,,,,,150,2.54,426.72,,,,,,,,,,,,
43149,10.02209299v2,10,,2,1,,1/9/2024 17:38,,,,30,,,,,360,1.96,729.12,,,,,,,,,,,,
43158,55.02170823v1,55,,114,4,,1/4/2024 15:44,,,,10,,,,,120,3,396,,,,,,,,,,,,
43159,10.02201924v1,10,,2,3,,1/3/2024 23:06,,,,21,,,,,250,2.43,641.52,,,,,,,,,,,,
43160,10.02207524v2,10,,2,1,,1/4/2024 16:01,,,,21,,,,,250,1.96,517.44,,,,,,,,,,,,
43163,10.02154596v2,10,,2,4,,1/5/2024 16:24,,,,5,,,,,60,2.83,203.76,,,,,,,,,,,,
43169,10.02130364v5,10,,2,3,,1/4/2024 16:46,,,,7,,,,,80,2.85,273.6,,,,,,,,,,,,
43169,10.02205680v1,10,,2,3,,1/4/2024 16:46,,,,7,,,,,80,2.85,273.6,,,,,,,,,,,,
43177,55.02209375v3,55,,114,4,,1/8/2024 22:13,,,,3,,,,,30,3.42,164.16,,,,,,,,,,,,
43184,10.0356551v4,10,,2,3,,1/4/2024 18:49,,,,146,,,,,1750,2.01,3545.64,,,,,,,,,,,,
43185,10.02181589v2,10,,2,4,,1/5/2024 21:09,,,,6,,,,,62,2.83,237.72,,,,,,,,,,,,
43188,10.02193355v1,10,,2,3,,1/4/2024 19:07,,,,3,,,,,30,3.18,152.64,,,,,,,,,,,,
43192,10.02199250v1,10,,2,4,,1/4/2024 18:52,,,,11,,,,,125,2.83,407.52,,,,,,,,,,,,
43193,55.02209325v1,55,,114,4,,1/4/2024 18:56,,,,10,,,,,120,3,396,,,,,,,,,,,,
43203,10.02104482v1,10,,2,4,,1/4/2024 21:32,,,,3,,,,,30,3.25,156,,,,,,,,,,,,
43206,10.0288654v1,10,,2,4,,1/4/2024 21:08,,,,15,,,,,180,2.54,487.68,,,,,,,,,,,,
43213,17.02207244v2,17,,9,1,,1/4/2024 21:32,,,,11,,,,,130,2.23,321.12,,,,,,,,,,,,
43215,10.02199681v1,10,,2,4,,1/4/2024 21:07,,,,10,,,,,120,2.83,373.56,,,,,,,,,,,,
43219,10.02209576v1,10,,2,1,,1/5/2024 22:51,,,,42,,,,,500,1.96,1011.36,,,,,,,,,,,,
43226,10.02208081v1,10,,2,4,,1/5/2024 13:47,,,,5,,,,,60,2.83,203.76,,,,,,,,,,,,
43233,55.02188696v1,55,,114,1,,1/5/2024 18:44,,,,13,,,,,150,1.88,315.84,,,,,,,,,,,,
43239,10.02207092v1,10,,2,1,,1/4/2024 21:36,,,,5,,,,,60,2.56,184.32,,,,,,,,,,,,
43240,10.02205761v1,10,,2,1,,1/4/2024 20:29,,,,10,,,,,120,2.23,294.36,,,,,,,,,,,,
43244,46.02156494v1,46,,113,1,,1/8/2024 22:13,,,,10,,,,,120,2.06,271.92,,,,,,,,,,,,
43245,10.02123263v2,10,,2,1,,1/5/2024 22:45,,,,84,,,,,1000,1.79,1825.8,,,,,,,,,,,,
43249,15.02207352v1,15,,7,3,,1/5/2024 16:00,,,,10,,,,,120,3.84,506.88,,,,,,,,,,,,
43251,10.0288146v1,10,,2,4,,1/5/2024 18:53,,,,63,,,,,750,2.01,1543.68,,,,,,,,,,,,
43253,49.02207293v2,49,,116,3,,1/5/2024 17:14,,,,3,,,,,30,3.11,149.28,,,,,,,,,,,,
43253,49.02207289v4,49,,116,3,,1/5/2024 17:14,,,,3,,,,,30,3.11,149.28,,,,,,,,,,,,
43255,10.0279832v3,10,,2,4,,1/5/2024 17:15,,,,42,,,,,500,2.54,1310.64,,,,,,,,,,,,
43255,10.0279832v2,10,,2,4,,1/5/2024 17:15,,,,42,,,,,500,2.54,1310.64,,,,,,,,,,,,
43256,55.02170529v1,55,,114,3,,1/5/2024 17:24,,,,17,,,,,200,2.67,576.72,,,,,,,,,,,,
43257,10.02209473v1,10,,2,3,,1/5/2024 19:59,,,,3,,,,,30,3.18,152.64,,,,,,,,,,,,
43258,10.02158587v1,10,,2,3,,1/5/2024 17:47,,,,10,,,,,120,2.72,359.04,,,,,,,,,,,,
43260,12.02209514v1,12,,4,3,,1/5/2024 21:03,,,,5,,,,,60,2.6,187.2,,,,,,,,,,,,
43262,10.02206071v3,10,,2,1,,1/5/2024 18:18,,,,42,,,,,500,1.96,1011.36,,,,,,,,,,,,
43264,10.02209501v1,10,,2,1,,1/5/2024 19:54,,,,20,,,,,240,1.96,493.92,,,,,,,,,,,,
43265,10.02208130v4,10,,2,1,,1/8/2024 16:44,,,,25,,,,,300,1.96,611.52,,,,,,,,,,,,
43267,10.02184456v2,10,,2,3,,1/8/2024 17:04,,,,84,,,,,1000,2.01,2050.2,,,,,,,,,,,,
43269,10.02209516v1,10,,2,1,,1/5/2024 21:04,,,,13,,,,,150,1.96,329.28,,,,,,,,,,,,
43270,10.0228129v1,10,,2,4,,1/5/2024 22:02,,,,10,,,,,120,2.83,373.56,,,,,,,,,,,,
43273,10.02207311v3,10,,2,1,,1/5/2024 19:57,,,,42,,,,,500,1.96,1011.36,,,,,,,,,,,,
43277,10.0252078v2,10,,2,3,,1/8/2024 15:17,,,,34,,,,,400,2.43,1020.6,,,,,,,,,,,,
43278,10.02209596v1,10,,2,4,,1/8/2024 22:41,,,,10,,,,,120,2.83,373.56,,,,,,,,,,,,
43280,10.02174756v1,10,,2,3,,1/5/2024 23:59,,,,30,,,,,360,2.43,903.96,,,,,,,,,,,,
43281,10.02101182v2,10,,2,1,,1/9/2024 16:34,,,,20,,,,,240,1.96,493.92,,,,,,,,,,,,
43283,10.02209553v2,10,,2,4,,1/5/2024 23:13,,,,5,,,,,60,2.83,203.76,,,,,,,,,,,,
43288,10.02182670v2,10,,2,3,,1/8/2024 18:48,,,,30,,,,,360,2.43,903.96,,,,,,,,,,,,
43289,10.02206948v2,10,,2,1,,1/5/2024 22:12,,,,30,,,,,360,1.96,729.12,,,,,,,,,,,,
43292,10.02194423v1,10,,2,4,,1/8/2024 14:53,,,,5,,,,,60,2.83,203.76,,,,,,,,,,,,
43305,10.02206292v1,10,,2,3,,1/6/2024 15:15,,,,4,,,,,45,3.18,190.8,,,,,,,,,,,,
43330,10.02165705v1,10,,2,3,,1/8/2024 15:01,,,,40,,,,,480,2.43,1195.56,,,,,,,,,,,,
43330,10.03166186v1,10,,2,3,,1/8/2024 15:01,,,,10,,,,,120,2.72,359.04,,,,,,,,,,,,
43333,10.0242830v1,10,,2,1,,1/5/2024 18:28,,,,10,,,,,120,2.23,294.36,,,,,,,,,,,,
43344,10.02179218v1,10,,2,4,,1/9/2024 16:57,,,,30,,,,,360,2.54,944.88,,,,,,,,,,,,
43345,10.02209671v1,10,,2,3,,1/8/2024 18:04,,,,3,,,,,30,3.18,152.64,,,,,,,,,,,,
43367,10.02124087v1,10,,2,4,,1/9/2024 16:45,,,,10,,,,,120,2.83,373.56,,,,,,,,,,,,
43367,10.02127523v2,10,,2,4,,1/9/2024 16:45,,,,10,,,,,120,2.83,373.56,,,,,,,,,,,,
43375,10.02108335v2,10,,2,3,,1/8/2024 19:05,,,,10,,,,,120,2.72,359.04,,,,,,,,,,,,
43376,,70,,,1,45308,1/8/2024 19:13,,,,,,,,,,2.56,,30620,60,26370,57573,73,22335,0,134113,1/8/2024 18:59,None,5,184.32
43377,10.02207512v1,10,,2,1,,1/8/2024 19:04,,,,5,,,,,60,2.56,184.32,,,,,,,,,,,,
43377,55.02207316v1,55,,114,1,,1/8/2024 19:04,,,,5,,,,,60,2.56,184.32,,,,,,,,,,,,
43397,10.0293519v3,10,,2,3,,1/9/2024 16:43,,,,84,,,,,1000,2.01,2050.2,,,,,,,,,,,,
43398,10.02209835v1,10,,2,4,,1/8/2024 22:45,,,,10,,,,,120,2.83,373.56,,,,,,,,,,,,
43401,10.02153658v1,10,,2,3,,1/9/2024 18:39,,,,42,,,,,500,2.43,1253.88,,,,,,,,,,,,
43403,10.02209773v1,10,,2,4,,1/9/2024 16:09,,,,10,,,,,120,2.83,373.56,,,,,,,,,,,,
43403,10.02209848v1,10,,2,4,,1/9/2024 16:09,,,,10,,,,,120,2.83,373.56,,,,,,,,,,,,
43405,10.02195701v1,10,,2,3,,1/9/2024 1:03,,,,5,,,,,60,2.85,205.2,,,,,,,,,,,,
43406,10.02209855v1,10,,2,1,,1/9/2024 19:08,,,,10,,,,,120,2.23,294.36,,,,,,,,,,,,
43407,10.02177143v1,10,,2,1,,1/9/2024 0:19,,,,13,,,,,150,1.96,329.28,,,,,,,,,,,,
43413,55.02209927v1,55,,114,3,,1/9/2024 18:04,,,,84,,,,,1000,2.14,2182.8,,,,,,,,,,,,
43423,10.02207186v1,10,,2,4,,1/5/2024 18:25,,,,11,,,,,130,2.83,407.52,,,,,,,,,,,,
43426,12.02207175v1,12,,4,1,,1/9/2024 14:23,,,,34,,,,,405,1.63,684.6,,,,,,,,,,,,
43426,12.02207853v1,12,,4,1,,1/9/2024 14:23,,,,34,,,,,405,1.63,684.6,,,,,,,,,,,,
43426,10.02207162v1,10,,2,1,,1/9/2024 14:23,,,,34,,,,,405,1.96,823.2,,,,,,,,,,,,
43426,10.02207166v1,10,,2,1,,1/9/2024 14:23,,,,34,,,,,405,1.96,823.2,,,,,,,,,,,,
43427,10.0223047v1,10,,2,4,,1/9/2024 14:37,,,,10,,,,,120,2.83,373.56,,,,,,,,,,,,
43430,10.02192156v1,10,,2,3,,1/9/2024 17:42,,,,11,,,,,121,2.72,391.68,,,,,,,,,,,,
43447,10.02201821v1,10,,2,4,,1/9/2024 16:33,,,,6,,,,,72,2.83,237.72,,,,,,,,,,,,
43473,10.02149778v2,10,,2,4,,1/9/2024 18:00,,,,25,,,,,300,2.54,792.48,,,,,,,,,,,,
99999,10.02106942v2,10,,2,1,,9/19/2022 6:58,,,,5,,,,,60,2.56,184.32,,,,,,,,,,,,
,10.02176979v1,10,,2,4,,7/28/2023 17:49,,,,3,,,,,30,2.83,135.84,,,,,,,,,,,,
